id redshift galex.FUV galex.FUV_err galex.NUV galex.NUV_err sloan.sdss.u sloan.sdss.u_err sloan.sdss.g sloan.sdss.g_err sloan.sdss.r sloan.sdss.r_err sloan.sdss.i sloan.sdss.i_err sloan.sdss.z sloan.sdss.z_err ukirt.wfcam.Y ukirt.wfcam.Y_err ukirt.wfcam.J ukirt.wfcam.J_err ukirt.wfcam.H ukirt.wfcam.H_err ukirt.wfcam.K ukirt.wfcam.K_err wise.W1 wise.W1_err wise.W2 wise.W2_err wise.W3 wise.W3_err wise.W4 wise.W4_err
_1_ 0.07368165 0.0513888330424927 0.0007926585939011 0.0651321175265932 0.0006676610341939 0.0786071217847452 0.0004071432267273 0.138120383258461 0.000198484725458 0.113184720561629 0.0002363970138184 0.1881555706630731 0.0003752883624454 0.1340569026335054 0.0011686410276686 0.0984100114490484 0.0029004471824224 0.0949492264327564 0.0028858984729174 0.1125574134841736 0.0063238218174892 0.0988164309351933 0.0062799172891537 0.0946928219111248 0.0064539330677046 0.1063138756633843 0.0118481629574664 1.3877223009459825 0.1687144120911129 10.326713621302826 nan
_2_ 0.02324598 0.2282175296393349 0.0038737456533473 0.3144573860524435 0.0030700959529571 0.5713496107193465 0.0017313420097447 1.1848237203336784 0.0010517824053882 1.4523427295811344 0.0013605962848264 1.5976422489090432 0.0017801859224627 1.8457654426402463 0.0056460768064109 nan nan nan nan nan nan nan nan 0.6527050097885577 0.023445377769759 0.4497694409753481 0.0211269008834371 2.6103772666444955 0.2308076389569303 13.21789153493691 nan
_3_ 0.05303453 0.0723738425824784 0.0021149614630793 0.0934911206187932 0.0015122191732471 0.1580330803590107 0.0018623592147519 0.3672959331719664 0.0009657670055037 0.2537496108183963 0.0011122672545308 0.3527751933036948 0.001688201375436 0.304662563679855 0.0070232283056969 nan nan nan nan nan nan nan nan 0.1542826011145833 0.0071049763486957 0.1462144244826986 0.0119854928950121 1.8823617106963548 0.1751056498123824 12.25637616329066 nan
_5_ 0.01788816 0.2940789912559042 0.0029863361432733 0.3086426932374668 0.0021558200732109 0.5691529030438052 0.0021670640826107 0.9537908484689864 0.0013998605610242 0.9249569434445372 0.0015405570936088 0.7607793268949431 0.0017196070890814 0.8096930849232254 0.0058515752506941 0.2411232626307992 0.0044416545415834 0.2574491313437815 0.0061651048603799 0.2571424919541834 0.0089998052355954 0.2013860811106425 0.0083467549211036 0.3253244757327909 0.010786855880338 0.2315210262699475 0.0138605179962557 1.718316219054856 0.1693411613448696 13.451230486739483 nan
_6_ 0.03755626 0.1037364501949693 0.0018744400134092 0.1012244288798863 0.0012640326121406 0.1261453449640431 0.0005086639406903 0.2334467287514781 0.00026036796743 0.1630409318786767 0.0002919965731133 0.1822435443046307 0.0004003656568262 0.1792803998745521 0.0015189654146099 0.080433938968596 0.0031855431162295 0.0817130518163452 0.004816672357173 0.0898203063355184 0.0047154708863576 0.0739996206742486 0.0064066797024144 0.0770400731894506 0.0061022616417815 0.0623146790576177 0.0149798187020008 0.5038517791284022 0.2343526416328913 4.425497532000696 nan
_7_ 0.05817448 0.0414070909242992 0.0044557945154238 0.0484211478034153 0.003496205152738 0.0931795487645782 0.0012589384186349 0.1791948315380222 0.0006542339249896 0.1819447955058333 0.0007952219694681 0.2536437718810861 0.0011802791932119 0.2470442669086852 0.0043218686485012 nan nan nan nan nan nan nan nan 0.1586049894554055 0.0068657878018528 0.1136031917976961 0.01276515394357 1.4424570005603643 0.1341837591437743 7.515571772419884 nan
_11_ 0.05662303 0.0479457018056771 0.0041287512312637 0.0500283984366537 0.0031862159287527 0.1078506859572255 0.0009966108399486 0.2423030147984447 0.0006297522140543 0.148001997786629 0.000673280972936 0.2317386198135243 0.0010215085774106 0.1700509342662414 0.0036259464422113 0.0797700361611697 0.0031592496007662 0.0618716119376963 0.0043309252610869 0.0685763020001286 0.0061897884502697 0.0739996206742486 0.0066111486249238 0.1586049894554055 0.0068657878018528 0.2700165385975836 0.0146729714123949 3.141253478887557 0.1417668686545169 14.506482439538884 nan
_13_ 0.1131638 0.0445430385919265 0.0018134462842397 0.0568271344762167 0.0014436578240239 0.063485876259979 0.0008894254721758 0.0814103528124161 0.0004103926324324 0.0949793377592972 0.000535174218471 0.1400416313494872 0.0007902919684961 0.0888194773219877 0.0025079928513408 nan nan nan nan nan nan nan nan 0.1021213598038042 0.0053612632044688 0.1294763991630131 0.0101364346979853 1.9710732999677816 0.1161872454327392 11.747949743817724 nan
_14_ 0.08221846 0.0407502019529596 0.0005798004612994 0.0464415011573919 0.0004140595461631 0.060895570386848 0.0012562748917127 0.0923164177819491 0.0005881530847203 0.0524207689103961 0.0006494807648213 0.1541910305705468 0.0010845003604721 0.049386456116106 0.0032978192058849 nan nan nan nan nan nan nan nan 0.3932935914356635 0.0105048670659773 0.6197123556481217 0.0188356138828169 3.2832407953591587 0.1330549711535443 13.563199035558654 nan
_16_ 0.01478385 0.1393828819608875 0.0130604222160967 0.1597168877888939 0.0020162028388473 0.2387981293940668 0.0003665651063597 0.4263687228063444 0.0002157765519171 0.466559433636461 0.0002635729450664 0.4381265314945664 0.0003425246700216 0.4834237356431466 0.0010359109003648 0.1856263886932415 0.0042742056184043 0.1633395786002227 0.0063185349983309 0.1862835298350614 0.0066913655284077 0.1499786958583188 0.0066305032771556 0.2402796169026573 0.0075243941343295 0.1730575077363639 0.0100416871629917 0.8254730464239339 0.1094815723879586 4.028672910498082 nan
_18_ 0.05151849 0.0337474797262841 0.0015775817461783 0.034553973165278 0.0011956418374225 0.0509511444836284 0.0008659734402451 0.1165500912356821 0.0005003313404612 0.0953288770279279 0.0005776998584504 0.1253171443791593 0.000837173069283 0.1182671536000629 0.0028245288033796 nan nan nan nan nan nan nan nan 0.0624476975230185 0.0041987011522595 0.047140107005124 0.0086401111849387 0.482950906556511 0.1049761600870666 4.203027199825532 nan
_20_ 0.07477541 0.033594485944723 0.0016900535459076 0.0322608287642378 0.0010590670461948 0.0493998985985819 0.0011670854182363 0.0802083401765521 0.0005305914711084 0.0615519145288844 0.0007090767492053 0.1158706612723039 0.0011270729865097 0.0754624026589704 0.0045567175257789 nan nan nan nan nan nan nan nan 0.0416022133098086 0.0053643876785113 0.0381408163421863 0.0104333098182745 0.6904032060642231 0.14370997083546 4.2419144999555085 nan
_23_ 0.06291268 0.0389827075661763 0.0047726103927262 0.0490357427533854 0.0014583424347176 0.0965904890296472 0.0012300555939694 0.1889354142766553 0.0006887594162245 0.1514279607305579 0.0008045098218805 0.2623395041928116 0.0012896818937902 0.2140797611355707 0.0040820338243121 nan nan nan nan nan nan nan nan 0.1062470936742113 0.006947860960486 0.1021857280611416 0.0122351489674248 1.228861565474055 0.166378030921121 9.690849411526107 nan
_25_ 0.03925349 0.0880422516061823 0.0022463657170053 0.1083291495061338 0.0016624115896844 0.1725303398260966 0.0011330825296013 0.3787491598372021 0.0007194179289291 0.3545597382066136 0.0008038061509063 0.4125713517348466 0.0010913379511642 0.4315266213354219 0.0029826390175781 0.181735357156673 0.0040172268278045 0.174619026235282 0.0028133770313182 0.1878339134676441 0.0081310668208398 0.136028281901878 0.0077677738875444 0.2343777487656871 0.0084189255149387 0.1744979683073135 0.0122146108595325 0.927049787876966 0.1545458264987466 7.124624688704984 nan
_26_ 0.06977919 0.2286352747700198 0.0044664806975744 0.2891021802671453 0.0028316146208616 0.3689242056111935 0.0009991068183602 0.5973025154265359 0.0006259824434668 0.5267612899231593 0.0006393989732812 0.8226868350516194 0.0009873444871023 0.6755606555183882 0.0020408761319423 0.4505307508694778 0.0027758968646298 0.4472433239349487 0.001959506003214 0.5085472171478583 0.0037980262045627 0.4936616162563157 0.0041795873323592 0.5596501672394122 0.0154637061784187 0.5620697031313306 0.0186366699545899 7.329983771051371 0.2362907613370006 48.83847028370402 nan
_27_ 0.01952992 0.1532027312377832 0.0037698063440638 0.2014215261247065 0.0023245874760693 0.4186585066615925 0.002509526570171 0.9437738459336508 0.0018490951299692 0.94392761724476 0.0020839625660511 0.8872105045730567 0.002527159931879 0.9813984354361154 0.0076817052286328 nan nan nan nan nan nan nan nan 0.3822229982468106 0.0109132522099976 0.323139645035789 0.0148811305922959 3.505119065010176 0.1937000451873501 22.282409364171748 nan
_29_ 0.05525259 0.0565821659553826 0.0014686674361134 0.0759047906403541 0.001379971924266 0.1545422508257975 0.0022156859863308 0.3120751828884194 0.0012620022033409 0.29713581211755 0.0014550400111048 0.4115552115099982 0.0021694673215211 0.4012640769185498 0.006050664217777 nan nan nan nan nan nan nan nan 0.2472387870638572 0.0081977513621751 0.1977835859268149 0.0107477598121135 1.2563279689718223 0.1261261603808685 9.871015580102412 nan
_30_ 0.02355351 0.1553939910721946 0.0037005765528584 0.1924910969290642 0.0013268391981468 0.5015845070306528 0.0028680114051241 1.0449376355154718 0.0019029979752295 1.2196669191187108 0.0024408084673913 1.2589825222779936 0.002993778021859 1.4023702816755244 0.0081792399567696 nan nan nan nan nan nan nan nan 0.700674690494938 0.0174243215180846 0.5492751451925089 0.0177065388266764 5.339530456117556 0.1770439969789528 28.626093341299256 nan
_32_ 0.09685791 0.0851452999980954 0.0104499311796603 0.079231609825748 0.0057386912565785 0.1049706832327138 0.0011987654438603 0.1367836794453611 0.0005336060103423 0.123496259001996 0.0006768615534864 0.2064234081792068 0.0009507150868654 0.1401164471326506 0.0031935097552423 nan nan nan nan nan nan nan nan 0.1119738837270011 0.0059816421575522 0.0733483554453175 0.010268562180316 1.2299932878849609 0.1484053942993772 9.203693202824676 nan
_33_ 0.1085989 0.0817975846784354 0.0100989328533753 0.1246380483604045 0.00822232472827 0.126643385692261 0.0009345994461594 0.1893177663896331 0.0004778842150285 0.2061664982191059 0.000607942681178 0.2964196822332217 0.0008751753753974 0.2345836643558278 0.0024968555843066 0.2102034342948843 0.0034848811689691 0.2119783305123955 0.0044905029323834 0.2296012096470757 0.0054982338691759 0.2395682337948626 0.0034625259631268 0.1967509906791844 0.0083358606853164 0.1391202209806945 0.0143510604788944 1.3461794359754546 0.1847416933943358 12.13282738710825 nan
_34_ 0.1115934 0.0436707127397052 0.0050915788515625 0.0631583011912274 0.003815215313366 0.0827084807343132 0.0006886880915515 0.1195036360155083 0.0003385620162814 0.1344751205245282 0.0004353851336688 0.1910747133383444 0.0006349385216858 0.1498318110724801 0.0017625328496478 nan nan nan nan nan nan nan nan 0.1065409094912582 0.0065745633128639 0.0759609563070261 0.0125932732066286 0.6974338993033053 0.1991317248791549 6.503728184119096 nan
_35_ 0.07218827 0.0671509005534163 0.0015632238981589 0.0679970413693161 0.00102785216394 0.0692836451484479 0.0008017964954506 0.1019960170801718 0.0004115113962301 0.0598912297231892 0.0004387950135798 0.1176169003224547 0.0006610008118445 0.0643686412483291 0.0019814982385251 0.0649589799974833 0.0034701069329095 0.0530019445161832 0.0057115415436232 0.0623697216136694 0.0056295742294489 0.1062745691941501 0.0035162847070238 0.2387354667959506 0.0087953396322132 0.36223504398962 0.0180160635376575 1.6065813687862105 0.2042008200735221 4.1111387408931295 nan
_36_ 0.04208103 0.1430556908137009 0.0019451614657473 0.1386807130196863 0.0014025275784077 0.1621343105600745 0.0009167014390036 0.3482654076403121 0.000649614223666 0.1450801155976453 0.0005049538854036 0.1796627861991321 0.0007011977121457 0.1313909464804804 0.0020655765795318 nan nan nan nan nan nan nan nan 0.4741512472189452 0.0131012836238248 0.8321285341697621 0.022992561975908 7.875951635351036 0.2103665728328142 28.259346040434533 nan
_38_ 0.08406011 0.0564064112954718 0.0010400704092303 0.0830698777177405 0.0004017106890374 0.1527493085701415 0.001303416130705 0.2777452873128408 0.0007447168095411 0.3067662257288898 0.0009181583869454 0.452748487657932 0.0013063252255104 0.4109318710976946 0.0037670615004121 nan nan nan nan nan nan nan nan 0.3132684022705321 0.0106756418262536 0.294164424417861 0.0149014497502935 2.1712157136058425 0.1799787285552803 14.38673310274128 nan
_43_ 0.07592382 0.1960157032521743 0.0018305957365145 0.2433809706388821 0.0013331593818874 0.2609885393021457 0.0017938557843472 0.4169393910758604 0.000995646883109 0.2907883606149654 0.0009662629553401 0.5783951813153562 0.0016329173499911 0.3360992559437915 0.0037582736118681 nan nan nan nan nan nan nan nan 0.331067951353181 0.0109772935768249 0.8005530311629867 0.0235947723291613 9.356270493655664 0.2326709777064543 55.97088174320501 nan
_44_ 0.09838755 0.0935861109119277 0.0077285822854082 0.095731997324228 0.0042190544352049 0.1358254598099186 0.0009890459459685 0.2238095321703701 0.0005214562416044 0.2314510107264304 0.0006110017838848 0.3526387222937634 0.0009263135382996 0.289224983439283 0.0022327842417679 nan nan nan nan nan nan nan nan 0.2708423635924231 0.008980380390319 0.3279368050306236 0.014800007155813 3.6366605030006895 0.211017756853247 28.54711141511716 nan
_46_ 0.03908816 0.1177856231977067 0.0019195672326921 0.1240961647143774 0.0011991154560414 0.1783726985384709 0.0023483168982555 0.3290834214947972 0.0013086583811576 0.2010164502392375 0.0013959565499495 0.2366285939730279 0.0018441006168433 0.2442052211620816 0.0069329279856569 0.071489001873163 0.0030946586825278 0.061022701597085 0.004215299058451 0.082980176626195 0.0054263574407251 0.0685534664846471 0.0056194668618713 0.1296332827180144 0.0064474199743904 0.1375910627878296 0.0130527840200534 0.56951208729165 0.1489693754805841 2.4909342526308587 nan
_48_ 0.0217707 0.0537868362791381 0.0057339391864999 0.0688992159801417 0.0048515415259429 0.1098456186148512 0.0016336583409605 0.2336567860857347 0.0009974414655105 0.1991712672100968 0.0010594397923857 0.1625591929420936 0.0013268368007451 0.1622269768621313 0.003978596796486 nan nan nan nan nan nan nan nan 0.0794907959046374 0.0059303118923616 0.0994924511842571 0.0117294002659759 0.9896989250055086 0.1504051686917875 7.392000306854555 nan
_49_ 0.05699043 0.0261673100329621 0.0015518200183983 0.0408748338188722 0.0013377228587139 0.0663433554182536 0.0011058717601745 0.1384403547240001 0.000647678918331 0.1133882387590758 0.000744221944425 0.1717719522920954 0.0011346758453718 0.1403738463736262 0.0035013241089174 0.1017278262606436 0.0028108436526581 0.0960929288984376 0.0030091653440163 0.1025590930873622 0.0035894956757672 0.0934177918033831 0.0052484989807532 0.1249445441951628 0.0060991436881222 0.0749878374865112 0.0100146203263457 0.4106792380530481 0.1308743454662617 5.350101771232315 nan
_50_ 0.07486449 0.0819965318229221 0.0013871920142122 0.0859996244341625 0.0008967639685974 0.1064656084172252 0.0010068634912295 0.170823001616001 0.0004969246167429 0.1495928704162 0.000599087132807 0.229457953336201 0.0009158641844948 0.1857120405084567 0.0028007710180827 nan nan 0.0944259647737041 0.0023481773048082 0.1026535450804507 0.0037818962777918 0.0923908967141842 0.0045100434585948 0.1011850842188738 0.0066168388434558 0.064474892253794 0.0114016451516449 0.7431949824828376 0.155383288768436 4.092249342829365 nan
_51_ 0.1070625 0.0300562780691643 0.001829681863643 0.0477320712250633 0.00128200260915 0.0800090393512786 0.0011398684331832 0.1186033754680584 0.0005511528768913 0.1272935282744297 0.0006908793699049 0.2271965803535463 0.0010886041861337 0.1546604442472873 0.0027004784018802 0.1387521501390468 0.0028114999510387 0.1342429325573833 0.0033383424603349 0.1320000935325424 0.0034041443186634 0.1951772938179302 0.0057524780618499 0.2041349158029883 0.0078966383956846 0.2174653767045014 0.0128187536692328 2.562729180529292 0.1652252578128035 17.043626257821717 nan
_54_ 0.08432252 0.0573329165955925 0.0036352222938182 0.0705686476952319 0.000874137963873 0.0953402565934653 0.0008558629726988 0.1473206868471497 0.0004628902446969 0.1302216526836743 0.0005337765615975 0.2276918025994804 0.0008253275658265 0.1638247897427304 0.0022891486525379 nan nan nan nan nan nan nan nan 0.1156422893142496 0.0064971397463552 0.0851510998517225 0.0117640594707144 0.9296142688112308 0.1755223043383648 7.183933487817152 nan
_55_ 0.1021021 0.2174373182058566 0.0039118165294681 0.2394585439032662 0.0019635486676634 0.2740124502090343 0.0012470517146927 0.3532170066732795 0.000703127417156 0.3352372872452528 0.0007721827776738 0.5227537562067006 0.0011585943420341 0.3853468188456492 0.0030594362696027 nan nan nan nan nan nan nan nan 0.3677196923709333 0.0094831066025046 0.3796560455520014 0.0118889889997267 3.3014364578500386 0.1277108807742243 22.323480122257845 nan
_57_ 0.01485659 0.3003731808317109 0.0124336036047353 0.2726960467440117 0.0076277498632663 0.3636401952108123 0.0017716936286742 0.5585894977633331 0.0009689806650936 0.5060277657975236 0.0010731169213247 0.3810421334444706 0.0012154709607422 0.4031626066853379 0.0043128269606903 nan nan nan nan nan nan nan nan 0.1924495325949533 0.0077991133163699 0.1674134492282543 0.012643865964888 1.408324928138594 0.1504653671247846 9.29741047528759 nan
_59_ 0.01712713 0.0635451545066335 0.009828471937239 0.1122365839583878 0.0069251525250922 0.2301917515076557 0.0024537554516112 0.4255109156686684 0.0014248619414975 0.4560338071371429 0.0016953925054373 0.4021364042286634 0.0020199588682033 0.444999970540348 0.0069387707453642 nan nan nan nan nan nan nan nan 0.1962078787610729 0.0074092796359736 0.1503107744215661 0.0106599832354457 0.7117095549438401 0.1219246201202237 3.15327676479894 nan
_61_ 0.09770181 0.0926358271312758 0.0020573420597013 0.0969749788000908 0.0014449459949213 0.1086829226140093 0.000927533371917 0.1343593832032906 0.0004894774009184 0.116712445004228 0.0005417524670424 0.1974095905597466 0.0008632270059824 0.1165414152342322 0.0022068189693698 0.1143508310099299 0.0034755932300524 0.1139439920076163 0.0033582815986518 0.1181881414432497 0.0047896332207906 0.1416542023710485 0.0058710756186072 0.2015194350408088 0.0079810692514464 0.2898615517519498 0.0136155899353739 1.5918532049177794 0.1627427528552573 9.144549947022584 nan
_68_ 0.03953185 0.0923509314318258 0.0098762592966649 0.1464072556434813 0.0077618123608894 0.2487514536781114 0.0013364111927231 0.5573807313156994 0.000920132403237 0.5254485633241698 0.001076874524376 0.671577113173868 0.0012799771407813 0.6823853547116573 0.0035151713414801 nan nan nan nan nan nan nan nan 0.6052247129666332 0.014493247354704 0.6776262226670399 0.0180993882039953 11.186722540865286 0.2266737558636346 61.93868936147569 nan
_70_ 0.05466604 0.0744604173151301 0.0066177334244507 0.082426457196619 0.0043938594094302 0.1171570963981336 0.0012358203860101 0.2039655311299489 0.0007184942953231 0.1600806795523179 0.0008563216401715 0.2349062798869618 0.0014652633988568 0.2002989363255625 0.0046195944691693 nan nan nan nan nan nan nan nan 0.125752690273501 0.0068335281942294 0.1019976818743636 0.0123065762596284 1.3106986108559144 0.1690077262466139 10.724125764500494 nan
_72_ 0.1467433 0.0456582148265066 0.0014689542709834 0.0623387820010044 0.0009871966263351 0.0881451695284434 0.0011762915247631 0.1269398895023141 0.0006663939439275 0.1831488027698744 0.0009129686759073 0.1981483569173872 0.0012283965482277 0.1454326999370585 0.0034496426657426 0.1221910864961643 0.003713890920145 0.1339958755548743 0.0033321986666477 0.1492017809061073 0.0043974376048679 0.164448427673023 0.0053011909963366 0.123003212677158 0.0067974089929197 0.1483850463750337 0.017766797588901 0.8074261857875631 0.2223564261580973 6.222459192040621 nan
_74_ 0.03319079 0.3703769610513517 0.0029685265323875 0.3811773411697187 0.0022570908888664 0.4560051619438645 0.0016215662904951 0.7217907971795682 0.0010432937674903 0.4916168918854437 0.0009327134575992 0.4885950818109612 0.0011348280799082 0.4685893704613689 0.0030466962360087 0.2115630381269114 0.0029228513215865 0.1976475479674673 0.0038228424484408 0.2005277256486717 0.0060948643708746 0.1728340489953236 0.0052531393546106 0.2440710374964378 0.0092167071947983 0.2343094859639707 0.0211490873591806 2.4361440989361607 0.2154020703517297 16.965323571022882 nan
_80_ 0.07707741 0.0509510009158307 0.0052238606448556 0.0723773236766998 0.0045135189910393 0.0960277496829886 0.0012496095693907 0.1697795566455656 0.0006719073953554 0.1717955421734192 0.0008691544144809 0.2458173695026055 0.0013996781455637 0.2091077064370684 0.0048672733835556 nan nan nan nan nan nan nan nan 0.125174786001451 0.0064562538489238 0.0836739440842725 0.0113287830356829 0.6853345868174257 0.1691660284501809 2.497824878660781 nan
_83_ 0.01061039 0.1383822169342543 0.0019964316749876 0.1468129767064474 0.0010448852355862 0.2430344917803841 0.0014699984994252 0.4525026605819576 0.0008685729814323 0.3867535402955209 0.0009924545622253 0.2301031348844189 0.0012027336611426 0.2577641264919783 0.0044914614909958 0.0461768067817543 0.0016318080624801 0.0616998849131497 0.002249185737279 0.04706219966905 0.0030317541927031 0.0458383852595334 0.0046440584085985 0.1080231702220017 0.006268060229877 0.0931086284472299 0.0116628455925603 1.1043402240450215 0.1617244573627815 6.930460590886031 nan
_89_ 0.04542566 0.063784865763967 0.0011572275312831 0.0793701049803655 0.000529228369486 0.1133416839520107 0.0011461140386996 0.2260807742688226 0.0006791776469779 0.2235663835116669 0.000852345895602 0.2903937489272249 0.0012528680945931 0.2872485761465226 0.0039039925061181 0.1294909498696528 0.0025045769853523 0.1303441159435676 0.0028812328410236 0.1552295780505246 0.0045750954161648 0.1209007817394501 0.0065698704110673 0.1750316570381051 0.0074156653725255 0.1037983196439362 0.0122370292775748 0.9304712161458722 0.1679711510996878 3.15327676479894 nan
_90_ 0.1501504 0.0195227611066592 0.0052576120520249 0.0309951312694753 0.002877993755101 0.0459525015336147 0.0005116285844857 0.0785397242034319 0.0002570916097852 0.1163859515405857 0.0003586463199969 0.1245480099086016 0.0004989172912814 0.1017060627321228 0.0016268555347097 nan nan nan nan nan nan nan nan 0.0742535263527592 0.0051976417728239 0.0592366159772548 0.0104207578392334 0.6834439881675866 0.1372255783392477 3.5088286537010305 nan
_91_ 0.0190014 0.0375426926962973 0.0013043963982739 0.0585463281147525 0.001079368034937 0.1506435740051338 0.0015085517408581 0.314479855406822 0.0009629408878262 0.3974497953282104 0.0011933116656858 0.3947866059806841 0.001392922279335 0.4700304765813308 0.004274385322831 0.2029736981215637 0.003178076811353 0.2189230201506488 0.0034278045887278 0.2501349263923456 0.0046076555189962 0.204564152113833 0.0048986743201413 0.2725944217701536 0.0092895433741822 0.1700553985904053 0.0139397858916781 1.213116763702953 0.1620116569196392 7.877022280585758 nan
_94_ 0.0275159 0.0402288221761291 0.0018881462362781 0.0534512656417516 0.0012388912573017 0.1340970364101106 0.001790711258052 0.3071234691738843 0.0010784340924315 0.3484128401779036 0.001299437807689 0.396370727118817 0.0017081061741937 0.4656560111630836 0.0048904290024401 0.3121410292635622 0.0022642652913849 0.3169623000564179 0.002095258516944 0.3709754702457424 0.0027994117326022 0.322724806270418 0.0029668244371311 0.3155855598432342 0.0101732765762488 0.2646002441158733 0.0136475275817887 3.184950877293872 0.1877406940053471 18.19541820314885 nan
_95_ 0.02381548 0.0961363080990813 0.0076130705368872 0.116052141803587 0.0053597003105355 0.1459748855771375 0.0016745078780197 0.2797327885337392 0.0009683039775494 0.2197829637565764 0.0010168173669614 0.1724906419754176 0.0011681291800342 0.1705678285573887 0.0033992194038996 nan nan nan nan nan nan nan nan 0.0947800294467168 0.0061979903981731 0.078666684703181 0.0114478424813878 0.9304712161458722 0.1645431618335192 6.332311479808399 nan
_98_ 0.02065467 0.1034257095061557 0.0024254256041177 0.1287275157569732 0.001128375711581 0.2604939978854181 0.0017118600548884 0.562726793593532 0.0010530510609824 0.5638436613534918 0.0012016969181112 0.5272888621868651 0.0014468549459212 0.5743405539988247 0.0042866303694177 0.2417904898987188 0.0044539453217947 0.2374058579078064 0.0052478130639323 0.236905056549359 0.0056731382543711 0.1957173811205543 0.0063091829657735 0.334747077045988 0.0104826575615409 0.3074611754897119 0.0147254755890516 3.864584019567876 0.1886489192625196 21.675147659540293 nan
_100_ 0.02272306 0.9903013247121928 0.0313679789913674 1.0765411622293193 0.0205380717209523 1.348138411496857 0.0032087017356465 2.992712257878866 0.0036254085721488 1.9673651258592573 0.0028347545729012 1.1517588870759394 0.0020982180413247 1.2515570724926302 0.0048640125257364 nan nan nan nan 0.6405813641430991 0.0058999722678281 nan nan 3.4794990341123064 0.0737089533906011 8.460387873651875 0.1558461039905471 112.90234390178443 1.5598035836958009 375.2858091576944 nan
_101_ 0.06915495 0.0528179474318974 0.008496497644172 0.084657882205608 0.0062454828692256 0.1640580232576854 0.0016611843594986 0.3406846976019521 0.000934656133404 0.3726055982166907 0.0011294839523044 0.7246237976058321 0.0017733639929627 0.6264509119919105 0.0041458218937013 0.5226839596295885 0.004332687271132 0.528556515605904 0.0034077298953746 0.6506897983817438 0.0053937668355117 0.6817563830147302 0.0056512872612242 0.8052249117222676 0.0200242679613692 0.7645227467023897 0.0225328484768867 13.523932604766305 0.3114000561439103 85.73577479857472 nan
_103_ 0.02246436 0.0741468866197023 0.0089464828599535 0.0775295030089648 0.0062360768892748 0.0736991412615519 0.0008886108997791 0.2002043312151284 0.0005747991687208 0.1067175412111394 0.0005322884254117 0.0554547588165805 0.0006570609338027 0.0515484505076491 0.0022744476305669 0.0412895098991933 0.0027380910498694 0.0444709319809517 0.0030406548528289 nan nan 0.0386571225440175 0.0051982606675022 0.046678451073412 0.0044712142319853 0.0802028956321846 0.0102678735823002 1.511829210890051 0.1308899371987572 7.385195650342233 nan
_104_ 0.01462014 0.1882297705644139 0.0112707593534292 0.2431710743747376 0.0073426866052 0.4260920911214281 0.0029396938312711 0.8272367235471184 0.0020310391490968 0.7854273139889417 0.0021501484006125 0.6260342637118392 0.0022568093970424 0.6924521585536013 0.0060987627966994 0.2768469362933439 0.0035697964300685 0.2880656210204053 0.0045104103575265 0.3004513076708039 0.0074715989777105 0.2390171245779655 0.0068244300119586 0.3567113196420062 0.0098562983813069 0.3012937744971856 0.0144300954890481 3.244164902778232 0.191231134727224 17.537272777336902 nan
_107_ 0.03284804 0.0855765708844037 0.0104495334347656 0.1086872899434149 0.0060271518838803 0.1506967689969535 0.0012312998782204 0.2626180841843985 0.0006718467605094 0.159811682525554 0.0006114212784761 0.1465245824406835 0.0007628051523879 0.1397647098459233 0.0023817980672013 nan nan nan nan nan nan nan nan 0.0910157577286343 0.0048620595741637 0.1310360545482313 0.0097757817590324 2.1933242748239987 0.1292880918414988 8.105170010073198 nan
_108_ 0.02739791 0.1913214219499224 0.0038341599675834 0.2843408648281615 0.002891182750642 0.4319186360502885 0.0015162891684606 0.9837306734423944 0.0013033800623354 0.6642394649653163 0.0010660567489561 0.5673483884184897 0.001182535784076 0.5608045212300472 0.0030732785248594 0.3267676696270544 0.0039125339784943 0.3041525282194072 0.0044821575087275 0.289583955054056 0.0069346338030863 0.2436851031097461 0.0062843838749965 0.4006052822365027 0.0110691334348832 0.4456458360092374 0.0155972889565034 6.040918795904543 0.2003000859049087 32.505891965412495 nan
_112_ 0.1961794 0.0203299354639121 0.0037868028925948 0.030186110974725 0.0009537938969361 0.0380384676035095 0.000850667174315 0.0602169280926001 0.0004189473313083 0.1048007121697452 0.0006144021159026 0.0970462839517581 0.0009173931835209 0.076972795360667 0.0028913226307178 nan nan nan nan nan nan nan nan 0.059253873739373 0.0061123819359122 0.0529407810506241 0.0132140312669031 1.2691206194846365 0.210402599840064 7.487939612126454 nan
_113_ 0.1428436 0.0367631830379902 0.001650716193859 0.0472104647585041 0.0015861274771053 0.0725810573306817 0.0013930673128256 0.1108670365492764 0.0006460313051111 0.1492818678189174 0.0008652466362015 0.1940426010061122 0.0011810494317974 0.1586198558460564 0.0044124293201315 nan nan nan nan nan nan nan nan 0.126216690198909 0.0066262425241232 0.1242196212841648 0.0116698707718228 0.9707396162181308 0.1698760049007436 6.810234664847043 nan
_115_ 0.08956413 0.0109990708615599 0.0010370652454912 0.0200599613098271 0.001118767697573 0.0749088107248962 0.0017935239117763 0.1461344405737721 0.0007824895375147 0.1841321800887835 0.0010967599960454 0.3321668923032884 0.001708809160709 0.2812249421376274 0.0062792276597833 nan nan nan nan nan nan nan nan 0.1882421149096368 0.0083221147091895 0.1430178193929286 0.0125138066800745 1.2528599981593247 0.1684732961035903 8.878964312283374 nan
_117_ 0.02797452 0.035813060798203 0.0057864883292635 0.0523262156875453 0.001506204827672 0.1246514353235323 0.0026109209353345 0.247500896639927 0.0013657124197233 0.2741221666764192 0.0017388018985033 0.291882776221047 0.0024753498141204 0.3238543007588275 0.00850602910867 nan nan nan nan nan nan nan nan 0.1430596112992015 0.0071151896803028 0.1024684925833646 0.0125521370511847 0.7032390564786903 0.1956075441671401 4.520245351925253 nan
_118_ 0.109874 0.0888604828861888 0.0016989863700978 0.0859487962435619 0.0010350059462622 0.0828979677812487 0.0007639452647625 0.0982127438896101 0.000340511139504 0.0998949031667284 0.0004004548222181 0.1308471079005807 0.0005990881697308 0.1045648641311162 0.0018938489066485 nan nan nan nan nan nan nan nan 0.0906810844136459 0.0067651494388813 0.1083902693362189 0.0127783850819691 0.5305216115892366 0.1632018985177833 3.5023715695180933 nan
_121_ 0.06668141 0.0647864226628939 0.0022663607908123 0.0607398003400762 0.0015199888926517 0.0851323959253338 0.0002979209186503 0.1565254488313295 0.0001603331430318 0.0948330764828282 0.000164175946898 0.1763159415932805 0.0002504318600068 0.1157146980157104 0.0007611354161551 0.1138255246487642 0.0032499526044903 0.1047831453462553 0.0043428981250549 0.117212614943928 0.0072331063129761 0.0945429239408186 0.0067920257123386 0.0734372944541522 0.0057492511719764 0.0751951428769159 0.0106656221490382 1.2175950382438752 0.1637311828246561 8.724929121460846 nan
_122_ 0.08047768 0.0629100495968628 0.0014930871383939 0.0867174015729801 0.0010507446159757 0.1294429799379043 0.0009025883480488 0.2190934269772402 0.0005424517936542 0.2262765858685283 0.0006390420846053 0.3973723319887129 0.0010163747385041 0.3217070831134914 0.0029566061884736 nan nan nan nan nan nan nan nan 0.3485913949757823 0.0102740659021798 0.3365039080521378 0.0145667827671322 4.798472363263587 0.2077191463669966 29.837478121735057 nan
_123_ 0.06214196 0.2622782241351902 0.004191558453911 0.3388054586930537 0.0028987942078886 0.4688308124459224 0.0016273689402812 0.7383488695613297 0.0010636469676979 0.6130544609981681 0.0010809392504798 0.8879653019032077 0.0015693723725949 0.8039602669417094 0.0039920906417365 nan nan nan nan nan nan nan nan 0.5464074709013915 0.0145945369328881 0.4810500982263164 0.0168364130848396 3.265148285130385 0.1924680250018771 23.203955153911497 nan
_125_ 0.0302892 0.0980730857362099 0.0026408309175485 0.1313561224908266 0.0019610313530044 0.2979359573991311 0.0014730702460306 0.5913914258734343 0.0009338837454529 0.4996243908966927 0.0010250900993742 0.4973273669580531 0.0013400421542345 0.5594367201231084 0.004274797770225 0.0863807479728051 0.0018789531320705 0.1153569040360247 0.0025159613567582 nan nan 0.1222445550273381 0.0085569458240616 0.3081177604101514 0.0102163289996253 0.2979820643770912 0.0137225811882856 2.817753321348825 0.1686910309996083 21.936233954894323 nan
_126_ 0.1257658 0.0808650314890998 0.0075058812351895 0.0998532863243654 0.0044845042245424 0.1307895664971488 0.0003302938573748 0.1755005308122172 0.0001515897702741 0.2089161782057799 0.0001975943072 0.2938549157626534 0.0002903156225713 0.2151669852043869 0.0008222019142507 0.1764572853227585 0.0037380328228216 0.1894486133367258 0.0038387496452256 0.1828833951275058 0.0079167658212048 0.2204089775338272 0.0073081498202531 0.278686961221012 0.009497166513057 0.40085778831307 0.016244961848689 4.64625518620806 0.1882918093143676 32.71615568308991 nan
