    0.242707501759641744E+02   -0.273136796303833975E+02
    0.243396242148235267E+02   -0.255169104532211719E+02
    0.242789445007539939E+02   -0.253366920359929502E+02
    0.243376744409589527E+02   -0.251050573708257367E+02
    0.243364860348750405E+02   -0.248672537958648974E+02
    0.242831531819943365E+02   -0.245063994281616111E+02
    0.242843655390801452E+02   -0.242905301623319758E+02
    0.242847838749217892E+02   -0.242184613872158643E+02
    0.243328488351632259E+02   -0.242016791147630528E+02
    0.242854680827856946E+02   -0.241032645847369196E+02
    0.242856319085456498E+02   -0.240761746821888352E+02
    0.243316908076215093E+02   -0.240094619530850188E+02
    0.243309945218474333E+02   -0.238984662407518336E+02
    0.243302958499522610E+02   -0.237905462289098750E+02
    0.243294643582527499E+02   -0.236666220167839043E+02
    0.243291783065981946E+02   -0.236251229234748408E+02
    0.243291110348927404E+02   -0.236154477312877482E+02
    0.242890466859617540E+02   -0.235548474656647286E+02
    0.243286411401498022E+02   -0.235487613160900864E+02
    0.242891792454235720E+02   -0.235362773638311324E+02
    0.242893099388043368E+02   -0.235180906835352985E+02
    0.242896457588833172E+02   -0.234719150757657502E+02
    0.242898065179412654E+02   -0.234500936215532789E+02
    0.242898137491133426E+02   -0.234491163690313122E+02
    0.242905198996373883E+02   -0.233554704256410091E+02
    0.243271499645905998E+02   -0.233475068116940321E+02
    0.243269689396623008E+02   -0.233241484601661035E+02
    0.243269689396623008E+02   -0.233241484601661035E+02
    0.243269420214887298E+02   -0.233206949524071767E+02
    0.243267141554896824E+02   -0.232916664133601081E+02
    0.242911455953570936E+02   -0.232754490310291970E+02
    0.242911782924788611E+02   -0.232713436735071504E+02
    0.242911850881729521E+02   -0.232704913772055804E+02
    0.243264447926146410E+02   -0.232578264062773918E+02
    0.243264447926146410E+02   -0.232578264062773918E+02
    0.243264318909959485E+02   -0.232562184920174815E+02
    0.243261019164068593E+02   -0.232154953345786588E+02
    0.242919653366466193E+02   -0.231748124837164120E+02
    0.242919996990025631E+02   -0.231706980208607192E+02
    0.243256769452105637E+02   -0.231641860502437673E+02
    0.242923590821507780E+02   -0.231281681685891130E+02
    0.243251232700025461E+02   -0.230992590226238335E+02
    0.243251232700025461E+02   -0.230992590226238335E+02
    0.243251102417079466E+02   -0.230977574338617160E+02
    0.243247200475045844E+02   -0.230533431447191468E+02
    0.243247017446412990E+02   -0.230512863138245621E+02
    0.242930670547708409E+02   -0.230470654291494270E+02
    0.242930670547708409E+02   -0.230470654291494270E+02
    0.242931709905412916E+02   -0.230354581704240182E+02
    0.242932152454386525E+02   -0.230305391619509550E+02
    0.242934950742242961E+02   -0.229997572948023219E+02
    0.242937573556189434E+02   -0.229714098858059401E+02
    0.243238255702171990E+02   -0.229556031096369857E+02
    0.243238188046470185E+02   -0.229548854539476537E+02
    0.242940562804971805E+02   -0.229396969296249580E+02
    0.242941485074335120E+02   -0.229300404930390762E+02
    0.243235470875269577E+02   -0.229263314742820654E+02
    0.243235063936968530E+02   -0.229221001574161640E+02
    0.243235063936968530E+02   -0.229221001574161640E+02
    0.242943107869648287E+02   -0.229131957972762521E+02
    0.242943107869648287E+02   -0.229131957972762521E+02
    0.243232336135834437E+02   -0.228940398897430022E+02
    0.243232336135834437E+02   -0.228940398897430022E+02
    0.243229605479054740E+02   -0.228664787964939364E+02
    0.242950602522114316E+02   -0.228378240460004385E+02
    0.242950602522114316E+02   -0.228378240460004385E+02
    0.243226422841748011E+02   -0.228350231368351970E+02
    0.242955315179463831E+02   -0.227924701099846772E+02
    0.242958073605693983E+02   -0.227666542050023075E+02
    0.242958073605693983E+02   -0.227666542050023075E+02
    0.243217681685363480E+02   -0.227523257441634499E+02
    0.243217681685363480E+02   -0.227523257441634499E+02
    0.243215190748394186E+02   -0.227297518938826570E+02
    0.242962558440320571E+02   -0.227258329115850870E+02
    0.243214557505089068E+02   -0.227240833485512717E+02
    0.243210740115532040E+02   -0.226905140489907708E+02
    0.243209157822488358E+02   -0.226769026786308814E+02
    0.243209157822488358E+02   -0.226769026786308814E+02
    0.243208634019224057E+02   -0.226724358818753267E+02
    0.243208324146597938E+02   -0.226698025656599818E+02
    0.243208324146597938E+02   -0.226698025656599818E+02
    0.242971146259438733E+02   -0.226516469828949738E+02
    0.242972311469023943E+02   -0.226419843009165191E+02
    0.242972311469023943E+02   -0.226419843009165191E+02
    0.243204986452380894E+02   -0.226418703559311503E+02
    0.243204986452380894E+02   -0.226418703559311503E+02
    0.243200955134373444E+02   -0.226091868355289840E+02
    0.243200955134373444E+02   -0.226091868355289840E+02
    0.243200413315386399E+02   -0.226048819558271674E+02
    0.242977280451644049E+02   -0.226018591091270338E+02
    0.242977280451644049E+02   -0.226018591091270338E+02
    0.243198531567832816E+02   -0.225900927480124523E+02
    0.242978892356056946E+02   -0.225892189277694655E+02
    0.242978892356056946E+02   -0.225892189277694655E+02
    0.242980405631647010E+02   -0.225775198742242438E+02
    0.242980441735672557E+02   -0.225772427395498170E+02
    0.242981084244067915E+02   -0.225723263034269550E+02
    0.243195317547226146E+02   -0.225654135881655833E+02
    0.242984103372131344E+02   -0.225496161322231430E+02
    0.242984103372131344E+02   -0.225496161322231430E+02
    0.242984576356655815E+02   -0.225461168683951456E+02
    0.243191864544472054E+02   -0.225397157339051013E+02
    0.243191864544472054E+02   -0.225397157339051013E+02
    0.242985852146379848E+02   -0.225367573562155066E+02
    0.242985852146379848E+02   -0.225367573562155066E+02
    0.243191025075777318E+02   -0.225335960394956665E+02
    0.242986715192927711E+02   -0.225304912887798494E+02
    0.242986738413579353E+02   -0.225303234272187289E+02
    0.243189244263778264E+02   -0.225207794569692119E+02
    0.243189244263778264E+02   -0.225207794569692119E+02
    0.243188975629987176E+02   -0.225188656106934957E+02
    0.242989593196183620E+02   -0.225099776176264754E+02
    0.242989593196183620E+02   -0.225099776176264754E+02
    0.242989990557454050E+02   -0.225071914804865401E+02
    0.242990607913988867E+02   -0.225028850393575937E+02
    0.243186698625846951E+02   -0.225028489389162303E+02
    0.243185847499020937E+02   -0.224969564410298908E+02
    0.243181866076775144E+02   -0.224700746488902325E+02
    0.243181866076775144E+02   -0.224700746488902325E+02
    0.243181796929139082E+02   -0.224696177095673058E+02
    0.243181796929139082E+02   -0.224696177095673058E+02
    0.243180386599455751E+02   -0.224603720023045739E+02
    0.243179937920840743E+02   -0.224574601748352336E+02
    0.243179454574552381E+02   -0.224543393364151171E+02
    0.242998318178159778E+02   -0.224513780837804688E+02
    0.243178683560172075E+02   -0.224493953968725393E+02
    0.243178683560172075E+02   -0.224493953968725393E+02
    0.242998964993281881E+02   -0.224472488411548525E+02
    0.243000149132981527E+02   -0.224397662221256304E+02
    0.243000149132981527E+02   -0.224397662221256304E+02
    0.243175517105026486E+02   -0.224295334034590041E+02
    0.243001981928893329E+02   -0.224283808004834384E+02
    0.243175057195132887E+02   -0.224267077016476257E+02
    0.243174901453299483E+02   -0.224257542186803249E+02
    0.243174901453299483E+02   -0.224257542186803249E+02
    0.243002447603866045E+02   -0.224255259589641618E+02
    0.243003666347782783E+02   -0.224181271908129567E+02
    0.243004087266662445E+02   -0.224155963442270796E+02
    0.243004684286439669E+02   -0.224120282115357945E+02
    0.243172546890528700E+02   -0.224115487069483557E+02
    0.243171318249416260E+02   -0.224042922036435712E+02
    0.243171209822420629E+02   -0.224036569615749102E+02
    0.243169771775720314E+02   -0.223953107277492833E+02
    0.243008653725356893E+02   -0.223889473401435950E+02
    0.243008653725356893E+02   -0.223889473401435950E+02
    0.243008760322979143E+02   -0.223883429205733506E+02
    0.243168250273734969E+02   -0.223866398090766268E+02
    0.243010233366928645E+02   -0.223800731217888753E+02
    0.243010233366928645E+02   -0.223800731217888753E+02
    0.243011848832202091E+02   -0.223711806846248464E+02
    0.243164635811221252E+02   -0.223666995609157482E+02
    0.243014009831804785E+02   -0.223595747107122236E+02
    0.243014009831804785E+02   -0.223595747107122236E+02
    0.243014257898149921E+02   -0.223582636247143753E+02
    0.243162868510714958E+02   -0.223572870013225256E+02
    0.243015080123648026E+02   -0.223539491857303361E+02
    0.243159689409332742E+02   -0.223409128819662897E+02
    0.243159689409332742E+02   -0.223409128819662897E+02
    0.243017723446246094E+02   -0.223404038000886018E+02
    0.243158340228045731E+02   -0.223341805038203631E+02
    0.243020706224777392E+02   -0.223257139965062272E+02
    0.243155765339658458E+02   -0.223216901780222337E+02
    0.243155692505283838E+02   -0.223213437098704937E+02
    0.243155457240601791E+02   -0.223202271421980747E+02
    0.243155144067294167E+02   -0.223187469103090805E+02
    0.243154863324795762E+02   -0.223174258771757437E+02
    0.243154592382996526E+02   -0.223161562616913542E+02
    0.243154322773870533E+02   -0.223148980589968779E+02
    0.243023769951222732E+02   -0.223112824407791344E+02
    0.243152359475060784E+02   -0.223058912584067919E+02
    0.243152155458638504E+02   -0.223049709953228330E+02
    0.243025464786179484E+02   -0.223035849820606344E+02
    0.243025491658746979E+02   -0.223034645751513736E+02
    0.243151819537367899E+02   -0.223034621767880346E+02
    0.243027330841039593E+02   -0.222953455218451637E+02
    0.243029167669674777E+02   -0.222874762973929172E+02
    0.243148143020457965E+02   -0.222874719038985560E+02
    0.243030372260435641E+02   -0.222824455828503574E+02
    0.243030430847324581E+02   -0.222822035315956555E+02
    0.243144686815016158E+02   -0.222733140172508080E+02
    0.243144393779036569E+02   -0.222721525937550560E+02
    0.243144081594626371E+02   -0.222709219770439937E+02
    0.243143439910914978E+02   -0.222684141940305160E+02
    0.243034619532789762E+02   -0.222655288770680215E+02
    0.243034846532633537E+02   -0.222646607624195134E+02
    0.243035959031220656E+02   -0.222604590816283547E+02
    0.243070804386470769E+02   -0.221732864084982033E+02
    0.243063563364543995E+02   -0.221843132463541863E+02
    0.243113208794740707E+02   -0.221833633467948346E+02
    0.243079213492173736E+02   -0.221651475502108752E+02
    0.243068776212825917E+02   -0.221760000583030887E+02
    0.243126115424039178E+02   -0.222117452043873946E+02
    0.243069430909092929E+02   -0.221750922029722162E+02
    0.243041968264000019E+02   -0.222392810186512833E+02
    0.243101668525056169E+02   -0.221679904758386890E+02
    0.243047147127904708E+02   -0.222230840445215350E+02
    0.243136235360300361E+02   -0.222422624280533725E+02
    0.243112680727243742E+02   -0.221824536932344714E+02
    0.243095379283083197E+02   -0.221635889023603028E+02
    0.243068743465932329E+02   -0.221760462661019702E+02
    0.243046381030775365E+02   -0.222253601455780725E+02
    0.243131717299325842E+02   -0.222277404672312073E+02
    0.243094861591685536E+02   -0.221633515522020907E+02
    0.243118698599312886E+02   -0.221939916480180415E+02
    0.243073121941042913E+02   -0.221705427160088178E+02
    0.243119104508873605E+02   -0.221948623541005716E+02
    0.243105291150901337E+02   -0.221717990893057646E+02
    0.243129082684225040E+02   -0.222199405252108733E+02
    0.243091311986614329E+02   -0.221622360945088595E+02
    0.243048977671014548E+02   -0.222178139922432507E+02
    0.243131124924353053E+02   -0.222259438047363034E+02
    0.243121917903117506E+02   -0.222012184679486424E+02
    0.243133865815508159E+02   -0.222344657010908229E+02
    0.243057864405588049E+02   -0.221956068240006097E+02
    0.243061241810174451E+02   -0.221886358083195461E+02
    0.243064054447882860E+02   -0.221834478655101108E+02
    0.243072512470260236E+02   -0.221712273369111337E+02
    0.243036346645975421E+02   -0.222590157588379576E+02
    0.243079344520674638E+02   -0.221650604133324549E+02
    0.243138015058197468E+02   -0.222483801854316781E+02
    0.243124543892082876E+02   -0.222076577034751281E+02
    0.243128656226743161E+02   -0.222187242624612047E+02
    0.243113460997838189E+02   -0.221838047722122518E+02
    0.243064267047959568E+02   -0.221830785293968091E+02
    0.243116484791012226E+02   -0.221894485221232145E+02
    0.243041959296772134E+02   -0.222393107134442900E+02
    0.243135326441661519E+02   -0.222392246536237153E+02
    0.243043523806604185E+02   -0.222342161705623340E+02
    0.243066368699176181E+02   -0.221795999416857157E+02
    0.243054127027724221E+02   -0.222042637558132867E+02
    0.243131798105727093E+02   -0.222279874805486770E+02
    0.243051676593235655E+02   -0.222104774121292365E+02
    0.243061334464599597E+02   -0.221884559693765269E+02
    0.243089979386240138E+02   -0.221620480361269045E+02
    0.243102177732223481E+02   -0.221684696072762648E+02
    0.243098492908784856E+02   -0.221654173715145788E+02
    0.243049599279472339E+02   -0.222160784612727795E+02
    0.243068409466312403E+02   -0.221765219029809693E+02
    0.243087951583561228E+02   -0.221620035082148021E+02
    0.243061214134873786E+02   -0.221886896431838423E+02
    0.243095281384932385E+02   -0.221635425608711571E+02
    0.243092268369143731E+02   -0.221624486893404580E+02
    0.243130601641371058E+02   -0.222243773991904163E+02
    0.243135198905881325E+02   -0.222388030928156084E+02
    0.243097249482607687E+02   -0.221646047099495043E+02
    0.243092273029175132E+02   -0.221624498840324549E+02
    0.243100511638729699E+02   -0.221669702697167423E+02
    0.243092076811638371E+02   -0.221624009126170520E+02
    0.243070995469190656E+02   -0.221730457817748885E+02
    0.243087985685902694E+02   -0.221620018460817825E+02
    0.243051959122277346E+02   -0.222097392732875178E+02
    0.243058459574089269E+02   -0.221943196673884984E+02
    0.243064677774896971E+02   -0.221823740791161512E+02
    0.243136094864518775E+02   -0.222417890367737847E+02
    0.243137492352614402E+02   -0.222465600724512598E+02
    0.243098262331586810E+02   -0.221652583924896049E+02
    0.243126730858797586E+02   -0.222133936571385178E+02
    0.243119837727320665E+02   -0.221964647799280854E+02
    0.243138525950792577E+02   -0.222501778897695282E+02
    0.243071595096579465E+02   -0.221723074958505109E+02
    0.243134852698518031E+02   -0.222376645440784877E+02
    0.243058719813343878E+02   -0.221937647481658118E+02
    0.243049786106738992E+02   -0.222155621954235194E+02
    0.243063569169525024E+02   -0.221843029169958257E+02
    0.243124854354782300E+02   -0.222084513229029845E+02
    0.243041677239258789E+02   -0.222402476519980432E+02
    0.243074570585263388E+02   -0.221690211739291883E+02
    0.243070508378933212E+02   -0.221736642778138915E+02
    0.243117444223189274E+02   -0.221913747698120396E+02
    0.243132772307294580E+02   -0.222310019181586789E+02
    0.243059521943844814E+02   -0.221920845494756591E+02
    0.243047318222879873E+02   -0.222225814015380578E+02
    0.243036433958358913E+02   -0.222586921127912376E+02
    0.243105370507444150E+02   -0.221718929376152936E+02
    0.243054735383348515E+02   -0.222027871128593830E+02
    0.243071792165541289E+02   -0.221720704239281332E+02
    0.243125337773679178E+02   -0.222097006702002275E+02
