    0.401707394929869785E-93    0.470689490821637776E+03    0.240636762236645936E+02
    0.560564748756663436E-90    0.456187538653282104E+03    0.245498490688258535E+02
    0.204554246350745613E-88    0.448973421384989820E+03    0.240700019364478202E+02
    0.309473310789049792E-86    0.438915003710101871E+03    0.240729893484235333E+02
    0.227316058915160006E-85    0.434906894476073830E+03    0.245435407954032243E+02
    0.681009080095701923E-85    0.432692425955227748E+03    0.245428745866033182E+02
    0.877010198732834141E-83    0.422956199619483755E+03    0.240778084558449734E+02
    0.125306819547334285E-82    0.422222536103976779E+03    0.240780324203830034E+02
    0.748097783924187282E-82    0.418628999283128906E+03    0.245385986044809457E+02
    0.197230595396848936E-80    0.412064979145945472E+03    0.240811558408869431E+02
    0.107823706390950234E-79    0.408647561028047619E+03    0.245355148090274966E+02
    0.796284323855519017E-78    0.400023473306699657E+03    0.245328161791052501E+02
    0.573031529870673951E-77    0.396056334264085649E+03    0.240861673633376228E+02
    0.585999521013970086E-75    0.386781237430027090E+03    0.245286079442774252E+02
    0.785929437482060719E-75    0.386174141346009037E+03    0.245284130821522517E+02
    0.174351304465416277E-68    0.356929539562555988E+03    0.245188122330823184E+02
    0.300388744353861733E-68    0.355821529171847146E+03    0.240992913415624344E+02
    0.529521407668158113E-68    0.354667736884114447E+03    0.240996798349392805E+02
    0.961019600721297440E-67    0.348850524276642489E+03    0.245160815314595375E+02
    0.603831666214026631E-63    0.331339242221018594E+03    0.241076956451861086E+02
    0.186290991712096821E-62    0.329066043111024896E+03    0.241084938751941387E+02
    0.626104384573914864E-62    0.326621628745131147E+03    0.241093557906770357E+02
    0.173501766673888583E-61    0.324563117206795539E+03    0.241100845332678553E+02
    0.225814085870197846E-59    0.314805728334937328E+03    0.245041553937568963E+02
    0.503524633107817901E-59    0.313181887129183792E+03    0.241141628744939283E+02
    0.413243097232138281E-56    0.299741569774743823E+03    0.244986392737519090E+02
    0.211465100361710337E-54    0.291851181519144859E+03    0.244956850243137616E+02
    0.120343845627357925E-52    0.283748255045423207E+03    0.241251294054395800E+02
    0.382605344744471464E-52    0.281414953043800608E+03    0.244917042780863312E+02
    0.543202009128339299E-52    0.280693998546834734E+03    0.244914260753088158E+02
    0.998891389688493823E-52    0.279455668989274386E+03    0.241267839379943148E+02
    0.158796187780883342E-51    0.278508547826487131E+03    0.244905801485443533E+02
    0.978631404440714548E-51    0.274851480771637000E+03    0.244891557225450320E+02
    0.117294602700836566E-50    0.274469243241073116E+03    0.244890061910491852E+02
    0.120774050870249335E-50    0.274390777821215863E+03    0.241287556931666884E+02
    0.457665160170686167E-47    0.257890834515936888E+03    0.241353344059513795E+02
    0.120326881107953462E-45    0.251332345697521731E+03    0.241380196930526196E+02
    0.409060924873337704E-43    0.239654701211757356E+03    0.244748227004366115E+02
    0.233945256263226913E-41    0.231541914770031440E+03    0.244713397547384801E+02
    0.175402072264121536E-39    0.222887586890098618E+03    0.244675400624497712E+02
    0.133937704772387875E-38    0.218801828888660737E+03    0.241520169503681359E+02
    0.320270341527368804E-38    0.217038247580037392E+03    0.241528116582858097E+02
    0.527810489028874027E-37    0.211413933712899507E+03    0.241553735785973736E+02
    0.119334505979347300E-36    0.209762377072226542E+03    0.244615971351193622E+02
    0.233246868803229989E-36    0.208402043290023784E+03    0.244609679137976492E+02
    0.111155332619268140E-35    0.205259210702810407E+03    0.241582270242903547E+02
    0.362482250048177495E-35    0.202875116919469122E+03    0.244583842062425632E+02
    0.287626163177007316E-32    0.189502234192083677E+03    0.241657913673466389E+02
    0.414790401919716184E-32    0.188750010702863904E+03    0.244515686635990619E+02
    0.152770229917845467E-31    0.186122517136200003E+03    0.244502646312669043E+02
    0.249082408612318170E-31    0.185124819590954843E+03    0.244497663098443070E+02
    0.522252942583653101E-31    0.183624083121228352E+03    0.241687177754232749E+02
    0.268137693718620396E-30    0.180332215742747820E+03    0.241703836257789604E+02
    0.636924661996399022E-30    0.178581914247839023E+03    0.244464535939851615E+02
    0.569848924866617911E-29    0.174179304255754573E+03    0.241735522877974347E+02
    0.148574457138470310E-28    0.172242704178059171E+03    0.241745650768280029E+02
    0.175919600012719852E-28    0.171884822487864710E+03    0.241747530764935874E+02
    0.304885720759680635E-28    0.170765002592253126E+03    0.241753430416427335E+02
    0.302558480112044806E-28    0.170760327470033729E+03    0.241753455101451777E+02
    0.275820273900156885E-27    0.166320207502817055E+03    0.244400202697594935E+02
    0.286986819033653494E-27    0.166220833871001588E+03    0.241777643311554797E+02
    0.328525668460049354E-27    0.165930476500469922E+03    0.244398106078202453E+02
    0.507304277568390009E-27    0.165041484493854966E+03    0.244393310997219153E+02
    0.894590551590592885E-27    0.163886974188306084E+03    0.244387057321175440E+02
    0.701969990628129872E-25    0.155141584765573100E+03    0.244338670170856744E+02
    0.346596199099917354E-24    0.151927875067067930E+03    0.244320411621174927E+02
    0.458449983895778396E-24    0.151348493490286472E+03    0.244317091017474581E+02
    0.615101786969692177E-24    0.150740620366264238E+03    0.241863714287454599E+02
    0.616611931781109247E-24    0.150715716156641122E+03    0.241863857629625585E+02
    0.747772815472686924E-24    0.150309997470600564E+03    0.244311116523020431E+02
    0.108495057685203744E-22    0.144940446275737855E+03    0.241897564338132369E+02
    0.187771344561961158E-22    0.143823405576517388E+03    0.244273117211047861E+02
    0.353414451114958624E-22    0.142538572615614811E+03    0.241911866824452559E+02
    0.655727743832599245E-22    0.141282364160742844E+03    0.241919416872051798E+02
    0.235230849534242015E-21    0.138707550590240771E+03    0.241935046408167977E+02
    0.291688527754253077E-21    0.138257312236696890E+03    0.241937801231276843E+02
    0.506753276658661225E-21    0.137132636828384591E+03    0.241944711640221790E+02
    0.159219767436707784E-20    0.134822944279034516E+03    0.241959035765225394E+02
    0.238386589440886123E-20    0.133995727782543440E+03    0.244213101401788748E+02
    0.397476478482748028E-20    0.132953243627640347E+03    0.241970765590667725E+02
    0.822375243860094910E-20    0.131479121561195598E+03    0.241980101199856250E+02
    0.317352927303169725E-19    0.128758315979242070E+03    0.241997541799130218E+02
    0.649193220844270539E-19    0.127306884172555797E+03    0.244170351118910780E+02
    0.165390071768514809E-18    0.125416561262685377E+03    0.242019351914061005E+02
    0.220807568866360696E-18    0.124818591586891699E+03    0.244154010045649237E+02
    0.110603595450742031E-17    0.121576099392794461E+03    0.244132332142937756E+02
    0.208295102207076856E-17    0.120290092917461862E+03    0.242053703019410804E+02
    0.167438076853429225E-16    0.116101607216147528E+03    0.242082639233043118E+02
    0.174635827323864019E-16    0.115997428763235945E+03    0.244093942164334798E+02
    0.711684303163075406E-16    0.113167565563819039E+03    0.242103415143128160E+02
    0.102368158791474274E-15    0.112420512785233100E+03    0.244068536362193775E+02
    0.277454876283508752E-15    0.110406347591176342E+03    0.242123375635351437E+02
    0.164161354396205175E-14    0.106830794404317118E+03    0.244027458498807022E+02
    0.485012021487813043E-14    0.104644146674736078E+03    0.242166420264386986E+02
    0.177450233304743720E-13    0.102029943455444354E+03    0.242186625897304317E+02
    0.183007964556205789E-13    0.101948264495035346E+03    0.242187264505039863E+02
    0.196755904689318143E-13    0.101783396047205002E+03    0.243988756820648831E+02
    0.203376309957124232E-13    0.101697207829932907E+03    0.243988081498793008E+02
    0.269292925644022759E-13    0.101115724383057881E+03    0.242193799724331456E+02
    0.852968305204629126E-13    0.987898790632569330E+02    0.242212315213332587E+02
    0.112416995118943167E-12    0.982177234008550499E+02    0.243960381456705981E+02
    0.179060635579555851E-12    0.972667046676986899E+02    0.242224655820550083E+02
    0.296816112724298090E-12    0.962359280612174501E+02    0.243944203677933160E+02
    0.314424932674004053E-12    0.961006629375480799E+02    0.243943088315759873E+02
    0.545049095842349388E-12    0.949804019077254793E+02    0.242243517382368836E+02
    0.545747080896910507E-12    0.949578423639180613E+02    0.242243705592057239E+02
    0.633527411475255445E-12    0.946395471197361218E+02    0.242246365547180176E+02
    0.760056354135776853E-12    0.942553684957460121E+02    0.243927724418630945E+02
    0.101863098494451984E-11    0.936497239908936763E+02    0.242254691592919258E+02
    0.138741341168387666E-11    0.930117607818067995E+02    0.243917209475597474E+02
    0.268933639507820050E-11    0.916680541594008815E+02    0.243905696091832240E+02
    0.361347807872913434E-11    0.910573015687419485E+02    0.242276902776067544E+02
    0.371288461489984489E-11    0.909830249017303743E+02    0.242277548121593682E+02
    0.392040118651723150E-11    0.908542551150719930E+02    0.242278668143611178E+02
    0.922110379360730804E-11    0.891236536037739597E+02    0.242293873812090119E+02
    0.310459901449013031E-10    0.866757037828641757E+02    0.242315893123103479E+02
    0.146248550555949061E-09    0.835560279485332273E+02    0.243832412962022964E+02
    0.213567847519387918E-09    0.827787339608795349E+02    0.243825008173399276E+02
    0.275209388594950180E-09    0.822515786571793512E+02    0.242357368100299837E+02
    0.459007553799629685E-09    0.812085097651919625E+02    0.243809817744022865E+02
    0.573566901623123742E-09    0.807428939297378747E+02    0.243805251456173941E+02
    0.228401094771033527E-08    0.779592663712366374E+02    0.242399990558624268E+02
    0.329443694784567293E-08    0.772066619960826017E+02    0.242407738739256509E+02
    0.679418805375574976E-08    0.757389974437527655E+02    0.242423107997685747E+02
    0.724704409339151460E-08    0.755899451922907417E+02    0.243752622971832302E+02
    0.738027222056444671E-08    0.755335114928626581E+02    0.243752023485564528E+02
    0.477005888886914892E-07    0.717812450542516274E+02    0.242466442565531040E+02
    0.488670701784641833E-07    0.717129250249293335E+02    0.243710094578723364E+02
    0.576170631361568431E-07    0.713634950235662728E+02    0.243706117676361664E+02
    0.602572593907868903E-07    0.712538864353844019E+02    0.242472446811021207E+02
    0.660021345632156000E-07    0.710517583744968704E+02    0.243702548022351699E+02
    0.849230809755214375E-07    0.705276407070485476E+02    0.243696499172638781E+02
    0.166405583005451859E-06    0.691622763821581401E+02    0.243680451233524558E+02
    0.240992647521295055E-06    0.684015996916077995E+02    0.242505992871348930E+02
    0.267349395312182884E-06    0.681740197420201639E+02    0.242508753052758230E+02
    0.300174932457307971E-06    0.679224017154261475E+02    0.242511820151276929E+02
    0.335566011251330837E-06    0.676794951574265156E+02    0.242514796612310555E+02
    0.402028370588045765E-06    0.672980872217757025E+02    0.243657810120171447E+02
    0.433111573367760563E-06    0.671291418011892205E+02    0.243655713555568809E+02
    0.444014915048933522E-06    0.670594162325964334E+02    0.243654846017904241E+02
    0.781627577519508855E-06    0.659083757741892953E+02    0.243640327453613281E+02
    0.842671111935687248E-06    0.657379790575878360E+02    0.243638145570604614E+02
    0.102836992056866437E-05    0.653196720888423243E+02    0.243632752161887680E+02
    0.108017142924955482E-05    0.652013824646205649E+02    0.242546094451855403E+02
    0.125130374604067645E-05    0.648872499740663500E+02    0.242550191754879840E+02
    0.135082930887601276E-05    0.647141845698439226E+02    0.242552462463229368E+02
    0.139514224214734341E-05    0.646296292317288845E+02    0.243623736354067404E+02
    0.139588773287164414E-05    0.646085608222188341E+02    0.243623458692026276E+02
    0.172780280345395429E-05    0.641619208922766546E+02    0.242559773638716756E+02
    0.171404043903228960E-05    0.641579151567432859E+02    0.242559827038120126E+02
    0.208071685274060493E-05    0.637501970331154411E+02    0.243612021011788578E+02
    0.255247047591824329E-05    0.633214985747563972E+02    0.242571097753923617E+02
    0.273841714927168303E-05    0.631608618418143806E+02    0.242573290548304143E+02
    0.324908064623980544E-05    0.627988778267852155E+02    0.242578266395272237E+02
    0.372056162728269411E-05    0.625078727193423660E+02    0.243595009714430759E+02
    0.490088615143738686E-05    0.619367899112776712E+02    0.242590316709915541E+02
    0.714034079531850379E-05    0.611641009719748965E+02    0.243575941150211506E+02
    0.920354888398230711E-05    0.606364436674088694E+02    0.243568246258819698E+02
    0.122000597303972268E-04    0.600527402879504351E+02    0.243559587589450750E+02
    0.161005693778571912E-04    0.594779127103745111E+02    0.242626409631529611E+02
    0.184487239574407185E-04    0.591856315714805206E+02    0.243546422615767071E+02
    0.184553073016193203E-04    0.591649180077831147E+02    0.243546103496398594E+02
    0.220829516924554698E-04    0.587860101948776475E+02    0.242637085595193511E+02
    0.248063112134830704E-04    0.585334257728534766E+02    0.242641046379717729E+02
    0.291998054556656751E-04    0.581872978897236095E+02    0.242646531646037786E+02
    0.426642068003099732E-04    0.574089013423297416E+02    0.242659123117040423E+02
    0.439250885800068926E-04    0.573306506818922372E+02    0.243516902339947521E+02
    0.461037941771903691E-04    0.572138314836558095E+02    0.242662336872337541E+02
    0.548090308378176882E-04    0.568479120298990992E+02    0.243508880086070292E+02
    0.708675217676705844E-04    0.563139974962676320E+02    0.242677486600524190E+02
    0.712672237266431081E-04    0.562827489303743249E+02    0.243499288983989857E+02
    0.738444997551223828E-04    0.561916989280730945E+02    0.243497722787739477E+02
    0.740863569944816329E-04    0.561651591848398084E+02    0.242680046596999865E+02
    0.796607171341102668E-04    0.560000688229738586E+02    0.242682905019353790E+02
    0.938685879314360286E-04    0.556518303764215716E+02    0.242689001560211182E+02
    0.969595646540102532E-04    0.555670339185604760E+02    0.243486811524007258E+02
    0.104458874815699829E-03    0.553980350802468280E+02    0.242693503954120153E+02
    0.126737251579579139E-03    0.549913898669552026E+02    0.242700826897611890E+02
    0.146304703494112831E-03    0.546842390689503759E+02    0.243470860603695556E+02
    0.149027575792306177E-03    0.546273592607667950E+02    0.242707501759641744E+02
    0.150438015228267132E-03    0.545885197024665985E+02    0.242708220835514439E+02
    0.168111101047034134E-03    0.543463718301002743E+02    0.243464576749734363E+02
    0.203503423628160769E-03    0.539442563263398114E+02    0.242720353468954855E+02
    0.201499615344864720E-03    0.539440470384204360E+02    0.243456954256341049E+02
    0.201711582417796398E-03    0.539219442486801341E+02    0.242720780814005579E+02
    0.256333114836139215E-03    0.534226663263885087E+02    0.243446834873452858E+02
    0.262436165361939480E-03    0.533556062375029612E+02    0.242731799242139630E+02
    0.277450385567759084E-03    0.532243377303638852E+02    0.242734402065383961E+02
    0.316860925767080317E-03    0.529386960680055907E+02    0.243437178732299131E+02
    0.337746253767835076E-03    0.527910322131778145E+02    0.243434178829193115E+02
    0.339919755052644698E-03    0.527582028328666013E+02    0.243433508329574408E+02
    0.436207928178103746E-03    0.522393839249539340E+02    0.242754578269281893E+02
    0.495573891709464426E-03    0.519641890468716952E+02    0.243416874655970119E+02
    0.569529847876313364E-03    0.516659995989064882E+02    0.243410405897715094E+02
    0.589494197775020513E-03    0.515770922286569800E+02    0.242768859863281250E+02
    0.666932166058615281E-03    0.513102453019097453E+02    0.243402513992392358E+02
    0.660787178968405011E-03    0.513087583438112489E+02    0.242774831141659959E+02
    0.736505204265878988E-03    0.510717893790918396E+02    0.243397111177229561E+02
    0.743151954353727393E-03    0.510338209064423438E+02    0.243396242148235267E+02
    0.752035585839525835E-03    0.509900546944226534E+02    0.243395237363321044E+02
    0.748446206913889393E-03    0.509796233164202022E+02    0.242782314338163445E+02
    0.748115768264745917E-03    0.509605065104609167E+02    0.242782754601810282E+02
    0.743647180557689734E-03    0.509524885779235888E+02    0.243394372286464886E+02
    0.746801182354104318E-03    0.509240239934861734E+02    0.242783596564387807E+02
    0.790119685642835193E-03    0.507912531136738963E+02    0.242786680537202315E+02
    0.789210561195060516E-03    0.507735556708496745E+02    0.243390217739870494E+02
    0.821489335492897577E-03    0.506733840719859003E+02    0.242789445007539939E+02
    0.934461943178527287E-03    0.503956801796616389E+02    0.242796061446471185E+02
    0.101511138138583412E-02    0.502101147416514735E+02    0.243376744409589527E+02
    0.104254706489913707E-02    0.501367777855930612E+02    0.243374944100052915E+02
    0.108367387785777460E-02    0.500393974111728141E+02    0.243372535916651884E+02
    0.118254145905494082E-02    0.498447796227471684E+02    0.243367660810958917E+02
    0.122461625690797513E-02    0.497548563548016816E+02    0.242811932474344410E+02
    0.122482982599250527E-02    0.497345075917297947E+02    0.243364860348750405E+02
    0.140239076107827060E-02    0.494437544919750493E+02    0.242819975240745514E+02
    0.150626155913523426E-02    0.492808498406248958E+02    0.243353027406882134E+02
    0.151840731626119219E-02    0.492447874907817038E+02    0.242825247759928402E+02
    0.155107616830817271E-02    0.491822134410105392E+02    0.242826927892616453E+02
    0.167139111804973138E-02    0.490127988563232222E+02    0.242831531819943365E+02
    0.177826929061909982E-02    0.488688302599802853E+02    0.242835510041998255E+02
    0.199579528000963990E-02    0.486180262103016645E+02    0.242842593974779746E+02
    0.201279750976246811E-02    0.485810603246639516E+02    0.242843655390801452E+02
    0.214168804772878283E-02    0.484369227744317286E+02    0.242847838749217892E+02
    0.215626292911628688E-02    0.484033582295261056E+02    0.243328488351632259E+02
    0.215007428587090255E-02    0.483891066390879345E+02    0.242849242681266411E+02
    0.225948966426424988E-02    0.482698334742843969E+02    0.242852781082668088E+02
    0.230894596436422451E-02    0.482065291694738391E+02    0.242854680827856946E+02
    0.234874473579980633E-02    0.481523493643776703E+02    0.242856319085456498E+02
    0.234912420480042549E-02    0.481320262655375473E+02    0.242856936590715300E+02
    0.234835101826848377E-02    0.481126846503099728E+02    0.243319785925138845E+02
    0.243657596216123942E-02    0.480189239061700377E+02    0.243316908076215093E+02
    0.253756608126216995E-02    0.479177006534979455E+02    0.242863551852145321E+02
    0.266869468781487634E-02    0.477969324815036671E+02    0.243309945218474333E+02
    0.279035574751168320E-02    0.476877732337619875E+02    0.242870871970739373E+02
    0.286115152052127640E-02    0.476176630786067605E+02    0.242873153506033184E+02
    0.288495552456130046E-02    0.475810924578197501E+02    0.243302958499522610E+02
    0.297974448580215273E-02    0.474964363176654984E+02    0.242877156547556012E+02
    0.308807096032533016E-02    0.474050182027520890E+02    0.242880226117262410E+02
    0.316905582293950522E-02    0.473332440335678086E+02    0.243294643582527499E+02
    0.317019952207395509E-02    0.473125223720573302E+02    0.242883378583402454E+02
    0.323792531290803369E-02    0.472502458469496815E+02    0.243291783065981946E+02
    0.323687378025106420E-02    0.472308954625754964E+02    0.243291110348927404E+02
    0.331384028975038099E-02    0.471638959748067137E+02    0.242888548093551435E+02
    0.337099599099971708E-02    0.471096949313294573E+02    0.242890466859617540E+02
    0.335782820209352528E-02    0.470975226321801728E+02    0.243286411401498022E+02
    0.336617925455522148E-02    0.470725547276622649E+02    0.242891792454235720E+02
    0.339385019997650791E-02    0.470361813670705970E+02    0.242893099388043368E+02
    0.351887253902349612E-02    0.469438301515315004E+02    0.242896457588833172E+02
    0.356071757691481987E-02    0.469001872431065578E+02    0.242898065179412654E+02
    0.352873462540254567E-02    0.468982327380626245E+02    0.242898137491133426E+02
    0.383659512481014696E-02    0.467109408512820181E+02    0.242905198996373883E+02
    0.382879028553695247E-02    0.466950136233880642E+02    0.243271499645905998E+02
    0.388027975363533766E-02    0.466482969203322071E+02    0.243269689396623008E+02
    0.385496049891189373E-02    0.466413899048143534E+02    0.243269420214887298E+02
    0.392901712544066126E-02    0.465833328267202162E+02    0.243267141554896824E+02
    0.395352142445596581E-02    0.465508980620583941E+02    0.242911455953570936E+02
    0.393028538049722698E-02    0.465426873470143008E+02    0.242911782924788611E+02
    0.389449623819158874E-02    0.465409827544111607E+02    0.242911850881729521E+02
    0.390488879923212755E-02    0.465156528125547837E+02    0.243264447926146410E+02
    0.387225575878081402E-02    0.465124369840349630E+02    0.243264318909959485E+02
    0.399307007774405993E-02    0.464309906691573175E+02    0.243261019164068593E+02
    0.411748783638130056E-02    0.463496249674328240E+02    0.242919653366466193E+02
    0.409332538303536914E-02    0.463413960417214383E+02    0.242919996990025631E+02
    0.407907261531160591E-02    0.463283721004875346E+02    0.243256769452105637E+02
    0.418659411945183826E-02    0.462563363371782259E+02    0.242923590821507780E+02
    0.426651224929344448E-02    0.461985180452476669E+02    0.243251232700025461E+02
    0.423040730826609434E-02    0.461955148677234320E+02    0.243251102417079466E+02
    0.437852788218073830E-02    0.461066862894382936E+02    0.243247200475045844E+02
    0.434388625905461623E-02    0.461025726276491241E+02    0.243247017446412990E+02
    0.431885483880454536E-02    0.460941308582988540E+02    0.242930670547708409E+02
    0.432580193732478094E-02    0.460709163408480364E+02    0.242931709905412916E+02
    0.430387831836100826E-02    0.460610783239019099E+02    0.242932152454386525E+02
    0.439425680995608400E-02    0.459995145896046438E+02    0.242934950742242961E+02
    0.447562419469867308E-02    0.459428197716118802E+02    0.242937573556189434E+02
    0.450168874487968159E-02    0.459112062192739714E+02    0.243238255702171990E+02
    0.446009585836012242E-02    0.459097709078953073E+02    0.243238188046470185E+02
    0.448329731280805964E-02    0.458793938592499160E+02    0.242940562804971805E+02
    0.448175728044129459E-02    0.458600809860781524E+02    0.242941485074335120E+02
    0.445365112978276991E-02    0.458526629485641308E+02    0.243235470875269577E+02
    0.442803338898143696E-02    0.458442003148323280E+02    0.243235063936968530E+02
    0.442318451589306799E-02    0.458263915945525042E+02    0.242943107869648287E+02
    0.446386875065381272E-02    0.457880797794860044E+02    0.243232336135834437E+02
    0.454295152364701978E-02    0.457329575929878729E+02    0.243229605479054740E+02
    0.462849456211251575E-02    0.456756480920008769E+02    0.242950602522114316E+02
    0.459529326231149574E-02    0.456700462736703940E+02    0.243226422841748011E+02
    0.474734541900556813E-02    0.455849402199693543E+02    0.242955315179463831E+02
    0.482302588301425968E-02    0.455333084100046150E+02    0.242958073605693983E+02
    0.484394740800977216E-02    0.455046514883268998E+02    0.243217681685363480E+02
    0.490523900564877879E-02    0.454595037877653141E+02    0.243215190748394186E+02
    0.487550067172883538E-02    0.454516658231701740E+02    0.242962558440320571E+02
    0.483544114230579324E-02    0.454481666971025433E+02    0.243214557505089068E+02
    0.495076278982806671E-02    0.453810280979815417E+02    0.243210740115532040E+02
    0.496867415063821996E-02    0.453538053572617628E+02    0.243209157822488358E+02
    0.494125738791756537E-02    0.453448717637506533E+02    0.243208634019224057E+02
    0.490499045476747685E-02    0.453396051313199635E+02    0.243208324146597938E+02
    0.494515707886144552E-02    0.453032939657899476E+02    0.242971146259438733E+02
    0.494348926956626224E-02    0.452839686018330383E+02    0.242972311469023943E+02
    0.489485844227352789E-02    0.452837407118623005E+02    0.243204986452380894E+02
    0.500715994504970056E-02    0.452183736710579680E+02    0.243200955134373444E+02
    0.497872461497997527E-02    0.452097639116543348E+02    0.243200413315386399E+02
    0.494410819257542176E-02    0.452037182182540676E+02    0.242977280451644049E+02
    0.495284899046316476E-02    0.451801854960249045E+02    0.243198531567832816E+02
    0.490785402861333882E-02    0.451784378555389310E+02    0.242978892356056946E+02
    0.491619982336843550E-02    0.451550397484484876E+02    0.242980405631647010E+02
    0.486863189757243044E-02    0.451544854790996339E+02    0.242980441735672557E+02
    0.484394469896752469E-02    0.451446526068539100E+02    0.242981084244067915E+02
    0.482901312329627429E-02    0.451308271763311666E+02    0.243195317547226146E+02
    0.485709042393983690E-02    0.450992322644462860E+02    0.242984103372131344E+02
    0.482561816778082422E-02    0.450922337367902912E+02    0.242984576356655815E+02
    0.480828262983798698E-02    0.450794314678102026E+02    0.243191864544472054E+02
    0.477454344829520653E-02    0.450735147124310132E+02    0.242985852146379848E+02
    0.474200325071623668E-02    0.450671920789913329E+02    0.243191025075777318E+02
    0.470941842554461945E-02    0.450609825775596988E+02    0.242986715192927711E+02
    0.466334165937973971E-02    0.450606468544374579E+02    0.242986738413579353E+02
    0.466121552167424180E-02    0.450415589139384238E+02    0.243189244263778264E+02
    0.462367619535057964E-02    0.450377312213869914E+02    0.243188975629987176E+02
    0.461853749303130136E-02    0.450199552352529508E+02    0.242989593196183620E+02
    0.458533988241399508E-02    0.450143829609730801E+02    0.242989990557454050E+02
    0.455930715959401711E-02    0.450057700787151873E+02    0.242990607913988867E+02
    0.451410425358192251E-02    0.450056978778324606E+02    0.243186698625846951E+02
    0.449560058875575572E-02    0.449939128820597816E+02    0.243185847499020937E+02
    0.457213861522788676E-02    0.449401492977804651E+02    0.243181866076775144E+02
    0.452871395065974035E-02    0.449392354191346115E+02    0.243181796929139082E+02
    0.452529926261668186E-02    0.449207440046091477E+02    0.243180386599455751E+02
    0.449333657304236758E-02    0.449149203496704672E+02    0.243179937920840743E+02
    0.446253226012547320E-02    0.449086786728302343E+02    0.243179454574552381E+02
    0.443123190979445407E-02    0.449027561675609377E+02    0.242998318178159778E+02
    0.439584737019142139E-02    0.448987907937450785E+02    0.243178683560172075E+02
    0.436146003405122207E-02    0.448944976823097051E+02    0.242998964993281881E+02
    0.435049438570489066E-02    0.448795324442512609E+02    0.243000149132981527E+02
    0.435150737992436552E-02    0.448590668069180083E+02    0.243175517105026486E+02
    0.431317767556128363E-02    0.448567616009668768E+02    0.243001981928893329E+02
    0.427741138918033906E-02    0.448534154032952515E+02    0.243175057195132887E+02
    0.423889021811963904E-02    0.448515084373606499E+02    0.243174901453299483E+02
    0.419767060548505849E-02    0.448510519179283236E+02    0.243002447603866045E+02
    0.418676568028360056E-02    0.448362543816259134E+02    0.243003666347782783E+02
    0.415561058105701209E-02    0.448311926884541592E+02    0.243004087266662445E+02
    0.412896801777665971E-02    0.448240564230715890E+02    0.243004684286439669E+02
    0.408984472876186035E-02    0.448230974138967113E+02    0.243172546890528700E+02
    0.407863963086725883E-02    0.448085844072871424E+02    0.243171318249416260E+02
    0.404062244673601169E-02    0.448073139231498203E+02    0.243171209822420629E+02
    0.403394572440067632E-02    0.447906214554985667E+02    0.243169771775720314E+02
    0.401930246944061029E-02    0.447778946802871900E+02    0.243008653725356893E+02
    0.398171564135441341E-02    0.447766858411467013E+02    0.243008760322979143E+02
    0.394881645977398620E-02    0.447732796181532535E+02    0.243168250273734969E+02
    0.393528218501782920E-02    0.447601462435777506E+02    0.243010233366928645E+02
    0.393092602552613975E-02    0.447423613692496929E+02    0.243011848832202091E+02
    0.390929148517050410E-02    0.447333991218314964E+02    0.243164635811221252E+02
    0.389806782913043300E-02    0.447191494214244472E+02    0.243014009831804785E+02
    0.386434457438616149E-02    0.447165272494287507E+02    0.243014257898149921E+02
    0.382963198585589736E-02    0.447145740026450511E+02    0.243162868510714958E+02
    0.380420307146505862E-02    0.447078983714606721E+02    0.243015080123648026E+02
    0.381577134107299919E-02    0.446818257639325793E+02    0.243159689409332742E+02
    0.377972748291607440E-02    0.446808076001772037E+02    0.243017723446246094E+02
    0.376547949417793161E-02    0.446683610076407263E+02    0.243158340228045731E+02
    0.375970958410299164E-02    0.446514279930124545E+02    0.243020706224777392E+02
    0.373730788217198481E-02    0.446433803560444673E+02    0.243155765339658458E+02
    0.370140324362159667E-02    0.446426874197409873E+02    0.243155692505283838E+02
    0.366866769568007216E-02    0.446404542843961494E+02    0.243155457240601791E+02
    0.363754426809083592E-02    0.446374938206181611E+02    0.243155144067294167E+02
    0.360611074447621423E-02    0.446348517543514873E+02    0.243154863324795762E+02
    0.357476504019292509E-02    0.446323125233827085E+02    0.243154592382996526E+02
    0.354365136167172001E-02    0.446297961179937559E+02    0.243154322773870533E+02
    0.352109940522758822E-02    0.446225648815582687E+02    0.243023769951222732E+02
    0.350490863902363104E-02    0.446117825168135838E+02    0.243152359475060784E+02
    0.347322902956918173E-02    0.446099419906456660E+02    0.243152155458638504E+02
    0.344343916970235109E-02    0.446071699641212689E+02    0.243025464786179484E+02
    0.340958689059371817E-02    0.446069291503027472E+02    0.243025491658746979E+02
    0.337566903025678620E-02    0.446069243535760691E+02    0.243151819537367899E+02
    0.334601465989061483E-02    0.446045714575626135E+02    0.243151556369888731E+02
    0.333579219473222749E-02    0.445906910436903274E+02    0.243027330841039593E+02
    0.332869193750492606E-02    0.445749525947858345E+02    0.243029167669674777E+02
    0.329558537843293664E-02    0.445749438077971121E+02    0.243148143020457965E+02
    0.327923488954936322E-02    0.445648911657007147E+02    0.243030372260435641E+02
    0.324739189738333395E-02    0.445644070631913110E+02    0.243030430847324581E+02
    0.324378771683043370E-02    0.445466280345016159E+02    0.243144686815016158E+02
    0.321524358151664344E-02    0.445443051875101119E+02    0.243144393779036569E+02
    0.318717114705402210E-02    0.445418439540879874E+02    0.243144081594626371E+02
    0.316338139950547324E-02    0.445368283880610321E+02    0.243143439910914978E+02
    0.313381052029795305E-02    0.445356120598601350E+02    0.243034028571331646E+02
    0.310970179451732767E-02    0.445310577541360431E+02    0.243034619532789762E+02
    0.308143362155287098E-02    0.445293215248390268E+02    0.243034846532633537E+02
    0.305720464281638606E-02    0.445251094592384220E+02    0.243141910479855277E+02
    0.303313467522564736E-02    0.445209181632567095E+02    0.243035959031220656E+02
    0.330935278668110198E-02    0.443465728169964066E+02    0.243070804386470769E+02
    0.334311794034990780E-02    0.443262703188684029E+02    0.243094348732282022E+02
    0.327306154662767483E-02    0.443686264927083727E+02    0.243063563364543995E+02
    0.327617210347294543E-02    0.443667266935896691E+02    0.243113208794740707E+02
    0.333639704544300706E-02    0.443302951004217505E+02    0.243079213492173736E+02
    0.330038453598652725E-02    0.443520001166061775E+02    0.243068776212825917E+02
    0.318449538511109305E-02    0.444234904087747893E+02    0.243126115424039178E+02
    0.330338216818374915E-02    0.443501844059444323E+02    0.243069430909092929E+02
    0.309800398216386868E-02    0.444785620373025665E+02    0.243041968264000019E+02
    0.332692538676789907E-02    0.443359809516773780E+02    0.243101668525056169E+02
    0.314859084364360348E-02    0.444461680890430699E+02    0.243047147127904708E+02
    0.308878131906251130E-02    0.444845248561067450E+02    0.243136235360300361E+02
    0.327915364096873722E-02    0.443649073864689427E+02    0.243112680727243742E+02
    0.334160136832627316E-02    0.443271778047206055E+02    0.243095379283083197E+02
    0.330023203600502812E-02    0.443520925322039403E+02    0.243068743465932329E+02
    0.314143248236502162E-02    0.444507202911561450E+02    0.243046381030775365E+02
    0.313396375511842138E-02    0.444554809344624147E+02    0.243131717299325842E+02
    0.334239459207190566E-02    0.443267031044041815E+02    0.243094861591685536E+02
    0.324153634517391131E-02    0.443879832960360829E+02    0.243118698599312886E+02
    0.331844510061957013E-02    0.443410854320176355E+02    0.243073121941042913E+02
    0.323871514815636356E-02    0.443897247082011432E+02    0.243119104508873605E+02
    0.331427851275070727E-02    0.443435981786115292E+02    0.243105291150901337E+02
    0.315850407281232509E-02    0.444398810504217465E+02    0.243129082684225040E+02
    0.305763621837453013E-02    0.445047938124982210E+02    0.243139149448946910E+02
    0.334612497198714205E-02    0.443244721890177189E+02    0.243091311986614329E+02
    0.316522788251920014E-02    0.444356279844865014E+02    0.243048977671014548E+02
    0.313959949149971319E-02    0.444518876094726068E+02    0.243131124924353053E+02
    0.321819478990530670E-02    0.444024369358972848E+02    0.243121917903117506E+02
    0.311295783000971934E-02    0.444689314021816458E+02    0.243133865815508159E+02
    0.323630491949643967E-02    0.443912136480012194E+02    0.243057864405588049E+02
    0.325894406909320224E-02    0.443772716166390921E+02    0.243061241810174451E+02
    0.327589521731693227E-02    0.443668957310202217E+02    0.243064054447882860E+02
    0.331617400125026624E-02    0.443424546738222674E+02    0.243072512470260236E+02
    0.307934860010706992E-02    0.444906419297951246E+02    0.243040178453997555E+02
    0.303746500376318555E-02    0.445180315176759152E+02    0.243036346645975421E+02
    0.333668778133344246E-02    0.443301208266649098E+02    0.243079344520674638E+02
    0.306994258850559927E-02    0.444967603708633561E+02    0.243138015058197468E+02
    0.334023310728192484E-02    0.443279968977816381E+02    0.243096189364780777E+02
    0.319753865192512780E-02    0.444153154069502563E+02    0.243124543892082876E+02
    0.316234798078796021E-02    0.444374485249224094E+02    0.243128656226743161E+02
    0.327472623697923956E-02    0.443676095444245036E+02    0.243113460997838189E+02
    0.327710534718265393E-02    0.443661570587936183E+02    0.243064267047959568E+02
    0.325629655624371048E-02    0.443788970442464290E+02    0.243116484791012226E+02
    0.309791198894275067E-02    0.444786214268885800E+02    0.243041959296772134E+02
    0.309817860616502620E-02    0.444784493072474305E+02    0.243135326441661519E+02
    0.312175660090842615E-02    0.444632863790855311E+02    0.243044334941195110E+02
    0.311373470494516989E-02    0.444684323411246680E+02    0.243043523806604185E+02
    0.328852489600717180E-02    0.443591998833714314E+02    0.243066368699176181E+02
    0.320840936764169981E-02    0.444085275116265734E+02    0.243054127027724221E+02
    0.313318971993687420E-02    0.444559749610973540E+02    0.243131798105727093E+02
    0.318853522400360011E-02    0.444209548242584731E+02    0.243051676593235655E+02
    0.325953020685356473E-02    0.443769119387530537E+02    0.243061334464599597E+02
    0.334675429800834279E-02    0.443240960722538091E+02    0.243089979386240138E+02
    0.332533173403966667E-02    0.443369392145525296E+02    0.243102177732223481E+02
    0.320853017375905556E-02    0.444084522071194385E+02    0.243054142406682310E+02
    0.333549693588236105E-02    0.443308347430291576E+02    0.243098492908784856E+02
    0.317072600323724469E-02    0.444321569225455590E+02    0.243049599279472339E+02
    0.329866269718675663E-02    0.443530438059619385E+02    0.243068409466312403E+02
    0.334690332530746546E-02    0.443240070164296043E+02    0.243087951583561228E+02
    0.325876862900393270E-02    0.443773792863676846E+02    0.243061214134873786E+02
    0.334175622669796854E-02    0.443270851217423143E+02    0.243095281384932385E+02
    0.334541367872351770E-02    0.443248973786809159E+02    0.243092268369143731E+02
    0.314452123126895532E-02    0.444487547983808327E+02    0.243130601641371058E+02
    0.309948495217469370E-02    0.444776061856312168E+02    0.243135198905881325E+02
    0.333820866775348191E-02    0.443292094198990085E+02    0.243097249482607687E+02
    0.334540968198695663E-02    0.443248997680649097E+02    0.243092273029175132E+02
    0.333032126836978540E-02    0.443339405394334847E+02    0.243100511638729699E+02
    0.334557351544573136E-02    0.443248018252341041E+02    0.243092076811638371E+02
    0.331014920121390889E-02    0.443460915635497770E+02    0.243070995469190656E+02
    0.334690888831063122E-02    0.443240036921635649E+02    0.243087985685902694E+02
    0.334443332781872047E-02    0.443254835510767080E+02    0.243093272709997237E+02
    0.319088967454942297E-02    0.444194785465750357E+02    0.243051959122277346E+02
    0.324047323283290726E-02    0.443886393347769967E+02    0.243058459574089269E+02
    0.327941471828728168E-02    0.443647481582323024E+02    0.243064677774896971E+02
    0.309024386735501063E-02    0.444835780735475694E+02    0.243136094864518775E+02
    0.307553531901680549E-02    0.444931201449025195E+02    0.243137492352614402E+02
    0.331709849951042227E-02    0.443418971823180144E+02    0.243072757798244865E+02
    0.333602725208649066E-02    0.443305167849792099E+02    0.243098262331586810E+02
    0.317925021932430807E-02    0.444267873142770355E+02    0.243126730858797586E+02
    0.323352950327027459E-02    0.443929295598561708E+02    0.243119837727320665E+02
    0.306442869705554751E-02    0.445003557795390563E+02    0.243138525950792577E+02
    0.331259394012387237E-02    0.443446149917010217E+02    0.243071595096579465E+02
    0.310301587653603840E-02    0.444753290881569754E+02    0.243134852698518031E+02
    0.324227193274082785E-02    0.443875294963316236E+02    0.243058719813343878E+02
    0.317236336341029110E-02    0.444311243908470388E+02    0.243049786106738992E+02
    0.327309535542793769E-02    0.443686058339916514E+02    0.243063569169525024E+02
    0.319500202981907880E-02    0.444169026458059690E+02    0.243124854354782300E+02
    0.309501079509660534E-02    0.444804953039960864E+02    0.243041677239258789E+02
    0.332349809767808419E-02    0.443380423478583765E+02    0.243074570585263388E+02
    0.330810252004179245E-02    0.443473285556277830E+02    0.243070508378933212E+02
    0.325003015978156526E-02    0.443827495396240792E+02    0.243117444223189274E+02
    0.312375913610031530E-02    0.444620038363173578E+02    0.243132772307294580E+02
    0.324772417293608473E-02    0.443841690989513182E+02    0.243059521943844814E+02
    0.315017385855134030E-02    0.444451628030761157E+02    0.243047318222879873E+02
    0.303844822640317097E-02    0.445173842255824752E+02    0.243036433958358913E+02
    0.334329532471743700E-02    0.443261642025632696E+02    0.243083095966260423E+02
    0.331396748790979516E-02    0.443437858752305871E+02    0.243105370507444150E+02
    0.321315054237729901E-02    0.444055742257187660E+02    0.243054735383348515E+02
    0.331337935623368923E-02    0.443441408478562664E+02    0.243071792165541289E+02
    0.319101285511962313E-02    0.444194013404004551E+02    0.243125337773679178E+02
