    0.399783313274383545E+02   -0.870699433398045483E+06   -0.460515351937698814E+01    1
    0.399340629577636719E+02   -0.865786819439865416E+06   -0.461515351937698259E+01    1
    0.398842167854309082E+02   -0.860271853004019242E+06   -0.462515351937698149E+01    1
    0.396676695346832275E+02   -0.836517688329540542E+06   -0.463515351937698661E+01    1
    0.395948052406311035E+02   -0.828599613845158601E+06   -0.464515351937698728E+01    1
    0.392585027217864990E+02   -0.792541981425667182E+06   -0.465515351937698174E+01    1
    0.391791594028472900E+02   -0.784151906760021579E+06   -0.466515351937698153E+01    1
    0.391451370716094971E+02   -0.780567928729067906E+06   -0.467515351937698398E+01    1
    0.391106402873992920E+02   -0.776942352742947987E+06   -0.468515351937698377E+01    1
    0.390803349018096924E+02   -0.773764252364473883E+06   -0.469515351937698444E+01    1
    0.389184749126434326E+02   -0.756900427947885240E+06   -0.470515351937698423E+01    1
    0.388833534717559814E+02   -0.753265737603019574E+06   -0.471515351937698135E+01    1
    0.386467373371124268E+02   -0.729006523805288482E+06   -0.472515351937698025E+01    1
    0.385090363025665283E+02   -0.715071419873421546E+06   -0.473515351937698448E+01    1
    0.383558225631713867E+02   -0.699724513818777166E+06   -0.474515351937698782E+01    1
    0.382010591030120850E+02   -0.684391396552335937E+06   -0.475515351937698494E+01    1
    0.381842291355133057E+02   -0.682734216185207129E+06   -0.476515351937698117E+01    1
    0.381802928447723389E+02   -0.682346915060924715E+06   -0.477515351937698451E+01    1
    0.380764079093933105E+02   -0.672165145795677556E+06   -0.478515351937698341E+01    1
    0.377967762947082520E+02   -0.645138726843427983E+06   -0.479515351937697876E+01    1
    0.376830530166625977E+02   -0.634305991568318801E+06   -0.480515351937698032E+01    1
    0.371691179275512695E+02   -0.586494874157446204E+06   -0.481515351937698277E+01    1
    0.370937860012054443E+02   -0.579644196532296832E+06   -0.482515351937698345E+01    1
    0.369287407398223877E+02   -0.564775681596015464E+06   -0.483515351937698323E+01    1
    0.368780052661895752E+02   -0.560243871210898040E+06   -0.484515351937698480E+01    1
    0.368748521804809570E+02   -0.559962832802908611E+06   -0.485515351937698814E+01    1
    0.368364143371582031E+02   -0.556542489543170203E+06   -0.486515351937698437E+01    1
    0.367584180831909180E+02   -0.549634294222770841E+06   -0.487515351937698149E+01    1
    0.367187952995300293E+02   -0.546141396323470981E+06   -0.488515351937698572E+01    1
    0.367049610614776611E+02   -0.544924478494361625E+06   -0.489515351937698817E+01    1
    0.364519274234771729E+02   -0.522906028992315114E+06   -0.490515351937698973E+01    1
    0.361617720127105713E+02   -0.498216217070499435E+06   -0.491515351937698775E+01    1
    0.361332976818084717E+02   -0.495825461148203351E+06   -0.492515351937698220E+01    1
    0.361174774169921875E+02   -0.494499648248534941E+06   -0.493515351937698199E+01    1
    0.360393679141998291E+02   -0.487979719982015784E+06   -0.494515351937698799E+01    1
    0.360323357582092285E+02   -0.487394857535457588E+06   -0.495515351937699045E+01    1
    0.359412240982055664E+02   -0.479848835492957034E+06   -0.496515351937698846E+01    1
    0.357735109329223633E+02   -0.466112476524934871E+06   -0.497515351937698824E+01    1
    0.357332682609558105E+02   -0.462846121643315884E+06   -0.498515351937698359E+01    1
    0.357058286666870117E+02   -0.460625532838313549E+06   -0.499515351937698426E+01    1
    0.355606126785278320E+02   -0.448962627843739348E+06   -0.500515351937698583E+01    1
    0.354543745517730713E+02   -0.440524928454875189E+06   -0.501515351937698384E+01    1
    0.354226231575012207E+02   -0.438018689478004701E+06   -0.502515351937698451E+01    1
    0.352146553993225098E+02   -0.421779915869835881E+06   -0.503515351937698608E+01    1
    0.345791375637054443E+02   -0.374057571746339905E+06   -0.504515351937698409E+01    1
    0.342146480083465576E+02   -0.347979819364130264E+06   -0.505515351937698298E+01    1
    0.341960918903350830E+02   -0.346677409217167995E+06   -0.506515351937698455E+01    1
    0.341320204734802246E+02   -0.342199160805526888E+06   -0.507515351937697989E+01    1
    0.338003325462341309E+02   -0.319481442859322822E+06   -0.508515351937698501E+01    1
    0.337198841571807861E+02   -0.314089005667399964E+06   -0.509515351937699013E+01    1
    0.337148654460906982E+02   -0.313754123644057545E+06   -0.510515351937699080E+01    1
    0.336972165107727051E+02   -0.312577887097833038E+06   -0.511515351937698348E+01    1
    0.335561478137969971E+02   -0.303255575037690171E+06   -0.512515351937698238E+01    1
    0.335342478752136230E+02   -0.301821006608242751E+06   -0.513515351937698394E+01    1
    0.334709727764129639E+02   -0.297695245303394622E+06   -0.514515351937697751E+01    1
    0.334240150451660156E+02   -0.294651789879135322E+06   -0.515515351937698085E+01    1
    0.332858920097351074E+02   -0.285790320437649498E+06   -0.516515351937698330E+01    1
    0.332303762435913086E+02   -0.282266752069300623E+06   -0.517515351937698220E+01    1
    0.331896567344665527E+02   -0.279696193387979933E+06   -0.518515351937698643E+01    1
    0.330424153804779053E+02   -0.270499217881886696E+06   -0.519515351937698533E+01    1
    0.328845477104187012E+02   -0.260809306051998399E+06   -0.520515351937697623E+01    1
    0.328474140167236328E+02   -0.258555718899257947E+06   -0.521515351937698224E+01    1
    0.326258337497711182E+02   -0.245311633335208782E+06   -0.522515351937697670E+01    1
    0.325257503986358643E+02   -0.239443705837893154E+06   -0.523515351937698092E+01    1
    0.324957776069641113E+02   -0.237700212043254782E+06   -0.524515351937698071E+01    1
    0.324943292140960693E+02   -0.237616121548566647E+06   -0.525515351937698583E+01    1
    0.322722625732421875E+02   -0.224899432898852072E+06   -0.526515351937698739E+01    1
    0.322550177574157715E+02   -0.223926539486999682E+06   -0.527515351937698007E+01    1
    0.322520458698272705E+02   -0.223759088828668435E+06   -0.528515351937697542E+01    1
    0.322105216979980469E+02   -0.221425966188974940E+06   -0.529515351937697609E+01    1
    0.320044028759002686E+02   -0.210025753905603429E+06   -0.530515351937697677E+01    1
    0.318328773975372314E+02   -0.200768562267014349E+06   -0.531515351937698188E+01    1
    0.318045794963836670E+02   -0.199261382496482809E+06   -0.532515351937698078E+01    1
    0.317582416534423828E+02   -0.196805638017068559E+06   -0.533515351937697613E+01    1
    0.315750586986541748E+02   -0.187246671202816913E+06   -0.534515351937697680E+01    1
    0.314087760448455811E+02   -0.178775669494775968E+06   -0.535515351937698103E+01    1
    0.312894642353057861E+02   -0.172818353741636907E+06   -0.536515351937698171E+01    1
    0.312438976764678955E+02   -0.170569827516637481E+06   -0.537515351937698238E+01    1
    0.312105476856231689E+02   -0.168933472552053805E+06   -0.538515351937698128E+01    1
    0.311318159103393555E+02   -0.165101701119372825E+06   -0.539515351937698018E+01    1
    0.310789847373962402E+02   -0.162555125255171646E+06   -0.540515351937698263E+01    1
    0.309650814533233643E+02   -0.157132088415841339E+06   -0.541515351937698153E+01    1
    0.307862436771392822E+02   -0.148803111174921884E+06   -0.542515351937697865E+01    1
    0.307529532909393311E+02   -0.147277726268216065E+06   -0.543515351937697933E+01    1
    0.305757772922515869E+02   -0.139291650667728100E+06   -0.544515351937698178E+01    1
    0.305109488964080811E+02   -0.136425192846113903E+06   -0.545515351937698245E+01    1
    0.302448093891143799E+02   -0.124969897762598586E+06   -0.546515351937698401E+01    1
    0.300468933582305908E+02   -0.116776794408362737E+06   -0.547515351937698025E+01    1
    0.299898564815521240E+02   -0.114467212612829564E+06   -0.548515351937698004E+01    1
    0.298777651786804199E+02   -0.109995549871239025E+06   -0.549515351937697805E+01    1
    0.295593869686126709E+02   -0.977804735431640729E+05   -0.550515351937697694E+01    1
    0.295550870895385742E+02   -0.976204220866875257E+05   -0.551515351937698295E+01    1
    0.295121109485626221E+02   -0.960279553193831380E+05   -0.552515351937698185E+01    1
    0.294961297512054443E+02   -0.954391184584643925E+05   -0.553515351937698163E+01    1
    0.294199883937835693E+02   -0.926585176097562799E+05   -0.554515351937698142E+01    1
    0.290553450584411621E+02   -0.799120924228596850E+05   -0.555515351937698032E+01    1
    0.290401029586791992E+02   -0.793998242682865093E+05   -0.556515351937698544E+01    1
    0.289691293239593506E+02   -0.770361866665721027E+05   -0.557515351937698611E+01    1
    0.289607405662536621E+02   -0.767591763671765220E+05   -0.558515351937698146E+01    1
    0.288381886482238770E+02   -0.727692186147895554E+05   -0.559515351937697680E+01    1
    0.287244725227355957E+02   -0.691622046028238838E+05   -0.560515351937697748E+01    1
    0.286665439605712891E+02   -0.673600010927171388E+05   -0.561515351937697904E+01    1
    0.286418426036834717E+02   -0.665987600966079190E+05   -0.562515351937698060E+01    1
    0.285953617095947266E+02   -0.651780547227465286E+05   -0.563515351937698039E+01    1
    0.200256228446960449E+02   -0.650791877213465341E+05   -0.564515351937698284E+01    1
    0.285914659500122070E+02   -0.650596753567552369E+05   -0.565515351937698085E+01    1
    0.200599777698516846E+02   -0.640397575274156334E+05   -0.566515351937697975E+01    1
    0.200870347023010254E+02   -0.632270249911474675E+05   -0.567515351937697954E+01    1
    0.285288035869598389E+02   -0.631703611172807286E+05   -0.568515351937697666E+01    1
    0.201104807853698730E+02   -0.625269535768226342E+05   -0.569515351937697734E+01    1
    0.283916652202606201E+02   -0.591327069655514279E+05   -0.570515351937697890E+01    1
    0.283864653110504150E+02   -0.589822348582474297E+05   -0.571515351937697780E+01    1
    0.283285731077307474E+02   -0.573199343931823387E+05   -0.572515351937697403E+01    1
    0.283122360706329346E+02   -0.568551375828112650E+05   -0.573515351937697382E+01    1
    0.203100824356079102E+02   -0.567249660585792517E+05   -0.574515351937697805E+01    1
    0.203319346904754639E+02   -0.561069287947750636E+05   -0.575515351937698227E+01    1
    0.282479453086853027E+02   -0.550444150634780381E+05   -0.576515351937698384E+01    1
    0.203955531120300293E+02   -0.543269201244842843E+05   -0.577515351937697918E+01    1
    0.281696069240570068E+02   -0.528776686792407272E+05   -0.578515351937698075E+01    1
    0.204946692536610406E+02   -0.516109016140167369E+05   -0.579515351937698409E+01    1
    0.204957270622253418E+02   -0.515822908983517191E+05   -0.580515351937698565E+01    1
    0.280920989129490408E+02   -0.507767237876188665E+05   -0.581515351937698366E+01    1
    0.280627679824829102E+02   -0.499927870717089827E+05   -0.582515351937698256E+01    1
    0.280413152832545158E+02   -0.494232775077478509E+05   -0.583515351937698412E+01    1
    0.205995893478393555E+02   -0.488117537346897152E+05   -0.584515351937698391E+01    1
    0.279950106143951416E+02   -0.482051429661970978E+05   -0.585515351937697837E+01    1
    0.206315398216247559E+02   -0.479748590082365336E+05   -0.586515351937697371E+01    1
    0.279827845096588135E+02   -0.478860490464129252E+05   -0.587515351937697705E+01    1
    0.207254707813262939E+02   -0.455564079006430329E+05   -0.588515351937697684E+01    1
    0.207337571816029502E+02   -0.453460605911705206E+05   -0.589515351937697751E+01    1
    0.208399868011474609E+02   -0.426925977343340346E+05   -0.590515351937697286E+01    1
    0.208683598041534424E+02   -0.419974237694677722E+05   -0.591515351937697531E+01    1
    0.277305114269256592E+02   -0.415384905515405844E+05   -0.592515351937697687E+01    1
    0.209040069580078125E+02   -0.411321166791345750E+05   -0.593515351937697400E+01    1
    0.276789057254791260E+02   -0.402956251102629176E+05   -0.594515351937698000E+01    1
    0.210168930831395677E+02   -0.384513516901129915E+05   -0.595515351937698156E+01    1
    0.210217022895812988E+02   -0.383391521439862408E+05   -0.596515351937697336E+01    1
    0.210402655601501465E+02   -0.379076066460960938E+05   -0.597515351937696959E+01    1
    0.275317167526083537E+02   -0.368545035114846032E+05   -0.598515351937697559E+01    1
    0.211274909973144531E+02   -0.359125740798602274E+05   -0.599515351937697627E+01    1
    0.211426793694414101E+02   -0.355706994069315115E+05   -0.600515351937697517E+01    1
    0.211606907844543457E+02   -0.351674014043173593E+05   -0.601515351937697851E+01    1
    0.273948323726654053E+02   -0.337921824749736770E+05   -0.602515351937697829E+01    1
    0.212265741825103760E+02   -0.337117902848470912E+05   -0.603515351937697453E+01    1
    0.213242156643636314E+02   -0.316111437313147908E+05   -0.604515351937697520E+01    1
    0.272581396919785597E+02   -0.308667592900868403E+05   -0.605515351937697410E+01    1
    0.272128355503082275E+02   -0.299264226263241399E+05   -0.606515351937697478E+01    1
    0.272070515155792236E+02   -0.298074165560891815E+05   -0.607515351937697723E+01    1
    0.214785969257354736E+02   -0.284277742197654406E+05   -0.608515351937697790E+01    1
    0.214834237098693848E+02   -0.283309700912461849E+05   -0.609515351937697769E+01    1
    0.271136057376861572E+02   -0.279176582832534878E+05   -0.610515351937697481E+01    1
    0.270778231698577585E+02   -0.272104232830327092E+05   -0.611515351937697282E+01    1
    0.270565295219421387E+02   -0.267938685368430088E+05   -0.612515351937697528E+01    1
    0.270457017421722412E+02   -0.265832845754755217E+05   -0.613515351937697417E+01    1
    0.216155278682708740E+02   -0.257456854407995124E+05   -0.614515351937697485E+01    1
    0.216171300411224365E+02   -0.257150904861464041E+05   -0.615515351937697819E+01    1
    0.216585262656588284E+02   -0.249309036761250354E+05   -0.616515351937697620E+01    1
    0.269071049900490706E+02   -0.239612255925239042E+05   -0.617515351937697776E+01    1
    0.268884435769117509E+02   -0.236185839944803447E+05   -0.618515351937698288E+01    1
    0.217302671151828086E+02   -0.236006673009765545E+05   -0.619515351937698000E+01    1
    0.268467521667480469E+02   -0.228620120045567382E+05   -0.620515351937697535E+01    1
    0.217816218677017908E+02   -0.226708516385143885E+05   -0.621515351937697247E+01    1
    0.218089187145233154E+02   -0.221842353271815518E+05   -0.622515351937697314E+01    1
    0.267883329431531862E+02   -0.218226200560942452E+05   -0.623515351937697559E+01    1
    0.266857707500457764E+02   -0.200563865427908822E+05   -0.624515351937698071E+01    1
    0.219390892982482910E+02   -0.199363924338743054E+05   -0.625515351937697694E+01    1
    0.266470086574554443E+02   -0.194082863007656488E+05   -0.626515351937697407E+01    1
    0.266290939350331897E+02   -0.191123535540088051E+05   -0.627515351937697385E+01    1
    0.220354263960470185E+02   -0.183501804504276733E+05   -0.628515351937697986E+01    1
    0.220586657524108887E+02   -0.179773933578873693E+05   -0.629515351937697432E+01    1
    0.265384743652359631E+02   -0.176502885716775272E+05   -0.630515351937697766E+01    1
    0.221535432338714600E+02   -0.164951846183791058E+05   -0.631515351937697567E+01    1
    0.264482657979992339E+02   -0.162526993181301259E+05   -0.632515351937697190E+01    1
    0.222305022868661908E+02   -0.153397984796517503E+05   -0.633515351937697790E+01    1
    0.223374535093815361E+02   -0.138038893644532654E+05   -0.634515351937697858E+01    1
    0.223421990871429443E+02   -0.137376185511133244E+05   -0.635515351937697659E+01    1
    0.262705445289611816E+02   -0.136681407002687683E+05   -0.636515351937697371E+01    1
    0.262656329220092353E+02   -0.135998932655960543E+05   -0.637515351937697350E+01    1
    0.262378404210205787E+02   -0.132169358889386240E+05   -0.638515351937697861E+01    1
    0.223937416076660156E+02   -0.130281280716743186E+05   -0.639515351937698195E+01    1
    0.262230610847473145E+02   -0.130155201550643396E+05   -0.640515351937697730E+01    1
    0.223962867259979248E+02   -0.129935822901140727E+05   -0.641515351937697620E+01    1
    0.223973387864723712E+02   -0.129793157251884513E+05   -0.642515351937697776E+01    1
    0.224008313759923361E+02   -0.129320104223425496E+05   -0.643515351937697222E+01    1
    0.262139265336149663E+02   -0.128918072912264779E+05   -0.644515351937697556E+01    1
    0.224083466288112447E+02   -0.128305135996353238E+05   -0.645515351937697535E+01    1
    0.224110873689073919E+02   -0.127935983658531222E+05   -0.646515351937697513E+01    1
    0.261856865882873535E+02   -0.125130851910146084E+05   -0.647515351937697048E+01    1
    0.261855804920196533E+02   -0.125116730127906758E+05   -0.648515351937697559E+01    1
    0.224420086950958542E+02   -0.123808077369338207E+05   -0.649515351937697538E+01    1
    0.224752271175384521E+02   -0.119449069059174217E+05   -0.650515351937697694E+01    1
    0.261228812810314679E+02   -0.116910886241189601E+05   -0.651515351937697318E+01    1
    0.225018739700317383E+02   -0.116008967209778893E+05   -0.652515351937697652E+01    1
    0.225677403191573305E+02   -0.107721719141094509E+05   -0.653515351937697631E+01    1
    0.225716436924816328E+02   -0.107240257331076573E+05   -0.654515351937697609E+01    1
    0.260393962914829018E+02   -0.106417446037015961E+05   -0.655515351937696966E+01    1
    0.260252797603607178E+02   -0.104691961158692502E+05   -0.656515351937697567E+01    1
    0.259993127219221165E+02   -0.101554880363245538E+05   -0.657515351937698256E+01    1
    0.259604143620583088E+02   -0.969450384404167198E+04   -0.658515351937698501E+01    1
    0.226728808147590009E+02   -0.951306079018941455E+04   -0.659515351937696881E+01    1
    0.259171640872955322E+02   -0.919454419580396097E+04   -0.660515351937696948E+01    1
    0.227014636993408203E+02   -0.918431998785094765E+04   -0.661515351937697371E+01    1
    0.258884012699127197E+02   -0.886940002194160115E+04   -0.662515351937697705E+01    1
    0.227478682309083666E+02   -0.866294628420107256E+04   -0.663515351937697861E+01    1
    0.227499847515624367E+02   -0.863953048537539144E+04   -0.664515351937698107E+01    1
    0.228093635327161905E+02   -0.799555110315938691E+04   -0.665515351937697286E+01    1
    0.258062906321277019E+02   -0.797347800770961931E+04   -0.666515351937697353E+01    1
    0.228551876544952393E+02   -0.751567083143881428E+04   -0.667515351937697510E+01    1
    0.257443213462829590E+02   -0.732898273884056016E+04   -0.668515351937697488E+01    1
    0.228823315930559694E+02   -0.723843705746222804E+04   -0.669515351937697734E+01    1
    0.229766798019409180E+02   -0.631546176037869918E+04   -0.670515351937697446E+01    1
    0.256290963126164790E+02   -0.620301621355897350E+04   -0.671515351937697247E+01    1
    0.230118441581726074E+02   -0.598761090942967439E+04   -0.672515351937697314E+01    1
    0.230204733203186116E+02   -0.590849797314357056E+04   -0.673515351937697382E+01    1
    0.255646573279905631E+02   -0.561437974605038562E+04   -0.674515351937697183E+01    1
    0.255617117881774902E+02   -0.558817670404691125E+04   -0.675515351937697428E+01    1
    0.230756938457489014E+02   -0.541473404372003733E+04   -0.676515351937697584E+01    1
    0.230824942179856265E+02   -0.535542294711315844E+04   -0.677515351937697829E+01    1
    0.255108928680419922E+02   -0.514578866502238634E+04   -0.678515351937697098E+01    1
    0.254930779309781528E+02   -0.499504218677794870E+04   -0.679515351937697432E+01    1
    0.254805290699005127E+02   -0.489020737090225794E+04   -0.680515351937697410E+01    1
    0.231599704457341637E+02   -0.470284913477230202E+04   -0.681515351937697567E+01    1
    0.231692924185580438E+02   -0.462720041821217637E+04   -0.682515351937697723E+01    1
    0.231703629816758685E+02   -0.461855214757464091E+04   -0.683515351937697613E+01    1
    0.231711803189595074E+02   -0.461195496893132349E+04   -0.684515351937697059E+01    1
    0.254455516784217508E+02   -0.460389650808282204E+04   -0.685515351937697126E+01    1
    0.231775583501303259E+02   -0.456063711010458792E+04   -0.686515351937697371E+01    1
    0.231823640314152435E+02   -0.452216101817150593E+04   -0.687515351937697083E+01    1
    0.231957197189331055E+02   -0.441609048954459467E+04   -0.688515351937697062E+01    1
    0.231961572170257568E+02   -0.441263728969158728E+04   -0.689515351937697307E+01    1
    0.231974230442471629E+02   -0.440265368189693254E+04   -0.690515351937697019E+01    1
    0.232134451196733913E+02   -0.427726943485174252E+04   -0.691515351937697176E+01    1
    0.254015986925245087E+02   -0.425641719888570060E+04   -0.692515351937697421E+01    1
    0.253903336566508777E+02   -0.416956493673536988E+04   -0.693515351937697400E+01    1
    0.232411966081879946E+02   -0.406440182204582925E+04   -0.694515351937697556E+01    1
    0.253752766639645699E+02   -0.405488250047822976E+04   -0.695515351937697623E+01    1
    0.232496667762716491E+02   -0.400051940322824885E+04   -0.696515351937697869E+01    1
    0.232518744468688965E+02   -0.398395263676169316E+04   -0.697515351937697670E+01    1
    0.253574025365673954E+02   -0.392083047583671305E+04   -0.698515351937697471E+01    1
    0.253345687788684621E+02   -0.375287844787070389E+04   -0.699515351937697627E+01    1
    0.232848215103149414E+02   -0.374081904217282090E+04   -0.700515351937697339E+01    1
    0.232850849628448486E+02   -0.373890591438616184E+04   -0.701515351937697229E+01    1
    0.253303457362037783E+02   -0.372222135022017119E+04   -0.702515351937697385E+01    1
    0.253228776656443983E+02   -0.366831664314780846E+04   -0.703515351937696920E+01    1
    0.232951393296980385E+02   -0.366626143086327920E+04   -0.704515351937696899E+01    1
    0.232990442885518156E+02   -0.363824074854596256E+04   -0.705515351937697233E+01    1
    0.253148705363314974E+02   -0.361096039935711997E+04   -0.706515351937697300E+01    1
    0.233081662654876709E+02   -0.357320587046872424E+04   -0.707515351937697190E+01    1
    0.233415484428405762E+02   -0.334024004543465890E+04   -0.708515351937697524E+01    1
    0.252699155789491314E+02   -0.329738433151520348E+04   -0.709515351937697947E+01    1
    0.252666510893061123E+02   -0.327517160509057430E+04   -0.710515351937697481E+01    1
    0.233571040630340576E+02   -0.323438076495192854E+04   -0.711515351937697194E+01    1
    0.252462347898718598E+02   -0.313796641998891437E+04   -0.712515351937697261E+01    1
    0.233715808106636587E+02   -0.313740517395199595E+04   -0.713515351937696796E+01    1
    0.252449527190492518E+02   -0.312944907141248768E+04   -0.714515351937696508E+01    1
    0.233847940475501126E+02   -0.305019090048923226E+04   -0.715515351937696753E+01    1
    0.233963379068190491E+02   -0.297500883585630027E+04   -0.716515351937696821E+01    1
    0.252107833391309804E+02   -0.290674272763282806E+04   -0.717515351937696444E+01    1
    0.251986387982748781E+02   -0.282958258302578724E+04   -0.718515351937696511E+01    1
    0.234250519086835034E+02   -0.279210137439711980E+04   -0.719515351937696845E+01    1
    0.251753337115900777E+02   -0.268444370993201164E+04   -0.720515351937697446E+01    1
    0.234527337551116943E+02   -0.262130465226361321E+04   -0.721515351937697869E+01    1
    0.234541627720100934E+02   -0.261263514868632410E+04   -0.722515351937697670E+01    1
    0.251617237456402592E+02   -0.260146547924660490E+04   -0.723515351937696849E+01    1
    0.234620479702818727E+02   -0.256505797761379245E+04   -0.724515351937696384E+01    1
    0.251547336578369141E+02   -0.255935842566003657E+04   -0.725515351937697073E+01    1
    0.251426386766828855E+02   -0.248731895150225682E+04   -0.726515351937697051E+01    1
    0.234783959532227193E+02   -0.246782346299849269E+04   -0.727515351937696853E+01    1
    0.251374157355887284E+02   -0.245653109645139011E+04   -0.728515351937696742E+01    1
    0.251348434693144469E+02   -0.244143937147216047E+04   -0.729515351937696988E+01    1
    0.235037169827712624E+02   -0.232096055156196917E+04   -0.730515351937697766E+01    1
    0.251087367267058426E+02   -0.229092369636419426E+04   -0.731515351937697655E+01    1
    0.235123244431216420E+02   -0.227207255326680024E+04   -0.732515351937697723E+01    1
    0.235225367546081543E+02   -0.221475097715696756E+04   -0.733515351937697524E+01    1
    0.250879167252160684E+02   -0.217435274573616607E+04   -0.734515351937696614E+01    1
    0.235341907722259620E+02   -0.215024077290343030E+04   -0.735515351937696948E+01    1
    0.250750177874959235E+02   -0.210367406848570272E+04   -0.736515351937697105E+01    1
    0.235452676687669964E+02   -0.208981805310171103E+04   -0.737515351937696906E+01    1
    0.250688303635964971E+02   -0.207018935991191211E+04   -0.738515351937697240E+01    1
    0.250663925946096242E+02   -0.205707135692259408E+04   -0.739515351937697218E+01    1
    0.250505100989648071E+02   -0.197263705882244949E+04   -0.740515351937697464E+01    1
    0.250244224054838327E+02   -0.183783265764359976E+04   -0.741515351937697265E+01    1
    0.235955461478034714E+02   -0.182649604709472624E+04   -0.742515351937696799E+01    1
    0.236032006141487614E+02   -0.178798002994250010E+04   -0.743515351937697044E+01    1
    0.236343204975128174E+02   -0.163566878119570515E+04   -0.744515351937697023E+01    1
    0.236469424272862199E+02   -0.157585059586667762E+04   -0.745515351937696646E+01    1
    0.236478877353286450E+02   -0.157141604613063964E+04   -0.746515351937696536E+01    1
    0.236526679536608277E+02   -0.154908854083388724E+04   -0.747515351937696515E+01    1
    0.236567038761401314E+02   -0.153036367626895458E+04   -0.748515351937696671E+01    1
    0.249513733524791199E+02   -0.148604237147303684E+04   -0.749515351937696561E+01    1
    0.236703073978424072E+02   -0.146810036856349484E+04   -0.750515351937696362E+01    1
    0.236807426732643371E+02   -0.142122766148302412E+04   -0.751515351937696874E+01    1
    0.236972391336575825E+02   -0.134870504023951571E+04   -0.752515351937696853E+01    1
    0.249046005683319684E+02   -0.128066724485313489E+04   -0.753515351937696742E+01    1
    0.237204628677218388E+02   -0.124987870690583441E+04   -0.754515351937696721E+01    1
    0.237228473654670715E+02   -0.123994824313353411E+04   -0.755515351937696877E+01    1
    0.237234978338271816E+02   -0.123724630733613253E+04   -0.756515351937697211E+01    1
    0.248762784939587185E+02   -0.116384949813809567E+04   -0.757515351937696835E+01    1
    0.237497229432388970E+02   -0.113081096047363303E+04   -0.758515351937696991E+01    1
    0.237520631525108392E+02   -0.112155020652141548E+04   -0.759515351937697325E+01    1
    0.248643518765525897E+02   -0.111635898214417830E+04   -0.760515351937697126E+01    1
    0.237636750505664729E+02   -0.107617371979992822E+04   -0.761515351937696572E+01    1
    0.237646967250887471E+02   -0.107222703378443225E+04   -0.762515351937696639E+01    1
    0.248436425639949832E+02   -0.103629339510257387E+04   -0.763515351937696973E+01    1
    0.237947341713648015E+02   -0.959501903512774561E+03   -0.764515351937696952E+01    1
    0.237965251780496914E+02   -0.952982722068579847E+03   -0.765515351937697019E+01    1
    0.248045873641967773E+02   -0.893576573703303211E+03   -0.766515351937697087E+01    1
    0.248028003394991217E+02   -0.887305182698907629E+03   -0.767515351937697066E+01    1
    0.248015928719898326E+02   -0.883080513564155922E+03   -0.768515351937697044E+01    1
    0.247995615005493164E+02   -0.875996512451250510E+03   -0.769515351937697201E+01    1
    0.247930752935280836E+02   -0.853573073966795732E+03   -0.770515351937697446E+01    1
    0.247725385655401027E+02   -0.784543583056963712E+03   -0.771515351937697069E+01    1
    0.238470028774094658E+02   -0.778602230760727366E+03   -0.772515351937696959E+01    1
    0.238482792916808108E+02   -0.774426977279850007E+03   -0.773515351937697382E+01    1
    0.247552919387817383E+02   -0.728883764139873506E+03   -0.774515351937697538E+01    1
    0.247552437708330864E+02   -0.728731266413511435E+03   -0.775515351937697517E+01    1
    0.247545421123504639E+02   -0.726511710450074929E+03   -0.776515351937697407E+01    1
    0.238794061061912863E+02   -0.676185281600983444E+03   -0.777515351937697297E+01    1
    0.238846270452534313E+02   -0.660380018546398105E+03   -0.778515351937696565E+01    1
    0.238900135270633811E+02   -0.644276222027572089E+03   -0.779515351937696011E+01    1
    0.247255015136787009E+02   -0.637710465962477770E+03   -0.780515351937696522E+01    1
    0.247122785175970670E+02   -0.599258510854452993E+03   -0.781515351937697123E+01    1
    0.239093502227724173E+02   -0.588161162843200486E+03   -0.782515351937697279E+01    1
    0.239095553525888853E+02   -0.587580091318176528E+03   -0.783515351937697524E+01    1
    0.247080234825862917E+02   -0.587148756423576401E+03   -0.784515351937695993E+01    1
    0.246997655140881882E+02   -0.564013147793506732E+03   -0.785515351937696593E+01    1
    0.239199009871364723E+02   -0.558661067844795184E+03   -0.786515351937697016E+01    1
    0.239241194725036621E+02   -0.547087054289010098E+03   -0.787515351937697172E+01    1
    0.246920702522995299E+02   -0.542889356281259438E+03   -0.788515351937697417E+01    1
    0.239266886897920052E+02   -0.540099882300874242E+03   -0.789515351937696952E+01    1
    0.239349186420440674E+02   -0.518033096636228493E+03   -0.790515351937697019E+01    1
    0.246795471938536579E+02   -0.509410927125456396E+03   -0.791515351937696643E+01    1
    0.246782879280806320E+02   -0.506106022355780567E+03   -0.792515351937696444E+01    1
    0.246781005958648798E+02   -0.505615335614477317E+03   -0.793515351937696778E+01    1
    0.246777784824371338E+02   -0.504772192980710372E+03   -0.794515351937696490E+01    1
    0.239415429164668367E+02   -0.500620507882348079E+03   -0.795515351937696735E+01    1
    0.239439081103417770E+02   -0.494478747983641370E+03   -0.796515351937696447E+01    1
    0.239454358857851446E+02   -0.490532624730368752E+03   -0.797515351937695893E+01    1
    0.239459926572663981E+02   -0.489098643628523178E+03   -0.798515351937696582E+01    1
    0.246712985151114736E+02   -0.487966964118160831E+03   -0.799515351937696650E+01    1
    0.239467582890247996E+02   -0.487130327139860754E+03   -0.800515351937696096E+01    1
    0.239491758327178275E+02   -0.480942498692533206E+03   -0.801515351937696785E+01    1
    0.246681401539623621E+02   -0.479883977980204406E+03   -0.802515351937697652E+01    1
    0.246668200493929994E+02   -0.476526485698330873E+03   -0.803515351937696920E+01    1
    0.239517134080984775E+02   -0.474492031315102793E+03   -0.804515351937696543E+01    1
    0.246580648353391076E+02   -0.454571688852028501E+03   -0.805515351937697233E+01    1
    0.246386543765282724E+02   -0.407836203861016713E+03   -0.806515351937697034E+01    1
    0.246380824750413261E+02   -0.406499733869848910E+03   -0.807515351937696657E+01    1
    0.246313912522993803E+02   -0.391035429296363191E+03   -0.808515351937696636E+01    1
    0.239954839097927390E+02   -0.370415918327944269E+03   -0.809515351937696259E+01    1
    0.239958275598641677E+02   -0.369652556081465775E+03   -0.810515351937696593E+01    1
    0.246115247963983741E+02   -0.346992348534750704E+03   -0.811515351937696572E+01    1
    0.246074889549505080E+02   -0.338387137093853312E+03   -0.812515351937696728E+01    1
    0.240104086804219605E+02   -0.338034687315769418E+03   -0.813515351937696707E+01    1
    0.240131487810559321E+02   -0.332261325500194062E+03   -0.814515351937696508E+01    1
    0.246024118908815943E+02   -0.327725899187212747E+03   -0.815515351937696664E+01    1
    0.246020880980835948E+02   -0.327052173604390418E+03   -0.816515351937696643E+01    1
    0.240208032346133393E+02   -0.316415619020937015E+03   -0.817515351937696622E+01    1
    0.240220525916082153E+02   -0.313868735599234526E+03   -0.818515351937696600E+01    1
    0.240304071828675987E+02   -0.297121965889255307E+03   -0.819515351937696224E+01    1
    0.245826691861248960E+02   -0.288006152909230366E+03   -0.820515351937696558E+01    1
    0.240355497533460571E+02   -0.287059822535401679E+03   -0.821515351937696714E+01    1
    0.240401218443502422E+02   -0.278271404313199071E+03   -0.822515351937696693E+01    1
    0.245772736121740643E+02   -0.277631936502538565E+03   -0.823515351937696671E+01    1
    0.240439308600855028E+02   -0.271062964487291993E+03   -0.824515351937696295E+01    1
    0.240444006139435551E+02   -0.270181097926786492E+03   -0.825515351937696096E+01    1
    0.245715736926291086E+02   -0.266896812948294780E+03   -0.826515351937696252E+01    1
    0.240468073866821541E+02   -0.265687425587555481E+03   -0.827515351937696408E+01    1
    0.240485366879640736E+02   -0.262484019953164648E+03   -0.828515351937696565E+01    1
    0.240496896519122316E+02   -0.260360021729525556E+03   -0.829515351937696543E+01    1
    0.245641905840099568E+02   -0.253334130298024519E+03   -0.830515351937696344E+01    1
    0.240636762236645936E+02   -0.235344745410818888E+03   -0.831515351937696146E+01    1
    0.245498490688258535E+02   -0.228093769326641052E+03   -0.832515351937696302E+01    1
    0.240700019364478202E+02   -0.224486710692494910E+03   -0.833515351937696813E+01    1
    0.240729893484235333E+02   -0.219457501855050936E+03   -0.834515351937696437E+01    1
    0.245435407954032243E+02   -0.217453447238036915E+03   -0.835515351937696593E+01    1
    0.245428745866033182E+02   -0.216346212977613874E+03   -0.836515351937696927E+01    1
    0.240778084558449734E+02   -0.211478099809741877E+03   -0.837515351937696906E+01    1
    0.240780324203830034E+02   -0.211111268051988390E+03   -0.838515351937696174E+01    1
    0.245385986044809457E+02   -0.209314499641564453E+03   -0.839515351937695975E+01    1
    0.240811558408869431E+02   -0.206032489572972736E+03   -0.840515351937696487E+01    1
    0.245355148090274966E+02   -0.204323780514023809E+03   -0.841515351937696821E+01    1
    0.245328161791052501E+02   -0.200011736653349828E+03   -0.842515351937696266E+01    1
    0.240861673633376228E+02   -0.198028167132042825E+03   -0.843515351937695534E+01    1
    0.245286079442774252E+02   -0.193390618715013545E+03   -0.844515351937695691E+01    1
    0.245284130821522517E+02   -0.193087070673004519E+03   -0.845515351937696202E+01    1
    0.245188122330823184E+02   -0.178464769781277994E+03   -0.846515351937696536E+01    1
    0.240992913415624344E+02   -0.177910764585923573E+03   -0.847515351937696160E+01    1
    0.240996798349392805E+02   -0.177333868442057224E+03   -0.848515351937696316E+01    1
    0.245160815314595375E+02   -0.174425262138321244E+03   -0.849515351937696295E+01    1
    0.241076956451861086E+02   -0.165669621110509297E+03   -0.850515351937696629E+01    1
    0.241084938751941387E+02   -0.164533021555512448E+03   -0.851515351937696785E+01    1
    0.241093557906770357E+02   -0.163310814372565574E+03   -0.852515351937696408E+01    1
    0.241100845332678553E+02   -0.162281558603397770E+03   -0.853515351937696032E+01    1
    0.245041553937568963E+02   -0.157402864167468664E+03   -0.854515351937695655E+01    1
    0.241141628744939283E+02   -0.156590943564591896E+03   -0.855515351937696344E+01    1
    0.244986392737519090E+02   -0.149870784887371912E+03   -0.856515351937696323E+01    1
    0.244956850243137616E+02   -0.145925590759572430E+03   -0.857515351937696124E+01    1
    0.241251294054395800E+02   -0.141874127522711603E+03   -0.858515351937696103E+01    1
    0.244917042780863312E+02   -0.140707476521900304E+03   -0.859515351937696259E+01    1
    0.244914260753088158E+02   -0.140346999273417367E+03   -0.860515351937696771E+01    1
    0.241267839379943148E+02   -0.139727834494637193E+03   -0.861515351937696039E+01    1
    0.244905801485443533E+02   -0.139254273913243566E+03   -0.862515351937695662E+01    1
    0.244891557225450320E+02   -0.137425740385818500E+03   -0.863515351937696352E+01    1
    0.244890061910491852E+02   -0.137234621620536558E+03   -0.864515351937696508E+01    1
    0.241287556931666884E+02   -0.137195388910607932E+03   -0.865515351937695954E+01    1
    0.241353344059513795E+02   -0.128945417257968444E+03   -0.866515351937696288E+01    1
    0.241380196930526196E+02   -0.125666172848760866E+03   -0.867515351937696266E+01    1
    0.244748227004366115E+02   -0.119827350605878678E+03   -0.868515351937696423E+01    1
    0.244713397547384801E+02   -0.115770957385015720E+03   -0.869515351937696934E+01    1
    0.244675400624497712E+02   -0.111443793445049309E+03   -0.870515351937696735E+01    1
    0.241520169503681359E+02   -0.109400914444330368E+03   -0.871515351937696181E+01    1
    0.241528116582858097E+02   -0.108519123790018696E+03   -0.872515351937695982E+01    1
    0.241553735785973736E+02   -0.105706966856449753E+03   -0.873515351937696316E+01    1
    0.244615971351193622E+02   -0.104881188536113271E+03   -0.874515351937695762E+01    1
    0.244609679137976492E+02   -0.104201021645011892E+03   -0.875515351937695741E+01    1
    0.241582270242903547E+02   -0.102629605351405203E+03   -0.876515351937696252E+01    1
    0.244583842062425632E+02   -0.101437558459734561E+03   -0.877515351937696231E+01    1
    0.241657913673466389E+02   -0.947511170960418383E+02   -0.878515351937696209E+01    1
    0.244515686635990619E+02   -0.943750053514319518E+02   -0.879515351937696188E+01    1
    0.244502646312669043E+02   -0.930612585681000013E+02   -0.880515351937695812E+01    1
    0.244497663098443070E+02   -0.925624097954774214E+02   -0.881515351937695790E+01    1
    0.241687177754232749E+02   -0.918120415606141762E+02   -0.882515351937695769E+01    1
    0.241703836257789604E+02   -0.901661078713739101E+02   -0.883515351937695925E+01    1
    0.244464535939851615E+02   -0.892909571239195117E+02   -0.884515351937695904E+01    1
    0.241735522877974347E+02   -0.870896521278772866E+02   -0.885515351937696238E+01    1
    0.241745650768280029E+02   -0.861213520890295854E+02   -0.886515351937696394E+01    1
    0.241747530764935874E+02   -0.859424112439323551E+02   -0.887515351937696018E+01    1
    0.241753430416427335E+02   -0.853825012961265628E+02   -0.888515351937696174E+01    1
    0.241753455101451777E+02   -0.853801637350168647E+02   -0.889515351937696330E+01    1
    0.244400202697594935E+02   -0.831601037514085277E+02   -0.890515351937696309E+01    1
    0.241777643311554797E+02   -0.831104169355007940E+02   -0.891515351937696288E+01    1
    0.244398106078202453E+02   -0.829652382502349610E+02   -0.892515351937696089E+01    1
    0.244393310997219153E+02   -0.825207422469274832E+02   -0.893515351937696423E+01    1
    0.244387057321175440E+02   -0.819434870941530420E+02   -0.894515351937696579E+01    1
    0.244338670170856744E+02   -0.775707923827865500E+02   -0.895515351937696202E+01    1
    0.244320411621174927E+02   -0.759639375335339651E+02   -0.896515351937696181E+01    1
    0.244317091017474581E+02   -0.756742467451432361E+02   -0.897515351937695982E+01    1
    0.241863714287454599E+02   -0.753703101831321192E+02   -0.898515351937695428E+01    1
    0.241863857629625585E+02   -0.753578580783205609E+02   -0.899515351937695407E+01    1
    0.244311116523020431E+02   -0.751549987353002820E+02   -0.900515351937695741E+01    1
    0.241897564338132369E+02   -0.724702231378689277E+02   -0.901515351937696252E+01    1
    0.244273117211047861E+02   -0.719117027882586939E+02   -0.902515351937696408E+01    1
    0.241911866824452559E+02   -0.712692863078074055E+02   -0.903515351937696032E+01    1
    0.241919416872051798E+02   -0.706411820803714221E+02   -0.904515351937695833E+01    1
    0.241935046408167977E+02   -0.693537752951203856E+02   -0.905515351937695989E+01    1
    0.241937801231276843E+02   -0.691286561183484451E+02   -0.906515351937695790E+01    1
    0.241944711640221790E+02   -0.685663184141922954E+02   -0.907515351937695591E+01    1
    0.241959035765225394E+02   -0.674114721395172580E+02   -0.908515351937695925E+01    1
    0.244213101401788748E+02   -0.669978638912717201E+02   -0.909515351937696437E+01    1
    0.241970765590667725E+02   -0.664766218138201737E+02   -0.910515351937696060E+01    1
    0.241980101199856250E+02   -0.657395607805977988E+02   -0.911515351937695506E+01    1
    0.241997541799130218E+02   -0.643791579896210351E+02   -0.912515351937696195E+01    1
    0.244170351118910780E+02   -0.636534420862778987E+02   -0.913515351937696529E+01    1
    0.242019351914061005E+02   -0.627082806313426886E+02   -0.914515351937696153E+01    1
    0.244154010045649237E+02   -0.624092957934458497E+02   -0.915515351937696131E+01    1
    0.244132332142937756E+02   -0.607880496963972305E+02   -0.916515351937695577E+01    1
    0.242053703019410804E+02   -0.601450464587309312E+02   -0.917515351937695733E+01    1
    0.242082639233043118E+02   -0.580508036080737639E+02   -0.918515351937696067E+01    1
    0.244093942164334798E+02   -0.579987143816179724E+02   -0.919515351937696046E+01    1
    0.242103415143128160E+02   -0.565837827819095196E+02   -0.920515351937696202E+01    1
    0.244068536362193775E+02   -0.562102563926165502E+02   -0.921515351937696536E+01    1
    0.242123375635351437E+02   -0.552031737955881709E+02   -0.922515351937696337E+01    1
    0.244027458498807022E+02   -0.534153972021585588E+02   -0.923515351937695961E+01    1
    0.242166420264386986E+02   -0.523220733373680389E+02   -0.924515351937695584E+01    1
    0.242186625897304317E+02   -0.510149717277221768E+02   -0.925515351937695918E+01    1
    0.242187264505039863E+02   -0.509741322475176730E+02   -0.926515351937696607E+01    1
    0.243988756820648831E+02   -0.508916980236025012E+02   -0.927515351937695876E+01    1
    0.243988081498793008E+02   -0.508486039149664535E+02   -0.928515351937695499E+01    1
    0.242193799724331456E+02   -0.505578621915289403E+02   -0.929515351937696188E+01    1
    0.242212315213332587E+02   -0.493949395316284665E+02   -0.930515351937696522E+01    1
    0.243960381456705981E+02   -0.491088617004275250E+02   -0.931515351937695790E+01    1
    0.242224655820550083E+02   -0.486333523338493450E+02   -0.932515351937696657E+01    1
    0.243944203677933160E+02   -0.481179640306087251E+02   -0.933515351937696458E+01    1
    0.243943088315759873E+02   -0.480503314687740399E+02   -0.934515351937696082E+01    1
    0.242243517382368836E+02   -0.474902009538627397E+02   -0.935515351937695883E+01    1
    0.242243705592057239E+02   -0.474789211819590307E+02   -0.936515351937696394E+01    1
    0.242246365547180176E+02   -0.473197735598680609E+02   -0.937515351937696728E+01    1
    0.243927724418630945E+02   -0.471276842478730060E+02   -0.938515351937696352E+01    1
    0.242254691592919258E+02   -0.468248619954468381E+02   -0.939515351937695797E+01    1
    0.243917209475597474E+02   -0.465058803909033998E+02   -0.940515351937695776E+01    1
    0.243905696091832240E+02   -0.458340270797004408E+02   -0.941515351937695755E+01    1
    0.242276902776067544E+02   -0.455286507843709742E+02   -0.942515351937696089E+01    1
    0.242277548121593682E+02   -0.454915124508651871E+02   -0.943515351937695712E+01    1
    0.242278668143611178E+02   -0.454271275575359965E+02   -0.944515351937694980E+01    1
    0.242293873812090119E+02   -0.445618268018869799E+02   -0.945515351937695137E+01    1
    0.242315893123103479E+02   -0.433378518914320878E+02   -0.946515351937695826E+01    1
    0.243832412962022964E+02   -0.417780139742666137E+02   -0.947515351937695982E+01    1
    0.243825008173399276E+02   -0.413893669804397675E+02   -0.948515351937695605E+01    1
    0.242357368100299837E+02   -0.411257893285896756E+02   -0.949515351937695584E+01    1
    0.243809817744022865E+02   -0.406042548825959813E+02   -0.950515351937695741E+01    1
    0.243805251456173941E+02   -0.403714469648689374E+02   -0.951515351937695897E+01    1
    0.242399990558624268E+02   -0.389796331856183187E+02   -0.952515351937695876E+01    1
    0.242407738739256509E+02   -0.386033309980413009E+02   -0.953515351937695854E+01    1
    0.242423107997685747E+02   -0.378694987218763828E+02   -0.954515351937695833E+01    1
    0.243752622971832302E+02   -0.377949725961453709E+02   -0.955515351937695989E+01    1
    0.243752023485564528E+02   -0.377667557464313290E+02   -0.956515351937696323E+01    1
    0.242466442565531040E+02   -0.358906225271258137E+02   -0.957515351937696302E+01    1
    0.243710094578723364E+02   -0.358564625124646668E+02   -0.958515351937695215E+01    1
    0.243706117676361664E+02   -0.356817475117831364E+02   -0.959515351937695371E+01    1
    0.242472446811021207E+02   -0.356269432176922010E+02   -0.960515351937695527E+01    1
    0.243702548022351699E+02   -0.355258791872484352E+02   -0.961515351937695861E+01    1
    0.243696499172638781E+02   -0.352638203535242738E+02   -0.962515351937695662E+01    1
    0.243680451233524558E+02   -0.345811381910790701E+02   -0.963515351937695286E+01    1
    0.242505992871348930E+02   -0.342007998458038998E+02   -0.964515351937695797E+01    1
    0.242508753052758230E+02   -0.340870098710100820E+02   -0.965515351937696309E+01    1
    0.242511820151276929E+02   -0.339612008577130737E+02   -0.966515351937695755E+01    1
    0.242514796612310555E+02   -0.338397475787132578E+02   -0.967515351937695556E+01    1
    0.243657810120171447E+02   -0.336490436108878512E+02   -0.968515351937696067E+01    1
    0.243655713555568809E+02   -0.335645709005946102E+02   -0.969515351937696224E+01    1
    0.243654846017904241E+02   -0.335297081162982167E+02   -0.970515351937696025E+01    1
    0.243640327453613281E+02   -0.329541878870946476E+02   -0.971515351937696003E+01    1
    0.243638145570604614E+02   -0.328689895287939180E+02   -0.972515351937696160E+01    1
    0.243632752161887680E+02   -0.326598360444211622E+02   -0.973515351937696316E+01    1
    0.242546094451855403E+02   -0.326006912323102824E+02   -0.974515351937696295E+01    1
    0.242550191754879840E+02   -0.324436249870331750E+02   -0.975515351937696273E+01    1
    0.242552462463229368E+02   -0.323570922849219613E+02   -0.976515351937695542E+01    1
    0.243623736354067404E+02   -0.323148146158644423E+02   -0.977515351937695698E+01    1
    0.243623458692026276E+02   -0.323042804111094171E+02   -0.978515351937696209E+01    1
    0.242559773638716756E+02   -0.320809604461383273E+02   -0.979515351937696011E+01    1
    0.242559827038120126E+02   -0.320789575783716430E+02   -0.980515351937695812E+01    1
    0.243612021011788578E+02   -0.318750985165577205E+02   -0.981515351937695613E+01    1
    0.242571097753923617E+02   -0.316607492873781986E+02   -0.982515351937695769E+01    1
    0.242573290548304143E+02   -0.315804309209071903E+02   -0.983515351937696103E+01    1
    0.242578266395272237E+02   -0.313994389133926077E+02   -0.984515351937696082E+01    1
    0.243595009714430759E+02   -0.312539363596711830E+02   -0.985515351937696060E+01    1
    0.242590316709915541E+02   -0.309683949556388356E+02   -0.986515351937695506E+01    1
    0.243575941150211506E+02   -0.305820504859874482E+02   -0.987515351937695307E+01    1
    0.243568246258819698E+02   -0.303182218337044347E+02   -0.988515351937695641E+01    1
    0.243559587589450750E+02   -0.300263701439752175E+02   -0.989515351937695975E+01    1
    0.242626409631529611E+02   -0.297389563551872556E+02   -0.990515351937695954E+01    1
    0.243546422615767071E+02   -0.295928157857402603E+02   -0.991515351937695577E+01    1
    0.243546103496398594E+02   -0.295824590038915574E+02   -0.992515351937695911E+01    1
    0.242637085595193511E+02   -0.293930050974388237E+02   -0.993515351937696067E+01    1
    0.242641046379717729E+02   -0.292667128864267383E+02   -0.994515351937695513E+01    1
    0.242646531646037786E+02   -0.290936489448618048E+02   -0.995515351937695492E+01    1
    0.242659123117040423E+02   -0.287044506711648708E+02   -0.996515351937695826E+01    1
    0.243516902339947521E+02   -0.286653253409461186E+02   -0.997515351937695982E+01    1
    0.242662336872337541E+02   -0.286069157418279048E+02   -0.998515351937696138E+01    1
    0.243508880086070292E+02   -0.284239560149495496E+02   -0.999515351937695584E+01    1
    0.242677486600524190E+02   -0.281569987481338160E+02   -0.100051535193769503E+02    1
    0.243499288983989857E+02   -0.281413744651871625E+02   -0.100151535193769536E+02    1
    0.243497722787739477E+02   -0.280958494640365473E+02   -0.100251535193769570E+02    1
    0.242680046596999865E+02   -0.280825795924199042E+02   -0.100351535193769603E+02    1
    0.242682905019353790E+02   -0.280000344114869293E+02   -0.100451535193769637E+02    1
    0.242689001560211182E+02   -0.278259151882107858E+02   -0.100551535193769475E+02    1
    0.243486811524007258E+02   -0.277835169592802380E+02   -0.100651535193769543E+02    1
    0.242693503954120153E+02   -0.276990175401234140E+02   -0.100751535193769577E+02    1
    0.242700826897611890E+02   -0.274956949334776013E+02   -0.100851535193769539E+02    1
    0.243470860603695556E+02   -0.273421195344751879E+02   -0.100951535193769484E+02    1
    0.242707501759641744E+02   -0.273136796303833975E+02   -0.101051535193769499E+02    1
    0.242708220835514439E+02   -0.272942598512332992E+02   -0.101151535193769551E+02    1
    0.243464576749734363E+02   -0.271731859150501371E+02   -0.101251535193769566E+02    1
    0.242720353468954855E+02   -0.269721281631699057E+02   -0.101351535193769582E+02    1
    0.243456954256341049E+02   -0.269720235192102180E+02   -0.101451535193769562E+02    1
    0.242720780814005579E+02   -0.269609721243400671E+02   -0.101551535193769507E+02    1
    0.243446834873452858E+02   -0.267113331631942543E+02   -0.101651535193769487E+02    1
    0.242731799242139630E+02   -0.266778031187514806E+02   -0.101751535193769485E+02    1
    0.242734402065383961E+02   -0.266121688651819426E+02   -0.101851535193769500E+02    1
    0.243437178732299131E+02   -0.264693480340027953E+02   -0.101951535193769534E+02    1
    0.243434178829193115E+02   -0.263955161065889072E+02   -0.102051535193769531E+02    1
    0.243433508329574408E+02   -0.263791014164333006E+02   -0.102151535193769565E+02    1
    0.242754578269281893E+02   -0.261196919624769670E+02   -0.102251535193769545E+02    1
    0.243416874655970119E+02   -0.259820945234358476E+02   -0.102351535193769507E+02    1
    0.243410405897715094E+02   -0.258329997994532441E+02   -0.102451535193769541E+02    1
    0.242768859863281250E+02   -0.257885461143284900E+02   -0.102551535193769521E+02    1
    0.243402513992392358E+02   -0.256551226509548727E+02   -0.102651535193769536E+02    1
    0.242774831141659959E+02   -0.256543791719056244E+02   -0.102751535193769570E+02    1
    0.243397111177229561E+02   -0.255358946895459198E+02   -0.102851535193769532E+02    1
    0.243396242148235267E+02   -0.255169104532211719E+02   -0.102951535193769512E+02    1
    0.243395237363321044E+02   -0.254950273472113267E+02   -0.103051535193769492E+02    1
    0.242782314338163445E+02   -0.254898116582101011E+02   -0.103151535193769526E+02    1
    0.242782754601810282E+02   -0.254802532552304584E+02   -0.103251535193769541E+02    1
    0.243394372286464886E+02   -0.254762442889617944E+02   -0.103351535193769539E+02    1
    0.242783596564387807E+02   -0.254620119967430867E+02   -0.103451535193769555E+02    1
    0.242786680537202315E+02   -0.253956265568369481E+02   -0.103551535193769570E+02    1
    0.243390217739870494E+02   -0.253867778354248372E+02   -0.103651535193769533E+02    1
    0.242789445007539939E+02   -0.253366920359929502E+02   -0.103751535193769513E+02    1
    0.242796061446471185E+02   -0.251978400898308195E+02   -0.103851535193769564E+02    1
    0.243376744409589527E+02   -0.251050573708257367E+02   -0.103951535193769562E+02    1
    0.243374944100052915E+02   -0.250683888927965306E+02   -0.104051535193769507E+02    1
    0.243372535916651884E+02   -0.250196987055864071E+02   -0.104151535193769558E+02    1
    0.243367660810958917E+02   -0.249223898113735842E+02   -0.104251535193769538E+02    1
    0.242811932474344410E+02   -0.248774281774008408E+02   -0.104351535193769482E+02    1
    0.243364860348750405E+02   -0.248672537958648974E+02   -0.104451535193769534E+02    1
    0.242819975240745514E+02   -0.247218772459875247E+02   -0.104551535193769531E+02    1
    0.243353027406882134E+02   -0.246404249203124479E+02   -0.104651535193769529E+02    1
    0.242825247759928402E+02   -0.246223937453908519E+02   -0.104751535193769580E+02    1
    0.242826927892616453E+02   -0.245911067205052696E+02   -0.104851535193769543E+02    1
    0.242831531819943365E+02   -0.245063994281616111E+02   -0.104951535193769523E+02    1
    0.242835510041998255E+02   -0.244344151299901426E+02   -0.105051535193769539E+02    1
    0.242842593974779746E+02   -0.243090131051508322E+02   -0.105151535193769536E+02    1
    0.242843655390801452E+02   -0.242905301623319758E+02   -0.105251535193769499E+02    1
    0.242847838749217892E+02   -0.242184613872158643E+02   -0.105351535193769514E+02    1
    0.243328488351632259E+02   -0.242016791147630528E+02   -0.105451535193769512E+02    1
    0.242849242681266411E+02   -0.241945533195439673E+02   -0.105551535193769528E+02    1
    0.242852781082668088E+02   -0.241349167371421984E+02   -0.105651535193769543E+02    1
    0.242854680827856946E+02   -0.241032645847369196E+02   -0.105751535193769524E+02    1
    0.242856319085456498E+02   -0.240761746821888352E+02   -0.105851535193769575E+02    1
    0.242856936590715300E+02   -0.240660131327687736E+02   -0.105951535193769573E+02    1
    0.243319785925138845E+02   -0.240563423251549864E+02   -0.106051535193769570E+02    1
    0.243316908076215093E+02   -0.240094619530850188E+02   -0.106151535193769551E+02    1
    0.242863551852145321E+02   -0.239588503267489727E+02   -0.106251535193769495E+02    1
    0.243309945218474333E+02   -0.238984662407518336E+02   -0.106351535193769458E+02    1
    0.242870871970739373E+02   -0.238438866168809938E+02   -0.106451535193769526E+02    1
    0.242873153506033184E+02   -0.238088315393033803E+02   -0.106551535193769560E+02    1
    0.243302958499522610E+02   -0.237905462289098750E+02   -0.106651535193769540E+02    1
    0.242877156547556012E+02   -0.237482181588327492E+02   -0.106751535193769556E+02    1
    0.242880226117262410E+02   -0.237025091013760445E+02   -0.106851535193769500E+02    1
    0.243294643582527499E+02   -0.236666220167839043E+02   -0.106951535193769480E+02    1
    0.242883378583402454E+02   -0.236562611860286651E+02   -0.107051535193769549E+02    1
    0.243291783065981946E+02   -0.236251229234748408E+02   -0.107151535193769494E+02    1
    0.243291110348927404E+02   -0.236154477312877482E+02   -0.107251535193769456E+02    1
    0.242888548093551435E+02   -0.235819479874033568E+02   -0.107351535193769543E+02    1
    0.242890466859617540E+02   -0.235548474656647286E+02   -0.107451535193769505E+02    1
    0.243286411401498022E+02   -0.235487613160900864E+02   -0.107551535193769414E+02    1
    0.242891792454235720E+02   -0.235362773638311324E+02   -0.107651535193769483E+02    1
    0.242893099388043368E+02   -0.235180906835352985E+02   -0.107751535193769499E+02    1
    0.242896457588833172E+02   -0.234719150757657502E+02   -0.107851535193769426E+02    1
    0.242898065179412654E+02   -0.234500936215532789E+02   -0.107951535193769441E+02    1
    0.242898137491133426E+02   -0.234491163690313122E+02   -0.108051535193769528E+02    1
    0.242905198996373883E+02   -0.233554704256410091E+02   -0.108151535193769561E+02    1
    0.243271499645905998E+02   -0.233475068116940321E+02   -0.108251535193769524E+02    1
    0.243269689396623008E+02   -0.233241484601661035E+02   -0.108351535193769521E+02    1
    0.243269420214887298E+02   -0.233206949524071767E+02   -0.108451535193769519E+02    1
    0.243267141554896824E+02   -0.232916664133601081E+02   -0.108551535193769482E+02    1
    0.242911455953570936E+02   -0.232754490310291970E+02   -0.108651535193769480E+02    1
    0.242911782924788611E+02   -0.232713436735071504E+02   -0.108751535193769477E+02    1
    0.242911850881729521E+02   -0.232704913772055804E+02   -0.108851535193769493E+02    1
    0.243264447926146410E+02   -0.232578264062773918E+02   -0.108951535193769473E+02    1
    0.243264318909959485E+02   -0.232562184920174815E+02   -0.109051535193769453E+02    1
    0.243261019164068593E+02   -0.232154953345786588E+02   -0.109151535193769469E+02    1
    0.242919653366466193E+02   -0.231748124837164120E+02   -0.109251535193769485E+02    1
    0.242919996990025631E+02   -0.231706980208607192E+02   -0.109351535193769500E+02    1
    0.243256769452105637E+02   -0.231641860502437673E+02   -0.109451535193769498E+02    1
    0.242923590821507780E+02   -0.231281681685891130E+02   -0.109551535193769460E+02    1
    0.243251232700025461E+02   -0.230992590226238335E+02   -0.109651535193769440E+02    1
    0.243251102417079466E+02   -0.230977574338617160E+02   -0.109751535193769456E+02    1
    0.243247200475045844E+02   -0.230533431447191468E+02   -0.109851535193769454E+02    1
    0.243247017446412990E+02   -0.230512863138245621E+02   -0.109951535193769434E+02    1
    0.242930670547708409E+02   -0.230470654291494270E+02   -0.110051535193769485E+02    1
    0.242931709905412916E+02   -0.230354581704240182E+02   -0.110151535193769536E+02    1
    0.242932152454386525E+02   -0.230305391619509550E+02   -0.110251535193769499E+02    1
    0.242934950742242961E+02   -0.229997572948023219E+02   -0.110351535193769461E+02    1
    0.242937573556189434E+02   -0.229714098858059401E+02   -0.110451535193769441E+02    1
    0.243238255702171990E+02   -0.229556031096369857E+02   -0.110551535193769439E+02    1
    0.243238188046470185E+02   -0.229548854539476537E+02   -0.110651535193769455E+02    1
    0.242940562804971805E+02   -0.229396969296249580E+02   -0.110751535193769488E+02    1
    0.242941485074335120E+02   -0.229300404930390762E+02   -0.110851535193769504E+02    1
    0.243235470875269577E+02   -0.229263314742820654E+02   -0.110951535193769502E+02    1
    0.243235063936968530E+02   -0.229221001574161640E+02   -0.111051535193769553E+02    1
    0.242943107869648287E+02   -0.229131957972762521E+02   -0.111151535193769551E+02    1
    0.243232336135834437E+02   -0.228940398897430022E+02   -0.111251535193769460E+02    1
    0.243229605479054740E+02   -0.228664787964939364E+02   -0.111351535193769493E+02    1
    0.242950602522114316E+02   -0.228378240460004385E+02   -0.111451535193769491E+02    1
    0.243226422841748011E+02   -0.228350231368351970E+02   -0.111551535193769507E+02    1
    0.242955315179463831E+02   -0.227924701099846772E+02   -0.111651535193769469E+02    1
    0.242958073605693983E+02   -0.227666542050023075E+02   -0.111751535193769467E+02    1
    0.243217681685363480E+02   -0.227523257441634499E+02   -0.111851535193769482E+02    1
    0.243215190748394186E+02   -0.227297518938826570E+02   -0.111951535193769498E+02    1
    0.242962558440320571E+02   -0.227258329115850870E+02   -0.112051535193769514E+02    1
    0.243214557505089068E+02   -0.227240833485512717E+02   -0.112151535193769529E+02    1
    0.243210740115532040E+02   -0.226905140489907708E+02   -0.112251535193769527E+02    1
    0.243209157822488358E+02   -0.226769026786308814E+02   -0.112351535193769525E+02    1
    0.243208634019224057E+02   -0.226724358818753267E+02   -0.112451535193769505E+02    1
    0.243208324146597938E+02   -0.226698025656599818E+02   -0.112551535193769485E+02    1
    0.242971146259438733E+02   -0.226516469828949738E+02   -0.112651535193769465E+02    1
    0.242972311469023943E+02   -0.226419843009165191E+02   -0.112751535193769428E+02    1
    0.243204986452380894E+02   -0.226418703559311503E+02   -0.112851535193769514E+02    1
    0.243200955134373444E+02   -0.226091868355289840E+02   -0.112951535193769441E+02    1
    0.243200413315386399E+02   -0.226048819558271674E+02   -0.113051535193769475E+02    1
    0.242977280451644049E+02   -0.226018591091270338E+02   -0.113151535193769508E+02    1
    0.243198531567832816E+02   -0.225900927480124523E+02   -0.113251535193769524E+02    1
    0.242978892356056946E+02   -0.225892189277694655E+02   -0.113351535193769486E+02    1
    0.242980405631647010E+02   -0.225775198742242438E+02   -0.113451535193769519E+02    1
    0.242980441735672557E+02   -0.225772427395498170E+02   -0.113551535193769464E+02    1
    0.242981084244067915E+02   -0.225723263034269550E+02   -0.113651535193769444E+02    1
    0.243195317547226146E+02   -0.225654135881655833E+02   -0.113751535193769477E+02    1
    0.242984103372131344E+02   -0.225496161322231430E+02   -0.113851535193769493E+02    1
    0.242984576356655815E+02   -0.225461168683951456E+02   -0.113951535193769544E+02    1
    0.243191864544472054E+02   -0.225397157339051013E+02   -0.114051535193769453E+02    1
    0.242985852146379848E+02   -0.225367573562155066E+02   -0.114151535193769433E+02    1
    0.243191025075777318E+02   -0.225335960394956665E+02   -0.114251535193769502E+02    1
    0.242986715192927711E+02   -0.225304912887798494E+02   -0.114351535193769465E+02    1
    0.242986738413579353E+02   -0.225303234272187289E+02   -0.114451535193769427E+02    1
    0.243189244263778264E+02   -0.225207794569692119E+02   -0.114551535193769425E+02    1
    0.243188975629987176E+02   -0.225188656106934957E+02   -0.114651535193769476E+02    1
    0.242989593196183620E+02   -0.225099776176264754E+02   -0.114751535193769509E+02    1
    0.242989990557454050E+02   -0.225071914804865401E+02   -0.114851535193769489E+02    1
    0.242990607913988867E+02   -0.225028850393575937E+02   -0.114951535193769505E+02    1
    0.243186698625846951E+02   -0.225028489389162303E+02   -0.115051535193769467E+02    1
    0.243185847499020937E+02   -0.224969564410298908E+02   -0.115151535193769430E+02    1
    0.243181866076775144E+02   -0.224700746488902325E+02   -0.115251535193769428E+02    1
    0.243181796929139082E+02   -0.224696177095673058E+02   -0.115351535193769426E+02    1
    0.243180386599455751E+02   -0.224603720023045739E+02   -0.115451535193769423E+02    1
    0.243179937920840743E+02   -0.224574601748352336E+02   -0.115551535193769439E+02    1
    0.243179454574552381E+02   -0.224543393364151171E+02   -0.115651535193769455E+02    1
    0.242998318178159778E+02   -0.224513780837804688E+02   -0.115751535193769453E+02    1
    0.243178683560172075E+02   -0.224493953968725393E+02   -0.115851535193769433E+02    1
    0.242998964993281881E+02   -0.224472488411548525E+02   -0.115951535193769448E+02    1
    0.243000149132981527E+02   -0.224397662221256304E+02   -0.116051535193769446E+02    1
    0.243175517105026486E+02   -0.224295334034590041E+02   -0.116151535193769408E+02    1
    0.243001981928893329E+02   -0.224283808004834384E+02   -0.116251535193769424E+02    1
    0.243175057195132887E+02   -0.224267077016476257E+02   -0.116351535193769458E+02    1
    0.243174901453299483E+02   -0.224257542186803249E+02   -0.116451535193769455E+02    1
    0.243002447603866045E+02   -0.224255259589641618E+02   -0.116551535193769418E+02    1
    0.243003666347782783E+02   -0.224181271908129567E+02   -0.116651535193769451E+02    1
    0.243004087266662445E+02   -0.224155963442270796E+02   -0.116751535193769502E+02    1
    0.243004684286439669E+02   -0.224120282115357945E+02   -0.116851535193769465E+02    1
    0.243172546890528700E+02   -0.224115487069483557E+02   -0.116951535193769445E+02    1
    0.243171318249416260E+02   -0.224042922036435712E+02   -0.117051535193769460E+02    1
    0.243171209822420629E+02   -0.224036569615749102E+02   -0.117151535193769476E+02    1
    0.243169771775720314E+02   -0.223953107277492833E+02   -0.117251535193769456E+02    1
    0.243008653725356893E+02   -0.223889473401435950E+02   -0.117351535193769418E+02    1
    0.243008760322979143E+02   -0.223883429205733506E+02   -0.117451535193769399E+02    1
    0.243168250273734969E+02   -0.223866398090766268E+02   -0.117551535193769414E+02    1
    0.243010233366928645E+02   -0.223800731217888753E+02   -0.117651535193769430E+02    1
    0.243011848832202091E+02   -0.223711806846248464E+02   -0.117751535193769463E+02    1
    0.243164635811221252E+02   -0.223666995609157482E+02   -0.117851535193769479E+02    1
    0.243014009831804785E+02   -0.223595747107122236E+02   -0.117951535193769459E+02    1
    0.243014257898149921E+02   -0.223582636247143753E+02   -0.118051535193769439E+02    1
    0.243162868510714958E+02   -0.223572870013225256E+02   -0.118151535193769472E+02    1
    0.243015080123648026E+02   -0.223539491857303361E+02   -0.118251535193769470E+02    1
    0.243159689409332742E+02   -0.223409128819662897E+02   -0.118351535193769397E+02    1
    0.243017723446246094E+02   -0.223404038000886018E+02   -0.118451535193769431E+02    1
    0.243158340228045731E+02   -0.223341805038203631E+02   -0.118551535193769446E+02    1
    0.243020706224777392E+02   -0.223257139965062272E+02   -0.118651535193769391E+02    1
    0.243155765339658458E+02   -0.223216901780222337E+02   -0.118751535193769389E+02    1
    0.243155692505283838E+02   -0.223213437098704937E+02   -0.118851535193769422E+02    1
    0.243155457240601791E+02   -0.223202271421980747E+02   -0.118951535193769455E+02    1
    0.243155144067294167E+02   -0.223187469103090805E+02   -0.119051535193769453E+02    1
    0.243154863324795762E+02   -0.223174258771757437E+02   -0.119151535193769504E+02    1
    0.243154592382996526E+02   -0.223161562616913542E+02   -0.119251535193769467E+02    1
    0.243154322773870533E+02   -0.223148980589968779E+02   -0.119351535193769447E+02    1
    0.243023769951222732E+02   -0.223112824407791344E+02   -0.119451535193769427E+02    1
    0.243152359475060784E+02   -0.223058912584067919E+02   -0.119551535193769443E+02    1
    0.243152155458638504E+02   -0.223049709953228330E+02   -0.119651535193769440E+02    1
    0.243025464786179484E+02   -0.223035849820606344E+02   -0.119751535193769421E+02    1
    0.243025491658746979E+02   -0.223034645751513736E+02   -0.119851535193769418E+02    1
    0.243151819537367899E+02   -0.223034621767880346E+02   -0.119951535193769452E+02    1
    0.243151556369888731E+02   -0.223022857287813068E+02   -0.120051535193769467E+02    1
    0.243027330841039593E+02   -0.222953455218451637E+02   -0.120151535193769430E+02    1
    0.243029167669674777E+02   -0.222874762973929172E+02   -0.120251535193769445E+02    1
    0.243148143020457965E+02   -0.222874719038985560E+02   -0.120351535193769426E+02    1
    0.243030372260435641E+02   -0.222824455828503574E+02   -0.120451535193769441E+02    1
    0.243030430847324581E+02   -0.222822035315956555E+02   -0.120551535193769492E+02    1
    0.243144686815016158E+02   -0.222733140172508080E+02   -0.120651535193769472E+02    1
    0.243144393779036569E+02   -0.222721525937550560E+02   -0.120751535193769470E+02    1
    0.243144081594626371E+02   -0.222709219770439937E+02   -0.120851535193769504E+02    1
    0.243143439910914978E+02   -0.222684141940305160E+02   -0.120951535193769466E+02    1
    0.243034028571331646E+02   -0.222678060299300675E+02   -0.121051535193769411E+02    1
    0.243034619532789762E+02   -0.222655288770680215E+02   -0.121151535193769444E+02    1
    0.243034846532633537E+02   -0.222646607624195134E+02   -0.121251535193769460E+02    1
    0.243141910479855277E+02   -0.222625547296192110E+02   -0.121351535193769386E+02    1
    0.243035959031220656E+02   -0.222604590816283547E+02   -0.121451535193769420E+02    1
