    0.274236131670024292E+02   -0.107476033600532741E+02
    0.273018051539819169E+02   -0.922456133215317564E+01
    0.274127040072834056E+02   -0.858168294064809345E+01
    0.274047361090635988E+02   -0.725204520626097704E+01
    0.274032983464824795E+02   -0.703480515027772491E+01
    0.274022032873475254E+02   -0.687399900734151714E+01
    0.273175786931768343E+02   -0.661602834757338965E+01
    0.274003396715484442E+02   -0.660958233204328138E+01
    0.273199600041783413E+02   -0.629474567185079081E+01
    0.273200157537467732E+02   -0.628745194893611359E+01
    0.273972082280845797E+02   -0.619152133031671958E+01
    0.273949199099012759E+02   -0.590682628173235091E+01
    0.273233280494041146E+02   -0.587281852791675973E+01
    0.273255181074011197E+02   -0.561888211481997857E+01
    0.273266350990662303E+02   -0.549556410766405801E+01
    0.273912722143245198E+02   -0.548933139320735464E+01
    0.273273434154813373E+02   -0.541953351721104859E+01
    0.273897251836659663E+02   -0.532574831801399284E+01
    0.273891939384077077E+02   -0.527142656036394897E+01
    0.273288572097015532E+02   -0.526268600225158600E+01
    0.273288711371274644E+02   -0.526127864484288210E+01
    0.273888341241279711E+02   -0.523517209077092271E+01
    0.273293342447182326E+02   -0.521485252218594919E+01
    0.273885906746411933E+02   -0.521088877418886298E+01
    0.273295102486175381E+02   -0.519739698888897905E+01
    0.273296338339253708E+02   -0.518520228343478440E+01
    0.273881466549515729E+02   -0.516711128440735301E+01
    0.273298383229073707E+02   -0.516513699933195269E+01
    0.273301192740943293E+02   -0.513779772709632443E+01
    0.273877594961931443E+02   -0.512947974794205486E+01
    0.273873258903742283E+02   -0.508793061123029400E+01
    0.273311976789819511E+02   -0.503531765848034230E+01
    0.273312400856931070E+02   -0.503136751173376684E+01
    0.273315686057134926E+02   -0.500097058966782182E+01
    0.273317181943317280E+02   -0.498724960366237102E+01
    0.273317675595883784E+02   -0.498273806125349950E+01
    0.273857261410400277E+02   -0.494009565732153888E+01
    0.273856755511869352E+02   -0.493556064095845759E+01
    0.273331110899416068E+02   -0.486309077153510305E+01
    0.273331580048315921E+02   -0.485902222475113454E+01
    0.273842783269297563E+02   -0.481370307972901834E+01
    0.273841952337367545E+02   -0.480666253259026099E+01
    0.273340927224159884E+02   -0.477950100205609374E+01
    0.273342900910519901E+02   -0.476308466696441268E+01
    0.273836045659486089E+02   -0.475728242880628294E+01
    0.273345745906784998E+02   -0.473965110088128938E+01
    0.273833418285818304E+02   -0.473569360341008139E+01
    0.273347813444116738E+02   -0.472279166712465237E+01
    0.273352129583475758E+02   -0.468805854505363584E+01
    0.273826159602412460E+02   -0.467725364411163191E+01
    0.273359671756375384E+02   -0.462886502593405158E+01
    0.273359862205615372E+02   -0.462739502074060827E+01
    0.273813764053124054E+02   -0.458154348521413546E+01
    0.273813560258661752E+02   -0.458001299431775166E+01
    0.273367948914583074E+02   -0.456609965651906791E+01
    0.273367948914583074E+02   -0.456609965651906791E+01
    0.273370655244235827E+02   -0.454607631305565363E+01
    0.273371143994102113E+02   -0.454248639185441672E+01
    0.273376746989468771E+02   -0.450190435835576963E+01
    0.273376746989468771E+02   -0.450190435835576963E+01
    0.273802748486629781E+02   -0.450081479814173591E+01
    0.273377108312339416E+02   -0.449932347843749181E+01
    0.273802196154777917E+02   -0.449687416230960668E+01
    0.273802196154777917E+02   -0.449687416230960668E+01
    0.273378337716402271E+02   -0.449057481996499686E+01
    0.273383770646565232E+02   -0.445252032457544633E+01
    0.273383770646565232E+02   -0.445252032457544633E+01
    0.273790444377615572E+02   -0.441545624127822389E+01
    0.273786231007699783E+02   -0.438739387310667617E+01
    0.273401185686084389E+02   -0.433721309064730676E+01
    0.273402223205770341E+02   -0.433066470254421532E+01
    0.273402876227665672E+02   -0.432656162229736729E+01
    0.273402876227665672E+02   -0.432656162229736729E+01
    0.273402887363464018E+02   -0.432649177769624771E+01
    0.273776121733612783E+02   -0.432249187294040027E+01
    0.273774994458447765E+02   -0.431546720434342390E+01
    0.273772970208298752E+02   -0.430296001221684854E+01
    0.273408860328777799E+02   -0.428962847256967539E+01
    0.273410393267896055E+02   -0.428036066365911694E+01
    0.273410393267896055E+02   -0.428036066365911694E+01
    0.273765358672518317E+02   -0.425716113908472060E+01
    0.273415864612704951E+02   -0.424792501315631732E+01
    0.273416441168156865E+02   -0.424456552758032934E+01
    0.273417960442302643E+02   -0.423576640403751181E+01
    0.273417960442302643E+02   -0.423576640403751181E+01
    0.273759853981359385E+02   -0.422525042325902156E+01
    0.273420424243391551E+02   -0.422166152491252156E+01
    0.273420424243391551E+02   -0.422166152491252156E+01
    0.273756527778276180E+02   -0.420646116233641365E+01
    0.273425164745846487E+02   -0.419509579906570540E+01
    0.273753243566669155E+02   -0.418827330049864699E+01
    0.273752277021148096E+02   -0.418298952421664350E+01
    0.273751640426889793E+02   -0.417952659966955764E+01
    0.273751221031174339E+02   -0.417725261409783943E+01
    0.273430028974269348E+02   -0.416862045662912450E+01
    0.273748499551169076E+02   -0.416264000044296889E+01
    0.273748499551169076E+02   -0.416264000044296889E+01
    0.273746822888135952E+02   -0.415376109382360781E+01
    0.273432844071819332E+02   -0.415366091106476265E+01
    0.273432844071819332E+02   -0.415366091106476265E+01
    0.273744695630241210E+02   -0.414263177077403899E+01
    0.273744167561895964E+02   -0.413989256132421968E+01
    0.273436426529453556E+02   -0.413500805812942840E+01
    0.273436426529453556E+02   -0.413500805812942840E+01
    0.273742749940740353E+02   -0.413258531197972534E+01
    0.273742749940740353E+02   -0.413258531197972534E+01
    0.273737276586095817E+02   -0.410500515346848527E+01
    0.273737029322759824E+02   -0.410378292579087400E+01
    0.273443159696025120E+02   -0.410111551612557079E+01
    0.273734155996005413E+02   -0.408973043011038229E+01
    0.273446104106320220E+02   -0.408677233724870081E+01
    0.273446104106320220E+02   -0.408677233724870081E+01
    0.273733468375139921E+02   -0.408640857878544672E+01
    0.273733468375139921E+02   -0.408640857878544672E+01
    0.273446265197271359E+02   -0.408599600312789324E+01
    0.273446310425031847E+02   -0.408577819674782994E+01
    0.273729543495704313E+02   -0.406775143802320471E+01
    0.273728561112757873E+02   -0.406316249530443940E+01
    0.273728561112757873E+02   -0.406316249530443940E+01
    0.273727966900480126E+02   -0.406040250522328883E+01
    0.273458242115535342E+02   -0.403071524294444661E+01
    0.273458270451041585E+02   -0.403059016394213820E+01
    0.273458502141120725E+02   -0.402956844487993493E+01
    0.273458502141120725E+02   -0.402956844487993493E+01
    0.273721131247743337E+02   -0.402950433835213762E+01
    0.273461230483732578E+02   -0.401767233480015040E+01
    0.273461230483732578E+02   -0.401767233480015040E+01
    0.273461595352777138E+02   -0.401610036710794827E+01
    0.273717999662291831E+02   -0.401587272290079067E+01
    0.273715939172665159E+02   -0.400708299478093100E+01
    0.273464760992899514E+02   -0.400264930688479215E+01
    0.273465367717965009E+02   -0.400010967860158662E+01
    0.273714131099799651E+02   -0.399948737557329981E+01
    0.273467149533656837E+02   -0.399272275417384304E+01
    0.273471768279634730E+02   -0.397407061188898902E+01
    0.273705721378138982E+02   -0.396560007076439280E+01
    0.273705133850965510E+02   -0.396332128405083939E+01
    0.273703523255079908E+02   -0.395713380630742728E+01
    0.273476219958680957E+02   -0.395677051498193499E+01
    0.273702180787149736E+02   -0.395204290879632980E+01
    0.273478069819689651E+02   -0.394977714367440091E+01
    0.273478325254784380E+02   -0.394882049647327582E+01
    0.273480280668908406E+02   -0.394156966553799704E+01
    0.273480280668908406E+02   -0.394156966553799704E+01
    0.273698288397641747E+02   -0.393762403481457168E+01
    0.273692683451325003E+02   -0.391775419837968109E+01
    0.273692683451325003E+02   -0.391775419837968109E+01
    0.273486989472469126E+02   -0.391766798771705860E+01
    0.273486989472469126E+02   -0.391766798771705860E+01
    0.273692457022018303E+02   -0.391697364450783825E+01
    0.273692377322294256E+02   -0.391669931053179310E+01
    0.273488293537563827E+02   -0.391319724334077712E+01
    0.273690645003807944E+02   -0.391078916473928206E+01
    0.273690425157769788E+02   -0.391004631628396471E+01
    0.273690204557651207E+02   -0.390930254977398262E+01
    0.273690045567828655E+02   -0.390876751848064785E+01
    0.273689234529707619E+02   -0.390605141715492232E+01
    0.273493332052205318E+02   -0.389645973011585278E+01
    0.273684701939704098E+02   -0.389127844779581222E+01
    0.273683376364526048E+02   -0.388708829895457209E+01
    0.273682466369166981E+02   -0.388424592699531290E+01
    0.273682250664492308E+02   -0.388357624649317135E+01
    0.273498454004162781E+02   -0.388031806359642273E+01
    0.273498454004162781E+02   -0.388031806359642273E+01
    0.273681091621014474E+02   -0.388000458974294116E+01
    0.273501315942692074E+02   -0.387168206560648986E+01
    0.273502324621031292E+02   -0.386870383884870073E+01
    0.273502754437218130E+02   -0.386744513432107162E+01
    0.273675518470601595E+02   -0.386346002470750483E+01
    0.273505188984976755E+02   -0.386043261261944082E+01
    0.273673332604452781E+02   -0.385725553355665163E+01
    0.273669860253306361E+02   -0.384772900026190312E+01
    0.273669409502464056E+02   -0.384652201214804634E+01
    0.273514380220568150E+02   -0.383575053363335128E+01
    0.273665221312361950E+02   -0.383563310490819198E+01
    0.273515364126451530E+02   -0.383327630517824147E+01
    0.273515779159274075E+02   -0.383224236191874557E+01
    0.273516316640697035E+02   -0.383091195906347748E+01
    0.273516491070690861E+02   -0.383048228373790733E+01
    0.273516565710817403E+02   -0.383029873375797125E+01
    0.273662501566468563E+02   -0.382887719124013026E+01
    0.273517816697994220E+02   -0.382725020966398377E+01
    0.273519235723108913E+02   -0.382385575387101539E+01
    0.273660142007435851E+02   -0.382321704275705621E+01
    0.273659802632849818E+02   -0.382241831096032980E+01
    0.273563616026556815E+02   -0.375179102965998279E+01
    0.273554730170347113E+02   -0.376092892754720642E+01
    0.273527948544407380E+02   -0.380449466424848337E+01
    0.273544899778991599E+02   -0.377412463399648157E+01
    0.273577533791661374E+02   -0.374280261212088972E+01
    0.273541557201999126E+02   -0.377935015258735341E+01
    0.273526382250447355E+02   -0.380778740821738371E+01
    0.273569040431459882E+02   -0.374751495345369179E+01
    0.273581068692129961E+02   -0.374155462608798928E+01
    0.273519996974806823E+02   -0.382206260344132831E+01
    0.273559291896037564E+02   -0.375590690729157251E+01
    0.273526399732776682E+02   -0.380775020173663759E+01
    0.273563981492000430E+02   -0.375147191646348865E+01
    0.273543172187218815E+02   -0.377677860925144548E+01
    0.273554662755008451E+02   -0.376100838053718611E+01
    0.273542263617226880E+02   -0.377821455963466901E+01
    0.273530749298051035E+02   -0.379881195639506020E+01
    0.273590008095556954E+02   -0.374026927452966174E+01
    0.273559800596935254E+02   -0.375539014607240418E+01
    0.273562359566184199E+02   -0.375292231870090864E+01
    0.273574124720302692E+02   -0.374440329134511263E+01
    0.273559733722228273E+02   -0.375545758473910629E+01
    0.273583612138704417E+02   -0.374091601753176883E+01
    0.273570618720323822E+02   -0.374645619002832664E+01
    0.273522527965389628E+02   -0.381624056548958590E+01
    0.273557121710106621E+02   -0.375820900677442005E+01
    0.273522787006177914E+02   -0.381565681808597112E+01
    0.273541221322259283E+02   -0.377989596660514815E+01
    0.273618600495448128E+02   -0.375416026245115964E+01
    0.273639961175710802E+02   -0.378243781759157871E+01
    0.273636947476675871E+02   -0.377752068945864616E+01
    0.273611980308387146E+02   -0.374850383059950776E+01
    0.273640965233197697E+02   -0.378414370320361515E+01
    0.273607749297395131E+02   -0.374565894950820244E+01
    0.273648672053931463E+02   -0.379836371908098691E+01
    0.273634259484819111E+02   -0.377339208486271138E+01
    0.273617990320304756E+02   -0.375357739727384132E+01
    0.273626591880002294E+02   -0.376294708909205378E+01
    0.273649143095676095E+02   -0.379929746899970189E+01
    0.273636227887442232E+02   -0.377639167934955866E+01
    0.273656777923456893E+02   -0.381547023175164135E+01
    0.273655537605740591E+02   -0.381270983197149826E+01
    0.273628036226060054E+02   -0.376476382524650699E+01
    0.273657884330993966E+02   -0.381797616293784881E+01
    0.273627302261105854E+02   -0.376383187834459632E+01
    0.273629553834134285E+02   -0.376674811936223719E+01
    0.273643359011885003E+02   -0.378834715992567883E+01
    0.273619853128924930E+02   -0.375539597519077839E+01
    0.273621633789781349E+02   -0.375724319136045226E+01
    0.273543531455773490E+02   -0.377621844401864992E+01
    0.273658354247489619E+02   -0.381905291528052349E+01
    0.273546527763283329E+02   -0.377171531991987807E+01
    0.273575672410399449E+02   -0.374362826885307820E+01
    0.273539956474910610E+02   -0.378198534394042385E+01
    0.273540555100023113E+02   -0.378098979613476338E+01
    0.273640805065100707E+02   -0.378386931145260963E+01
    0.273567273203176384E+02   -0.374879964447083980E+01
    0.273625477635910244E+02   -0.376159338883364125E+01
    0.273584851116110670E+02   -0.374068355051920598E+01
    0.273621185083443486E+02   -0.375676768788250115E+01
    0.273637170989511453E+02   -0.377787490939675452E+01
    0.273602874416326713E+02   -0.374312580251425242E+01
    0.273603034999328862E+02   -0.374319654705045357E+01
    0.273561253537555444E+02   -0.375396199626267935E+01
    0.273567931950130401E+02   -0.374830851714627356E+01
    0.273528395801370969E+02   -0.380356952513140900E+01
    0.273622635197870920E+02   -0.375832876500527169E+01
    0.273538664301028547E+02   -0.378417528949378967E+01
    0.273549453222456798E+02   -0.376760928916791604E+01
    0.273647875712899094E+02   -0.379680205665362136E+01
    0.273610635756361518E+02   -0.374753466450116246E+01
    0.273575014269993702E+02   -0.374394801858853254E+01
    0.273537795732034397E+02   -0.378567880295983406E+01
    0.273595811692511575E+02   -0.374087015307383863E+01
    0.273613229895581043E+02   -0.374945892448305695E+01
    0.273583603674736970E+02   -0.374091778273043918E+01
    0.273543525985696583E+02   -0.377622694040106621E+01
    0.273624454331884088E+02   -0.376038686605515204E+01
    0.273547494338861696E+02   -0.377032691914108664E+01
    0.273618109002283241E+02   -0.375368978879833293E+01
    0.273651775237873593E+02   -0.380465220833449314E+01
    0.273551746895879937E+02   -0.376459082053359140E+01
    0.273573712307704398E+02   -0.374462337218604358E+01
    0.273537460813721793E+02   -0.378626531615793516E+01
    0.273535273232970866E+02   -0.379018880511827660E+01
    0.273623172639428560E+02   -0.375892525102413932E+01
    0.273526879185207399E+02   -0.380673381182361492E+01
    0.273620751883416169E+02   -0.375631502569013653E+01
    0.273597814918463769E+02   -0.374133990658113635E+01
    0.273623335260636438E+02   -0.375910764794242214E+01
