    0.398424863815307617E+02   -0.846469179694370177E+04   -0.460515351937698814E+01    1
    0.398354232311248779E+02   -0.845439559060768443E+04   -0.461515351937698259E+01    1
    0.397390222549438477E+02   -0.831449481540581291E+04   -0.462515351937698149E+01    1
    0.397380626201629639E+02   -0.831310802420984146E+04   -0.463515351937698661E+01    1
    0.393292176723480225E+02   -0.773279827659735929E+04   -0.464515351937698728E+01    1
    0.390415489673614502E+02   -0.733706754999488294E+04   -0.465515351937698174E+01    1
    0.389185142517089844E+02   -0.717098847297747125E+04   -0.466515351937698153E+01    1
    0.386546921730041504E+02   -0.682127623621907514E+04   -0.467515351937698398E+01    1
    0.385161840915679932E+02   -0.664117491221628370E+04   -0.468515351937698377E+01    1
    0.380205357074737549E+02   -0.601642506602044068E+04   -0.469515351937698444E+01    1
    0.379832994937896729E+02   -0.597073605111465531E+04   -0.470515351937698423E+01    1
    0.379394555091857910E+02   -0.591716251460478179E+04   -0.471515351937698135E+01    1
    0.377842152118682861E+02   -0.572941325287664222E+04   -0.472515351937698025E+01    1
    0.377401864528656006E+02   -0.567671538250519188E+04   -0.473515351937698448E+01    1
    0.377243220806121826E+02   -0.565778704007537090E+04   -0.474515351937698782E+01    1
    0.375983881950378418E+02   -0.550865230407636227E+04   -0.475515351937698494E+01    1
    0.374945616722106934E+02   -0.538719588043131625E+04   -0.476515351937698117E+01    1
    0.373443889617919922E+02   -0.521391903316208663E+04   -0.477515351937698451E+01    1
    0.369841945171356201E+02   -0.480985307672569616E+04   -0.478515351937698341E+01    1
    0.367836141586303711E+02   -0.459190586378175703E+04   -0.479515351937697876E+01    1
    0.200148522853851318E+02   -0.424121769565105205E+04   -0.480515351937698032E+01    1
    0.200419867038726807E+02   -0.421325686481875255E+04   -0.481515351937698277E+01    1
    0.363690304756164551E+02   -0.415744251997945139E+04   -0.482515351937698345E+01    1
    0.362796616554260254E+02   -0.406661673538128707E+04   -0.483515351937698323E+01    1
    0.202550804615020752E+02   -0.399688786070668812E+04   -0.484515351937698480E+01    1
    0.362038373947143555E+02   -0.399034293168750173E+04   -0.485515351937698814E+01    1
    0.361982929706573486E+02   -0.398479396775363693E+04   -0.486515351937698437E+01    1
    0.361653757095336914E+02   -0.395192926115608634E+04   -0.487515351937698149E+01    1
    0.361336314678192139E+02   -0.392036460576791615E+04   -0.488515351937698572E+01    1
    0.360945820808410645E+02   -0.388170973896091891E+04   -0.489515351937698817E+01    1
    0.360522842407226562E+02   -0.384005532049731210E+04   -0.490515351937698973E+01    1
    0.204268801212310791E+02   -0.382660024725376525E+04   -0.491515351937698775E+01    1
    0.204790425300598145E+02   -0.377563058260634398E+04   -0.492515351937698220E+01    1
    0.204874324798583984E+02   -0.376746438138249505E+04   -0.493515351937698199E+01    1
    0.358274424076080322E+02   -0.362240572472756958E+04   -0.494515351937698799E+01    1
    0.206484651565551758E+02   -0.361243956579757651E+04   -0.495515351937699045E+01    1
    0.357625854015350342E+02   -0.356080330743094328E+04   -0.496515351937698846E+01    1
    0.357327711582183838E+02   -0.353266242779965341E+04   -0.497515351937698824E+01    1
    0.207791018486022949E+02   -0.348906955129740800E+04   -0.498515351937698359E+01    1
    0.208275544643402100E+02   -0.344385705140738082E+04   -0.499515351937698426E+01    1
    0.356174981594085693E+02   -0.342490958062367508E+04   -0.500515351937698583E+01    1
    0.355291295051574707E+02   -0.334343601366996654E+04   -0.501515351937698384E+01    1
    0.209972536563873291E+02   -0.328783081463685176E+04   -0.502515351937698451E+01    1
    0.213620364665985107E+02   -0.296468323245462125E+04   -0.503515351937698608E+01    1
    0.350104296207427979E+02   -0.288498318476167788E+04   -0.504515351937698409E+01    1
    0.349125123023986816E+02   -0.280223066494750492E+04   -0.505515351937698298E+01    1
    0.348673391342163086E+02   -0.276445955173507264E+04   -0.506515351937698455E+01    1
    0.216227757930755615E+02   -0.274394644102114080E+04   -0.507515351937697989E+01    1
    0.217488896846771240E+02   -0.264024474309758443E+04   -0.508515351937698501E+01    1
    0.346774876117706299E+02   -0.260851912455334696E+04   -0.509515351937699013E+01    1
    0.218279838562011719E+02   -0.257622599381590771E+04   -0.510515351937699080E+01    1
    0.219022345542907715E+02   -0.251684258271497265E+04   -0.511515351937698348E+01    1
    0.344043254852294922E+02   -0.239209172204533343E+04   -0.512515351937698238E+01    1
    0.343507206439971924E+02   -0.235072041845317062E+04   -0.513515351937698394E+01    1
    0.223907196521759033E+02   -0.214343020562551010E+04   -0.514515351937697751E+01    1
    0.340690541267395020E+02   -0.213926547029070844E+04   -0.515515351937698085E+01    1
    0.339471220970153809E+02   -0.205081815224672619E+04   -0.516515351937698330E+01    1
    0.225460433959960938E+02   -0.203097606321435478E+04   -0.517515351937698220E+01    1
    0.338562631607055664E+02   -0.198612486877050083E+04   -0.518515351937698643E+01    1
    0.226751041412353516E+02   -0.193984121983073760E+04   -0.519515351937698533E+01    1
    0.337538778781890869E+02   -0.191446712369479019E+04   -0.520515351937697623E+01    1
    0.337344646453857422E+02   -0.190102861718515624E+04   -0.521515351937698224E+01    1
    0.336025357246398926E+02   -0.181095677169385726E+04   -0.522515351937697670E+01    1
    0.334994554519653320E+02   -0.174210207789361675E+04   -0.523515351937698092E+01    1
    0.229820072650909424E+02   -0.173152743098367500E+04   -0.524515351937698071E+01    1
    0.333973419666290283E+02   -0.167520901611189220E+04   -0.525515351937698583E+01    1
    0.231616544723510742E+02   -0.161507912143480303E+04   -0.526515351937698739E+01    1
    0.231767714023590088E+02   -0.160546514128292802E+04   -0.527515351937698007E+01    1
    0.332801163196563721E+02   -0.160003091367400634E+04   -0.528515351937697542E+01    1
    0.232109582424163818E+02   -0.158382903839475352E+04   -0.529515351937697609E+01    1
    0.232306647300720215E+02   -0.157142392996032459E+04   -0.530515351937697677E+01    1
    0.232358741760253906E+02   -0.156815276821115071E+04   -0.531515351937698188E+01    1
    0.331071996688842773E+02   -0.149228824420648175E+04   -0.532515351937698078E+01    1
    0.331047356128692627E+02   -0.149078005382992160E+04   -0.533515351937697613E+01    1
    0.328423988819122314E+02   -0.133457245488035301E+04   -0.534515351937697680E+01    1
    0.236720085144042969E+02   -0.130637942026489463E+04   -0.535515351937698103E+01    1
    0.236935794353485107E+02   -0.129405230995932197E+04   -0.536515351937698171E+01    1
    0.327457273006439209E+02   -0.127918918006133526E+04   -0.537515351937698238E+01    1
    0.237823438644409180E+02   -0.124394125121410798E+04   -0.538515351937698128E+01    1
    0.326197922229766846E+02   -0.120880133640829467E+04   -0.539515351937698018E+01    1
    0.325441384315490723E+02   -0.116747454919566940E+04   -0.540515351937698263E+01    1
    0.325301456451416016E+02   -0.115990959878576132E+04   -0.541515351937698153E+01    1
    0.239474225044250488E+02   -0.115337934175339592E+04   -0.542515351937697865E+01    1
    0.325127959251403809E+02   -0.115056393156094782E+04   -0.543515351937697933E+01    1
    0.324609279632568359E+02   -0.112284999704985830E+04   -0.544515351937698178E+01    1
    0.324412715435028076E+02   -0.111243552849436060E+04   -0.545515351937698245E+01    1
    0.323747813701629639E+02   -0.107756706284988240E+04   -0.546515351937698401E+01    1
    0.240915799140930176E+02   -0.107709431739481715E+04   -0.547515351937698025E+01    1
    0.323650813102722168E+02   -0.107252661493929281E+04   -0.548515351937698004E+01    1
    0.241504573822021484E+02   -0.104668833698850517E+04   -0.549515351937697805E+01    1
    0.241720366477966309E+02   -0.103565323002822652E+04   -0.550515351937697694E+01    1
    0.242228543758392334E+02   -0.100989733409633936E+04   -0.551515351937698295E+01    1
    0.242497229576110840E+02   -0.996410642070687913E+03   -0.552515351937698185E+01    1
    0.243008494377136230E+02   -0.970998112248089456E+03   -0.553515351937698163E+01    1
    0.321521246433258057E+02   -0.964845540964472548E+03   -0.554515351937698142E+01    1
    0.243484508991241455E+02   -0.947632833928939249E+03   -0.555515351937698032E+01    1
    0.320535099506378174E+02   -0.916910790275708223E+03   -0.556515351937698544E+01    1
    0.320435023307800293E+02   -0.912114540629847852E+03   -0.557515351937698611E+01    1
    0.244301962852478027E+02   -0.908171951009943086E+03   -0.558515351937698146E+01    1
    0.320110905170440674E+02   -0.896667204804958374E+03   -0.559515351937697680E+01    1
    0.245688688755035400E+02   -0.843150177504801718E+03   -0.560515351937697748E+01    1
    0.318472075462341309E+02   -0.820581488898988937E+03   -0.561515351937697904E+01    1
    0.318277919292449951E+02   -0.811790922849187723E+03   -0.562515351937698060E+01    1
    0.318209147453308105E+02   -0.808688581780721279E+03   -0.563515351937698039E+01    1
    0.246451294422149658E+02   -0.808421935255122662E+03   -0.564515351937698284E+01    1
    0.247095680236816406E+02   -0.779646668686012390E+03   -0.565515351937698085E+01    1
    0.247619044780731201E+02   -0.756659454097529988E+03   -0.566515351937697975E+01    1
    0.247673189640045166E+02   -0.754300940834262860E+03   -0.567515351937697954E+01    1
    0.248076176643371582E+02   -0.736862789428659539E+03   -0.568515351937697666E+01    1
    0.315774941444396973E+02   -0.702706250598459405E+03   -0.569515351937697734E+01    1
    0.314733159542083740E+02   -0.659622466464950094E+03   -0.570515351937697890E+01    1
    0.250285673141479492E+02   -0.644877891803947477E+03   -0.571515351937697780E+01    1
    0.314137184619903564E+02   -0.635588376520088900E+03   -0.572515351937697403E+01    1
    0.314018571376800537E+02   -0.630858247417181474E+03   -0.573515351937697382E+01    1
    0.251301693916320801E+02   -0.604637378203791627E+03   -0.574515351937697805E+01    1
    0.313306474685668945E+02   -0.602832323224241122E+03   -0.575515351937698227E+01    1
    0.313174960139913523E+02   -0.597725991795626555E+03   -0.576515351937698384E+01    1
    0.251601231098175049E+02   -0.593021377741349170E+03   -0.577515351937697918E+01    1
    0.312556469440460205E+02   -0.574003087239060505E+03   -0.578515351937698075E+01    1
    0.252670919895172119E+02   -0.552458823237532670E+03   -0.579515351937698409E+01    1
    0.311910715090614303E+02   -0.549747146469575796E+03   -0.580515351937698565E+01    1
    0.252964901924133301E+02   -0.541562797714751127E+03   -0.581515351937698366E+01    1
    0.253797005535406974E+02   -0.511310507409302431E+03   -0.582515351937698256E+01    1
    0.254283392429351807E+02   -0.494029964143547488E+03   -0.583515351937698412E+01    1
    0.309852027893066406E+02   -0.475914804909610609E+03   -0.584515351937698391E+01    1
    0.255064260959625244E+02   -0.466908403228343388E+03   -0.585515351937697837E+01    1
    0.255326986312866211E+02   -0.457955463221407626E+03   -0.586515351937697371E+01    1
    0.309210216999053955E+02   -0.453985479086548537E+03   -0.587515351937697705E+01    1
    0.308222484588623047E+02   -0.421247538494011224E+03   -0.588515351937697684E+01    1
    0.307487179897787897E+02   -0.397671845167231595E+03   -0.589515351937697751E+01    1
    0.257393720618700712E+02   -0.390550392789752209E+03   -0.590515351937697286E+01    1
    0.258166217803955078E+02   -0.366733331241725182E+03   -0.591515351937697531E+01    1
    0.258597242832183838E+02   -0.353770058926081958E+03   -0.592515351937697687E+01    1
    0.305890560150146484E+02   -0.348818410271434573E+03   -0.593515351937697400E+01    1
    0.258837219035052648E+02   -0.346653789102215853E+03   -0.594515351937698000E+01    1
    0.258861434459686279E+02   -0.345939720955197629E+03   -0.595515351937698156E+01    1
    0.305746757984161377E+02   -0.344575518735082539E+03   -0.596515351937697336E+01    1
    0.258972060680389404E+02   -0.342686925878142517E+03   -0.597515351937696959E+01    1
    0.259033739566802979E+02   -0.340880026510356288E+03   -0.598515351937697559E+01    1
    0.305465030670166016E+02   -0.336338423786113367E+03   -0.599515351937697627E+01    1
    0.305311033262675124E+02   -0.331878012872580939E+03   -0.600515351937697517E+01    1
    0.259633887004312705E+02   -0.323547984150861339E+03   -0.601515351937697851E+01    1
    0.304507219791412354E+02   -0.309079698694675926E+03   -0.602515351937697829E+01    1
    0.260286247836702600E+02   -0.305221166221414364E+03   -0.603515351937697453E+01    1
    0.304340422153472900E+02   -0.304450538607703550E+03   -0.604515351937697520E+01    1
    0.304103159904479980E+02   -0.297925968435889217E+03   -0.605515351937697410E+01    1
    0.303691228152075574E+02   -0.286766032491017540E+03   -0.606515351937697478E+01    1
    0.303502178192138672E+02   -0.281715695884099716E+03   -0.607515351937697723E+01    1
    0.302139803822478896E+02   -0.246648171366147068E+03   -0.608515351937697790E+01    1
    0.301820170879364014E+02   -0.238758444407718230E+03   -0.609515351937697769E+01    1
    0.262837948681992444E+02   -0.238670441473739004E+03   -0.610515351937697481E+01    1
    0.301528472835245260E+02   -0.231670241398360048E+03   -0.611515351937697282E+01    1
    0.263141629013337806E+02   -0.231294727599459179E+03   -0.612515351937697528E+01    1
    0.301184725761413574E+02   -0.223454432500280120E+03   -0.613515351937697417E+01    1
    0.263592433929443359E+02   -0.220559285609915889E+03   -0.614515351937697485E+01    1
    0.263679754734039307E+02   -0.218509342376486643E+03   -0.615515351937697819E+01    1
    0.300866496562957764E+02   -0.215980813657164418E+03   -0.616515351937697620E+01    1
    0.263825953006744385E+02   -0.215098631561364385E+03   -0.617515351937697776E+01    1
    0.300641987162602398E+02   -0.210784727474031826E+03   -0.618515351937698288E+01    1
    0.264432418346405029E+02   -0.201236847136329715E+03   -0.619515351937698000E+01    1
    0.264580749249561435E+02   -0.197916805407884169E+03   -0.620515351937697535E+01    1
    0.299913763999938965E+02   -0.194366304461071053E+03   -0.621515351937697247E+01    1
    0.299640083312988281E+02   -0.188368133832274680E+03   -0.622515351937697314E+01    1
    0.265024581533959633E+02   -0.188147704559785439E+03   -0.623515351937697559E+01    1
    0.299493408203125000E+02   -0.185192222764701484E+03   -0.624515351937698071E+01    1
    0.298866110271816723E+02   -0.171914433435273793E+03   -0.625515351937697694E+01    1
    0.265855206757657143E+02   -0.170529779732066885E+03   -0.626515351937697407E+01    1
    0.298729252815246582E+02   -0.169083297123697719E+03   -0.627515351937697385E+01    1
    0.298701786994934082E+02   -0.168517952823676069E+03   -0.628515351937697986E+01    1
    0.266037908753830052E+02   -0.166770855813494848E+03   -0.629515351937697432E+01    1
    0.298449754714965820E+02   -0.163374469536662190E+03   -0.630515351937697766E+01    1
    0.298231866480341772E+02   -0.158992099803456654E+03   -0.631515351937697567E+01    1
    0.298181994906382215E+02   -0.157997422598664258E+03   -0.632515351937697190E+01    1
    0.266504716873168945E+02   -0.157357118820700123E+03   -0.633515351937697790E+01    1
    0.266542019393582414E+02   -0.156616678678471999E+03   -0.634515351937697858E+01    1
    0.297379708290100098E+02   -0.142425344445737750E+03   -0.635515351937697659E+01    1
    0.297243916988372803E+02   -0.139869682961845825E+03   -0.636515351937697371E+01    1
    0.267489286817320071E+02   -0.138399500570717152E+03   -0.637515351937697350E+01    1
    0.267514725002580107E+02   -0.137925830433757454E+03   -0.638515351937697861E+01    1
    0.296723382488330181E+02   -0.130287507543889433E+03   -0.639515351937698195E+01    1
    0.267991436505385572E+02   -0.129199584014240941E+03   -0.640515351937697730E+01    1
    0.268386793136596680E+02   -0.122179065297028160E+03   -0.641515351937697620E+01    1
    0.296267330646514893E+02   -0.122172044342902012E+03   -0.642515351937697776E+01    1
    0.296219134330749512E+02   -0.121329650872717565E+03   -0.643515351937697222E+01    1
    0.268572868136427019E+02   -0.118942793978055761E+03   -0.644515351937697556E+01    1
    0.296037089824676514E+02   -0.118174129933085112E+03   -0.645515351937697535E+01    1
    0.295928188903439064E+02   -0.116306362015410429E+03   -0.646515351937697513E+01    1
    0.268778751228020560E+02   -0.115412692307442043E+03   -0.647515351937697048E+01    1
    0.295776669985474783E+02   -0.113732429465498853E+03   -0.648515351937697559E+01    1
    0.295700061321258545E+02   -0.112442012512051207E+03   -0.649515351937697538E+01    1
    0.295683078637061278E+02   -0.112156949768788238E+03   -0.650515351937697694E+01    1
    0.295480717794260670E+02   -0.108788097682230145E+03   -0.651515351937697318E+01    1
    0.295443381453571376E+02   -0.108172151941023401E+03   -0.652515351937697652E+01    1
    0.295062232017517090E+02   -0.101984415783005659E+03   -0.653515351937697631E+01    1
    0.295035455017470731E+02   -0.101556566631575777E+03   -0.654515351937697609E+01    1
    0.269746182993991219E+02   -0.995378062778799517E+02   -0.655515351937696966E+01    1
    0.294904029369354248E+02   -0.994696742208103615E+02   -0.656515351937697567E+01    1
    0.270065021267537411E+02   -0.945634400138735600E+02   -0.657515351937698256E+01    1
    0.294566033252031154E+02   -0.942023133659742484E+02   -0.658515351937698501E+01    1
    0.270116302736039096E+02   -0.937752899876492876E+02   -0.659515351937696881E+01    1
    0.294453418101403344E+02   -0.924791772023412619E+02   -0.660515351937696948E+01    1
    0.270588896223349451E+02   -0.866674328069354090E+02   -0.661515351937697371E+01    1
    0.270687365531921387E+02   -0.852217573872622580E+02   -0.662515351937697705E+01    1
    0.293861126899719238E+02   -0.836786627400872476E+02   -0.663515351937697861E+01    1
    0.270864314327976459E+02   -0.826544921334375857E+02   -0.664515351937698107E+01    1
    0.270909590710941615E+02   -0.820039174243151905E+02   -0.665515351937697286E+01    1
    0.293444837373053602E+02   -0.777569278665043839E+02   -0.666515351937697353E+01    1
    0.271488440036773682E+02   -0.739133319073813766E+02   -0.667515351937697510E+01    1
    0.293089104958507107E+02   -0.728690891755844490E+02   -0.668515351937697488E+01    1
    0.293062682761798499E+02   -0.725123837146874735E+02   -0.669515351937697734E+01    1
    0.271865828823461584E+02   -0.688651908536452879E+02   -0.670515351937697446E+01    1
    0.292615152556498828E+02   -0.666038308423632230E+02   -0.671515351937697247E+01    1
    0.272106647491455078E+02   -0.657373736112597271E+02   -0.672515351937697314E+01    1
    0.292478630848685413E+02   -0.648514660476364782E+02   -0.673515351937697382E+01    1
    0.292374683305577712E+02   -0.635329141213609176E+02   -0.674515351937697183E+01    1
    0.292354228040743749E+02   -0.632750416052406024E+02   -0.675515351937697428E+01    1
    0.272498548030853271E+02   -0.608029846863408778E+02   -0.676515351937697584E+01    1
    0.292135930061340332E+02   -0.605557645676441965E+02   -0.677515351937697829E+01    1
    0.272943274914652037E+02   -0.554371227472045192E+02   -0.678515351937697098E+01    1
    0.272963889244275038E+02   -0.551944242888776913E+02   -0.679515351937697432E+01    1
    0.273517632484436035E+02   -0.488747775106089364E+02   -0.680515351937697410E+01    1
    0.273641054052724755E+02   -0.475187032169344974E+02   -0.681515351937697567E+01    1
    0.290954904457760151E+02   -0.468819093596086418E+02   -0.682515351937697723E+01    1
    0.273702323436737061E+02   -0.468526222352738770E+02   -0.683515351937697613E+01    1
    0.290906345844268799E+02   -0.463571959335039026E+02   -0.684515351937697059E+01    1
    0.290841078758239746E+02   -0.456565999571881989E+02   -0.685515351937697126E+01    1
    0.273917898157199033E+02   -0.445465130138705803E+02   -0.686515351937697371E+01    1
    0.290686780292666427E+02   -0.440215908140532619E+02   -0.687515351937697083E+01    1
    0.274180865287780762E+02   -0.418124514308795199E+02   -0.688515351937697062E+01    1
    0.290382909798788234E+02   -0.408890880665225538E+02   -0.689515351937697307E+01    1
    0.290206112388004485E+02   -0.391199084034646631E+02   -0.690515351937697019E+01    1
    0.274473053507171727E+02   -0.388764463646383405E+02   -0.691515351937697176E+01    1
    0.274508347343915986E+02   -0.385290605277289657E+02   -0.692515351937697421E+01    1
    0.274663746356964111E+02   -0.370181279696863328E+02   -0.693515351937697400E+01    1
    0.274966859817504883E+02   -0.341582591497898918E+02   -0.694515351937697556E+01    1
    0.289673637617372606E+02   -0.340287052244685668E+02   -0.695515351937697623E+01    1
    0.274996126775680878E+02   -0.338882350522965865E+02   -0.696515351937697869E+01    1
    0.289633989334106445E+02   -0.336638575070788164E+02   -0.697515351937697670E+01    1
    0.275139076010092438E+02   -0.325848106771497825E+02   -0.698515351937697471E+01    1
    0.289503795688015728E+02   -0.324796882220101395E+02   -0.699515351937697627E+01    1
    0.275183210734263355E+02   -0.321875714784416260E+02   -0.700515351937697339E+01    1
    0.275210082530975342E+02   -0.319469073272436290E+02   -0.701515351937697229E+01    1
    0.289303863048553467E+02   -0.307026613923794258E+02   -0.702515351937697385E+01    1
    0.275609616829866866E+02   -0.284756611111515134E+02   -0.703515351937696920E+01    1
    0.288995683804357952E+02   -0.280618626989223152E+02   -0.704515351937696899E+01    1
    0.275687610331058508E+02   -0.278214247354554800E+02   -0.705515351937697233E+01    1
    0.275780488456455330E+02   -0.270522974636547033E+02   -0.706515351937697300E+01    1
    0.275815139113560797E+02   -0.267681291524696583E+02   -0.707515351937697190E+01    1
    0.275815593346399837E+02   -0.267644140255184269E+02   -0.708515351937697524E+01    1
    0.288635433165590598E+02   -0.251260855606518341E+02   -0.709515351937697947E+01    1
    0.288631428302956579E+02   -0.250943650004597174E+02   -0.710515351937697481E+01    1
    0.288606905937194824E+02   -0.249005746412422013E+02   -0.711515351937697194E+01    1
    0.288597742646770961E+02   -0.248283547001794922E+02   -0.712515351937697261E+01    1
    0.276105539728004103E+02   -0.244458480394654458E+02   -0.713515351937696796E+01    1
    0.288494037736292555E+02   -0.240183611719807928E+02   -0.714515351937696508E+01    1
    0.276179683208465576E+02   -0.238699099194084141E+02   -0.715515351937696753E+01    1
    0.288456325920610510E+02   -0.237271598955259719E+02   -0.716515351937696821E+01    1
    0.288428721904826304E+02   -0.235151408058224547E+02   -0.717515351937696444E+01    1
    0.288303017616271973E+02   -0.225617421154276983E+02   -0.718515351937696511E+01    1
    0.276562401501979949E+02   -0.210068026593328341E+02   -0.719515351937696845E+01    1
    0.276565288115922314E+02   -0.209859069818958162E+02   -0.720515351937697446E+01    1
    0.276570580832100923E+02   -0.209476211510981614E+02   -0.721515351937697869E+01    1
    0.276626598834991455E+02   -0.205445615372371790E+02   -0.722515351937697670E+01    1
    0.287839103853214340E+02   -0.192149856962568393E+02   -0.723515351937696849E+01    1
    0.287814031243596560E+02   -0.190418067781741200E+02   -0.724515351937696384E+01    1
    0.276918081926607229E+02   -0.185108984930875131E+02   -0.725515351937697073E+01    1
    0.276969446110693482E+02   -0.181635922074186027E+02   -0.726515351937697051E+01    1
    0.287637901306152344E+02   -0.178475152486376842E+02   -0.727515351937696853E+01    1
    0.277022538899797084E+02   -0.178080805283237638E+02   -0.728515351937696742E+01    1
    0.287625956535339355E+02   -0.177679316500576476E+02   -0.729515351937696988E+01    1
    0.277050326962023377E+02   -0.176234218642356453E+02   -0.730515351937697766E+01    1
    0.277111527510924276E+02   -0.172201489884747190E+02   -0.731515351937697655E+01    1
    0.287490118770243228E+02   -0.168755014618635215E+02   -0.732515351937697723E+01    1
    0.287472764641095218E+02   -0.167631574282649041E+02   -0.733515351937697524E+01    1
    0.277195141017632984E+02   -0.166767929562522319E+02   -0.734515351937696614E+01    1
    0.277234786372864050E+02   -0.164222294187460101E+02   -0.735515351937696948E+01    1
    0.287365406984427842E+02   -0.160765728854853549E+02   -0.736515351937697105E+01    1
    0.277338480949401855E+02   -0.157657389633643934E+02   -0.737515351937696906E+01    1
    0.287282318310187286E+02   -0.155551331782053914E+02   -0.738515351937697240E+01    1
    0.277382495986408699E+02   -0.154911626136364955E+02   -0.739515351937697218E+01    1
    0.287251799384305215E+02   -0.153657828933918754E+02   -0.740515351937697464E+01    1
    0.277524472780948273E+02   -0.146220605640467056E+02   -0.741515351937697265E+01    1
    0.277664513019027659E+02   -0.137896149745706076E+02   -0.742515351937696799E+01    1
    0.277702235921158689E+02   -0.135695887281180898E+02   -0.743515351937697044E+01    1
    0.277726908444392535E+02   -0.134266481553051875E+02   -0.744515351937697023E+01    1
    0.286887484138377182E+02   -0.131957750539652423E+02   -0.745515351937696646E+01    1
    0.286859610176562008E+02   -0.130366117301434112E+02   -0.746515351937696536E+01    1
    0.277946015928465684E+02   -0.121907900526686674E+02   -0.747515351937696515E+01    1
    0.277989899056772707E+02   -0.119505184259998618E+02   -0.748515351937696671E+01    1
    0.286625690323826881E+02   -0.117393619522249768E+02   -0.749515351937696561E+01    1
    0.278045200695188583E+02   -0.116511720790012312E+02   -0.750515351937696362E+01    1
    0.278092725372074590E+02   -0.113969911133590713E+02   -0.751515351937696874E+01    1
    0.286474788959365938E+02   -0.109389757881096354E+02   -0.752515351937696853E+01    1
    0.278214796848565769E+02   -0.107571054025880510E+02   -0.753515351937696742E+01    1
    0.286377177606962618E+02   -0.104364754718303914E+02   -0.754515351937696721E+01    1
    0.278333208128565701E+02   -0.101542888186066875E+02   -0.755515351937696877E+01    1
    0.286272677411197733E+02   -0.991177533338743721E+01   -0.756515351937697211E+01    1
    0.286262359159891204E+02   -0.986071093818379474E+01   -0.757515351937696835E+01    1
    0.286258059080966021E+02   -0.983946958622983203E+01   -0.758515351937696991E+01    1
    0.278410075855037000E+02   -0.977239176530441256E+01   -0.759515351937697325E+01    1
    0.278484850778142210E+02   -0.940801315628906032E+01   -0.760515351937697126E+01    1
    0.278562318115582563E+02   -0.903792087182272397E+01   -0.761515351937696572E+01    1
    0.278603798944467584E+02   -0.884284903371107589E+01   -0.762515351937696639E+01    1
    0.278605309475108598E+02   -0.883578624528811574E+01   -0.763515351937696973E+01    1
    0.286027195363462852E+02   -0.873315300668668648E+01   -0.764515351937696952E+01    1
    0.285969095579127028E+02   -0.846527766589345809E+01   -0.765515351937697019E+01    1
    0.285792290094379560E+02   -0.767617916846730175E+01   -0.766515351937697087E+01    1
    0.285776087156383518E+02   -0.760582796249106607E+01   -0.767515351937697066E+01    1
    0.278897456881122601E+02   -0.752366931694383467E+01   -0.768515351937697044E+01    1
    0.278943741321563721E+02   -0.732562978482047988E+01   -0.769515351937697201E+01    1
    0.278946091000667948E+02   -0.731564786034359926E+01   -0.770515351937697446E+01    1
    0.278990850830543664E+02   -0.712682301709377075E+01   -0.771515351937697069E+01    1
    0.279088554596436964E+02   -0.672338890957478608E+01   -0.772515351937696959E+01    1
    0.285542470458025335E+02   -0.662814357874912741E+01   -0.773515351937697382E+01    1
    0.279122431070844854E+02   -0.658630693768438036E+01   -0.774515351937697538E+01    1
    0.279144698589457754E+02   -0.649698599992441750E+01   -0.775515351937697517E+01    1
    0.285486064011903906E+02   -0.640235647871981595E+01   -0.776515351937697407E+01    1
    0.285463645780929660E+02   -0.631372918133861560E+01   -0.777515351937697297E+01    1
    0.285457646423132481E+02   -0.629011863648822445E+01   -0.778515351937696565E+01    1
    0.279200685739719887E+02   -0.627515807026015615E+01   -0.779515351937696011E+01    1
    0.279219844485267288E+02   -0.620015290782464579E+01   -0.780515351937696522E+01    1
    0.279322474216766743E+02   -0.580621402501658235E+01   -0.781515351937697123E+01    1
    0.279333862348930637E+02   -0.576331669562649651E+01   -0.782515351937697279E+01    1
    0.285318337117330572E+02   -0.575457763742520445E+01   -0.783515351937697524E+01    1
    0.279414982738524742E+02   -0.546246145289852869E+01   -0.784515351937695993E+01    1
    0.285231469235077526E+02   -0.543297362746213874E+01   -0.785515351937696593E+01    1
    0.279462254695954471E+02   -0.529095312126110073E+01   -0.786515351937697016E+01    1
    0.285143318480307286E+02   -0.511630889681886725E+01   -0.787515351937697172E+01    1
    0.285090959697245196E+02   -0.493284009798920398E+01   -0.788515351937697417E+01    1
    0.284980226247417292E+02   -0.455616390875655775E+01   -0.789515351937696952E+01    1
    0.279695624466272719E+02   -0.448538920527365281E+01   -0.790515351937697019E+01    1
    0.279734826087951660E+02   -0.435678030048532428E+01   -0.791515351937696643E+01    1
    0.284891164302825928E+02   -0.426438123194218388E+01   -0.792515351937696444E+01    1
    0.284799370922095250E+02   -0.397407547003368089E+01   -0.793515351937696778E+01    1
    0.284764540907724957E+02   -0.386669171296531955E+01   -0.794515351937696490E+01    1
    0.279899651136859902E+02   -0.383715688605018412E+01   -0.795515351937696735E+01    1
    0.284743145390655066E+02   -0.380148306429469818E+01   -0.796515351937696447E+01    1
    0.284716251798503492E+02   -0.372033309824357827E+01   -0.797515351937695893E+01    1
    0.284695248989167204E+02   -0.365758999147958708E+01   -0.798515351937696582E+01    1
    0.280033153125688798E+02   -0.344129318507900894E+01   -0.799515351937696650E+01    1
    0.284610289358242525E+02   -0.340943792741979790E+01   -0.800515351937696096E+01    1
    0.284576715048121791E+02   -0.331387253958976302E+01   -0.801515351937696785E+01    1
    0.280117260617856658E+02   -0.320338935174061046E+01   -0.802515351937697652E+01    1
    0.284508720596853131E+02   -0.312467122253802820E+01   -0.803515351937696920E+01    1
    0.280153352673932829E+02   -0.310402489366239331E+01   -0.804515351937696543E+01    1
    0.280170723626617360E+02   -0.305678442678177387E+01   -0.805515351937697233E+01    1
    0.284469028155686914E+02   -0.301690734401106342E+01   -0.806515351937697034E+01    1
    0.284453242373671387E+02   -0.297459936226967514E+01   -0.807515351937696657E+01    1
    0.280206106833264457E+02   -0.296173169482611609E+01   -0.808515351937696636E+01    1
    0.284372439221868376E+02   -0.276293756127580092E+01   -0.809515351937696259E+01    1
    0.280303084062154682E+02   -0.270927496392222356E+01   -0.810515351937696593E+01    1
    0.284339154438796626E+02   -0.267813367001734237E+01   -0.811515351937696572E+01    1
    0.284336497070715168E+02   -0.267142313505835460E+01   -0.812515351937696728E+01    1
    0.280347289993634021E+02   -0.259811494021999501E+01   -0.813515351937696707E+01    1
    0.280387576946433015E+02   -0.249894723923221118E+01   -0.814515351937696508E+01    1
    0.284266680672738730E+02   -0.249829642607843816E+01   -0.815515351937696664E+01    1
    0.284235178249245166E+02   -0.242218295280049167E+01   -0.816515351937696643E+01    1
    0.280426294892341836E+02   -0.240556268703576626E+01   -0.817515351937696622E+01    1
    0.280450725814303254E+02   -0.234760614500334963E+01   -0.818515351937696600E+01    1
    0.280451493702699146E+02   -0.234579666438826084E+01   -0.819515351937696224E+01    1
    0.284186452482827931E+02   -0.230691085878116642E+01   -0.820515351937696558E+01    1
    0.284178142014661752E+02   -0.228754818942228999E+01   -0.821515351937696714E+01    1
    0.280547398063557338E+02   -0.212562642541443036E+01   -0.822515351937696693E+01    1
    0.284103190420979566E+02   -0.211683657720770624E+01   -0.823515351937696671E+01    1
    0.284093093872070312E+02   -0.209437968310874423E+01   -0.824515351937696295E+01    1
    0.284046483039855957E+02   -0.199236708592692824E+01   -0.825515351937696096E+01    1
    0.280617221866199422E+02   -0.197259706924446254E+01   -0.826515351937696252E+01    1
    0.284037109162135657E+02   -0.197218096006770960E+01   -0.827515351937696408E+01    1
    0.284033690551162294E+02   -0.196484663482104627E+01   -0.828515351937696565E+01    1
    0.280632886604160028E+02   -0.193910642788893872E+01   -0.829515351937696543E+01    1
    0.284016147290535983E+02   -0.192744007164743603E+01   -0.830515351937696344E+01    1
    0.280644424866712541E+02   -0.191463515405505103E+01   -0.831515351937696146E+01    1
    0.284002606888905831E+02   -0.189883290692727202E+01   -0.832515351937696302E+01    1
    0.283998002926011885E+02   -0.188915845308597863E+01   -0.833515351937696813E+01    1
    0.283983589426024920E+02   -0.185904304573557466E+01   -0.834515351937696437E+01    1
    0.283954954926459315E+02   -0.179998854491246818E+01   -0.835515351937696593E+01    1
    0.280720102787017822E+02   -0.175827633739067490E+01   -0.836515351937696927E+01    1
    0.283908626096922276E+02   -0.170662306679144082E+01   -0.837515351937696906E+01    1
    0.280767993244726881E+02   -0.166304576925881675E+01   -0.838515351937696174E+01    1
    0.283879771096795395E+02   -0.164983461084259919E+01   -0.839515351937695975E+01    1
    0.283842340538784264E+02   -0.157772704448247225E+01   -0.840515351937696487E+01    1
    0.283837515241585940E+02   -0.156855946606319030E+01   -0.841515351937696821E+01    1
    0.280836556918402849E+02   -0.153172059921005754E+01   -0.842515351937696266E+01    1
    0.280857992172241211E+02   -0.149187554311556214E+01   -0.843515351937695534E+01    1
    0.283788704872131348E+02   -0.147746876473689381E+01   -0.844515351937695691E+01    1
    0.280870738655048022E+02   -0.146845527999145786E+01   -0.845515351937696202E+01    1
    0.280887621002991850E+02   -0.143774994545134760E+01   -0.846515351937696536E+01    1
    0.283737129443197134E+02   -0.138446928257790147E+01   -0.847515351937696160E+01    1
    0.280952777526861794E+02   -0.132260121574703460E+01   -0.848515351937696316E+01    1
    0.283700741571065223E+02   -0.132086570240724610E+01   -0.849515351937696295E+01    1
    0.283699320265563628E+02   -0.131841510248444838E+01   -0.850515351937696629E+01    1
    0.280955494850115421E+02   -0.131791481500849583E+01   -0.851515351937696785E+01    1
    0.280973109129004044E+02   -0.128776145107111928E+01   -0.852515351937696408E+01    1
    0.283663437208564986E+02   -0.125738654845078046E+01   -0.853515351937696032E+01    1
    0.281000521667439322E+02   -0.124160987239857645E+01   -0.854515351937695655E+01    1
    0.281009718778452218E+02   -0.122633712220992930E+01   -0.855515351937696344E+01    1
    0.281048943817911336E+02   -0.116239269693168357E+01   -0.856515351937696323E+01    1
    0.283597063001949721E+02   -0.114876216401550413E+01   -0.857515351937696124E+01    1
    0.281059521793930855E+02   -0.114547938192126608E+01   -0.858515351937696103E+01    1
    0.283584446064231201E+02   -0.112873985456645198E+01   -0.859515351937696259E+01    1
    0.281071328231653865E+02   -0.112676782472839432E+01   -0.860515351937696771E+01    1
    0.283572693124071087E+02   -0.111026852597263925E+01   -0.861515351937696039E+01    1
    0.283522401892607263E+02   -0.103318860699243165E+01   -0.862515351937695662E+01    1
    0.281140224098333320E+02   -0.102106918346527942E+01   -0.863515351937696352E+01    1
    0.281157613337222188E+02   -0.995333233069504497E+00   -0.864515351937696508E+01    1
    0.283495645113234431E+02   -0.993473915162858545E+00   -0.865515351937695954E+01    1
    0.281203775434906760E+02   -0.928855987427914198E+00   -0.866515351937696288E+01    1
    0.283449822405764777E+02   -0.927548534023213911E+00   -0.867515351937696266E+01    1
    0.281218125164782435E+02   -0.908736495134987998E+00   -0.868515351937696423E+01    1
    0.281223073765506228E+02   -0.901858126649874969E+00   -0.869515351937696934E+01    1
    0.283427735188359549E+02   -0.896713491756735204E+00   -0.870515351937696735E+01    1
    0.283403043022644425E+02   -0.862967179517162286E+00   -0.871515351937696181E+01    1
    0.283395739220058402E+02   -0.853131969793056388E+00   -0.872515351937695982E+01    1
    0.281273202069328221E+02   -0.833915518481924911E+00   -0.873515351937696316E+01    1
    0.281276025345008414E+02   -0.830182807181509830E+00   -0.874515351937695762E+01    1
    0.281292236043165857E+02   -0.808944078149681722E+00   -0.875515351937695741E+01    1
    0.283331264596848627E+02   -0.769217543845372220E+00   -0.876515351937696252E+01    1
    0.283329826723679261E+02   -0.767405653900804063E+00   -0.877515351937696231E+01    1
    0.283325749860498632E+02   -0.762282444140711224E+00   -0.878515351937696209E+01    1
    0.281343707327920569E+02   -0.743695816586158021E+00   -0.879515351937696188E+01    1
    0.283309566974639893E+02   -0.742152038550783821E+00   -0.880515351937695812E+01    1
    0.281347945116775513E+02   -0.738471986577254214E+00   -0.881515351937695790E+01    1
    0.281358527965091909E+02   -0.725525237918436705E+00   -0.882515351937695769E+01    1
    0.281384364224250874E+02   -0.694508813873629061E+00   -0.883515351937695925E+01    1
    0.283259664720527269E+02   -0.682148047443333461E+00   -0.884515351937695904E+01    1
    0.281414352390682438E+02   -0.659559338501099601E+00   -0.885515351937696238E+01    1
    0.281427707435634531E+02   -0.644358321696866909E+00   -0.886515351937696394E+01    1
    0.281433746049898943E+02   -0.637558578460167391E+00   -0.887515351937696018E+01    1
    0.283217799090862528E+02   -0.634220253419990332E+00   -0.888515351937696174E+01    1
    0.281452519873879012E+02   -0.616710969573791568E+00   -0.889515351937696330E+01    1
    0.281464163133800866E+02   -0.604003985312823732E+00   -0.890515351937696309E+01    1
    0.281466759979529968E+02   -0.601193115555814672E+00   -0.891515351937696288E+01    1
    0.281485290569709896E+02   -0.581381154502252695E+00   -0.892515351937696089E+01    1
    0.283164211058502744E+02   -0.576084961474458868E+00   -0.893515351937696423E+01    1
    0.283159551597721517E+02   -0.571200557677384202E+00   -0.894515351937696579E+01    1
    0.283143950406576330E+02   -0.555044697568930712E+00   -0.895515351937696202E+01    1
    0.281521416474701667E+02   -0.543997171073884123E+00   -0.896515351937696181E+01    1
    0.283127379988573473E+02   -0.538219935092047130E+00   -0.897515351937695982E+01    1
    0.283125516427915258E+02   -0.536349343548317647E+00   -0.898515351937695428E+01    1
    0.281534905996223230E+02   -0.530458190462580470E+00   -0.899515351937695407E+01    1
    0.281540327420067840E+02   -0.525081274000456455E+00   -0.900515351937695741E+01    1
    0.281564020740849585E+02   -0.502015672543902669E+00   -0.901515351937696252E+01    1
    0.281565840637105431E+02   -0.500273150526617694E+00   -0.902515351937696408E+01    1
    0.281573222529565435E+02   -0.493247762417375502E+00   -0.903515351937696032E+01    1
    0.281586172101395675E+02   -0.481088924333714418E+00   -0.904515351937695833E+01    1
    0.281589793435447149E+02   -0.477726403483256679E+00   -0.905515351937695989E+01    1
    0.281592397790771756E+02   -0.475318361172665793E+00   -0.906515351937695790E+01    1
    0.281601233882120709E+02   -0.467211806723668188E+00   -0.907515351937695591E+01    1
    0.281602940849581813E+02   -0.465657073986713299E+00   -0.908515351937695925E+01    1
    0.281613814148801787E+02   -0.455839405615688031E+00   -0.909515351937696437E+01    1
    0.283024676194183122E+02   -0.441632619489961020E+00   -0.910515351937696060E+01    1
    0.281631823300088051E+02   -0.439905318863281269E+00   -0.911515351937695506E+01    1
    0.283014571372240908E+02   -0.432845446563377867E+00   -0.912515351937696195E+01    1
    0.281650720683593896E+02   -0.423623332886742476E+00   -0.913515351937696529E+01    1
    0.282999784236900815E+02   -0.420217678401045069E+00   -0.914515351937696153E+01    1
    0.282994326012294621E+02   -0.415625915021613113E+00   -0.915515351937696131E+01    1
    0.282967374135942045E+02   -0.393501055066787508E+00   -0.916515351937695577E+01    1
    0.281704683752617875E+02   -0.379597894228726140E+00   -0.917515351937695733E+01    1
    0.282948413134907568E+02   -0.378482629328108444E+00   -0.918515351937696067E+01    1
    0.281706593705666322E+02   -0.378106687376929318E+00   -0.919515351937696046E+01    1
    0.281708862531012798E+02   -0.376341242899490169E+00   -0.920515351937696202E+01    1
    0.281709418445202431E+02   -0.375909654707385743E+00   -0.921515351937696536E+01    1
    0.281713973328877358E+02   -0.372388055465524004E+00   -0.922515351937696337E+01    1
    0.281717962448201789E+02   -0.369325279860927946E+00   -0.923515351937695961E+01    1
    0.282928783702810591E+02   -0.363410472943647367E+00   -0.924515351937695584E+01    1
    0.281737498807598570E+02   -0.354614235849736115E+00   -0.925515351937695918E+01    1
    0.282907055855207403E+02   -0.347291401775328468E+00   -0.926515351937696607E+01    1
    0.281747596480632900E+02   -0.347198521153648076E+00   -0.927515351937695876E+01    1
    0.281755412270155716E+02   -0.341546542538456732E+00   -0.928515351937695499E+01    1
    0.282892235208437199E+02   -0.336636691230686125E+00   -0.929515351937696188E+01    1
    0.282889157112578786E+02   -0.334458416370118417E+00   -0.930515351937696522E+01    1
    0.282888285692591417E+02   -0.333843900307080999E+00   -0.931515351937695790E+01    1
    0.282882467185550439E+02   -0.329765196350917389E+00   -0.932515351937696657E+01    1
    0.281782616173520672E+02   -0.322472348667036335E+00   -0.933515351937696458E+01    1
    0.282867800031650205E+02   -0.319672388613522707E+00   -0.934515351937696082E+01    1
    0.282863461539247893E+02   -0.316738753715022303E+00   -0.935515351937695883E+01    1
    0.282857593401558383E+02   -0.312808404798725848E+00   -0.936515351937696394E+01    1
    0.282854390729808642E+02   -0.310681569887156506E+00   -0.937515351937696728E+01    1
    0.281809312161210350E+02   -0.304657915065828844E+00   -0.938515351937696352E+01    1
    0.281818487263169501E+02   -0.298741987429690548E+00   -0.939515351937695797E+01    1
    0.282821472290922244E+02   -0.289567765497979912E+00   -0.940515351937695776E+01    1
    0.281834801642758563E+02   -0.288483941686142942E+00   -0.941515351937695755E+01    1
    0.282819148679705350E+02   -0.288128833020507347E+00   -0.942515351937696089E+01    1
    0.282810845379125553E+02   -0.283042298155503580E+00   -0.943515351937695712E+01    1
    0.281847260129398407E+02   -0.280875494203137011E+00   -0.944515351937694980E+01    1
    0.281851300429952616E+02   -0.278449928866137231E+00   -0.945515351937695137E+01    1
    0.281856230771132346E+02   -0.275517809311561501E+00   -0.946515351937695826E+01    1
    0.282798047111965900E+02   -0.275371782179277325E+00   -0.947515351937695982E+01    1
    0.281860407774380803E+02   -0.273057596695708615E+00   -0.948515351937695605E+01    1
    0.282787637943293362E+02   -0.269284854305348043E+00   -0.949515351937695584E+01    1
    0.282785440745702559E+02   -0.268017402560761508E+00   -0.950515351937695741E+01    1
    0.281879831566717414E+02   -0.261905064236624963E+00   -0.951515351937695897E+01    1
    0.281882101869661170E+02   -0.260632457700603504E+00   -0.952515351937695876E+01    1
    0.281886138092318959E+02   -0.258385959410429356E+00   -0.953515351937695854E+01    1
    0.281894975897356801E+02   -0.253538427951789547E+00   -0.954515351937695833E+01    1
    0.281899690628051758E+02   -0.250992527476804006E+00   -0.955515351937695989E+01    1
    0.281902723854713422E+02   -0.249369378641041251E+00   -0.956515351937696323E+01    1
    0.281905607406706515E+02   -0.247837038609606486E+00   -0.957515351937696302E+01    1
    0.281911573216654006E+02   -0.244699919023278756E+00   -0.958515351937695215E+01    1
    0.282741425237065407E+02   -0.243904483944266975E+00   -0.959515351937695371E+01    1
    0.281914094603124745E+02   -0.243387487439372607E+00   -0.960515351937695527E+01    1
    0.282733827539680966E+02   -0.239988517967121950E+00   -0.961515351937695861E+01    1
    0.281929887641769490E+02   -0.235348540267078743E+00   -0.962515351937695662E+01    1
    0.281929969885152687E+02   -0.235307496808465993E+00   -0.963515351937695286E+01    1
    0.282722730164476665E+02   -0.234399054311405119E+00   -0.964515351937695797E+01    1
    0.282721163501623636E+02   -0.233622425996832805E+00   -0.965515351937696309E+01    1
    0.282717911024351203E+02   -0.232019946702984758E+00   -0.966515351937695755E+01    1
    0.282707620371088915E+02   -0.227037315773518406E+00   -0.967515351937695556E+01    1
    0.281948218711559058E+02   -0.226410520497176498E+00   -0.968515351937696067E+01    1
    0.282703042142656358E+02   -0.224863333294980733E+00   -0.969515351937696224E+01    1
    0.281951535603714945E+02   -0.224838334533437489E+00   -0.970515351937696025E+01    1
    0.282700939177689250E+02   -0.223873559020130897E+00   -0.971515351937696003E+01    1
    0.281958438853441073E+02   -0.221610544273750321E+00   -0.972515351937696160E+01    1
    0.281968325457626108E+02   -0.217092054799853995E+00   -0.973515351937696316E+01    1
    0.282685905951043601E+02   -0.216959851913878232E+00   -0.974515351937696295E+01    1
    0.282684218534538338E+02   -0.216201536094231872E+00   -0.975515351937696273E+01    1
    0.281973770832227046E+02   -0.214655777571164441E+00   -0.976515351937695542E+01    1
    0.281980466842651367E+02   -0.211711017494877529E+00   -0.977515351937695698E+01    1
    0.281986161529058883E+02   -0.209250930181550304E+00   -0.978515351937696209E+01    1
