    0.319546378662927146E-98    0.456201012739019347E+03    0.297103734327869873E+02
    0.555703674007926158E-97    0.450469177016347089E+03    0.297081198455231998E+02
    0.145444428271619111E-94    0.439314548687145873E+03    0.290117171233691842E+02
    0.502351163422113322E-93    0.432210367848183637E+03    0.297008423710154972E+02
    0.192929366925949459E-92    0.429499148175039352E+03    0.290156606760208575E+02
    0.104838404112804580E-90    0.421488615785512934E+03    0.290189130996954745E+02
    0.109428457336197259E-88    0.412172573769842643E+03    0.296926739233721477E+02
    0.345556332153129934E-85    0.396037293817562556E+03    0.296859486312826668E+02
    0.670112043030843811E-83    0.385482374942416129E+03    0.296814736990053660E+02
    0.883506487828511225E-82    0.380304297339926791E+03    0.296792555982303270E+02
    0.457243493082975954E-79    0.367786151938832006E+03    0.290415802317352174E+02
    0.206849484136918260E-78    0.364747431068082051E+03    0.296724975999684943E+02
    0.175479189267563268E-77    0.360451202767698305E+03    0.296706055730859646E+02
    0.988554072331433160E-76    0.352368586809091596E+03    0.290483945416992277E+02
    0.189723513945201182E-75    0.351044767662964716E+03    0.296664225646857318E+02
    0.411203592353728634E-75    0.349477726407384523E+03    0.290496890376435886E+02
    0.216500119755446268E-65    0.304689019247076146E+03    0.290704894065856934E+02
    0.925543799577906974E-62    0.287947927977867437E+03    0.296367472712800648E+02
    0.411829811228279300E-60    0.280337130149375014E+03    0.290824575604652971E+02
    0.152231438435068439E-59    0.277702376364083932E+03    0.290837838025852591E+02
    0.552757143127159827E-59    0.275103342847231147E+03    0.296303108386286738E+02
    0.190325752964210969E-58    0.272610535959556557E+03    0.296290440007251874E+02
    0.237952976242552577E-55    0.258328353437691078E+03    0.290937405706086807E+02
    0.136832396155041973E-54    0.254809815820075187E+03    0.296198198156658030E+02
    0.161122180907603416E-53    0.249857833286790282E+03    0.290982137747729190E+02
    0.220152412264633389E-53    0.249213519037369622E+03    0.290985571912103751E+02
    0.733754587033407066E-53    0.246785809971157022E+03    0.290998552569808204E+02
    0.330993588278459815E-52    0.243752791021542606E+03    0.296139230100280031E+02
    0.704531382403621560E-52    0.242221923278427681E+03    0.291023133694172813E+02
    0.231166509739453452E-51    0.239825542299937979E+03    0.296117956416052408E+02
    0.122743764827132412E-50    0.236466450719067723E+03    0.291054474187446672E+02
    0.194722112437239559E-50    0.235523501702886762E+03    0.291059646061987110E+02
    0.171249349028759058E-46    0.217339726562786666E+03    0.295992547276250235E+02
    0.174495236370255592E-44    0.208071832657432708E+03    0.295938920765346012E+02
    0.333972681784699612E-44    0.206753509145361164E+03    0.291222898892345015E+02
    0.166024403000107684E-43    0.203526187789354850E+03    0.291241923903330822E+02
    0.319205272769834690E-43    0.202198788588225341E+03    0.291249794040620813E+02
    0.273097065229642541E-42    0.197885632605953361E+03    0.291275552491110652E+02
    0.423368362017447627E-42    0.196988801905951760E+03    0.291280944711613863E+02
    0.318378426591619495E-40    0.188328465406554272E+03    0.295820410228157655E+02
    0.196894436791353191E-39    0.184664441150024402E+03    0.295797721077076829E+02
    0.671239605954125324E-38    0.177586354104386146E+03    0.291400871389956109E+02
    0.114632205234402412E-35    0.167285638293026267E+03    0.295686783546612020E+02
    0.125550595666677537E-35    0.167083678208503756E+03    0.291468632221221924E+02
    0.255441954665487101E-35    0.165643105467547258E+03    0.291478097057489514E+02
    0.251802599760677952E-32    0.151836294418116182E+03    0.295583017984737957E+02
    0.298053695823664419E-32    0.151479037995437068E+03    0.295580554897366383E+02
    0.222488561327939646E-31    0.147438663743606298E+03    0.295552484971525828E+02
    0.401354757284624499E-31    0.146238723689223036E+03    0.295544071413552203E+02
    0.131235518950289358E-28    0.134638917439532577E+03    0.291693291084803867E+02
    0.154540173140764518E-27    0.129686826214965407E+03    0.291729983176284584E+02
    0.172520271211238842E-27    0.129446704893028908E+03    0.295422311364625259E+02
    0.566427702515270627E-26    0.122443865292728248E+03    0.295369090515564672E+02
    0.621680281190705764E-24    0.113027371936317707E+03    0.291859163312334928E+02
    0.219048442783634470E-23    0.110488467826185598E+03    0.291879713514039025E+02
    0.360803019984502065E-23    0.109470389319949476E+03    0.295266068048060646E+02
    0.136196020935720300E-21    0.102188522907918582E+03    0.295205389197988701E+02
    0.201299958743736833E-21    0.101387121009377609E+03    0.295198572526882117E+02
    0.254372872824023039E-21    0.100899110877172106E+03    0.295194407470981446E+02
    0.446258130383019927E-21    0.997549181602235961E+02    0.295184599734127460E+02
    0.557575826515733393E-21    0.992895162532248889E+02    0.291973498983420079E+02
    0.129281401507256512E-20    0.975875602076210811E+02    0.291988236517250961E+02
    0.270123006017986226E-19    0.914886180265972087E+02    0.292042210024572597E+02
    0.299874207951489477E-19    0.912596467330063206E+02    0.295109818889702566E+02
    0.575197342246091647E-19    0.899369465211493662E+02    0.295097844835346450E+02
    0.678357263950844713E-19    0.895870247185187338E+02    0.295094661283218507E+02
    0.787387706632324916E-19    0.892689313612354169E+02    0.295091761497187051E+02
    0.121838039957628738E-18    0.883758174639290957E+02    0.295083589903567969E+02
    0.129691725380734752E-18    0.882308821245198942E+02    0.295082259626160734E+02
    0.136223763196966394E-18    0.881126050041892910E+02    0.295081173157259542E+02
    0.323821055250884223E-18    0.863608205775847182E+02    0.292089103497540812E+02
    0.706905022020031364E-18    0.847794100719304282E+02    0.292103866550664186E+02
    0.847667092663446617E-18    0.843962267481942519E+02    0.292107466030112946E+02
    0.101948882000120441E-17    0.840070894592151234E+02    0.292111130484233357E+02
    0.377055817849171514E-16    0.767660758659425682E+02    0.294973020358625249E+02
    0.495852014355057171E-16    0.761983072867260063E+02    0.294967387498861768E+02
    0.593157864753130859E-16    0.758199411801941352E+02    0.294963621004377963E+02
    0.654067340841602427E-16    0.756044417072221080E+02    0.292192621038757387E+02
    0.751582711763638041E-16    0.753064998041029128E+02    0.292195598782604513E+02
    0.882773320633913747E-16    0.749647254295840213E+02    0.294955069716653639E+02
    0.924923102290947875E-16    0.748514411320337558E+02    0.294953933005508269E+02
    0.116907536501513001E-15    0.743629254767521246E+02    0.292205071864551584E+02
    0.117587508518033610E-15    0.743313265293661658E+02    0.292205390236608125E+02
    0.243632471010101409E-15    0.728543705020791350E+02    0.292220354514864233E+02
    0.809964066732536364E-15    0.704317123795945150E+02    0.292245264548640762E+02
    0.130753356147637756E-14    0.694538964207565641E+02    0.294898640699503289E+02
    0.238836908234431708E-14    0.682289601095114477E+02    0.294885767292003393E+02
    0.371234589736891500E-14    0.673268536025958042E+02    0.292277887159187628E+02
    0.606378305388756052E-14    0.663255138476256718E+02    0.292288584324924656E+02
    0.122925292808609197E-13    0.648921981862552286E+02    0.292304052638256380E+02
    0.316803736762751245E-13    0.629787868664506973E+02    0.294829092308497742E+02
    0.392268124743603703E-13    0.625314605815308084E+02    0.294824144408103876E+02
    0.442028733613264828E-13    0.622726020005869216E+02    0.292332820073823356E+02
    0.769789005815578264E-13    0.611431188591130592E+02    0.294808661307302060E+02
    0.267222925361064003E-12    0.586340151178999847E+02    0.292373918376458306E+02
    0.846773603671958938E-12    0.563073148570411277E+02    0.292400951315388582E+02
    0.116338378913966888E-11    0.556520053961956904E+02    0.294745414285195260E+02
    0.150545132309014778E-11    0.551164855615196601E+02    0.292415030333017008E+02
    0.321605166179678133E-11    0.535783622025552049E+02    0.294720620381522949E+02
    0.354858878792438812E-11    0.533615710330633561E+02    0.292436095076668501E+02
    0.441638887593591335E-11    0.529040263013705214E+02    0.294712440900483372E+02
    0.708218661741710306E-11    0.519395056243316660E+02    0.294700638081291473E+02
    0.777007704856169474E-11    0.517341108719332752E+02    0.294698108621726220E+02
    0.115559749147746296E-10    0.509202658092170495E+02    0.292466062834516833E+02
    0.225531072577160452E-10    0.495629253317342773E+02    0.292483079638346339E+02
    0.535344883401899250E-10    0.478140188567489659E+02    0.294648688481274554E+02
    0.968368663237016478E-10    0.466086154884559463E+02    0.294633027263990215E+02
    0.143142073584282086E-09    0.458069957156888705E+02    0.294622482326705040E+02
    0.218107836995347286E-09    0.449446918217158782E+02    0.292543073182678413E+02
    0.293612141327195734E-09    0.443301517345544838E+02    0.292551320914513404E+02
    0.314677513737457002E-09    0.441715743359006083E+02    0.294600632279502719E+02
    0.333969833964150644E-09    0.440325696900632195E+02    0.294598753561703717E+02
    0.361710770625280562E-09    0.438529812003118025E+02    0.292557771039590548E+02
    0.474198211411920134E-09    0.432914202292674872E+02    0.294588677660414646E+02
    0.574695582067993664E-09    0.428869900766870131E+02    0.292570955353815805E+02
    0.610267447799686456E-09    0.427468764327198087E+02    0.294581210177865245E+02
    0.994791138758306512E-09    0.417496054242565506E+02    0.292586703901828606E+02
    0.102916814654750209E-08    0.416616587724977165E+02    0.294566160165712283E+02
    0.229871928968642538E-08    0.400344562003968605E+02    0.292610937667294664E+02
    0.227919991824833111E-08    0.400315115382834463E+02    0.292610979795887367E+02
    0.231274257334060415E-08    0.399822923119836133E+02    0.292611684236042819E+02
    0.301465227996060134E-08    0.394321914879524442E+02    0.294534499536752108E+02
    0.507376031742960474E-08    0.383709960296277544E+02    0.292635036446416734E+02
    0.611114429369351936E-08    0.379789323994321393E+02    0.292640806651502778E+02
    0.795000553519467571E-08    0.374328152251155970E+02    0.292648903926772057E+02
    0.187183678215090392E-07    0.357001499184967912E+02    0.292675075186959788E+02
    0.292675019483278448E-07    0.347862049710666952E+02    0.294464901533623049E+02
    0.319805583048850807E-07    0.345889041445648218E+02    0.294461824744622547E+02
    0.367687391885817307E-07    0.342898644637646939E+02    0.292696951352792816E+02
    0.565161413916062576E-07    0.334101079035528770E+02    0.294443214432732532E+02
    0.617992134006749346E-07    0.332113792024729548E+02    0.294440037460678745E+02
    0.880361080080766606E-07    0.324836663777608337E+02    0.292725789546966553E+02
    0.151825196993835239E-06    0.313737007963719883E+02    0.292744006635603284E+02
    0.177902991887898630E-06    0.310366836502742949E+02    0.292749617235262818E+02
    0.205482042730998361E-06    0.307284431813214063E+02    0.292754782284789457E+02
    0.253694168570554216E-06    0.302869015133310882E+02    0.294391854202262877E+02
    0.273636995902299265E-06    0.301155556838528291E+02    0.292765149784507130E+02
    0.436901068722611865E-06    0.291597469107421006E+02    0.292781587716097249E+02
    0.563781543449253962E-06    0.286298267906395729E+02    0.292790849326063025E+02
    0.894395084572282058E-06    0.276868652617426001E+02    0.292807605446428241E+02
    0.153073113256742703E-05    0.265921589456118284E+02    0.294326564500236927E+02
    0.240294888476827348E-05    0.256702565467768160E+02    0.294309366742851566E+02
    0.339800210579962475E-05    0.249572746310512876E+02    0.292858308056301659E+02
    0.514404071594693180E-05    0.241079721127156645E+02    0.292874830349886643E+02
    0.524498947787330835E-05    0.240491034455430430E+02    0.294278102236677768E+02
    0.553895722861611831E-05    0.239200374026633007E+02    0.294275553015997815E+02
    0.631826233303123241E-05    0.236367614708878371E+02    0.294269925069107927E+02
    0.806395546875149020E-05    0.231288415388140756E+02    0.294259717870896971E+02
    0.804656988696055780E-05    0.231131581177352246E+02    0.294259400265548905E+02
    0.833957046298176662E-05    0.230216264933756989E+02    0.294257543699278585E+02
    0.206524154437237694E-04    0.211879853505713704E+02    0.294219221559996278E+02
    0.206942422077443110E-04    0.211639389022571081E+02    0.292935388447587357E+02
    0.209391887178524013E-04    0.211204049939574610E+02    0.292936326873208088E+02
    0.216946863100355996E-04    0.210295151968742253E+02    0.294215801689706069E+02
    0.229594781908794667E-04    0.208961882283550864E+02    0.294212910175713915E+02
    0.242355499973123022E-04    0.207680087902269399E+02    0.292943974398942721E+02
    0.273617431229570681E-04    0.205053583142665126E+02    0.294204357301428985E+02
    0.292350974016731668E-04    0.203529100103804055E+02    0.294200989357385225E+02
    0.323107856549034603E-04    0.201328477255975926E+02    0.292957996899951922E+02
    0.353077901244474904E-04    0.199354426709764212E+02    0.294191672056251718E+02
    0.356504518063487888E-04    0.198961262766454006E+02    0.294190787280111863E+02
    0.407179338465873627E-04    0.196103126560877001E+02    0.294184316583797667E+02
    0.462113211786219420E-04    0.193372002865354133E+02    0.292976023893223072E+02
    0.543359889084229307E-04    0.189932763438662846E+02    0.294170106466468795E+02
    0.584582259512029942E-04    0.188270250912800883E+02    0.292987873092845703E+02
    0.618568679354091432E-04    0.186940036480349434E+02    0.292991001990974205E+02
    0.623160984571980873E-04    0.186592103277540815E+02    0.292991823151042112E+02
    0.689021047618402469E-04    0.184382764657443943E+02    0.294157027685911387E+02
    0.776529156427641055E-04    0.181791517221608174E+02    0.293003273011236374E+02
    0.889922767333297104E-04    0.178865507416061575E+02    0.294143726953489519E+02
    0.901459624726480606E-04    0.178407895932332075E+02    0.293011482527205303E+02
    0.128790802985740202E-03    0.171072711055240418E+02    0.294124390075011775E+02
    0.150747429168090075E-03    0.167724383532840733E+02    0.293038223737933805E+02
    0.153940807717023020E-03    0.167105135908803142E+02    0.294114277697988697E+02
    0.153707548401909954E-03    0.166935463957716301E+02    0.294113840998212268E+02
    0.156333773390078632E-03    0.166396633277129027E+02    0.294112451800107522E+02
    0.158826762117451057E-03    0.165880217933813370E+02    0.293042975244030259E+02
    0.157822926130815058E-03    0.165807025492673716E+02    0.293043164697371026E+02
    0.168509651807265994E-03    0.164296638591706810E+02    0.294107002901830299E+02
    0.206983040180676379E-03    0.159983762001561622E+02    0.293058459554940498E+02
    0.217149988024931893E-03    0.158824733093165253E+02    0.294092534342422702E+02
    0.235880175473969229E-03    0.156970020268970192E+02    0.293066555094540959E+02
    0.263940842709598498E-03    0.154521999222030573E+02    0.293073226727595610E+02
    0.267421837580732202E-03    0.154059952616278792E+02    0.294079596358532527E+02
    0.322554540749349231E-03    0.150111054359060887E+02    0.294068615783824718E+02
    0.327700408649309646E-03    0.149594503115319384E+02    0.293086931013652858E+02
    0.349525670867901431E-03    0.148104958985004611E+02    0.293091149788594052E+02
    0.377756927440300156E-03    0.146351480376349272E+02    0.293096163521400506E+02
    0.391385557795364701E-03    0.145442636060958908E+02    0.293098782866571810E+02
    0.411963586978914150E-03    0.144217799883360467E+02    0.293102335783315446E+02
    0.479286250764401857E-03    0.140990538776262557E+02    0.294042265138499523E+02
    0.500289368692304450E-03    0.139932765801793249E+02    0.293114980421260611E+02
    0.515154375862085035E-03    0.139147166875841322E+02    0.294036755887457488E+02
    0.532872195850692641E-03    0.138270866914465600E+02    0.293119978625944562E+02
    0.530383009743957425E-03    0.138164511060901365E+02    0.293120300356147538E+02
    0.575622454683861117E-03    0.136327459466464038E+02    0.294028198537987961E+02
    0.655145289463587095E-03    0.133539358629598119E+02    0.293134517811344466E+02
    0.700425276347990244E-03    0.132002745405709163E+02    0.293139343461270414E+02
    0.877253318276891535E-03    0.127300583228932211E+02    0.293999639723699744E+02
    0.990379542461324340E-03    0.124674734252205148E+02    0.293163129860919156E+02
    0.103295718304356591E-02    0.123632878787339067E+02    0.293987468652222859E+02
    0.103016709518464859E-02    0.123486973241837354E+02    0.293986976999208807E+02
    0.109485899156142800E-02    0.122068881987278033E+02    0.293171924820801664E+02
    0.113380761642717051E-02    0.121169762780281829E+02    0.293175004062130391E+02
    0.117846015067617064E-02    0.120197221005697585E+02    0.293178361530060627E+02
    0.120740645087073751E-02    0.119511900987320683E+02    0.293180744517327838E+02
    0.128142689293119861E-02    0.118121909247201344E+02    0.293185622331653661E+02
    0.130861667140724845E-02    0.117501981525157273E+02    0.293966274728186150E+02
    0.143030803091687619E-02    0.115523597043992670E+02    0.293959184873505066E+02
    0.147945155191615526E-02    0.114647964668863871E+02    0.293198087682925284E+02
    0.151990884546261544E-02    0.113908386330818274E+02    0.293953297461484908E+02
    0.151061218926652882E-02    0.113831093749802523E+02    0.293953013420104980E+02
    0.150764818378370407E-02    0.113670374740429896E+02    0.293201670137428678E+02
    0.149405770542394541E-02    0.113651479375279241E+02    0.293952352527646497E+02
    0.157739267782489988E-02    0.112365927989322287E+02    0.293206504322644186E+02
    0.156831996834146613E-02    0.112281294339153259E+02    0.293206820149374643E+02
    0.156520209082694527E-02    0.112121094646725155E+02    0.293946673541328316E+02
    0.165575968382280711E-02    0.110796195050851196E+02    0.293941685651164022E+02
    0.167598508012878561E-02    0.110353371591226086E+02    0.293214088988720576E+02
    0.178744389076817179E-02    0.108865661483942553E+02    0.293219799179662566E+02
    0.179010546247806253E-02    0.108635902876156702E+02    0.293220689205251048E+02
    0.177633932913041025E-02    0.108590299789824893E+02    0.293220866124366388E+02
    0.180790249665547620E-02    0.108038046956713121E+02    0.293223015630865369E+02
    0.198345933770331315E-02    0.105984544380478738E+02    0.293922966715457079E+02
    0.196771646095459827E-02    0.105943919319566575E+02    0.293231287889423022E+02
    0.199397001909013688E-02    0.105478840872908943E+02    0.293920940192923723E+02
    0.202611913687148881E-02    0.104958949428577650E+02    0.293918844289192336E+02
    0.200816347082416382E-02    0.104936981424431259E+02    0.293235336801743571E+02
    0.199685692948516460E-02    0.104849905407294415E+02    0.293235689191779691E+02
    0.198313041915535804E-02    0.104787861270491351E+02    0.293918151743675438E+02
    0.196781935201550268E-02    0.104742873555372551E+02    0.293236122840587008E+02
    0.199281517028356654E-02    0.104290427640532499E+02    0.293237962091501316E+02
    0.210803075427539680E-02    0.102966309192460841E+02    0.293910689190551651E+02
    0.213581188457665589E-02    0.102504456626184215E+02    0.293245321855228198E+02
    0.222319472141230615E-02    0.101502489087737242E+02    0.293249523248044781E+02
    0.220737862614684343E-02    0.101445280200379742E+02    0.293904327484768828E+02
    0.224307704375162299E-02    0.100924421520655567E+02    0.293251971867733090E+02
    0.224083980403091357E-02    0.100744379427836463E+02    0.293901353966918002E+02
    0.222062703031324082E-02    0.100725601548391861E+02    0.293901273928114932E+02
    0.222899527254885555E-02    0.100450374919865535E+02    0.293900098527228266E+02
    0.236528727178870113E-02    0.990634039391282784E+01    0.293259983308523360E+02
    0.245118303089125397E-02    0.981499780349270345E+01    0.293263990490106927E+02
    0.246419892109022874E-02    0.978440581227157757E+01    0.293888748175052221E+02
    0.251399570780207627E-02    0.972439255332404606E+01    0.293886075591419029E+02
    0.252467042176111357E-02    0.969591830267515320E+01    0.293884799423085106E+02
    0.262706582915536724E-02    0.959640422087970535E+01    0.293880297188504471E+02
    0.272824159561942895E-02    0.950082476401296994E+01    0.293875909117135663E+02
    0.273003741180229782E-02    0.947950873290115581E+01    0.293874921678437246E+02
    0.293292658289749479E-02    0.931613784246112253E+01    0.293867242189017333E+02
    0.295639423939177918E-02    0.928019863220998609E+01    0.293288566863392610E+02
    0.295511113453454568E-02    0.926106684076006381E+01    0.293864607280846677E+02
    0.312698501417904041E-02    0.912800078688357885E+01    0.293858138726154863E+02
    0.313481255701261253E-02    0.910300059527935268E+01    0.293297185501946345E+02
    0.310622560824014900E-02    0.910132264231297228E+01    0.293297268383942296E+02
    0.314236702000016610E-02    0.905818667110076170E+01    0.293299407566323609E+02
    0.335733217558905565E-02    0.890584603255398299E+01    0.293846994246223367E+02
    0.351357181641094845E-02    0.879487309587034538E+01    0.293841251242443064E+02
    0.358606362649190567E-02    0.873402912291742872E+01    0.293316043393247625E+02
    0.369667062381320811E-02    0.865327419270679599E+01    0.293320355448405365E+02
    0.398733236092493719E-02    0.848189450686115620E+01    0.293329755556858913E+02
    0.406789100519794767E-02    0.842188998979782077E+01    0.293333132390605869E+02
    0.414090261215074255E-02    0.836631178635596484E+01    0.293817789867886390E+02
    0.415338794975379701E-02    0.834029060976944869E+01    0.293337800970356426E+02
    0.411321799882295117E-02    0.833972797855692072E+01    0.293337833476696659E+02
    0.416197176909735480E-02    0.829616146915122066E+01    0.293813728131916179E+02
    0.419958868892065205E-02    0.825816618045211115E+01    0.293342593434280019E+02
    0.419234852164371459E-02    0.824161719248505165E+01    0.293810521167632999E+02
    0.422479131112226888E-02    0.820619962747684895E+01    0.293345677277152816E+02
    0.422205082847740189E-02    0.818749738239909242E+01    0.293807295017006709E+02
    0.424507523546396003E-02    0.815662027318222727E+01    0.293805433977139145E+02
    0.428966927217290864E-02    0.811572008455178917E+01    0.293802945217568023E+02
    0.432802099891275906E-02    0.807791857220709630E+01    0.293800620377286563E+02
    0.434747183897065976E-02    0.804895037961537163E+01    0.293355269941569610E+02
    0.452669121624284417E-02    0.794815684547908230E+01    0.293792449050821745E+02
    0.469720050549623114E-02    0.785420597077029736E+01    0.293786333774397939E+02
    0.468050931284401135E-02    0.784132549594278849E+01    0.293785481397925388E+02
    0.473635530130558056E-02    0.779760352670431622E+01    0.293371530551605346E+02
    0.470918372562587582E-02    0.778911018632524232E+01    0.293781989693268386E+02
    0.474916537444670071E-02    0.775220157509123009E+01    0.293374607006034189E+02
    0.478201180506425232E-02    0.771841668366308298E+01    0.293376926972302776E+02
    0.475577623766417542E-02    0.770941950043858704E+01    0.293377549346628967E+02
    0.478667908126378244E-02    0.767646562196611004E+01    0.293379845681785270E+02
    0.475087676942606649E-02    0.767148099092034208E+01    0.293773896885741337E+02
    0.470615004602831233E-02    0.767039901145927150E+01    0.293773820901481351E+02
    0.468820012745744825E-02    0.765804187768567157E+01    0.293772951005683609E+02
    0.477041568375884736E-02    0.760327246593005768E+01    0.293385044240371968E+02
    0.501988795067292298E-02    0.748132413327798496E+01    0.293760058920018956E+02
    0.498961703843532785E-02    0.747342103699334803E+01    0.293759461081856514E+02
    0.494566471406212693E-02    0.747111660404233202E+01    0.293759286391260943E+02
    0.495039489454975751E-02    0.744920465887021699E+01    0.293757616883877795E+02
    0.495834105186152441E-02    0.742599692014021251E+01    0.293755831648551222E+02
    0.498540175736028775E-02    0.739511137218457026E+01    0.293400664463568930E+02
    0.498882319102055948E-02    0.737373926204581576E+01    0.293751744997243058E+02
    0.496233619854807243E-02    0.736438608378231141E+01    0.293751003431373867E+02
    0.493363647216581158E-02    0.735598668447127668E+01    0.293750334781279143E+02
    0.490403851974907743E-02    0.734802125229229830E+01    0.293749698285651419E+02
    0.488505933658299647E-02    0.733577649479797333E+01    0.293405377006684631E+02
    0.485346914764222138E-02    0.732875188416811252E+01    0.293748148731954402E+02
    0.480737776535220679E-02    0.732783581435332110E+01    0.293748074716266174E+02
    0.478718121373510747E-02    0.731625582886016712E+01    0.293747136311347106E+02
    0.476176737177663994E-02    0.730690156717780859E+01    0.293746374474724448E+02
    0.472422261433078083E-02    0.730273331633638723E+01    0.293408058350678758E+02
    0.468985633291176332E-02    0.729733546032571034E+01    0.293408500421998895E+02
    0.464999008333977660E-02    0.729440918505710201E+01    0.293745351683268296E+02
    0.460961147685497088E-02    0.729185220878598273E+01    0.293408950677331717E+02
    0.463802467261104946E-02    0.725956224205045153E+01    0.293742465231757777E+02
    0.463626290273654301E-02    0.724032209336253274E+01    0.293413242512071548E+02
    0.459976633745464662E-02    0.723612834702215579E+01    0.293413596759290272E+02
    0.465238353939434208E-02    0.719338000424608737E+01    0.293736839722656953E+02
    0.463376177167150894E-02    0.718140132722158153E+01    0.293418292017494977E+02
    0.460472845103336841E-02    0.717397195965989720E+01    0.293418940162577719E+02
    0.457262654112159436E-02    0.716796380845264025E+01    0.293419466269093725E+02
    0.454693863166340684E-02    0.715923100240781540E+01    0.293420234108511835E+02
    0.450605238499774546E-02    0.715729642391634613E+01    0.293420404717236103E+02
    0.447118531384200178E-02    0.715283227030934654E+01    0.293733293127663586E+02
    0.455333807582596149E-02    0.709641814498683043E+01    0.293728220396734230E+02
    0.459199577809436908E-02    0.705950987979627076E+01    0.293429284830260642E+02
    0.458332248546853682E-02    0.704329102175126742E+01    0.293430809811055013E+02
    0.455390913612082043E-02    0.703616732922117016E+01    0.293722607578454884E+02
    0.453410972869545351E-02    0.702488185283533717E+01    0.293432560237571920E+02
    0.452652819734245156E-02    0.700822887240915193E+01    0.293719930095924049E+02
    0.448521191897045379E-02    0.700656786901878359E+01    0.293434322913735457E+02
    0.444692036392047799E-02    0.700371575192624629E+01    0.293719492859530504E+02
    0.447929878155563840E-02    0.696920633461715511E+01    0.293437988138334518E+02
    0.443821358562290769E-02    0.696763545921886429E+01    0.293438144362324920E+02
    0.441245229103790718E-02    0.695927813907769899E+01    0.293715113773547323E+02
    0.440230376546423864E-02    0.694388338509591474E+01    0.293440528298443510E+02
    0.435941751015113572E-02    0.694346245932754957E+01    0.293440570921231512E+02
    0.435856538752317328E-02    0.692385343170759171E+01    0.293442571497317424E+02
    0.439332692221536432E-02    0.688796579677710419E+01    0.293707780115179524E+02
    0.439621685550968099E-02    0.686665062799404158E+01    0.293448585397693869E+02
    0.441520807972453286E-02    0.683802943277934716E+01    0.293702389559850516E+02
    0.438978961678528502E-02    0.682957675371049788E+01    0.293452638251782538E+02
    0.435291616210021874E-02    0.682644735384708135E+01    0.293452986412059467E+02
    0.431467136237364234E-02    0.682409703910040921E+01    0.293700843706145029E+02
    0.431247510673418277E-02    0.680511533904223942E+01    0.293455386239306932E+02
    0.427486637107572266E-02    0.680263367167634847E+01    0.293698423740431842E+02
    0.425165622824373677E-02    0.679352214344900496E+01    0.293456710531476546E+02
    0.421142015611311420E-02    0.679253951891170704E+01    0.293697268798074873E+02
    0.417290133434201037E-02    0.679091624399971661E+01    0.293457010214798899E+02
    0.413677429966486949E-02    0.678830670008459958E+01    0.293696781176593333E+02
    0.409682932696990749E-02    0.678771267972647951E+01    0.293457379659127184E+02
    0.406815532292719925E-02    0.678176004081834627E+01    0.293696023064565424E+02
    0.403363147762472209E-02    0.677880519647112312E+01    0.293695679302805459E+02
    0.401274648935916189E-02    0.676918752514238431E+01    0.293459538810374880E+02
    0.397929571682855820E-02    0.676592966288659703E+01    0.293694169608041591E+02
    0.394316219565991628E-02    0.676417338074192998E+01    0.293460130077657162E+02
    0.390495288962964702E-02    0.676364792081378230E+01    0.293460192213014750E+02
    0.389707130728402917E-02    0.674768871065381504E+01    0.293462095381074022E+02
    0.386543165512369825E-02    0.674399264124421105E+01    0.293691551589523385E+02
    0.387048876099898307E-02    0.672137777122299696E+01    0.293465303762118666E+02
    0.384335825984357922E-02    0.671544629653961334E+01    0.293466039859961754E+02
    0.380961531827070463E-02    0.671308292360485304E+01    0.293687757726689256E+02
    0.382121250728284989E-02    0.668700379394496558E+01    0.293684452590675136E+02
    0.381321578703010472E-02    0.667119361556305090E+01    0.293682398416768251E+02
    0.382655963821867257E-02    0.664420709356978634E+01    0.293678796369712600E+02
    0.379075261690089245E-02    0.664301020094641448E+01    0.293475458589799345E+02
    0.376003336922420359E-02    0.663928369470869395E+01    0.293475966874661616E+02
    0.372270245330962642E-02    0.663923961806118257E+01    0.293475972901886522E+02
    0.368652365418593690E-02    0.663877152929783865E+01    0.293476036932489812E+02
    0.367654340156190092E-02    0.662419332359118052E+01    0.293478051836785738E+02
    0.364678206084308090E-02    0.662044905588825383E+01    0.293478575999294051E+02
    0.362924747607324500E-02    0.661008871918320384E+01    0.293674051136171954E+02
    0.359718362118318681E-02    0.660783693535063055E+01    0.293673729762414624E+02
    0.358730069848406212E-02    0.659333930879487973E+01    0.293671634524675653E+02
    0.355752605937387960E-02    0.659000860672492728E+01    0.293671146572297772E+02
    0.352257834918592513E-02    0.658975294494575348E+01    0.293482983232586179E+02
    0.351366228012269487E-02    0.657482160265953119E+01    0.293485203444070990E+02
    0.348927172945419535E-02    0.656875327716056301E+01    0.293486121264460849E+02
    0.347430579711276470E-02    0.655734998213105680E+01    0.293487871537823608E+02
    0.344399552968099789E-02    0.655487478189568229E+01    0.293665836235965472E+02
    0.341431479753188634E-02    0.655218570311800086E+01    0.293665416646878654E+02
    0.338473569316607428E-02    0.654958771595458966E+01    0.293489082875143765E+02
    0.336293180656616368E-02    0.654251304903554587E+01    0.293490201625587801E+02
    0.333282036005676848E-02    0.654050155802013489E+01    0.293490522353223469E+02
    0.330523920688257375E-02    0.653712166310864440E+01    0.293491063963710630E+02
    0.327770949536989329E-02    0.653384965127784323E+01    0.293662500688926329E+02
    0.325898048882085215E-02    0.652531053306735842E+01    0.293492984035212601E+02
    0.322743615148090007E-02    0.652476323724498375E+01    0.293493074070446838E+02
    0.319582518893693273E-02    0.652444869986117038E+01    0.293493125858470947E+02
    0.317671180164136226E-02    0.651644608466346487E+01    0.293494454397500348E+02
    0.314638613479529140E-02    0.651563028814639011E+01    0.293494591032698509E+02
    0.311972683257603998E-02    0.651264847036725847E+01    0.293495092385980669E+02
    0.308897428747811507E-02    0.651246117901392196E+01    0.293658968266520475E+02
    0.305924197284153376E-02    0.651180503105552777E+01    0.293495234756598435E+02
    0.304111883943768537E-02    0.650368838502690139E+01    0.293496617708737055E+02
    0.301559464100793978E-02    0.650054528249286445E+01    0.293497159675505799E+02
    0.299029890459978067E-02    0.649739265802150268E+01    0.293656385242396567E+02
    0.331244594533784079E-02    0.629273228021744391E+01    0.293551802635192871E+02
    0.318791975195880902E-02    0.636936884839142792E+01    0.293524551250789614E+02
    0.324899610220177708E-02    0.633141391180952340E+01    0.293535736115474428E+02
    0.312694109146993216E-02    0.640799554654791148E+01    0.293515211859718903E+02
    0.326602938483708770E-02    0.632095604239417064E+01    0.293614694867820241E+02
    0.321211016184113490E-02    0.635424984088240663E+01    0.293528695587687487E+02
    0.318511902263750833E-02    0.637112670965708805E+01    0.293630001806517384E+02
    0.330038916648312409E-02    0.630002524428540234E+01    0.293548083485921723E+02
    0.333837910617525721E-02    0.627713524251603605E+01    0.293591401680931590E+02
    0.325014049730348994E-02    0.633070957510508858E+01    0.293535972449920770E+02
    0.321106185968934648E-02    0.635490266609560717E+01    0.293528509328447242E+02
    0.325628850065232817E-02    0.632692992566571988E+01    0.293616827589471328E+02
    0.300924694265527213E-02    0.648472630120889004E+01    0.293654147080025467E+02
    0.308496937158027340E-02    0.643502256753245128E+01    0.293644652251915304E+02
    0.325315935058269031E-02    0.632885276175392963E+01    0.293536602107286093E+02
    0.316713031412455860E-02    0.638245419738375741E+01    0.293521212153259334E+02
    0.331587976644965188E-02    0.629066006978705072E+01    0.293552963946925161E+02
    0.317818423263606549E-02    0.637548595042792421E+01    0.293522964631531167E+02
    0.315623886552697259E-02    0.638934385323571785E+01    0.293519531914955500E+02
    0.323853740564218661E-02    0.633786240605311324E+01    0.293620460101395899E+02
    0.334867279146883103E-02    0.627097785442828837E+01    0.293571056773325196E+02
    0.300536359246335143E-02    0.648730891280700650E+01    0.293654608672941215E+02
    0.328222586940870925E-02    0.631106240387736772E+01    0.293543223993234719E+02
    0.329502191910273140E-02    0.630328038547102487E+01    0.293546569627491536E+02
    0.329336793317377453E-02    0.630428456767686995E+01    0.293607974678237547E+02
    0.321541373887380359E-02    0.635219394665339987E+01    0.293529286905829778E+02
    0.329191803126762956E-02    0.630516525953286600E+01    0.293545726469764006E+02
    0.322187826998789929E-02    0.634817701948693625E+01    0.293623628331651148E+02
    0.329517969916499030E-02    0.630318461901565730E+01    0.293607479155351854E+02
    0.330491500172145052E-02    0.629728451602742556E+01    0.293604669878927673E+02
    0.323812920336202705E-02    0.633811451245619928E+01    0.293533551955733003E+02
    0.330583693967762861E-02    0.629672667451691215E+01    0.293604389337556384E+02
    0.334392112300821833E-02    0.627381781114447268E+01    0.293587740874791230E+02
    0.335077236999126301E-02    0.626972427086095152E+01    0.293578150332369248E+02
    0.327655255567076229E-02    0.631452238668832067E+01    0.293541838433978377E+02
    0.335084398958598569E-02    0.626968152320672534E+01    0.293577240025037085E+02
    0.334170341390211496E-02    0.627514466351268485E+01    0.293589336612196945E+02
    0.326529006617281388E-02    0.632140882604560783E+01    0.293614860728158504E+02
    0.334321739412656504E-02    0.627423875584746860E+01    0.293588271717099119E+02
    0.329683275028639592E-02    0.630218155588813467E+01    0.293607020138592389E+02
    0.318319253996530559E-02    0.637233675267211908E+01    0.293630316695036697E+02
    0.322510587491595807E-02    0.634617446751834713E+01    0.293623030308025719E+02
    0.322771259621868313E-02    0.634455860216823098E+01    0.293622542030807203E+02
    0.331797833193339274E-02    0.628939470322501837E+01    0.293553701477848605E+02
    0.331960827723292145E-02    0.628841245143486294E+01    0.293554290466544856E+02
    0.301290002773572149E-02    0.648229986721683549E+01    0.293500381376738417E+02
    0.327538119428995213E-02    0.631523751076496254E+01    0.293612533439440213E+02
    0.312631912856489160E-02    0.640839339527654772E+01    0.293638969251574657E+02
    0.320790364249441597E-02    0.635687071995020503E+01    0.293626140151435671E+02
    0.326654396985365638E-02    0.632064095369041645E+01    0.293539513231104578E+02
    0.334026868125255130E-02    0.627600353131469380E+01    0.293563825004694365E+02
    0.305476104391293928E-02    0.645470328273348137E+01    0.293505529508457279E+02
    0.326699633604739552E-02    0.632036400356948036E+01    0.293539615357661106E+02
    0.334383289522073362E-02    0.627387058090080529E+01    0.293587808856823145E+02
    0.333699304615145886E-02    0.627796579398917398E+01    0.293561912017907005E+02
    0.321511642144445709E-02    0.635237888781510573E+01    0.293624858831933864E+02
    0.309443525090916452E-02    0.642889518969511720E+01    0.293510704517875567E+02
    0.316093534947001556E-02    0.638637006486232739E+01    0.293520251060010935E+02
    0.324672881628439982E-02    0.633281008300698467E+01    0.293618820652089383E+02
    0.308880911593053999E-02    0.643253479130068229E+01    0.293509950529195578E+02
    0.311071314698191251E-02    0.641840201056793092E+01    0.293512927921195370E+02
    0.311455690107265279E-02    0.641593223524924916E+01    0.293640629700358673E+02
    0.334499225588855099E-02    0.627317726890461014E+01    0.293586878269069338E+02
    0.312092472568954856E-02    0.641184733710554777E+01    0.293514356795128535E+02
    0.334845189847333361E-02    0.627110978746271819E+01    0.293570759680652706E+02
    0.332410569442295788E-02    0.628570467810433975E+01    0.293555999307254964E+02
    0.334132035520866592E-02    0.627537393619349437E+01    0.293564500447968300E+02
    0.335063422041688170E-02    0.626980673090723428E+01    0.293575175631832543E+02
    0.325904096867649399E-02    0.632524008437626950E+01    0.293537856168414457E+02
    0.331620636208673509E-02    0.629046309065800102E+01    0.293601014978862906E+02
    0.334434969025754940E-02    0.627356150139752522E+01    0.293566687913110229E+02
    0.307604671931825712E-02    0.644081554607269702E+01    0.293508265856599238E+02
    0.334722922675305748E-02    0.627184021157402150E+01    0.293584773385790143E+02
    0.316384615342928544E-02    0.638452917650060847E+01    0.293520700837623920E+02
    0.326993054162605986E-02    0.631856853861744305E+01    0.293540284324280449E+02
    0.322482223066718025E-02    0.634635037288926718E+01    0.293531009095479689E+02
    0.331828499558719202E-02    0.628920986206433152E+01    0.293600281071608649E+02
    0.306149691222835354E-02    0.645029805909054854E+01    0.293506386008397548E+02
    0.332458440101185936E-02    0.628541667756115885E+01    0.293597902948798115E+02
    0.324935805256916510E-02    0.633119111670839896E+01    0.293618281519388695E+02
    0.321827829645111516E-02    0.635041297376823710E+01    0.293529805133565560E+02
    0.300531753458177031E-02    0.648733956349740559E+01    0.293654614134678269E+02
    0.334151530587662631E-02    0.627525724880035618E+01    0.293589462577374221E+02
    0.334473064081049773E-02    0.627333369695535659E+01    0.293566996482492044E+02
    0.299421069022011693E-02    0.649474471712562096E+01    0.293498169647036846E+02
    0.321118710611844552E-02    0.635482465826390808E+01    0.293625560698037162E+02
    0.326611673198012008E-02    0.632090255483190688E+01    0.293614675226372377E+02
    0.318962850684938268E-02    0.636829711683433342E+01    0.293629258051647213E+02
    0.310041898904564678E-02    0.642503150556912939E+01    0.293511514420129700E+02
    0.306510884157065386E-02    0.644793986605126257E+01    0.293647243443348600E+02
    0.334716102400167475E-02    0.627188096375537452E+01    0.293569246307752323E+02
    0.303029407194099201E-02    0.647078668928314116E+01    0.293651606316606006E+02
    0.313352353255577859E-02    0.640378982450854295E+01    0.293637933039078334E+02
    0.319247075737053585E-02    0.636651572761339857E+01    0.293525307913748676E+02
    0.334592864448249880E-02    0.627261747236000744E+01    0.293568035209985609E+02
    0.306141434202487689E-02    0.645035200088395744E+01    0.293506375457813036E+02
    0.316974105504121183E-02    0.638080622890703086E+01    0.293521621605871097E+02
    0.328120385413259528E-02    0.631168525828576144E+01    0.293611121834273412E+02
    0.334357551546999058E-02    0.627402452977610370E+01    0.293588004775957820E+02
    0.334718588328563682E-02    0.627186610985891235E+01    0.293569272674019430E+02
