    0.293987468652222859E+02   -0.618164393936695333E+01
    0.293175004062130391E+02   -0.605848813901409144E+01
    0.293198087682925284E+02   -0.573239823344319355E+01
    0.293201670137428678E+02   -0.568351873702149479E+01
    0.293946673541328316E+02   -0.560605473233625773E+01
    0.293941685651164022E+02   -0.553980975254255981E+01
    0.293219799179662566E+02   -0.544328307419712765E+01
    0.293220689205251048E+02   -0.543179514380783512E+01
    0.293922966715457079E+02   -0.529922721902393690E+01
    0.293918844289192336E+02   -0.524794747142888252E+01
    0.293235689191779691E+02   -0.524249527036472074E+01
    0.293236122840587008E+02   -0.523714367776862755E+01
    0.293237962091501316E+02   -0.521452138202662496E+01
    0.293910689190551651E+02   -0.514831545962304205E+01
    0.293245321855228198E+02   -0.512522283130921075E+01
    0.293249523248044781E+02   -0.507512445438686211E+01
    0.293904327484768828E+02   -0.507226401001898708E+01
    0.293251971867733090E+02   -0.504622107603277836E+01
    0.293901353966918002E+02   -0.503721897139182317E+01
    0.293901273928114932E+02   -0.503628007741959305E+01
    0.293259983308523360E+02   -0.495317019695641392E+01
    0.293888748175052221E+02   -0.489220290613578879E+01
    0.293886075591419029E+02   -0.486219627666202303E+01
    0.293884799423085106E+02   -0.484795915133757660E+01
    0.293880297188504471E+02   -0.479820211043985267E+01
    0.293874921678437246E+02   -0.473975436645057790E+01
    0.293867242189017333E+02   -0.465806892123056127E+01
    0.293288566863392610E+02   -0.464009931610499304E+01
    0.293858138726154863E+02   -0.456400039344178943E+01
    0.293297185501946345E+02   -0.455150029763967634E+01
    0.293297268383942296E+02   -0.455066132115648614E+01
    0.293299407566323609E+02   -0.452909333555038085E+01
    0.293846994246223367E+02   -0.445292301627699150E+01
    0.293841251242443064E+02   -0.439743654793517269E+01
    0.293316043393247625E+02   -0.436701456145871436E+01
    0.293320355448405365E+02   -0.432663709635339799E+01
    0.293329755556858913E+02   -0.424094725343057810E+01
    0.293329755556858913E+02   -0.424094725343057810E+01
    0.293333132390605869E+02   -0.421094499489891039E+01
    0.293817789867886390E+02   -0.418315589317798242E+01
    0.293337800970356426E+02   -0.417014530488472435E+01
    0.293337833476696659E+02   -0.416986398927846036E+01
    0.293813728131916179E+02   -0.414808073457561033E+01
    0.293342593434280019E+02   -0.412908309022605557E+01
    0.293810521167632999E+02   -0.412080859624252582E+01
    0.293345677277152816E+02   -0.410309981373842447E+01
    0.293807295017006709E+02   -0.409374869119954621E+01
    0.293805433977139145E+02   -0.407831013659111363E+01
    0.293802945217568023E+02   -0.405786004227589459E+01
    0.293800620377286563E+02   -0.403895928610354815E+01
    0.293355269941569610E+02   -0.402447518980768582E+01
    0.293792449050821745E+02   -0.397407842273954115E+01
    0.293786333774397939E+02   -0.392710298538514868E+01
    0.293785481397925388E+02   -0.392066274797139425E+01
    0.293785481397925388E+02   -0.392066274797139425E+01
    0.293371530551605346E+02   -0.389880176335215811E+01
    0.293781989693268386E+02   -0.389455509316262116E+01
    0.293374607006034189E+02   -0.387610078754561505E+01
    0.293376926972302776E+02   -0.385920834183154149E+01
    0.293377549346628967E+02   -0.385470975021929352E+01
    0.293379845681785270E+02   -0.383823281098305502E+01
    0.293773896885741337E+02   -0.383574049546017104E+01
    0.293773820901481351E+02   -0.383519950572963575E+01
    0.293773820901481351E+02   -0.383519950572963575E+01
    0.293772951005683609E+02   -0.382902093884283579E+01
    0.293385044240371968E+02   -0.380163623296502884E+01
    0.293385044240371968E+02   -0.380163623296502884E+01
    0.293760058920018956E+02   -0.374066206663899248E+01
    0.293759461081856514E+02   -0.373671051849667402E+01
    0.293759461081856514E+02   -0.373671051849667402E+01
    0.293759286391260943E+02   -0.373555830202116601E+01
    0.293757616883877795E+02   -0.372460232943510849E+01
    0.293757616883877795E+02   -0.372460232943510849E+01
    0.293755831648551222E+02   -0.371299846007010625E+01
    0.293755831648551222E+02   -0.371299846007010625E+01
    0.293400664463568930E+02   -0.369755568609228513E+01
    0.293400664463568930E+02   -0.369755568609228513E+01
    0.293751744997243058E+02   -0.368686963102290788E+01
    0.293751003431373867E+02   -0.368219304189115570E+01
    0.293750334781279143E+02   -0.367799334223563834E+01
    0.293750334781279143E+02   -0.367799334223563834E+01
    0.293749698285651419E+02   -0.367401062614614915E+01
    0.293749698285651419E+02   -0.367401062614614915E+01
    0.293405377006684631E+02   -0.366788824739898667E+01
    0.293405377006684631E+02   -0.366788824739898667E+01
    0.293748148731954402E+02   -0.366437594208405626E+01
    0.293748074716266174E+02   -0.366391790717666055E+01
    0.293748074716266174E+02   -0.366391790717666055E+01
    0.293747136311347106E+02   -0.365812791443008356E+01
    0.293746374474724448E+02   -0.365345078358890429E+01
    0.293746374474724448E+02   -0.365345078358890429E+01
    0.293408058350678758E+02   -0.365136665816819361E+01
    0.293408500421998895E+02   -0.364866773016285517E+01
    0.293408500421998895E+02   -0.364866773016285517E+01
    0.293745351683268296E+02   -0.364720459252855100E+01
    0.293745351683268296E+02   -0.364720459252855100E+01
    0.293408950677331717E+02   -0.364592610439299136E+01
    0.293742465231757777E+02   -0.362978112102522577E+01
    0.293413242512071548E+02   -0.362016104668126637E+01
    0.293413596759290272E+02   -0.361806417351107790E+01
    0.293736839722656953E+02   -0.359669000212304368E+01
    0.293418292017494977E+02   -0.359070066361079077E+01
    0.293418940162577719E+02   -0.358698597982994860E+01
    0.293419466269093725E+02   -0.358398190422632013E+01
    0.293420234108511835E+02   -0.357961550120390770E+01
    0.293420234108511835E+02   -0.357961550120390770E+01
    0.293420404717236103E+02   -0.357864821195817306E+01
    0.293420404717236103E+02   -0.357864821195817306E+01
    0.293733293127663586E+02   -0.357641613515467327E+01
    0.293733293127663586E+02   -0.357641613515467327E+01
    0.293728220396734230E+02   -0.354820907249341522E+01
    0.293429284830260642E+02   -0.352975493989813538E+01
    0.293429284830260642E+02   -0.352975493989813538E+01
    0.293430809811055013E+02   -0.352164551087563371E+01
    0.293722607578454884E+02   -0.351808366461058508E+01
    0.293722607578454884E+02   -0.351808366461058508E+01
    0.293432560237571920E+02   -0.351244092641766859E+01
    0.293719930095924049E+02   -0.350411443620457597E+01
    0.293434322913735457E+02   -0.350328393450939179E+01
    0.293719492859530504E+02   -0.350185787596312315E+01
    0.293437988138334518E+02   -0.348460316730857755E+01
    0.293437988138334518E+02   -0.348460316730857755E+01
    0.293438144362324920E+02   -0.348381772960943215E+01
    0.293438144362324920E+02   -0.348381772960943215E+01
    0.293715113773547323E+02   -0.347963906953884949E+01
    0.293440528298443510E+02   -0.347194169254795737E+01
    0.293440570921231512E+02   -0.347173122966377479E+01
    0.293440570921231512E+02   -0.347173122966377479E+01
    0.293442571497317424E+02   -0.346192671585379586E+01
    0.293707780115179524E+02   -0.344398289838855209E+01
    0.293448585397693869E+02   -0.343332531399702079E+01
    0.293702389559850516E+02   -0.341901471638967358E+01
    0.293452638251782538E+02   -0.341478837685524894E+01
    0.293452986412059467E+02   -0.341322367692354067E+01
    0.293700843706145029E+02   -0.341204851955020461E+01
    0.293455386239306932E+02   -0.340255766952111971E+01
    0.293698423740431842E+02   -0.340131683583817424E+01
    0.293456710531476546E+02   -0.339676107172450248E+01
    0.293697268798074873E+02   -0.339626975945585352E+01
    0.293457010214798899E+02   -0.339545812199985830E+01
    0.293696781176593333E+02   -0.339415335004229979E+01
    0.293696781176593333E+02   -0.339415335004229979E+01
    0.293457379659127184E+02   -0.339385633986323976E+01
    0.293696023064565424E+02   -0.339088002040917313E+01
    0.293696023064565424E+02   -0.339088002040917313E+01
    0.293695679302805459E+02   -0.338940259823556156E+01
    0.293459538810374880E+02   -0.338459376257119215E+01
    0.293694169608041591E+02   -0.338296483144329851E+01
    0.293460130077657162E+02   -0.338208669037096499E+01
    0.293460192213014750E+02   -0.338182396040689115E+01
    0.293462095381074022E+02   -0.337384435532690752E+01
    0.293691551589523385E+02   -0.337199632062210553E+01
    0.293465303762118666E+02   -0.336068888561149848E+01
    0.293466039859961754E+02   -0.335772314826980667E+01
    0.293687757726689256E+02   -0.335654146180242652E+01
    0.293687757726689256E+02   -0.335654146180242652E+01
    0.293684452590675136E+02   -0.334350189697248279E+01
    0.293682398416768251E+02   -0.333559680778152545E+01
    0.293678796369712600E+02   -0.332210354678489317E+01
    0.293475458589799345E+02   -0.332150510047320724E+01
    0.293475966874661616E+02   -0.331964184735434698E+01
    0.293475972901886522E+02   -0.331961980903059128E+01
    0.293476036932489812E+02   -0.331938576464891932E+01
    0.293478051836785738E+02   -0.331209666179559026E+01
    0.293478575999294051E+02   -0.331022452794412692E+01
    0.293674051136171954E+02   -0.330504435959160192E+01
    0.293673729762414624E+02   -0.330391846767531527E+01
    0.293671634524675653E+02   -0.329666965439743986E+01
    0.293671146572297772E+02   -0.329500430336246364E+01
    0.293482983232586179E+02   -0.329487647247287674E+01
    0.293485203444070990E+02   -0.328741080132976560E+01
    0.293486121264460849E+02   -0.328437663858028150E+01
    0.293487871537823608E+02   -0.327867499106552840E+01
    0.293665836235965472E+02   -0.327743739094784114E+01
    0.293665416646878654E+02   -0.327609285155900043E+01
    0.293489082875143765E+02   -0.327479385797729483E+01
    0.293490201625587801E+02   -0.327125652451777293E+01
    0.293490522353223469E+02   -0.327025077901006744E+01
    0.293491063963710630E+02   -0.326856083155432220E+01
    0.293662500688926329E+02   -0.326692482563892161E+01
    0.293492984035212601E+02   -0.326265526653367921E+01
    0.293493125858470947E+02   -0.326222434993058519E+01
    0.293494454397500348E+02   -0.325822304233173243E+01
    0.293494591032698509E+02   -0.325781514407319506E+01
    0.293495092385980669E+02   -0.325632423518362923E+01
    0.293496617708737055E+02   -0.325184419251345069E+01
    0.293497159675505799E+02   -0.325027264124643223E+01
    0.293656385242396567E+02   -0.324869632901075134E+01
    0.293551802635192871E+02   -0.314636614010872195E+01
    0.293524551250789614E+02   -0.318468442419571396E+01
    0.293535736115474428E+02   -0.316570695590476170E+01
    0.293515211859718903E+02   -0.320399777327395574E+01
    0.293614694867820241E+02   -0.316047802119708532E+01
    0.293528695587687487E+02   -0.317712492044120332E+01
    0.293630001806517384E+02   -0.318556335482854402E+01
    0.293548083485921723E+02   -0.315001262214270117E+01
    0.293591401680931590E+02   -0.313856762125801803E+01
    0.293535972449920770E+02   -0.316535478755254429E+01
    0.293616827589471328E+02   -0.316346496283285994E+01
    0.293654147080025467E+02   -0.324236315060444502E+01
    0.293644652251915304E+02   -0.321751128376622564E+01
    0.293536602107286093E+02   -0.316442638087696482E+01
    0.293521212153259334E+02   -0.319122709869187871E+01
    0.293552963946925161E+02   -0.314533003489352536E+01
    0.293522964631531167E+02   -0.318774297521396210E+01
    0.293519531914955500E+02   -0.319467192661785893E+01
    0.293620460101395899E+02   -0.316893120302655662E+01
    0.293571056773325196E+02   -0.313548892721414418E+01
    0.293654608672941215E+02   -0.324365445640350325E+01
    0.293543223993234719E+02   -0.315553120193868386E+01
    0.293546569627491536E+02   -0.315164019273551244E+01
    0.293607974678237547E+02   -0.315214228383843498E+01
    0.293529286905829778E+02   -0.317609697332669993E+01
    0.293545726469764006E+02   -0.315258262976643300E+01
    0.293623628331651148E+02   -0.317408850974346812E+01
    0.293607479155351854E+02   -0.315159230950782865E+01
    0.293604669878927673E+02   -0.314864225801371278E+01
    0.293533551955733003E+02   -0.316905725622809964E+01
    0.293604389337556384E+02   -0.314836333725845607E+01
    0.293587740874791230E+02   -0.313690890557223634E+01
    0.293578150332369248E+02   -0.313486213543047576E+01
    0.293541838433978377E+02   -0.315726119334416033E+01
    0.293577240025037085E+02   -0.313484076160336267E+01
    0.293589336612196945E+02   -0.313757233175634243E+01
    0.293614860728158504E+02   -0.316070441302280392E+01
    0.293588271717099119E+02   -0.313711937792373430E+01
    0.293607020138592389E+02   -0.315109077794406733E+01
    0.293630316695036697E+02   -0.318616837633605954E+01
    0.293623030308025719E+02   -0.317308723375917356E+01
    0.293622542030807203E+02   -0.317227930108411549E+01
    0.293553701477848605E+02   -0.314469735161250918E+01
    0.293554290466544856E+02   -0.314420622571743147E+01
    0.293500381376738417E+02   -0.324114993360841774E+01
    0.293612533439440213E+02   -0.315761875538248127E+01
    0.293626140151435671E+02   -0.317843535997510251E+01
    0.293539513231104578E+02   -0.316032047684520823E+01
    0.293563825004694365E+02   -0.313800176565734690E+01
    0.293505529508457279E+02   -0.322735164136674069E+01
    0.293539615357661106E+02   -0.316018200178474018E+01
    0.293587808856823145E+02   -0.313693529045040265E+01
    0.293561912017907005E+02   -0.313898289699458699E+01
    0.293510704517875567E+02   -0.321444759484755860E+01
    0.293520251060010935E+02   -0.319318503243116369E+01
    0.293618820652089383E+02   -0.316640504150349233E+01
    0.293509950529195578E+02   -0.321626739565034114E+01
    0.293512927921195370E+02   -0.320920100528396546E+01
    0.293640629700358673E+02   -0.320796611762462458E+01
    0.293586878269069338E+02   -0.313658863445230507E+01
    0.293514356795128535E+02   -0.320592366855277389E+01
    0.293570759680652706E+02   -0.313555489373135909E+01
    0.293555999307254964E+02   -0.314285233905216987E+01
    0.293564500447968300E+02   -0.313768696809674719E+01
    0.293575175631832543E+02   -0.313490336545361714E+01
    0.293537856168414457E+02   -0.316262004218813475E+01
    0.293601014978862906E+02   -0.314523154532900051E+01
    0.293566687913110229E+02   -0.313678075069876261E+01
    0.293508265856599238E+02   -0.322040777303634851E+01
    0.293584773385790143E+02   -0.313592010578701075E+01
    0.293520700837623920E+02   -0.319226458825030424E+01
    0.293540284324280449E+02   -0.315928426930872153E+01
    0.293531009095479689E+02   -0.317317518644463359E+01
    0.293600281071608649E+02   -0.314460493103216576E+01
    0.293506386008397548E+02   -0.322514902954527427E+01
    0.293597902948798115E+02   -0.314270833878057942E+01
    0.293618281519388695E+02   -0.316559555835419948E+01
    0.293529805133565560E+02   -0.317520648688411855E+01
    0.293654614134678269E+02   -0.324366978174870280E+01
    0.293589462577374221E+02   -0.313762862440017809E+01
    0.293566996482492044E+02   -0.313666684847767829E+01
    0.293498169647036846E+02   -0.324737235856281048E+01
    0.293625560698037162E+02   -0.317741232913195404E+01
    0.293614675226372377E+02   -0.316045127741595344E+01
    0.293629258051647213E+02   -0.318414855841716671E+01
    0.293511514420129700E+02   -0.321251575278456469E+01
    0.293647243443348600E+02   -0.322396993302563128E+01
    0.293569246307752323E+02   -0.313594048187768726E+01
    0.293651606316606006E+02   -0.323539334464157058E+01
    0.293637933039078334E+02   -0.320189491225427147E+01
    0.293525307913748676E+02   -0.318325786380669928E+01
    0.293568035209985609E+02   -0.313630873618000372E+01
    0.293506375457813036E+02   -0.322517600044197872E+01
    0.293521621605871097E+02   -0.319040311445351543E+01
    0.293611121834273412E+02   -0.315584262914288072E+01
    0.293588004775957820E+02   -0.313701226488805185E+01
    0.293569272674019430E+02   -0.313593305492945618E+01
