    0.399142229557037354E+02   -0.201572034422056429E+06   -0.460515351937698814E+01    1
    0.398496794700622559E+02   -0.199114749371518265E+06   -0.461515351937698259E+01    1
    0.398388540744781494E+02   -0.198704083116200578E+06   -0.462515351937698149E+01    1
    0.397922372817993164E+02   -0.196940497555332753E+06   -0.463515351937698661E+01    1
    0.397360575199127197E+02   -0.194825575811509334E+06   -0.464515351937698728E+01    1
    0.394582915306091309E+02   -0.184536682842963986E+06   -0.465515351937698174E+01    1
    0.391395986080169678E+02   -0.173075614436039556E+06   -0.466515351937698153E+01    1
    0.388630414009094238E+02   -0.163427621665856655E+06   -0.467515351937698398E+01    1
    0.387590909004211426E+02   -0.159872741548768972E+06   -0.468515351937698377E+01    1
    0.387188279628753662E+02   -0.158506339522737922E+06   -0.469515351937698444E+01    1
    0.201408350467681885E+02   -0.153658947743944736E+06   -0.470515351937698423E+01    1
    0.385369682312011719E+02   -0.152407636977221671E+06   -0.471515351937698135E+01    1
    0.384934282302856445E+02   -0.150965265367000276E+06   -0.472515351937698025E+01    1
    0.203105187416076660E+02   -0.148053382128760102E+06   -0.473515351937698448E+01    1
    0.205104207992553711E+02   -0.141583174636352080E+06   -0.474515351937698782E+01    1
    0.380762934684753418E+02   -0.137494209851330583E+06   -0.475515351937698494E+01    1
    0.380761373043060303E+02   -0.137489284515917039E+06   -0.476515351937698117E+01    1
    0.206884253025054932E+02   -0.135943396761760378E+06   -0.477515351937698451E+01    1
    0.380112469196319580E+02   -0.135450310666230624E+06   -0.478515351937698341E+01    1
    0.378692579269409180E+02   -0.131041890130339219E+06   -0.479515351937697876E+01    1
    0.378049659729003906E+02   -0.129069766071157821E+06   -0.480515351937698032E+01    1
    0.209880554676055908E+02   -0.126708970357587925E+06   -0.481515351937698277E+01    1
    0.210762405395507812E+02   -0.124053016908787715E+06   -0.482515351937698345E+01    1
    0.212670218944549561E+02   -0.118403339247990923E+06   -0.483515351937698323E+01    1
    0.372386276721954346E+02   -0.112343617819700827E+06   -0.484515351937698480E+01    1
    0.214903819561004639E+02   -0.111956212040498576E+06   -0.485515351937698814E+01    1
    0.215104162693023682E+02   -0.111386755998312394E+06   -0.486515351937698437E+01    1
    0.215714669227600098E+02   -0.109660403929939217E+06   -0.487515351937698149E+01    1
    0.370855665206909180E+02   -0.108022300229360888E+06   -0.488515351937698572E+01    1
    0.369246876239776611E+02   -0.103571621268083312E+06   -0.489515351937698817E+01    1
    0.218959057331085205E+02   -0.100712344979017187E+06   -0.490515351937698973E+01    1
    0.367113757133483887E+02   -0.978147690635129984E+05   -0.491515351937698775E+01    1
    0.220828831195831299E+02   -0.957284475885493885E+05   -0.492515351937698220E+01    1
    0.365810334682464600E+02   -0.943781178216094268E+05   -0.493515351937698199E+01    1
    0.364125263690948486E+02   -0.900262843058213184E+05   -0.494515351937698799E+01    1
    0.223030018806457520E+02   -0.900232466862526635E+05   -0.495515351937699045E+01    1
    0.223699867725372314E+02   -0.883218681551567570E+05   -0.496515351937698846E+01    1
    0.362907266616821289E+02   -0.869446639748386369E+05   -0.497515351937698824E+01    1
    0.362151443958282471E+02   -0.850593624035401008E+05   -0.498515351937698359E+01    1
    0.225469279289245605E+02   -0.839057297272354772E+05   -0.499515351937698426E+01    1
    0.226795291900634766E+02   -0.806704787376272288E+05   -0.500515351937698583E+01    1
    0.227585613727569580E+02   -0.787724776082341996E+05   -0.501515351937698384E+01    1
    0.227880311012268066E+02   -0.780705295125512203E+05   -0.502515351937698451E+01    1
    0.358714294433593750E+02   -0.767465156867997721E+05   -0.503515351937698608E+01    1
    0.229875767230987549E+02   -0.734001526518173632E+05   -0.504515351937698409E+01    1
    0.231507432460784912E+02   -0.696882779010842787E+05   -0.505515351937698298E+01    1
    0.232234334945678711E+02   -0.680656579984508862E+05   -0.506515351937698455E+01    1
    0.232249867916107178E+02   -0.680311932906656002E+05   -0.507515351937697989E+01    1
    0.353996992111206055E+02   -0.660333598064699909E+05   -0.508515351937698501E+01    1
    0.352667200565338135E+02   -0.631588070046948560E+05   -0.509515351937699013E+01    1
    0.352606856822967529E+02   -0.630298818496982567E+05   -0.510515351937699080E+01    1
    0.234870052337646484E+02   -0.623424167760466225E+05   -0.511515351937698348E+01    1
    0.235737180709838867E+02   -0.605144593262443377E+05   -0.512515351937698238E+01    1
    0.351271855831146240E+02   -0.602113290804750795E+05   -0.513515351937698394E+01    1
    0.235891389846801758E+02   -0.601922262209593318E+05   -0.514515351937697751E+01    1
    0.235894870758056641E+02   -0.601849624892852225E+05   -0.515515351937698085E+01    1
    0.351244628429412842E+02   -0.601545154472442155E+05   -0.516515351937698330E+01    1
    0.350941932201385498E+02   -0.595247054360669499E+05   -0.517515351937698220E+01    1
    0.236269855499267578E+02   -0.594050365101431744E+05   -0.518515351937698643E+01    1
    0.237050354480743408E+02   -0.577979990521185973E+05   -0.519515351937698533E+01    1
    0.237201273441314697E+02   -0.574898013911948292E+05   -0.520515351937697623E+01    1
    0.237560355663299561E+02   -0.567598176209495577E+05   -0.521515351937698224E+01    1
    0.237656009197235107E+02   -0.565661488409978483E+05   -0.522515351937697670E+01    1
    0.349335873126983643E+02   -0.562384805612311102E+05   -0.523515351937698092E+01    1
    0.349261248111724854E+02   -0.560880557580090026E+05   -0.524515351937698071E+01    1
    0.238723373413085938E+02   -0.544275202402826544E+05   -0.525515351937698583E+01    1
    0.238925683498382568E+02   -0.540268069614126944E+05   -0.526515351937698739E+01    1
    0.240157791721033860E+02   -0.516183516164779721E+05   -0.527515351937698007E+01    1
    0.346559822559356689E+02   -0.507783224746816995E+05   -0.528515351937697542E+01    1
    0.240707564353942871E+02   -0.505614064136936940E+05   -0.529515351937697609E+01    1
    0.240997779369354248E+02   -0.500078735377912453E+05   -0.530515351937697677E+01    1
    0.242688405513763428E+02   -0.468438816753428255E+05   -0.531515351937698188E+01    1
    0.344327533245086670E+02   -0.465898985338565908E+05   -0.532515351937698078E+01    1
    0.242862939834594727E+02   -0.465231303929355854E+05   -0.533515351937697613E+01    1
    0.343768012523651123E+02   -0.455683292162856596E+05   -0.534515351937697680E+01    1
    0.243580865859985352E+02   -0.452153475353878384E+05   -0.535515351937698103E+01    1
    0.243634235858917236E+02   -0.451188726516241368E+05   -0.536515351937698171E+01    1
    0.342377483844757080E+02   -0.430785574009034754E+05   -0.537515351937698238E+01    1
    0.341534650325775146E+02   -0.416034930014991769E+05   -0.538515351937698128E+01    1
    0.340933275222778320E+02   -0.405667204469584685E+05   -0.539515351937698018E+01    1
    0.339607212922078787E+02   -0.383268151603095394E+05   -0.540515351937698263E+01    1
    0.339397704601287842E+02   -0.379787452748768628E+05   -0.541515351937698153E+01    1
    0.247884511947631836E+02   -0.377666664365614270E+05   -0.542515351937697865E+01    1
    0.339260041713714600E+02   -0.377509013654489536E+05   -0.543515351937697933E+01    1
    0.338816022872924805E+02   -0.370206836610920509E+05   -0.544515351937698178E+01    1
    0.248524138586697489E+02   -0.367168013985578073E+05   -0.545515351937698245E+01    1
    0.337712454795837402E+02   -0.352366858832105936E+05   -0.546515351937698401E+01    1
    0.337565386295318604E+02   -0.350022658408765783E+05   -0.547515351937698025E+01    1
    0.335153585007899721E+02   -0.312695994616661701E+05   -0.548515351937698004E+01    1
    0.252183854579925537E+02   -0.309944450947943515E+05   -0.549515351937697805E+01    1
    0.252713954448699951E+02   -0.302057504534800610E+05   -0.550515351937697694E+01    1
    0.334020428499278665E+02   -0.295885079426585871E+05   -0.551515351937698295E+01    1
    0.253729121644540250E+02   -0.287237357851211236E+05   -0.552515351937698185E+01    1
    0.332986903190612793E+02   -0.280957280845989662E+05   -0.553515351937698163E+01    1
    0.255692204411332504E+02   -0.259636356089730325E+05   -0.554515351937698142E+01    1
    0.331236386299133301E+02   -0.256555065650726683E+05   -0.555515351937698032E+01    1
    0.330683917308279831E+02   -0.249083779117187187E+05   -0.556515351937698544E+01    1
    0.256614792346954346E+02   -0.247146287178879611E+05   -0.557515351937698611E+01    1
    0.329913352679146783E+02   -0.238847487705396343E+05   -0.558515351937698146E+01    1
    0.329727256298065186E+02   -0.236407558250369111E+05   -0.559515351937697680E+01    1
    0.329562234878540039E+02   -0.234254425196630546E+05   -0.560515351937697748E+01    1
    0.328839812086202343E+02   -0.224944505118801535E+05   -0.561515351937697904E+01    1
    0.258953428268432617E+02   -0.216865159459207789E+05   -0.562515351937698060E+01    1
    0.328171837329864502E+02   -0.216504250338623315E+05   -0.563515351937698039E+01    1
    0.259066450595855713E+02   -0.215451843107824716E+05   -0.564515351937698284E+01    1
    0.259657084941864014E+02   -0.208141279120631225E+05   -0.565515351937698085E+01    1
    0.259970533847808838E+02   -0.204312829475375947E+05   -0.566515351937697975E+01    1
    0.260340476036071777E+02   -0.199840101960322354E+05   -0.567515351937697954E+01    1
    0.326650657266474269E+02   -0.197885580131087154E+05   -0.568515351937697666E+01    1
    0.326572603128176056E+02   -0.196952805160784992E+05   -0.569515351937697734E+01    1
    0.326500380039215088E+02   -0.196091676463451040E+05   -0.570515351937697890E+01    1
    0.260688526522187516E+02   -0.195677253225219538E+05   -0.571515351937697780E+01    1
    0.261266863346099854E+02   -0.188856977861031737E+05   -0.572515351937697403E+01    1
    0.261657261848449707E+02   -0.184321448803136191E+05   -0.573515351937697382E+01    1
    0.262101542639653040E+02   -0.179227006762842611E+05   -0.574515351937697805E+01    1
    0.262141716480255127E+02   -0.178769864998455996E+05   -0.575515351937698227E+01    1
    0.263164681031768346E+02   -0.167326171623609516E+05   -0.576515351937698384E+01    1
    0.263216400146484375E+02   -0.166757653978580565E+05   -0.577515351937697918E+01    1
    0.323500204086303711E+02   -0.161987318547843151E+05   -0.578515351937698075E+01    1
    0.323375368118286133E+02   -0.160638814028635879E+05   -0.579515351937698409E+01    1
    0.323298968920830774E+02   -0.159816314577687099E+05   -0.580515351937698565E+01    1
    0.263999943407472593E+02   -0.158263003428440770E+05   -0.581515351937698366E+01    1
    0.322863845918507266E+02   -0.155172120426583933E+05   -0.582515351937698256E+01    1
    0.264346627854142433E+02   -0.154575356424173115E+05   -0.583515351937698412E+01    1
    0.264505457878112793E+02   -0.152900420433933086E+05   -0.584515351937698391E+01    1
    0.264727866649627686E+02   -0.150570353845613827E+05   -0.585515351937697837E+01    1
    0.322284389831955309E+02   -0.149093755371905991E+05   -0.586515351937697371E+01    1
    0.264874134733914843E+02   -0.149047729424811660E+05   -0.587515351937697705E+01    1
    0.321944524428809018E+02   -0.145585157183066931E+05   -0.588515351937697684E+01    1
    0.321814732316112995E+02   -0.144256275026309304E+05   -0.589515351937697751E+01    1
    0.265491664409637451E+02   -0.142704670302268114E+05   -0.590515351937697286E+01    1
    0.321314443027354741E+02   -0.139191057939989460E+05   -0.591515351937697531E+01    1
    0.266026769351797299E+02   -0.137319811672021278E+05   -0.592515351937697687E+01    1
    0.320963597297668457E+02   -0.135692906382299479E+05   -0.593515351937697400E+01    1
    0.320847046375274658E+02   -0.134540674063038041E+05   -0.594515351937698000E+01    1
    0.320651469371105833E+02   -0.132618224799613636E+05   -0.595515351937698156E+01    1
    0.267701999701808155E+02   -0.121131416323525227E+05   -0.596515351937697336E+01    1
    0.319095218181610107E+02   -0.117813974795995546E+05   -0.597515351937696959E+01    1
    0.268063600164379636E+02   -0.117770350904612078E+05   -0.598515351937697559E+01    1
    0.318701875209808350E+02   -0.114210902796815444E+05   -0.599515351937697627E+01    1
    0.318684530258178711E+02   -0.114053309267145451E+05   -0.600515351937697517E+01    1
    0.268471240997314453E+02   -0.114038059821065581E+05   -0.601515351937697851E+01    1
    0.268541955947875977E+02   -0.113396724088145547E+05   -0.602515351937697829E+01    1
    0.268735147979565490E+02   -0.111653827807177822E+05   -0.603515351937697453E+01    1
    0.268768050342538842E+02   -0.111358342240152506E+05   -0.604515351937697520E+01    1
    0.318191368241426673E+02   -0.109618053917411671E+05   -0.605515351937697410E+01    1
    0.268996272233695208E+02   -0.109319533849925629E+05   -0.606515351937697478E+01    1
    0.318151921146603485E+02   -0.109267086443631470E+05   -0.607515351937697723E+01    1
    0.269477880001068115E+02   -0.105078950259053981E+05   -0.608515351937697790E+01    1
    0.317575997985306415E+02   -0.104207104388484349E+05   -0.609515351937697769E+01    1
    0.269692530348650656E+02   -0.103215974186991352E+05   -0.610515351937697481E+01    1
    0.317337834075894740E+02   -0.102149698330572610E+05   -0.611515351937697282E+01    1
    0.317268759753512342E+02   -0.101556830539326347E+05   -0.612515351937697528E+01    1
    0.317186070839939944E+02   -0.100849377987623539E+05   -0.613515351937697417E+01    1
    0.317093546355317102E+02   -0.100060708594017469E+05   -0.614515351937697485E+01    1
    0.316629004478454590E+02   -0.961478077305582337E+04   -0.615515351937697819E+01    1
    0.316552531719207764E+02   -0.955111504207885810E+04   -0.616515351937697620E+01    1
    0.316470756920637122E+02   -0.948326927983240603E+04   -0.617515351937697776E+01    1
    0.270765793323516846E+02   -0.941510163825836935E+04   -0.618515351937698288E+01    1
    0.315903627872467041E+02   -0.901939812066453487E+04   -0.619515351937698000E+01    1
    0.315670740604400635E+02   -0.883228290143969934E+04   -0.620515351937697535E+01    1
    0.315458607673645020E+02   -0.866355046397398837E+04   -0.621515351937697247E+01    1
    0.314962553977966309E+02   -0.827533906679784377E+04   -0.622515351937697314E+01    1
    0.272309462765983810E+02   -0.818436100909544075E+04   -0.623515351937697559E+01    1
    0.272995138168334961E+02   -0.766533291633863246E+04   -0.624515351937698071E+01    1
    0.313860524536744308E+02   -0.744474611103281131E+04   -0.625515351937697694E+01    1
    0.313837212752802586E+02   -0.742765066596452107E+04   -0.626515351937697407E+01    1
    0.273495995998382568E+02   -0.729695333678088173E+04   -0.627515351937697385E+01    1
    0.273598265647888184E+02   -0.722284996188613150E+04   -0.628515351937697986E+01    1
    0.313288268719568883E+02   -0.703077047496278556E+04   -0.629515351937697432E+01    1
    0.313110617392609605E+02   -0.690466538404391758E+04   -0.630515351937697766E+01    1
    0.313095410952990036E+02   -0.689392419838442493E+04   -0.631515351937697567E+01    1
    0.274341392517089844E+02   -0.669575237523203305E+04   -0.632515351937697190E+01    1
    0.312514884169533111E+02   -0.649012005290326488E+04   -0.633515351937697790E+01    1
    0.274784078372131866E+02   -0.639125164519139071E+04   -0.634515351937697858E+01    1
    0.311968457698822021E+02   -0.612117380216426409E+04   -0.635515351937697659E+01    1
    0.275297935864319534E+02   -0.604668618978261020E+04   -0.636515351937697371E+01    1
    0.275699222087860107E+02   -0.578424743898504221E+04   -0.637515351937697350E+01    1
    0.275920379161834717E+02   -0.564210196180364892E+04   -0.638515351937697861E+01    1
    0.275970208958077592E+02   -0.561031883001717597E+04   -0.639515351937698195E+01    1
    0.276186406612396240E+02   -0.547346094570459445E+04   -0.640515351937697730E+01    1
    0.310859823226928711E+02   -0.540581389707984818E+04   -0.641515351937697620E+01    1
    0.310772681236267090E+02   -0.535146924084501643E+04   -0.642515351937697776E+01    1
    0.310495430779823458E+02   -0.518039395349585993E+04   -0.643515351937697222E+01    1
    0.310314297676086426E+02   -0.507012893743728182E+04   -0.644515351937697556E+01    1
    0.276902197008267308E+02   -0.503241625220679543E+04   -0.645515351937697535E+01    1
    0.309974188384779659E+02   -0.486629352444539381E+04   -0.646515351937697513E+01    1
    0.309958310574369342E+02   -0.485687981991107608E+04   -0.647515351937697048E+01    1
    0.309861304430256936E+02   -0.479956446757781396E+04   -0.648515351937697559E+01    1
    0.277391126714033263E+02   -0.474180913115826297E+04   -0.649515351937697538E+01    1
    0.277457251991017131E+02   -0.470316985753760127E+04   -0.650515351937697694E+01    1
    0.309440419642593980E+02   -0.455483045746504558E+04   -0.651515351937697318E+01    1
    0.277749349464246471E+02   -0.453437987615471229E+04   -0.652515351937697652E+01    1
    0.277940736026190862E+02   -0.442545988960861723E+04   -0.653515351937697631E+01    1
    0.309204427017674455E+02   -0.442041054524819265E+04   -0.654515351937697609E+01    1
    0.309193563461303711E+02   -0.441427123828736148E+04   -0.655515351937696966E+01    1
    0.278015399917577639E+02   -0.438332722967723839E+04   -0.656515351937697567E+01    1
    0.308652740502960938E+02   -0.411403340564870632E+04   -0.657515351937698256E+01    1
    0.278853043837006638E+02   -0.392446910149241103E+04   -0.658515351937698501E+01    1
    0.308273565393875231E+02   -0.390984406873325361E+04   -0.659515351937696881E+01    1
    0.308166265487670898E+02   -0.385300621946085721E+04   -0.660515351937696948E+01    1
    0.279126353963606491E+02   -0.378024290481220032E+04   -0.661515351937697371E+01    1
    0.279185966108209627E+02   -0.374914445079161169E+04   -0.662515351937697705E+01    1
    0.307813084125518799E+02   -0.366886412340737115E+04   -0.663515351937697861E+01    1
    0.307709884643554688E+02   -0.361590975826121576E+04   -0.664515351937698107E+01    1
    0.307619003809163836E+02   -0.356959544800487856E+04   -0.665515351937697286E+01    1
    0.307614548707452045E+02   -0.356733274011672393E+04   -0.666515351937697353E+01    1
    0.279550323013539987E+02   -0.356186090747201024E+04   -0.667515351937697510E+01    1
    0.279605186196647253E+02   -0.353407662626998990E+04   -0.668515351937697488E+01    1
    0.307038331031799316E+02   -0.328072874981929408E+04   -0.669515351937697734E+01    1
    0.280163684010284086E+02   -0.325743351812305082E+04   -0.670515351937697446E+01    1
    0.306977261932741605E+02   -0.325105763275772733E+04   -0.671515351937697247E+01    1
    0.280463818102042026E+02   -0.311342808834174457E+04   -0.672515351937697314E+01    1
    0.280488601561799626E+02   -0.310168254638904091E+04   -0.673515351937697382E+01    1
    0.280537401014136378E+02   -0.307862013486285286E+04   -0.674515351937697183E+01    1
    0.280645375113812960E+02   -0.302789821759122151E+04   -0.675515351937697428E+01    1
    0.306398028762829640E+02   -0.297633902758085151E+04   -0.676515351937697584E+01    1
    0.280761237817157649E+02   -0.297393964072866038E+04   -0.677515351937697829E+01    1
    0.306107626067541361E+02   -0.284317482668272760E+04   -0.678515351937697098E+01    1
    0.306057974872764724E+02   -0.282071265696905539E+04   -0.679515351937697432E+01    1
    0.281133643993085514E+02   -0.280379481073426859E+04   -0.680515351937697410E+01    1
    0.305830857315578619E+02   -0.271910178727717903E+04   -0.681515351937697567E+01    1
    0.305740021516797214E+02   -0.267898486025787952E+04   -0.682515351937697723E+01    1
    0.305510228498241787E+02   -0.257883121987532877E+04   -0.683515351937697613E+01    1
    0.305414911603700219E+02   -0.253784854296076082E+04   -0.684515351937697059E+01    1
    0.281798374142159460E+02   -0.251256299568249142E+04   -0.685515351937697126E+01    1
    0.305332219252084371E+02   -0.250256019455951855E+04   -0.686515351937697371E+01    1
    0.305068382248455450E+02   -0.239162341224688771E+04   -0.687515351937697083E+01    1
    0.282169119846353382E+02   -0.235707556888198405E+04   -0.688515351937697062E+01    1
    0.282656729221343994E+02   -0.216014700585446553E+04   -0.689515351937697307E+01    1
    0.304154535090461131E+02   -0.202684016105254841E+04   -0.690515351937697019E+01    1
    0.304042613506317139E+02   -0.198424063392755193E+04   -0.691515351937697176E+01    1
    0.303944429843823336E+02   -0.194724315475250933E+04   -0.692515351937697421E+01    1
    0.303472690104997582E+02   -0.177434557580521596E+04   -0.693515351937697400E+01    1
    0.283761167776480079E+02   -0.174590632769496756E+04   -0.694515351937697556E+01    1
    0.283785057067871094E+02   -0.173743374647737892E+04   -0.695515351937697623E+01    1
    0.283826530692473540E+02   -0.172277373453259520E+04   -0.696515351937697869E+01    1
    0.283876687479781111E+02   -0.170512754479612909E+04   -0.697515351937697670E+01    1
    0.302829359566536525E+02   -0.155153349612911984E+04   -0.698515351937697471E+01    1
    0.302802965556193797E+02   -0.154271188457904464E+04   -0.699515351937697627E+01    1
    0.284431629380722057E+02   -0.151596130128631876E+04   -0.700515351937697339E+01    1
    0.302606429597453968E+02   -0.147781659470036516E+04   -0.701515351937697229E+01    1
    0.284721279144287109E+02   -0.142165160327800413E+04   -0.702515351937697385E+01    1
    0.284754515123163472E+02   -0.141102410518523652E+04   -0.703515351937696920E+01    1
    0.284918510913848877E+02   -0.135917004943739198E+04   -0.704515351937696899E+01    1
    0.302231651504321022E+02   -0.135793940828505879E+04   -0.705515351937697233E+01    1
    0.301982112147108239E+02   -0.128093921322682081E+04   -0.706515351937697300E+01    1
    0.285235952945733757E+02   -0.126156192459657882E+04   -0.707515351937697190E+01    1
    0.285359799861907959E+02   -0.122446959675277458E+04   -0.708515351937697524E+01    1
    0.285567753278145062E+02   -0.116343528220280177E+04   -0.709515351937697947E+01    1
    0.285689437389373779E+02   -0.112844652865274952E+04   -0.710515351937697481E+01    1
    0.285811988855917711E+02   -0.109374976701907462E+04   -0.711515351937697194E+01    1
    0.285828651565132432E+02   -0.108907417974100463E+04   -0.712515351937697261E+01    1
    0.285864901542663574E+02   -0.107893706207125115E+04   -0.713515351937696796E+01    1
    0.301253228020304071E+02   -0.106892725787640916E+04   -0.714515351937696508E+01    1
    0.286057646069718814E+02   -0.102583540005964801E+04   -0.715515351937696753E+01    1
    0.300920331478118896E+02   -0.978490304397314503E+03   -0.716515351937696821E+01    1
    0.300607194452001103E+02   -0.897080433908789587E+03   -0.717515351937696444E+01    1
    0.300580077748482069E+02   -0.890197476237836099E+03   -0.718515351937696511E+01    1
    0.286590456962585449E+02   -0.886036885524119498E+03   -0.719515351937696845E+01    1
    0.300461604228027710E+02   -0.860437657387273134E+03   -0.720515351937697446E+01    1
    0.286730083783769487E+02   -0.851099962461992277E+03   -0.721515351937697869E+01    1
    0.286882179488569022E+02   -0.813845664326644965E+03   -0.722515351937697670E+01    1
    0.300073963335155440E+02   -0.766613279359314220E+03   -0.723515351937696849E+01    1
    0.300072595337306325E+02   -0.766291795532520268E+03   -0.724515351937696384E+01    1
    0.299946122971746156E+02   -0.736862835149385887E+03   -0.725515351937697073E+01    1
    0.299866676330566406E+02   -0.718672236067620020E+03   -0.726515351937697051E+01    1
    0.287340529251636312E+02   -0.706638424573880798E+03   -0.727515351937696853E+01    1
    0.287562228587377930E+02   -0.657510332568254285E+03   -0.728515351937696742E+01    1
    0.299545859429771042E+02   -0.647538653700046325E+03   -0.729515351937696988E+01    1
    0.287707495689392090E+02   -0.626283676900206046E+03   -0.730515351937697766E+01    1
    0.299373132641486279E+02   -0.610782501354189208E+03   -0.731515351937697655E+01    1
    0.299326718026869756E+02   -0.601089476492533322E+03   -0.732515351937697723E+01    1
    0.287833851349051741E+02   -0.599743017523718436E+03   -0.733515351937697524E+01    1
    0.299237462322737997E+02   -0.582668735766695590E+03   -0.734515351937696614E+01    1
    0.287917955961418102E+02   -0.582397238294486783E+03   -0.735515351937696948E+01    1
    0.299225471564547938E+02   -0.580216021941276153E+03   -0.736515351937697105E+01    1
    0.299213664234503014E+02   -0.577805910890187306E+03   -0.737515351937696906E+01    1
    0.287988630581081679E+02   -0.568019127907211555E+03   -0.738515351937697240E+01    1
    0.288219926701672051E+02   -0.522227355591208607E+03   -0.739515351937697218E+01    1
    0.298931323662145516E+02   -0.521676758115879466E+03   -0.740515351937697464E+01    1
    0.288266235958550467E+02   -0.513291625053580560E+03   -0.741515351937697265E+01    1
    0.298825632657624922E+02   -0.501407244338421322E+03   -0.742515351937696799E+01    1
    0.288331924779196527E+02   -0.500749528496915559E+03   -0.743515351937697044E+01    1
    0.298790849335980866E+02   -0.494824847541073325E+03   -0.744515351937697023E+01    1
    0.288423969862737906E+02   -0.483437786377803434E+03   -0.745515351937696646E+01    1
    0.298678098712491149E+02   -0.473788796071309662E+03   -0.746515351937696536E+01    1
    0.288578963279724121E+02   -0.454979352323588159E+03   -0.747515351937696515E+01    1
    0.298568264780757673E+02   -0.453739110956663581E+03   -0.748515351937696671E+01    1
    0.288647500053545265E+02   -0.442672377729839923E+03   -0.749515351937696561E+01    1
    0.288659330435479475E+02   -0.440565223328855609E+03   -0.750515351937696362E+01    1
    0.298464381694793701E+02   -0.435177300131473316E+03   -0.751515351937696874E+01    1
    0.288701957052571494E+02   -0.433014821325647404E+03   -0.752515351937696853E+01    1
    0.298381634426122808E+02   -0.420671363587655151E+03   -0.753515351937696742E+01    1
    0.298340153694152832E+02   -0.413492827550174582E+03   -0.754515351937696721E+01    1
    0.298318260103111044E+02   -0.409729082182478919E+03   -0.755515351937696877E+01    1
    0.298272151978321070E+02   -0.401859308849189517E+03   -0.756515351937697211E+01    1
    0.288890905017188828E+02   -0.400338127945729752E+03   -0.757515351937696835E+01    1
    0.289002907352444609E+02   -0.381578107730704915E+03   -0.758515351937696991E+01    1
    0.298104961312094261E+02   -0.373968099884169192E+03   -0.759515351937697325E+01    1
    0.289122317681125054E+02   -0.362077090270808469E+03   -0.760515351937697126E+01    1
    0.297993673171019360E+02   -0.355963265998848215E+03   -0.761515351937696572E+01    1
    0.289275699631060341E+02   -0.337784946897342763E+03   -0.762515351937696639E+01    1
    0.289284635554661023E+02   -0.336395939269072358E+03   -0.763515351937696973E+01    1
    0.289289517995429293E+02   -0.335638228814326112E+03   -0.764515351937696952E+01    1
    0.297859754280200129E+02   -0.334891059153246431E+03   -0.765515351937697019E+01    1
    0.289302082852467208E+02   -0.333692242367239260E+03   -0.766515351937697087E+01    1
    0.289376047369422835E+02   -0.322352725821651859E+03   -0.767515351937697066E+01    1
    0.289391883589363772E+02   -0.319950593941604268E+03   -0.768515351937697044E+01    1
    0.297761735819605846E+02   -0.319879010775043582E+03   -0.769515351937697201E+01    1
    0.289399719609908210E+02   -0.318765335002592394E+03   -0.770515351937697446E+01    1
    0.297723138332366943E+02   -0.314062977147015374E+03   -0.771515351937697069E+01    1
    0.297718565080367554E+02   -0.313377431130929324E+03   -0.772515351937696959E+01    1
    0.297697019577026367E+02   -0.310157865636211341E+03   -0.773515351937697382E+01    1
    0.289462304886991006E+02   -0.309378544341616987E+03   -0.774515351937697538E+01    1
    0.297675444674388388E+02   -0.306950734251202675E+03   -0.775515351937697517E+01    1
    0.289502717535123786E+02   -0.303392581795577428E+03   -0.776515351937697407E+01    1
    0.289519709985735822E+02   -0.300893286384106943E+03   -0.777515351937697297E+01    1
    0.289525613598717939E+02   -0.300027411981514547E+03   -0.778515351937696565E+01    1
    0.297516029436136265E+02   -0.283775371175564544E+03   -0.779515351937696011E+01    1
    0.297488955607776120E+02   -0.279930774110727157E+03   -0.780515351937696522E+01    1
    0.297402635779407802E+02   -0.267850040900208455E+03   -0.781515351937697123E+01    1
    0.289761565759665203E+02   -0.266452845650690051E+03   -0.782515351937697279E+01    1
    0.289786421358356279E+02   -0.263033297971256616E+03   -0.783515351937697524E+01    1
    0.289794333595067641E+02   -0.261949449217767039E+03   -0.784515351937695993E+01    1
    0.289813268242069100E+02   -0.259364902725620880E+03   -0.785515351937696593E+01    1
    0.289817758283734150E+02   -0.258753922241502494E+03   -0.786515351937697016E+01    1
    0.297334114865508994E+02   -0.258452228970509054E+03   -0.787515351937697172E+01    1
    0.297273824190052238E+02   -0.250323685662796947E+03   -0.788515351937697417E+01    1
    0.297207398740845932E+02   -0.241520283355609962E+03   -0.789515351937696952E+01    1
    0.297163246660930369E+02   -0.235757091285365249E+03   -0.790515351937697019E+01    1
    0.297103734327869873E+02   -0.228100506369509674E+03   -0.791515351937696643E+01    1
    0.297081198455231998E+02   -0.225234588508173545E+03   -0.792515351937696444E+01    1
    0.290117171233691842E+02   -0.219657274343572936E+03   -0.793515351937696778E+01    1
    0.297008423710154972E+02   -0.216105183924091818E+03   -0.794515351937696490E+01    1
    0.290156606760208575E+02   -0.214749574087519676E+03   -0.795515351937696735E+01    1
    0.290189130996954745E+02   -0.210744307892756467E+03   -0.796515351937696447E+01    1
    0.296926739233721477E+02   -0.206086286884921321E+03   -0.797515351937695893E+01    1
    0.296859486312826668E+02   -0.198018646908781278E+03   -0.798515351937696582E+01    1
    0.296814736990053660E+02   -0.192741187471208065E+03   -0.799515351937696650E+01    1
    0.296792555982303270E+02   -0.190152148669963395E+03   -0.800515351937696096E+01    1
    0.290415802317352174E+02   -0.183893075969416003E+03   -0.801515351937696785E+01    1
    0.296724975999684943E+02   -0.182373715534041025E+03   -0.802515351937697652E+01    1
    0.296706055730859646E+02   -0.180225601383849153E+03   -0.803515351937696920E+01    1
    0.290483945416992277E+02   -0.176184293404545798E+03   -0.804515351937696543E+01    1
    0.296664225646857318E+02   -0.175522383831482358E+03   -0.805515351937697233E+01    1
    0.290496890376435886E+02   -0.174738863203692262E+03   -0.806515351937697034E+01    1
    0.290704894065856934E+02   -0.152344509623538073E+03   -0.807515351937696657E+01    1
    0.296367472712800648E+02   -0.143973963988933718E+03   -0.808515351937696636E+01    1
    0.290824575604652971E+02   -0.140168565074687507E+03   -0.809515351937696259E+01    1
    0.290837838025852591E+02   -0.138851188182041966E+03   -0.810515351937696593E+01    1
    0.296303108386286738E+02   -0.137551671423615574E+03   -0.811515351937696572E+01    1
    0.296290440007251874E+02   -0.136305267979778279E+03   -0.812515351937696728E+01    1
    0.290937405706086807E+02   -0.129164176718845539E+03   -0.813515351937696707E+01    1
    0.296198198156658030E+02   -0.127404907910037593E+03   -0.814515351937696508E+01    1
    0.290982137747729190E+02   -0.124928916643395141E+03   -0.815515351937696664E+01    1
    0.290985571912103751E+02   -0.124606759518684811E+03   -0.816515351937696643E+01    1
    0.290998552569808204E+02   -0.123392904985578511E+03   -0.817515351937696622E+01    1
    0.296139230100280031E+02   -0.121876395510771303E+03   -0.818515351937696600E+01    1
    0.291023133694172813E+02   -0.121110961639213841E+03   -0.819515351937696224E+01    1
    0.296117956416052408E+02   -0.119912771149968989E+03   -0.820515351937696558E+01    1
    0.291054474187446672E+02   -0.118233225359533861E+03   -0.821515351937696714E+01    1
    0.291059646061987110E+02   -0.117761750851443381E+03   -0.822515351937696693E+01    1
    0.295992547276250235E+02   -0.108669863281393333E+03   -0.823515351937696671E+01    1
    0.295938920765346012E+02   -0.104035916328716354E+03   -0.824515351937696295E+01    1
    0.291222898892345015E+02   -0.103376754572680582E+03   -0.825515351937696096E+01    1
    0.291241923903330822E+02   -0.101763093894677425E+03   -0.826515351937696252E+01    1
    0.291249794040620813E+02   -0.101099394294112670E+03   -0.827515351937696408E+01    1
    0.291275552491110652E+02   -0.989428163029766807E+02   -0.828515351937696565E+01    1
    0.291280944711613863E+02   -0.984944009529758802E+02   -0.829515351937696543E+01    1
    0.295820410228157655E+02   -0.941642327032771362E+02   -0.830515351937696344E+01    1
    0.295797721077076829E+02   -0.923322205750122009E+02   -0.831515351937696146E+01    1
    0.291400871389956109E+02   -0.887931770521930730E+02   -0.832515351937696302E+01    1
    0.295686783546612020E+02   -0.836428191465131334E+02   -0.833515351937696813E+01    1
    0.291468632221221924E+02   -0.835418391042518778E+02   -0.834515351937696437E+01    1
    0.291478097057489514E+02   -0.828215527337736290E+02   -0.835515351937696593E+01    1
    0.295583017984737957E+02   -0.759181472090580911E+02   -0.836515351937696927E+01    1
    0.295580554897366383E+02   -0.757395189977185339E+02   -0.837515351937696906E+01    1
    0.295552484971525828E+02   -0.737193318718031492E+02   -0.838515351937696174E+01    1
    0.295544071413552203E+02   -0.731193618446115181E+02   -0.839515351937695975E+01    1
    0.291693291084803867E+02   -0.673194587197662884E+02   -0.840515351937696487E+01    1
    0.291729983176284584E+02   -0.648434131074827036E+02   -0.841515351937696821E+01    1
    0.295422311364625259E+02   -0.647233524465144541E+02   -0.842515351937696266E+01    1
    0.295369090515564672E+02   -0.612219326463641238E+02   -0.843515351937695534E+01    1
    0.291859163312334928E+02   -0.565136859681588533E+02   -0.844515351937695691E+01    1
    0.291879713514039025E+02   -0.552442339130927991E+02   -0.845515351937696202E+01    1
    0.295266068048060646E+02   -0.547351946599747379E+02   -0.846515351937696536E+01    1
    0.295205389197988701E+02   -0.510942614539592910E+02   -0.847515351937696160E+01    1
    0.295198572526882117E+02   -0.506935605046888043E+02   -0.848515351937696316E+01    1
    0.295194407470981446E+02   -0.504495554385860530E+02   -0.849515351937696295E+01    1
    0.295184599734127460E+02   -0.498774590801117981E+02   -0.850515351937696629E+01    1
    0.291973498983420079E+02   -0.496447581266124445E+02   -0.851515351937696785E+01    1
    0.291988236517250961E+02   -0.487937801038105405E+02   -0.852515351937696408E+01    1
    0.292042210024572597E+02   -0.457443090132986043E+02   -0.853515351937696032E+01    1
    0.295109818889702566E+02   -0.456298233665031603E+02   -0.854515351937695655E+01    1
    0.295097844835346450E+02   -0.449684732605746831E+02   -0.855515351937696344E+01    1
    0.295094661283218507E+02   -0.447935123592593669E+02   -0.856515351937696323E+01    1
    0.295091761497187051E+02   -0.446344656806177085E+02   -0.857515351937696124E+01    1
    0.295083589903567969E+02   -0.441879087319645478E+02   -0.858515351937696103E+01    1
    0.295082259626160734E+02   -0.441154410622599471E+02   -0.859515351937696259E+01    1
    0.295081173157259542E+02   -0.440563025020946455E+02   -0.860515351937696771E+01    1
    0.292089103497540812E+02   -0.431804102887923591E+02   -0.861515351937696039E+01    1
    0.292103866550664186E+02   -0.423897050359652141E+02   -0.862515351937695662E+01    1
    0.292107466030112946E+02   -0.421981133740971259E+02   -0.863515351937696352E+01    1
    0.292111130484233357E+02   -0.420035447296075617E+02   -0.864515351937696508E+01    1
    0.294973020358625249E+02   -0.383830379329712841E+02   -0.865515351937695954E+01    1
    0.294967387498861768E+02   -0.380991536433630031E+02   -0.866515351937696288E+01    1
    0.294963621004377963E+02   -0.379099705900970676E+02   -0.867515351937696266E+01    1
    0.292192621038757387E+02   -0.378022208536110540E+02   -0.868515351937696423E+01    1
    0.292195598782604513E+02   -0.376532499020514564E+02   -0.869515351937696934E+01    1
    0.294955069716653639E+02   -0.374823627147920106E+02   -0.870515351937696735E+01    1
    0.294953933005508269E+02   -0.374257205660168779E+02   -0.871515351937696181E+01    1
    0.292205071864551584E+02   -0.371814627383760623E+02   -0.872515351937695982E+01    1
    0.292205390236608125E+02   -0.371656632646830829E+02   -0.873515351937696316E+01    1
    0.292220354514864233E+02   -0.364271852510395675E+02   -0.874515351937695762E+01    1
    0.292245264548640762E+02   -0.352158561897972575E+02   -0.875515351937695741E+01    1
    0.294898640699503289E+02   -0.347269482103782821E+02   -0.876515351937696252E+01    1
    0.294885767292003393E+02   -0.341144800547557239E+02   -0.877515351937696231E+01    1
    0.292277887159187628E+02   -0.336634268012979021E+02   -0.878515351937696209E+01    1
    0.292288584324924656E+02   -0.331627569238128359E+02   -0.879515351937696188E+01    1
    0.292304052638256380E+02   -0.324460990931276143E+02   -0.880515351937695812E+01    1
    0.294829092308497742E+02   -0.314893934332253487E+02   -0.881515351937695790E+01    1
    0.294824144408103876E+02   -0.312657302907654042E+02   -0.882515351937695769E+01    1
    0.292332820073823356E+02   -0.311363010002934608E+02   -0.883515351937695925E+01    1
    0.294808661307302060E+02   -0.305715594295565296E+02   -0.884515351937695904E+01    1
    0.292373918376458306E+02   -0.293170075589499923E+02   -0.885515351937696238E+01    1
    0.292400951315388582E+02   -0.281536574285205639E+02   -0.886515351937696394E+01    1
    0.294745414285195260E+02   -0.278260026980978452E+02   -0.887515351937696018E+01    1
    0.292415030333017008E+02   -0.275582427807598300E+02   -0.888515351937696174E+01    1
    0.294720620381522949E+02   -0.267891811012776024E+02   -0.889515351937696330E+01    1
    0.292436095076668501E+02   -0.266807855165316781E+02   -0.890515351937696309E+01    1
    0.294712440900483372E+02   -0.264520131506852607E+02   -0.891515351937696288E+01    1
    0.294700638081291473E+02   -0.259697528121658330E+02   -0.892515351937696089E+01    1
    0.294698108621726220E+02   -0.258670554359666376E+02   -0.893515351937696423E+01    1
    0.292466062834516833E+02   -0.254601329046085247E+02   -0.894515351937696579E+01    1
    0.292483079638346339E+02   -0.247814626658671386E+02   -0.895515351937696202E+01    1
    0.294648688481274554E+02   -0.239070094283744830E+02   -0.896515351937696181E+01    1
    0.294633027263990215E+02   -0.233043077442279731E+02   -0.897515351937695982E+01    1
    0.294622482326705040E+02   -0.229034978578444353E+02   -0.898515351937695428E+01    1
    0.292543073182678413E+02   -0.224723459108579391E+02   -0.899515351937695407E+01    1
    0.292551320914513404E+02   -0.221650758672772419E+02   -0.900515351937695741E+01    1
    0.294600632279502719E+02   -0.220857871679503042E+02   -0.901515351937696252E+01    1
    0.294598753561703717E+02   -0.220162848450316098E+02   -0.902515351937696408E+01    1
    0.292557771039590548E+02   -0.219264906001559012E+02   -0.903515351937696032E+01    1
    0.294588677660414646E+02   -0.216457101146337436E+02   -0.904515351937695833E+01    1
    0.292570955353815805E+02   -0.214434950383435066E+02   -0.905515351937695989E+01    1
    0.294581210177865245E+02   -0.213734382163599044E+02   -0.906515351937695790E+01    1
    0.292586703901828606E+02   -0.208748027121282753E+02   -0.907515351937695591E+01    1
    0.294566160165712283E+02   -0.208308293862488583E+02   -0.908515351937695925E+01    1
    0.292610937667294664E+02   -0.200172281001984302E+02   -0.909515351937696437E+01    1
    0.292610979795887367E+02   -0.200157557691417232E+02   -0.910515351937696060E+01    1
    0.292611684236042819E+02   -0.199911461559918067E+02   -0.911515351937695506E+01    1
    0.294534499536752108E+02   -0.197160957439762221E+02   -0.912515351937696195E+01    1
    0.292635036446416734E+02   -0.191854980148138772E+02   -0.913515351937696529E+01    1
    0.292640806651502778E+02   -0.189894661997160696E+02   -0.914515351937696153E+01    1
    0.292648903926772057E+02   -0.187164076125577985E+02   -0.915515351937696131E+01    1
    0.292675075186959788E+02   -0.178500749592483956E+02   -0.916515351937695577E+01    1
    0.294464901533623049E+02   -0.173931024855333476E+02   -0.917515351937695733E+01    1
    0.294461824744622547E+02   -0.172944520722824109E+02   -0.918515351937696067E+01    1
    0.292696951352792816E+02   -0.171449322318823469E+02   -0.919515351937696046E+01    1
    0.294443214432732532E+02   -0.167050539517764385E+02   -0.920515351937696202E+01    1
    0.294440037460678745E+02   -0.166056896012364774E+02   -0.921515351937696536E+01    1
    0.292725789546966553E+02   -0.162418331888804168E+02   -0.922515351937696337E+01    1
    0.292744006635603284E+02   -0.156868503981859941E+02   -0.923515351937695961E+01    1
    0.292749617235262818E+02   -0.155183418251371474E+02   -0.924515351937695584E+01    1
    0.292754782284789457E+02   -0.153642215906607031E+02   -0.925515351937695918E+01    1
    0.294391854202262877E+02   -0.151434507566655441E+02   -0.926515351937696607E+01    1
    0.292765149784507130E+02   -0.150577778419264146E+02   -0.927515351937695876E+01    1
    0.292781587716097249E+02   -0.145798734553710503E+02   -0.928515351937695499E+01    1
    0.292790849326063025E+02   -0.143149133953197865E+02   -0.929515351937696188E+01    1
    0.292807605446428241E+02   -0.138434326308713000E+02   -0.930515351937696522E+01    1
    0.294326564500236927E+02   -0.132960794728059142E+02   -0.931515351937695790E+01    1
    0.294309366742851566E+02   -0.128351282733884080E+02   -0.932515351937696657E+01    1
    0.292858308056301659E+02   -0.124786373155256438E+02   -0.933515351937696458E+01    1
    0.292874830349886643E+02   -0.120539860563578323E+02   -0.934515351937696082E+01    1
    0.294278102236677768E+02   -0.120245517227715215E+02   -0.935515351937695883E+01    1
    0.294275553015997815E+02   -0.119600187013316503E+02   -0.936515351937696394E+01    1
    0.294269925069107927E+02   -0.118183807354439185E+02   -0.937515351937696728E+01    1
    0.294259717870896971E+02   -0.115644207694070378E+02   -0.938515351937696352E+01    1
    0.294259400265548905E+02   -0.115565790588676123E+02   -0.939515351937695797E+01    1
    0.294257543699278585E+02   -0.115108132466878494E+02   -0.940515351937695776E+01    1
    0.294219221559996278E+02   -0.105939926752856852E+02   -0.941515351937695755E+01    1
    0.292935388447587357E+02   -0.105819694511285540E+02   -0.942515351937696089E+01    1
    0.292936326873208088E+02   -0.105602024969787305E+02   -0.943515351937695712E+01    1
    0.294215801689706069E+02   -0.105147575984371127E+02   -0.944515351937694980E+01    1
    0.294212910175713915E+02   -0.104480941141775432E+02   -0.945515351937695137E+01    1
    0.292943974398942721E+02   -0.103840043951134700E+02   -0.946515351937695826E+01    1
    0.294204357301428985E+02   -0.102526791571332563E+02   -0.947515351937695982E+01    1
    0.294200989357385225E+02   -0.101764550051902027E+02   -0.948515351937695605E+01    1
    0.292957996899951922E+02   -0.100664238627987963E+02   -0.949515351937695584E+01    1
    0.294191672056251718E+02   -0.996772133548821060E+01   -0.950515351937695741E+01    1
    0.294190787280111863E+02   -0.994806313832270028E+01   -0.951515351937695897E+01    1
    0.294184316583797667E+02   -0.980515632804385007E+01   -0.952515351937695876E+01    1
    0.292976023893223072E+02   -0.966860014326770667E+01   -0.953515351937695854E+01    1
    0.294170106466468795E+02   -0.949663817193314230E+01   -0.954515351937695833E+01    1
    0.292987873092845703E+02   -0.941351254564004414E+01   -0.955515351937695989E+01    1
    0.292991001990974205E+02   -0.934700182401747171E+01   -0.956515351937696323E+01    1
    0.292991823151042112E+02   -0.932960516387704075E+01   -0.957515351937696302E+01    1
    0.294157027685911387E+02   -0.921913823287219714E+01   -0.958515351937695215E+01    1
    0.293003273011236374E+02   -0.908957586108040871E+01   -0.959515351937695371E+01    1
    0.294143726953489519E+02   -0.894327537080307877E+01   -0.960515351937695527E+01    1
    0.293011482527205303E+02   -0.892039479661660373E+01   -0.961515351937695861E+01    1
    0.294124390075011775E+02   -0.855363555276202092E+01   -0.962515351937695662E+01    1
    0.293038223737933805E+02   -0.838621917664203664E+01   -0.963515351937695286E+01    1
    0.294114277697988697E+02   -0.835525679544015709E+01   -0.964515351937695797E+01    1
    0.294113840998212268E+02   -0.834677319788581507E+01   -0.965515351937696309E+01    1
    0.294112451800107522E+02   -0.831983166385645134E+01   -0.966515351937695755E+01    1
    0.293042975244030259E+02   -0.829401089669066849E+01   -0.967515351937695556E+01    1
    0.293043164697371026E+02   -0.829035127463368582E+01   -0.968515351937696067E+01    1
    0.294107002901830299E+02   -0.821483192958534048E+01   -0.969515351937696224E+01    1
    0.293058459554940498E+02   -0.799918810007808112E+01   -0.970515351937696025E+01    1
    0.294092534342422702E+02   -0.794123665465826267E+01   -0.971515351937696003E+01    1
    0.293066555094540959E+02   -0.784850101344850959E+01   -0.972515351937696160E+01    1
    0.293073226727595610E+02   -0.772609996110152863E+01   -0.973515351937696316E+01    1
    0.294079596358532527E+02   -0.770299763081393962E+01   -0.974515351937696295E+01    1
    0.294068615783824718E+02   -0.750555271795304435E+01   -0.975515351937696273E+01    1
    0.293086931013652858E+02   -0.747972515576596919E+01   -0.976515351937695542E+01    1
    0.293091149788594052E+02   -0.740524794925023055E+01   -0.977515351937695698E+01    1
    0.293096163521400506E+02   -0.731757401881746361E+01   -0.978515351937696209E+01    1
    0.293098782866571810E+02   -0.727213180304794538E+01   -0.979515351937696011E+01    1
    0.293102335783315446E+02   -0.721088999416802334E+01   -0.980515351937695812E+01    1
    0.294042265138499523E+02   -0.704952693881312786E+01   -0.981515351937695613E+01    1
    0.293114980421260611E+02   -0.699663829008966243E+01   -0.982515351937695769E+01    1
    0.294036755887457488E+02   -0.695735834379206608E+01   -0.983515351937696103E+01    1
    0.293119978625944562E+02   -0.691354334572328000E+01   -0.984515351937696082E+01    1
    0.293120300356147538E+02   -0.690822555304506825E+01   -0.985515351937696060E+01    1
    0.294028198537987961E+02   -0.681637297332320191E+01   -0.986515351937695506E+01    1
    0.293134517811344466E+02   -0.667696793147990597E+01   -0.987515351937695307E+01    1
    0.293139343461270414E+02   -0.660013727028545816E+01   -0.988515351937695641E+01    1
    0.293999639723699744E+02   -0.636502916144661057E+01   -0.989515351937695975E+01    1
    0.293163129860919156E+02   -0.623373671261025741E+01   -0.990515351937695954E+01    1
    0.293987468652222859E+02   -0.618164393936695333E+01   -0.991515351937695577E+01    1
    0.293986976999208807E+02   -0.617434866209186772E+01   -0.992515351937695911E+01    1
    0.293171924820801664E+02   -0.610344409936390164E+01   -0.993515351937696067E+01    1
    0.293175004062130391E+02   -0.605848813901409144E+01   -0.994515351937695513E+01    1
    0.293178361530060627E+02   -0.600986105028487927E+01   -0.995515351937695492E+01    1
    0.293180744517327838E+02   -0.597559504936603414E+01   -0.996515351937695826E+01    1
    0.293185622331653661E+02   -0.590609546236006722E+01   -0.997515351937695982E+01    1
    0.293966274728186150E+02   -0.587509907625786365E+01   -0.998515351937696138E+01    1
    0.293959184873505066E+02   -0.577617985219963348E+01   -0.999515351937695584E+01    1
    0.293198087682925284E+02   -0.573239823344319355E+01   -0.100051535193769503E+02    1
    0.293953297461484908E+02   -0.569541931654091371E+01   -0.100151535193769536E+02    1
    0.293953013420104980E+02   -0.569155468749012616E+01   -0.100251535193769570E+02    1
    0.293201670137428678E+02   -0.568351873702149479E+01   -0.100351535193769603E+02    1
    0.293952352527646497E+02   -0.568257396876396204E+01   -0.100451535193769637E+02    1
    0.293206504322644186E+02   -0.561829639946611437E+01   -0.100551535193769475E+02    1
    0.293206820149374643E+02   -0.561406471695766296E+01   -0.100651535193769543E+02    1
    0.293946673541328316E+02   -0.560605473233625773E+01   -0.100751535193769577E+02    1
    0.293941685651164022E+02   -0.553980975254255981E+01   -0.100851535193769539E+02    1
    0.293214088988720576E+02   -0.551766857956130430E+01   -0.100951535193769484E+02    1
    0.293219799179662566E+02   -0.544328307419712765E+01   -0.101051535193769499E+02    1
    0.293220689205251048E+02   -0.543179514380783512E+01   -0.101151535193769551E+02    1
    0.293220866124366388E+02   -0.542951498949124467E+01   -0.101251535193769566E+02    1
    0.293223015630865369E+02   -0.540190234783565604E+01   -0.101351535193769582E+02    1
    0.293922966715457079E+02   -0.529922721902393690E+01   -0.101451535193769562E+02    1
    0.293231287889423022E+02   -0.529719596597832876E+01   -0.101551535193769507E+02    1
    0.293920940192923723E+02   -0.527394204364544716E+01   -0.101651535193769487E+02    1
    0.293918844289192336E+02   -0.524794747142888252E+01   -0.101751535193769485E+02    1
    0.293235336801743571E+02   -0.524684907122156297E+01   -0.101851535193769500E+02    1
    0.293235689191779691E+02   -0.524249527036472074E+01   -0.101951535193769534E+02    1
    0.293918151743675438E+02   -0.523939306352456757E+01   -0.102051535193769531E+02    1
    0.293236122840587008E+02   -0.523714367776862755E+01   -0.102151535193769565E+02    1
    0.293237962091501316E+02   -0.521452138202662496E+01   -0.102251535193769545E+02    1
    0.293910689190551651E+02   -0.514831545962304205E+01   -0.102351535193769507E+02    1
    0.293245321855228198E+02   -0.512522283130921075E+01   -0.102451535193769541E+02    1
    0.293249523248044781E+02   -0.507512445438686211E+01   -0.102551535193769521E+02    1
    0.293904327484768828E+02   -0.507226401001898708E+01   -0.102651535193769536E+02    1
    0.293251971867733090E+02   -0.504622107603277836E+01   -0.102751535193769570E+02    1
    0.293901353966918002E+02   -0.503721897139182317E+01   -0.102851535193769532E+02    1
    0.293901273928114932E+02   -0.503628007741959305E+01   -0.102951535193769512E+02    1
    0.293900098527228266E+02   -0.502251874599327675E+01   -0.103051535193769492E+02    1
    0.293259983308523360E+02   -0.495317019695641392E+01   -0.103151535193769526E+02    1
    0.293263990490106927E+02   -0.490749890174635173E+01   -0.103251535193769541E+02    1
    0.293888748175052221E+02   -0.489220290613578879E+01   -0.103351535193769539E+02    1
    0.293886075591419029E+02   -0.486219627666202303E+01   -0.103451535193769555E+02    1
    0.293884799423085106E+02   -0.484795915133757660E+01   -0.103551535193769570E+02    1
    0.293880297188504471E+02   -0.479820211043985267E+01   -0.103651535193769533E+02    1
    0.293875909117135663E+02   -0.475041238200648497E+01   -0.103751535193769513E+02    1
    0.293874921678437246E+02   -0.473975436645057790E+01   -0.103851535193769564E+02    1
    0.293867242189017333E+02   -0.465806892123056127E+01   -0.103951535193769562E+02    1
    0.293288566863392610E+02   -0.464009931610499304E+01   -0.104051535193769507E+02    1
    0.293864607280846677E+02   -0.463053342038003191E+01   -0.104151535193769558E+02    1
    0.293858138726154863E+02   -0.456400039344178943E+01   -0.104251535193769538E+02    1
    0.293297185501946345E+02   -0.455150029763967634E+01   -0.104351535193769482E+02    1
    0.293297268383942296E+02   -0.455066132115648614E+01   -0.104451535193769534E+02    1
    0.293299407566323609E+02   -0.452909333555038085E+01   -0.104551535193769531E+02    1
    0.293846994246223367E+02   -0.445292301627699150E+01   -0.104651535193769529E+02    1
    0.293841251242443064E+02   -0.439743654793517269E+01   -0.104751535193769580E+02    1
    0.293316043393247625E+02   -0.436701456145871436E+01   -0.104851535193769543E+02    1
    0.293320355448405365E+02   -0.432663709635339799E+01   -0.104951535193769523E+02    1
    0.293329755556858913E+02   -0.424094725343057810E+01   -0.105051535193769539E+02    1
    0.293333132390605869E+02   -0.421094499489891039E+01   -0.105151535193769536E+02    1
    0.293817789867886390E+02   -0.418315589317798242E+01   -0.105251535193769499E+02    1
    0.293337800970356426E+02   -0.417014530488472435E+01   -0.105351535193769514E+02    1
    0.293337833476696659E+02   -0.416986398927846036E+01   -0.105451535193769512E+02    1
    0.293813728131916179E+02   -0.414808073457561033E+01   -0.105551535193769528E+02    1
    0.293342593434280019E+02   -0.412908309022605557E+01   -0.105651535193769543E+02    1
    0.293810521167632999E+02   -0.412080859624252582E+01   -0.105751535193769524E+02    1
    0.293345677277152816E+02   -0.410309981373842447E+01   -0.105851535193769575E+02    1
    0.293807295017006709E+02   -0.409374869119954621E+01   -0.105951535193769573E+02    1
    0.293805433977139145E+02   -0.407831013659111363E+01   -0.106051535193769570E+02    1
    0.293802945217568023E+02   -0.405786004227589459E+01   -0.106151535193769551E+02    1
    0.293800620377286563E+02   -0.403895928610354815E+01   -0.106251535193769495E+02    1
    0.293355269941569610E+02   -0.402447518980768582E+01   -0.106351535193769458E+02    1
    0.293792449050821745E+02   -0.397407842273954115E+01   -0.106451535193769526E+02    1
    0.293786333774397939E+02   -0.392710298538514868E+01   -0.106551535193769560E+02    1
    0.293785481397925388E+02   -0.392066274797139425E+01   -0.106651535193769540E+02    1
    0.293371530551605346E+02   -0.389880176335215811E+01   -0.106751535193769556E+02    1
    0.293781989693268386E+02   -0.389455509316262116E+01   -0.106851535193769500E+02    1
    0.293374607006034189E+02   -0.387610078754561505E+01   -0.106951535193769480E+02    1
    0.293376926972302776E+02   -0.385920834183154149E+01   -0.107051535193769549E+02    1
    0.293377549346628967E+02   -0.385470975021929352E+01   -0.107151535193769494E+02    1
    0.293379845681785270E+02   -0.383823281098305502E+01   -0.107251535193769456E+02    1
    0.293773896885741337E+02   -0.383574049546017104E+01   -0.107351535193769543E+02    1
    0.293773820901481351E+02   -0.383519950572963575E+01   -0.107451535193769505E+02    1
    0.293772951005683609E+02   -0.382902093884283579E+01   -0.107551535193769414E+02    1
    0.293385044240371968E+02   -0.380163623296502884E+01   -0.107651535193769483E+02    1
    0.293760058920018956E+02   -0.374066206663899248E+01   -0.107751535193769499E+02    1
    0.293759461081856514E+02   -0.373671051849667402E+01   -0.107851535193769426E+02    1
    0.293759286391260943E+02   -0.373555830202116601E+01   -0.107951535193769441E+02    1
    0.293757616883877795E+02   -0.372460232943510849E+01   -0.108051535193769528E+02    1
    0.293755831648551222E+02   -0.371299846007010625E+01   -0.108151535193769561E+02    1
    0.293400664463568930E+02   -0.369755568609228513E+01   -0.108251535193769524E+02    1
    0.293751744997243058E+02   -0.368686963102290788E+01   -0.108351535193769521E+02    1
    0.293751003431373867E+02   -0.368219304189115570E+01   -0.108451535193769519E+02    1
    0.293750334781279143E+02   -0.367799334223563834E+01   -0.108551535193769482E+02    1
    0.293749698285651419E+02   -0.367401062614614915E+01   -0.108651535193769480E+02    1
    0.293405377006684631E+02   -0.366788824739898667E+01   -0.108751535193769477E+02    1
    0.293748148731954402E+02   -0.366437594208405626E+01   -0.108851535193769493E+02    1
    0.293748074716266174E+02   -0.366391790717666055E+01   -0.108951535193769473E+02    1
    0.293747136311347106E+02   -0.365812791443008356E+01   -0.109051535193769453E+02    1
    0.293746374474724448E+02   -0.365345078358890429E+01   -0.109151535193769469E+02    1
    0.293408058350678758E+02   -0.365136665816819361E+01   -0.109251535193769485E+02    1
    0.293408500421998895E+02   -0.364866773016285517E+01   -0.109351535193769500E+02    1
    0.293745351683268296E+02   -0.364720459252855100E+01   -0.109451535193769498E+02    1
    0.293408950677331717E+02   -0.364592610439299136E+01   -0.109551535193769460E+02    1
    0.293742465231757777E+02   -0.362978112102522577E+01   -0.109651535193769440E+02    1
    0.293413242512071548E+02   -0.362016104668126637E+01   -0.109751535193769456E+02    1
    0.293413596759290272E+02   -0.361806417351107790E+01   -0.109851535193769454E+02    1
    0.293736839722656953E+02   -0.359669000212304368E+01   -0.109951535193769434E+02    1
    0.293418292017494977E+02   -0.359070066361079077E+01   -0.110051535193769485E+02    1
    0.293418940162577719E+02   -0.358698597982994860E+01   -0.110151535193769536E+02    1
    0.293419466269093725E+02   -0.358398190422632013E+01   -0.110251535193769499E+02    1
    0.293420234108511835E+02   -0.357961550120390770E+01   -0.110351535193769461E+02    1
    0.293420404717236103E+02   -0.357864821195817306E+01   -0.110451535193769441E+02    1
    0.293733293127663586E+02   -0.357641613515467327E+01   -0.110551535193769439E+02    1
    0.293728220396734230E+02   -0.354820907249341522E+01   -0.110651535193769455E+02    1
    0.293429284830260642E+02   -0.352975493989813538E+01   -0.110751535193769488E+02    1
    0.293430809811055013E+02   -0.352164551087563371E+01   -0.110851535193769504E+02    1
    0.293722607578454884E+02   -0.351808366461058508E+01   -0.110951535193769502E+02    1
    0.293432560237571920E+02   -0.351244092641766859E+01   -0.111051535193769553E+02    1
    0.293719930095924049E+02   -0.350411443620457597E+01   -0.111151535193769551E+02    1
    0.293434322913735457E+02   -0.350328393450939179E+01   -0.111251535193769460E+02    1
    0.293719492859530504E+02   -0.350185787596312315E+01   -0.111351535193769493E+02    1
    0.293437988138334518E+02   -0.348460316730857755E+01   -0.111451535193769491E+02    1
    0.293438144362324920E+02   -0.348381772960943215E+01   -0.111551535193769507E+02    1
    0.293715113773547323E+02   -0.347963906953884949E+01   -0.111651535193769469E+02    1
    0.293440528298443510E+02   -0.347194169254795737E+01   -0.111751535193769467E+02    1
    0.293440570921231512E+02   -0.347173122966377479E+01   -0.111851535193769482E+02    1
    0.293442571497317424E+02   -0.346192671585379586E+01   -0.111951535193769498E+02    1
    0.293707780115179524E+02   -0.344398289838855209E+01   -0.112051535193769514E+02    1
    0.293448585397693869E+02   -0.343332531399702079E+01   -0.112151535193769529E+02    1
    0.293702389559850516E+02   -0.341901471638967358E+01   -0.112251535193769527E+02    1
    0.293452638251782538E+02   -0.341478837685524894E+01   -0.112351535193769525E+02    1
    0.293452986412059467E+02   -0.341322367692354067E+01   -0.112451535193769505E+02    1
    0.293700843706145029E+02   -0.341204851955020461E+01   -0.112551535193769485E+02    1
    0.293455386239306932E+02   -0.340255766952111971E+01   -0.112651535193769465E+02    1
    0.293698423740431842E+02   -0.340131683583817424E+01   -0.112751535193769428E+02    1
    0.293456710531476546E+02   -0.339676107172450248E+01   -0.112851535193769514E+02    1
    0.293697268798074873E+02   -0.339626975945585352E+01   -0.112951535193769441E+02    1
    0.293457010214798899E+02   -0.339545812199985830E+01   -0.113051535193769475E+02    1
    0.293696781176593333E+02   -0.339415335004229979E+01   -0.113151535193769508E+02    1
    0.293457379659127184E+02   -0.339385633986323976E+01   -0.113251535193769524E+02    1
    0.293696023064565424E+02   -0.339088002040917313E+01   -0.113351535193769486E+02    1
    0.293695679302805459E+02   -0.338940259823556156E+01   -0.113451535193769519E+02    1
    0.293459538810374880E+02   -0.338459376257119215E+01   -0.113551535193769464E+02    1
    0.293694169608041591E+02   -0.338296483144329851E+01   -0.113651535193769444E+02    1
    0.293460130077657162E+02   -0.338208669037096499E+01   -0.113751535193769477E+02    1
    0.293460192213014750E+02   -0.338182396040689115E+01   -0.113851535193769493E+02    1
    0.293462095381074022E+02   -0.337384435532690752E+01   -0.113951535193769544E+02    1
    0.293691551589523385E+02   -0.337199632062210553E+01   -0.114051535193769453E+02    1
    0.293465303762118666E+02   -0.336068888561149848E+01   -0.114151535193769433E+02    1
    0.293466039859961754E+02   -0.335772314826980667E+01   -0.114251535193769502E+02    1
    0.293687757726689256E+02   -0.335654146180242652E+01   -0.114351535193769465E+02    1
    0.293684452590675136E+02   -0.334350189697248279E+01   -0.114451535193769427E+02    1
    0.293682398416768251E+02   -0.333559680778152545E+01   -0.114551535193769425E+02    1
    0.293678796369712600E+02   -0.332210354678489317E+01   -0.114651535193769476E+02    1
    0.293475458589799345E+02   -0.332150510047320724E+01   -0.114751535193769509E+02    1
    0.293475966874661616E+02   -0.331964184735434698E+01   -0.114851535193769489E+02    1
    0.293475972901886522E+02   -0.331961980903059128E+01   -0.114951535193769505E+02    1
    0.293476036932489812E+02   -0.331938576464891932E+01   -0.115051535193769467E+02    1
    0.293478051836785738E+02   -0.331209666179559026E+01   -0.115151535193769430E+02    1
    0.293478575999294051E+02   -0.331022452794412692E+01   -0.115251535193769428E+02    1
    0.293674051136171954E+02   -0.330504435959160192E+01   -0.115351535193769426E+02    1
    0.293673729762414624E+02   -0.330391846767531527E+01   -0.115451535193769423E+02    1
    0.293671634524675653E+02   -0.329666965439743986E+01   -0.115551535193769439E+02    1
    0.293671146572297772E+02   -0.329500430336246364E+01   -0.115651535193769455E+02    1
    0.293482983232586179E+02   -0.329487647247287674E+01   -0.115751535193769453E+02    1
    0.293485203444070990E+02   -0.328741080132976560E+01   -0.115851535193769433E+02    1
    0.293486121264460849E+02   -0.328437663858028150E+01   -0.115951535193769448E+02    1
    0.293487871537823608E+02   -0.327867499106552840E+01   -0.116051535193769446E+02    1
    0.293665836235965472E+02   -0.327743739094784114E+01   -0.116151535193769408E+02    1
    0.293665416646878654E+02   -0.327609285155900043E+01   -0.116251535193769424E+02    1
    0.293489082875143765E+02   -0.327479385797729483E+01   -0.116351535193769458E+02    1
    0.293490201625587801E+02   -0.327125652451777293E+01   -0.116451535193769455E+02    1
    0.293490522353223469E+02   -0.327025077901006744E+01   -0.116551535193769418E+02    1
    0.293491063963710630E+02   -0.326856083155432220E+01   -0.116651535193769451E+02    1
    0.293662500688926329E+02   -0.326692482563892161E+01   -0.116751535193769502E+02    1
    0.293492984035212601E+02   -0.326265526653367921E+01   -0.116851535193769465E+02    1
    0.293493074070446838E+02   -0.326238161862249187E+01   -0.116951535193769445E+02    1
    0.293493125858470947E+02   -0.326222434993058519E+01   -0.117051535193769460E+02    1
    0.293494454397500348E+02   -0.325822304233173243E+01   -0.117151535193769476E+02    1
    0.293494591032698509E+02   -0.325781514407319506E+01   -0.117251535193769456E+02    1
    0.293495092385980669E+02   -0.325632423518362923E+01   -0.117351535193769418E+02    1
    0.293658968266520475E+02   -0.325623058950696098E+01   -0.117451535193769399E+02    1
    0.293495234756598435E+02   -0.325590251552776389E+01   -0.117551535193769414E+02    1
    0.293496617708737055E+02   -0.325184419251345069E+01   -0.117651535193769430E+02    1
    0.293497159675505799E+02   -0.325027264124643223E+01   -0.117751535193769463E+02    1
    0.293656385242396567E+02   -0.324869632901075134E+01   -0.117851535193769479E+02    1
