    0.395773935317993164E+02   -0.163239412022982055E+06   -0.460515351937698814E+01    1
    0.395111691951751709E+02   -0.161307700627646962E+06   -0.461515351937698259E+01    1
    0.393280208110809326E+02   -0.156025275885426556E+06   -0.462515351937698149E+01    1
    0.391189873218536377E+02   -0.150103725164122006E+06   -0.463515351937698661E+01    1
    0.385616624355316162E+02   -0.134875560947695863E+06   -0.464515351937698728E+01    1
    0.383911287784576416E+02   -0.130378660404533046E+06   -0.465515351937698174E+01    1
    0.383867537975311279E+02   -0.130264297078932024E+06   -0.466515351937698153E+01    1
    0.383304131031036377E+02   -0.128796018306602622E+06   -0.467515351937698398E+01    1
    0.383222734928131104E+02   -0.128584582224767641E+06   -0.468515351937698377E+01    1
    0.381655979156494141E+02   -0.124548596187968928E+06   -0.469515351937698444E+01    1
    0.381582939624786377E+02   -0.124362015251461824E+06   -0.470515351937698423E+01    1
    0.374427890777587891E+02   -0.106762225899383498E+06   -0.471515351937698135E+01    1
    0.373907017707824707E+02   -0.105533406148404334E+06   -0.472515351937698025E+01    1
    0.368405580520629883E+02   -0.929889641756041528E+05   -0.473515351937698448E+01    1
    0.200640189647674561E+02   -0.914821794444411644E+05   -0.474515351937698782E+01    1
    0.365542173385620117E+02   -0.867737584070216981E+05   -0.475515351937698494E+01    1
    0.203723299503326416E+02   -0.848543560879791476E+05   -0.476515351937698117E+01    1
    0.203981757164001465E+02   -0.843100654648180353E+05   -0.477515351937698451E+01    1
    0.364325368404388428E+02   -0.841976867451864091E+05   -0.478515351937698341E+01    1
    0.206115484237670898E+02   -0.798835195486131415E+05   -0.479515351937697876E+01    1
    0.361006724834442139E+02   -0.773691575823308085E+05   -0.480515351937698032E+01    1
    0.207863640785217285E+02   -0.763458176525462914E+05   -0.481515351937698277E+01    1
    0.359417021274566650E+02   -0.742004228279503295E+05   -0.482515351937698345E+01    1
    0.358700037002563477E+02   -0.727929469558785931E+05   -0.483515351937698323E+01    1
    0.358444046974182129E+02   -0.722936906695873331E+05   -0.484515351937698480E+01    1
    0.358113086223602295E+02   -0.716507656801651610E+05   -0.485515351937698814E+01    1
    0.357272839546203613E+02   -0.700314007724043040E+05   -0.486515351937698437E+01    1
    0.211677861213684082E+02   -0.689051795422014693E+05   -0.487515351937698149E+01    1
    0.356526851654052734E+02   -0.686092072358294972E+05   -0.488515351937698572E+01    1
    0.356428015232086182E+02   -0.684218744211466401E+05   -0.489515351937698817E+01    1
    0.355448126792907715E+02   -0.665784669661805674E+05   -0.490515351937698973E+01    1
    0.213268637657165527E+02   -0.659146593976810400E+05   -0.491515351937698775E+01    1
    0.213491129875183105E+02   -0.655016819294200322E+05   -0.492515351937698220E+01    1
    0.213783872127532959E+02   -0.649602874554500886E+05   -0.493515351937698199E+01    1
    0.354063963890075684E+02   -0.640174146806733406E+05   -0.494515351937698799E+01    1
    0.214597702026367188E+02   -0.634670037261005637E+05   -0.495515351937699045E+01    1
    0.215625166893005371E+02   -0.616065236490589668E+05   -0.496515351937698846E+01    1
    0.351931011676788330E+02   -0.601692485443967234E+05   -0.497515351937698824E+01    1
    0.216515421867370605E+02   -0.600168753658949427E+05   -0.498515351937698359E+01    1
    0.351345109939575195E+02   -0.591330750612822958E+05   -0.499515351937698426E+01    1
    0.351197648048400879E+02   -0.588737047022939150E+05   -0.500515351937698583E+01    1
    0.217402613162994385E+02   -0.584533685239675251E+05   -0.501515351937698384E+01    1
    0.350947487354278564E+02   -0.584350015452157604E+05   -0.502515351937698451E+01    1
    0.350573527812957764E+02   -0.577822535738775114E+05   -0.503515351937698608E+01    1
    0.218997299671173096E+02   -0.556949153747634846E+05   -0.504515351937698409E+01    1
    0.348568832874298096E+02   -0.543455565562918273E+05   -0.505515351937698298E+01    1
    0.346840977668762207E+02   -0.514679919075580110E+05   -0.506515351937698455E+01    1
    0.346474099159240723E+02   -0.508670674682711106E+05   -0.507515351937697989E+01    1
    0.346449005603790283E+02   -0.508260947001387976E+05   -0.508515351937698501E+01    1
    0.221960508823394775E+02   -0.507462627043751127E+05   -0.509515351937699013E+01    1
    0.345164394378662109E+02   -0.487506351171231145E+05   -0.510515351937699080E+01    1
    0.224054920673370361E+02   -0.473873815410401221E+05   -0.511515351937698348E+01    1
    0.344230163097381592E+02   -0.472684330561086681E+05   -0.512515351937698238E+01    1
    0.343254196643829346E+02   -0.457444537958829387E+05   -0.513515351937698394E+01    1
    0.226823651790618896E+02   -0.431235706399087285E+05   -0.514515351937697751E+01    1
    0.341231608390808105E+02   -0.426656660473554803E+05   -0.515515351937698085E+01    1
    0.227252316474914551E+02   -0.424813987978371806E+05   -0.516515351937698330E+01    1
    0.227944982051849365E+02   -0.414539151135741849E+05   -0.517515351937698220E+01    1
    0.339787852764129639E+02   -0.405335795356492890E+05   -0.518515351937698643E+01    1
    0.339449870586395264E+02   -0.400423533309349441E+05   -0.519515351937698533E+01    1
    0.230403077602386475E+02   -0.379091564474277111E+05   -0.520515351937697623E+01    1
    0.230419540405273438E+02   -0.378859498547767216E+05   -0.521515351937698224E+01    1
    0.337875473499298096E+02   -0.377935780544959052E+05   -0.522515351937697670E+01    1
    0.337323534488677979E+02   -0.370206051397210394E+05   -0.523515351937698092E+01    1
    0.336858773231506348E+02   -0.363759158407260329E+05   -0.524515351937698071E+01    1
    0.233175063133239746E+02   -0.341017848676539797E+05   -0.525515351937698583E+01    1
    0.233650946617126465E+02   -0.334684106666391090E+05   -0.526515351937698739E+01    1
    0.334397971630096436E+02   -0.330568070829562494E+05   -0.527515351937698007E+01    1
    0.234255433082580566E+02   -0.326724337291381707E+05   -0.528515351937697542E+01    1
    0.235057568550109863E+02   -0.316309862213478045E+05   -0.529515351937697609E+01    1
    0.332966160774230957E+02   -0.311986513002539250E+05   -0.530515351937697677E+01    1
    0.332740938663482666E+02   -0.309112576662862739E+05   -0.531515351937698188E+01    1
    0.235954642295837402E+02   -0.304862573632504791E+05   -0.532515351937698078E+01    1
    0.332212281227111816E+02   -0.302418910140120606E+05   -0.533515351937697613E+01    1
    0.331764888763427734E+02   -0.296811431787036345E+05   -0.534515351937697680E+01    1
    0.331013345718383789E+02   -0.287509936781238503E+05   -0.535515351937698103E+01    1
    0.330372416973114014E+02   -0.279694451127639477E+05   -0.536515351937698171E+01    1
    0.330035185813903809E+02   -0.275625493853899352E+05   -0.537515351937698238E+01    1
    0.329828333854675293E+02   -0.273144416109091071E+05   -0.538515351937698128E+01    1
    0.329740357398986816E+02   -0.272092585968507010E+05   -0.539515351937698018E+01    1
    0.239849030971527100E+02   -0.257613430923058913E+05   -0.540515351937698263E+01    1
    0.239935326576232910E+02   -0.256611468022729714E+05   -0.541515351937698153E+01    1
    0.240601217746734619E+02   -0.248945580253422777E+05   -0.542515351937697865E+01    1
    0.327464830875396729E+02   -0.245591805475945075E+05   -0.543515351937697933E+01    1
    0.327299702167510986E+02   -0.243721545934556561E+05   -0.544515351937698178E+01    1
    0.241384339332580566E+02   -0.240078856414686707E+05   -0.545515351937698245E+01    1
    0.241528129577636719E+02   -0.238468293469613127E+05   -0.546515351937698401E+01    1
    0.242137694358825684E+02   -0.231700887950250690E+05   -0.547515351937698025E+01    1
    0.326167201995849609E+02   -0.231087402793477486E+05   -0.548515351937698004E+01    1
    0.242670702934265137E+02   -0.225863241217579380E+05   -0.549515351937697805E+01    1
    0.325591170787811279E+02   -0.224790220701246508E+05   -0.550515351937697694E+01    1
    0.324741208553314209E+02   -0.215657298069059943E+05   -0.551515351937698295E+01    1
    0.324492657184600830E+02   -0.213022381144862520E+05   -0.552515351937698185E+01    1
    0.323938775062561035E+02   -0.207208883811423948E+05   -0.553515351937698163E+01    1
    0.245662629604339600E+02   -0.194477337266658433E+05   -0.554515351937698142E+01    1
    0.246146594695397134E+02   -0.189620956362345241E+05   -0.555515351937698032E+01    1
    0.322025394439697266E+02   -0.187745028918252392E+05   -0.556515351937698544E+01    1
    0.246637426643642144E+02   -0.184758387591118699E+05   -0.557515351937698611E+01    1
    0.321397101879119873E+02   -0.181563053986118503E+05   -0.558515351937698146E+01    1
    0.247054135799407959E+02   -0.180679710706898586E+05   -0.559515351937697680E+01    1
    0.320823717117309570E+02   -0.176011653884563311E+05   -0.560515351937697748E+01    1
    0.247584986686706543E+02   -0.175549770737214276E+05   -0.561515351937697904E+01    1
    0.247809326648712158E+02   -0.173404043117902984E+05   -0.562515351937698060E+01    1
    0.320378821516134451E+02   -0.171763645169547708E+05   -0.563515351937698039E+01    1
    0.320109826502464756E+02   -0.169220365024633975E+05   -0.564515351937698284E+01    1
    0.249371182918548584E+02   -0.158831165961811766E+05   -0.565515351937698085E+01    1
    0.249744117527552234E+02   -0.155446087894949578E+05   -0.566515351937697975E+01    1
    0.318551182746887207E+02   -0.154857188091425978E+05   -0.567515351937697954E+01    1
    0.318318474292755127E+02   -0.152767382217879967E+05   -0.568515351937697666E+01    1
    0.250474059581756592E+02   -0.148926026907977885E+05   -0.569515351937697734E+01    1
    0.251066124439239502E+02   -0.143740126655215645E+05   -0.570515351937697890E+01    1
    0.316923451423645020E+02   -0.140537226242812849E+05   -0.571515351937697780E+01    1
    0.316608536243438721E+02   -0.137846953193288609E+05   -0.572515351937697403E+01    1
    0.251910281181335449E+02   -0.136505076106892866E+05   -0.573515351937697382E+01    1
    0.316371032281614930E+02   -0.135835190838990002E+05   -0.574515351937697805E+01    1
    0.315428888797760010E+02   -0.128000508844379874E+05   -0.575515351937698227E+01    1
    0.314995145797729492E+02   -0.124471814154002514E+05   -0.576515351937698384E+01    1
    0.314479291439056396E+02   -0.120339318004199031E+05   -0.577515351937697918E+01    1
    0.254679719506112683E+02   -0.114080759876718021E+05   -0.578515351937698075E+01    1
    0.313628852367401123E+02   -0.113678783810072691E+05   -0.579515351937698409E+01    1
    0.254746272789879029E+02   -0.113566614920704233E+05   -0.580515351937698565E+01    1
    0.255064034461975098E+02   -0.111127814414146196E+05   -0.581515351937698366E+01    1
    0.312524032592773438E+02   -0.105309137464239266E+05   -0.582515351937698256E+01    1
    0.312154710292816162E+02   -0.102582674132630837E+05   -0.583515351937698412E+01    1
    0.311992931365966797E+02   -0.101399629616097718E+05   -0.584515351937698391E+01    1
    0.311852500644735322E+02   -0.100378261710161933E+05   -0.585515351937697837E+01    1
    0.256608462333679199E+02   -0.996514257451096637E+04   -0.586515351937697371E+01    1
    0.257266946539181518E+02   -0.949484847433242066E+04   -0.587515351937697705E+01    1
    0.311064589023590088E+02   -0.947435755601413257E+04   -0.588515351937697684E+01    1
    0.311035523942843426E+02   -0.945388316150920764E+04   -0.589515351937697751E+01    1
    0.311005282402038574E+02   -0.943260354003234534E+04   -0.590515351937697286E+01    1
    0.257570402142866968E+02   -0.928194471142413749E+04   -0.591515351937697531E+01    1
    0.310693609714508057E+02   -0.921469027944434856E+04   -0.592515351937697687E+01    1
    0.257760465145111084E+02   -0.914982649225818568E+04   -0.593515351937697400E+01    1
    0.310360081510132169E+02   -0.898431702862484235E+04   -0.594515351937698000E+01    1
    0.310218067641475201E+02   -0.888711103331865888E+04   -0.595515351937698156E+01    1
    0.309952783584594727E+02   -0.870694510743188766E+04   -0.596515351937697336E+01    1
    0.258500801869482828E+02   -0.864422640166759447E+04   -0.597515351937696959E+01    1
    0.309588193893432617E+02   -0.846234666932836080E+04   -0.598515351937697559E+01    1
    0.308991670608520508E+02   -0.806966234953481944E+04   -0.599515351937697627E+01    1
    0.308656825441074822E+02   -0.785332568584685214E+04   -0.600515351937697517E+01    1
    0.259720623493194580E+02   -0.784251290884103400E+04   -0.601515351937697851E+01    1
    0.259861922264099121E+02   -0.775216699000267454E+04   -0.602515351937697829E+01    1
    0.308400503376045485E+02   -0.768970749165931466E+04   -0.603515351937697453E+01    1
    0.308400249481201172E+02   -0.768954627675102893E+04   -0.604515351937697520E+01    1
    0.308293187618255615E+02   -0.762171610784877248E+04   -0.605515351937697410E+01    1
    0.260076909585678031E+02   -0.761570893550173969E+04   -0.606515351937697478E+01    1
    0.307858631347752585E+02   -0.734948362547676516E+04   -0.607515351937697723E+01    1
    0.260663801125088739E+02   -0.724936254976351938E+04   -0.608515351937697790E+01    1
    0.307561278343200684E+02   -0.716605644142119490E+04   -0.609515351937697769E+01    1
    0.307429099082946777E+02   -0.708526367563589884E+04   -0.610515351937697481E+01    1
    0.306609345223500114E+02   -0.659442939436942743E+04   -0.611515351937697282E+01    1
    0.306459833990834376E+02   -0.650680792941942491E+04   -0.612515351937697528E+01    1
    0.306101930141448975E+02   -0.629943794412099305E+04   -0.613515351937697417E+01    1
    0.262518790765896810E+02   -0.615082667256415789E+04   -0.614515351937697485E+01    1
    0.305402040481567383E+02   -0.590362547561834253E+04   -0.615515351937697819E+01    1
    0.304851698875427246E+02   -0.560140695367664648E+04   -0.616515351937697620E+01    1
    0.304271983142499813E+02   -0.529164510639334276E+04   -0.617515351937697776E+01    1
    0.264169579766213509E+02   -0.524908119314241958E+04   -0.618515351937698288E+01    1
    0.264298546314239502E+02   -0.518164179071270064E+04   -0.619515351937698000E+01    1
    0.303703999519348145E+02   -0.499669707809652482E+04   -0.620515351937697535E+01    1
    0.264761276052224268E+02   -0.494325937218770014E+04   -0.621515351937697247E+01    1
    0.303498268127441406E+02   -0.489194943445223817E+04   -0.622515351937697314E+01    1
    0.264880609512329102E+02   -0.488269338112020705E+04   -0.623515351937697559E+01    1
    0.303399288654327393E+02   -0.484194962099102122E+04   -0.624515351937698071E+01    1
    0.265369379520416260E+02   -0.463852123270480297E+04   -0.625515351937697694E+01    1
    0.265664303302764893E+02   -0.449421749479530354E+04   -0.626515351937697407E+01    1
    0.266019019859865686E+02   -0.432367830123478143E+04   -0.627515351937697385E+01    1
    0.266078174564761127E+02   -0.429555906375827271E+04   -0.628515351937697986E+01    1
    0.266164124995395710E+02   -0.425486594058200080E+04   -0.629515351937697432E+01    1
    0.301900935173034668E+02   -0.411642428365873093E+04   -0.630515351937697766E+01    1
    0.301534919060734872E+02   -0.394813871679422800E+04   -0.631515351937697567E+01    1
    0.301347960363161960E+02   -0.386353470104236385E+04   -0.632515351937697190E+01    1
    0.301216201197230724E+02   -0.380446047932061811E+04   -0.633515351937697790E+01    1
    0.300982757947958675E+02   -0.370091373298843791E+04   -0.634515351937697858E+01    1
    0.267494039794748808E+02   -0.364990208599913740E+04   -0.635515351937697659E+01    1
    0.267572978338424363E+02   -0.361545160553437108E+04   -0.636515351937697371E+01    1
    0.300786018371582031E+02   -0.361475677746458314E+04   -0.637515351937697350E+01    1
    0.267936098575592041E+02   -0.345908226165506130E+04   -0.638515351937697861E+01    1
    0.267937529087066650E+02   -0.345847308081651818E+04   -0.639515351937698195E+01    1
    0.268010447376824317E+02   -0.342749201824745933E+04   -0.640515351937697730E+01    1
    0.300306296348571777E+02   -0.340892886996652987E+04   -0.641515351937697620E+01    1
    0.300292034739789848E+02   -0.340290218023102489E+04   -0.642515351937697776E+01    1
    0.300153529644012451E+02   -0.334464986908674564E+04   -0.643515351937697222E+01    1
    0.300059545040130615E+02   -0.330540835621170299E+04   -0.644515351937697556E+01    1
    0.268434059619903564E+02   -0.325026747179879840E+04   -0.645515351937697535E+01    1
    0.299768527526785320E+02   -0.318536812126648965E+04   -0.646515351937697513E+01    1
    0.299722182750701904E+02   -0.316645656376892430E+04   -0.647515351937697048E+01    1
    0.299666200986381241E+02   -0.314368760410195137E+04   -0.648515351937697559E+01    1
    0.299629354476928711E+02   -0.312874619013825850E+04   -0.649515351937697538E+01    1
    0.268747881117219869E+02   -0.312200908537986288E+04   -0.650515351937697694E+01    1
    0.268875312805175781E+02   -0.307066501501978837E+04   -0.651515351937697318E+01    1
    0.268982041674969707E+02   -0.302799000768184533E+04   -0.652515351937697652E+01    1
    0.299372717474052266E+02   -0.302566610928198088E+04   -0.653515351937697631E+01    1
    0.299227505552797020E+02   -0.296810561727548338E+04   -0.654515351937697609E+01    1
    0.269133746632053956E+02   -0.296784545495372276E+04   -0.655515351937696966E+01    1
    0.299177034656890513E+02   -0.294822894135657316E+04   -0.656515351937697567E+01    1
    0.298617482185363770E+02   -0.273233784444762978E+04   -0.657515351937698256E+01    1
    0.298525488376617432E+02   -0.269762973017100057E+04   -0.658515351937698501E+01    1
    0.298053966737173894E+02   -0.252321350663379326E+04   -0.659515351937696881E+01    1
    0.270483612019794855E+02   -0.245925074296195271E+04   -0.660515351937696948E+01    1
    0.297582396666967455E+02   -0.235460906452101290E+04   -0.661515351937697371E+01    1
    0.270795750405088214E+02   -0.234844524317454898E+04   -0.662515351937697705E+01    1
    0.297537858808608533E+02   -0.233898637815026677E+04   -0.663515351937697861E+01    1
    0.297524482635606162E+02   -0.233430452992809569E+04   -0.664515351937698107E+01    1
    0.270889577152611736E+02   -0.231563713756913376E+04   -0.665515351937697286E+01    1
    0.270927706340526768E+02   -0.230237057622898737E+04   -0.666515351937697353E+01    1
    0.270957535585941969E+02   -0.229201844574311872E+04   -0.667515351937697510E+01    1
    0.271020015687081539E+02   -0.227041055721323437E+04   -0.668515351937697488E+01    1
    0.271027805434184010E+02   -0.226772375497477515E+04   -0.669515351937697734E+01    1
    0.271065385843889217E+02   -0.225478405016279839E+04   -0.670515351937697446E+01    1
    0.271281981660668450E+02   -0.218092733081923552E+04   -0.671515351937697247E+01    1
    0.271836841709110146E+02   -0.199733734150015994E+04   -0.672515351937697314E+01    1
    0.271923589071159242E+02   -0.196936428064996994E+04   -0.673515351937697382E+01    1
    0.272016918659210205E+02   -0.193948898119868113E+04   -0.674515351937697183E+01    1
    0.296254825626110971E+02   -0.191126031124068413E+04   -0.675515351937697428E+01    1
    0.272254119890205146E+02   -0.186458732028153486E+04   -0.676515351937697584E+01    1
    0.272342395782470703E+02   -0.183708883228601439E+04   -0.677515351937697829E+01    1
    0.295689707545680562E+02   -0.173655692586893792E+04   -0.678515351937697098E+01    1
    0.295649970806581912E+02   -0.172458757171537059E+04   -0.679515351937697432E+01    1
    0.273174238862719641E+02   -0.158799756067634485E+04   -0.680515351937697410E+01    1
    0.273265965907739705E+02   -0.156164083927119714E+04   -0.681515351937697567E+01    1
    0.273385243675463094E+02   -0.152769764318269290E+04   -0.682515351937697723E+01    1
    0.273672627765893353E+02   -0.144744791795411879E+04   -0.683515351937697613E+01    1
    0.294575509860746330E+02   -0.141663513888472471E+04   -0.684515351937697059E+01    1
    0.273833564380424797E+02   -0.140345342472325410E+04   -0.685515351937697126E+01    1
    0.274138073333296433E+02   -0.132206909701402128E+04   -0.686515351937697371E+01    1
    0.274161190530545085E+02   -0.131598997832390182E+04   -0.687515351937697083E+01    1
    0.274418580532073975E+02   -0.124925066302754931E+04   -0.688515351937697062E+01    1
    0.274573433399200439E+02   -0.120993525816867532E+04   -0.689515351937697307E+01    1
    0.293666277015094330E+02   -0.117968152782112520E+04   -0.690515351937697019E+01    1
    0.293272978679098983E+02   -0.108389987777179931E+04   -0.691515351937697176E+01    1
    0.275158488750457764E+02   -0.106707067922909528E+04   -0.692515351937697421E+01    1
    0.275312236587448140E+02   -0.103101597954076192E+04   -0.693515351937697400E+01    1
    0.293001252631584848E+02   -0.102009397926582278E+04   -0.694515351937697556E+01    1
    0.292931347164766365E+02   -0.100399203723616154E+04   -0.695515351937697623E+01    1
    0.292890524864196777E+02   -0.994648328664240353E+03   -0.696515351937697869E+01    1
    0.292831475946341158E+02   -0.981210081096376484E+03   -0.697515351937697670E+01    1
    0.275664434455646834E+02   -0.950759477669300281E+03   -0.698515351937697471E+01    1
    0.292493105223722516E+02   -0.905967012982122810E+03   -0.699515351937697627E+01    1
    0.275873723638286137E+02   -0.904608449816094208E+03   -0.700515351937697339E+01    1
    0.292439007759094238E+02   -0.894215737350986615E+03   -0.701515351937697229E+01    1
    0.292393083016646074E+02   -0.884299987139621294E+03   -0.702515351937697385E+01    1
    0.275987604951162773E+02   -0.879978541965153681E+03   -0.703515351937696920E+01    1
    0.276169276237487793E+02   -0.841391050992222972E+03   -0.704515351937696899E+01    1
    0.292167690376096800E+02   -0.836436389533457486E+03   -0.705515351937697233E+01    1
    0.276216208934783936E+02   -0.831563053165543806E+03   -0.706515351937697300E+01    1
    0.292004096508026123E+02   -0.802530320474779501E+03   -0.707515351937697190E+01    1
    0.276525342464447021E+02   -0.768271430076156662E+03   -0.708515351937697524E+01    1
    0.291679844851289012E+02   -0.737400236846853090E+03   -0.709515351937697947E+01    1
    0.291667871936528442E+02   -0.735048092649883188E+03   -0.710515351937697481E+01    1
    0.276788294315338135E+02   -0.716406878420285011E+03   -0.711515351937697194E+01    1
    0.276808161750276156E+02   -0.712561884988019187E+03   -0.712515351937697261E+01    1
    0.291548302612943360E+02   -0.711764221483074948E+03   -0.713515351937696796E+01    1
    0.276937007776260415E+02   -0.687877167019981016E+03   -0.714515351937696508E+01    1
    0.277011358650772017E+02   -0.673830835961127605E+03   -0.715515351937696753E+01    1
    0.291060742585936829E+02   -0.620701308220056490E+03   -0.716515351937696821E+01    1
    0.291060255090705162E+02   -0.620613376142058200E+03   -0.717515351937696444E+01    1
    0.291045284271240234E+02   -0.617916044290475611E+03   -0.718515351937696511E+01    1
    0.277392672067286732E+02   -0.604070866478800212E+03   -0.719515351937696845E+01    1
    0.277417838109532440E+02   -0.599600917062130861E+03   -0.720515351937697446E+01    1
    0.277439987659454346E+02   -0.595680489585677947E+03   -0.721515351937697869E+01    1
    0.290828862535047747E+02   -0.579579213293445378E+03   -0.722515351937697670E+01    1
    0.277631228654179480E+02   -0.562366139681845880E+03   -0.723515351937696849E+01    1
    0.277783718361662331E+02   -0.536489373908311109E+03   -0.724515351937696384E+01    1
    0.277828213633124861E+02   -0.529053634337862150E+03   -0.725515351937697073E+01    1
    0.290465641021728516E+02   -0.517998151093073034E+03   -0.726515351937697051E+01    1
    0.277897456073814944E+02   -0.517585554333633922E+03   -0.727515351937696853E+01    1
    0.277980966316770761E+02   -0.503921625290315376E+03   -0.728515351937696742E+01    1
    0.277989901705056894E+02   -0.502470446801416074E+03   -0.729515351937696988E+01    1
    0.278066531866103119E+02   -0.490111045763748280E+03   -0.730515351937697766E+01    1
    0.290262103080749512E+02   -0.485002188449750918E+03   -0.731515351937697655E+01    1
    0.278160457857129870E+02   -0.475172053122524119E+03   -0.732515351937697723E+01    1
    0.278177119806494666E+02   -0.472546112222525437E+03   -0.733515351937697524E+01    1
    0.278203703637290900E+02   -0.468371542065476149E+03   -0.734515351937696614E+01    1
    0.278374254703521729E+02   -0.442029915627130606E+03   -0.735515351937696948E+01    1
    0.278385989285366904E+02   -0.440245547694564266E+03   -0.736515351937697105E+01    1
    0.278479906485610513E+02   -0.426094506038750239E+03   -0.737515351937696906E+01    1
    0.278561119883837023E+02   -0.414044057324601511E+03   -0.738515351937697240E+01    1
    0.278664020888613422E+02   -0.399023943988053190E+03   -0.739515351937697218E+01    1
    0.278708027213605050E+02   -0.392685231933412524E+03   -0.740515351937697464E+01    1
    0.289603767102486280E+02   -0.385715634734809271E+03   -0.741515351937697265E+01    1
    0.289589195022583255E+02   -0.383646490546154723E+03   -0.742515351937696799E+01    1
    0.289533140072350648E+02   -0.375738933887381393E+03   -0.743515351937697044E+01    1
    0.278948038062812209E+02   -0.359007400448590658E+03   -0.744515351937697023E+01    1
    0.289352910047673717E+02   -0.350872479239224333E+03   -0.745515351937696646E+01    1
    0.279072179454367344E+02   -0.342180712036904765E+03   -0.746515351937696536E+01    1
    0.279100248932075203E+02   -0.338432052321509161E+03   -0.747515351937696515E+01    1
    0.279109821076464684E+02   -0.337158421987119254E+03   -0.748515351937696671E+01    1
    0.279138808570237664E+02   -0.333316116515398846E+03   -0.749515351937696561E+01    1
    0.289177341775409502E+02   -0.327468043214164481E+03   -0.750515351937696362E+01    1
    0.279187788121689948E+02   -0.326873912498600816E+03   -0.751515351937696874E+01    1
    0.289171326160430908E+02   -0.326680439807153732E+03   -0.752515351937696853E+01    1
    0.289080267036882859E+02   -0.314874258764829790E+03   -0.753515351937696742E+01    1
    0.279296545469084485E+02   -0.312794101383036832E+03   -0.754515351937696721E+01    1
    0.289034965456974007E+02   -0.309081701518148009E+03   -0.755515351937696877E+01    1
    0.279491087926588229E+02   -0.288381932986775496E+03   -0.756515351937697211E+01    1
    0.288804256484588180E+02   -0.280416449127572889E+03   -0.757515351937696835E+01    1
    0.279611003395717503E+02   -0.273828627253388845E+03   -0.758515351937696991E+01    1
    0.288747711132186637E+02   -0.273603688254297197E+03   -0.759515351937697325E+01    1
    0.288736909636986070E+02   -0.272311825911750816E+03   -0.760515351937697126E+01    1
    0.279729497810026189E+02   -0.259818097133504750E+03   -0.761515351937696572E+01    1
    0.279771598159091255E+02   -0.254928866822306134E+03   -0.762515351937696639E+01    1
    0.288447717772966072E+02   -0.238861602129675447E+03   -0.763515351937696973E+01    1
    0.279967759246806231E+02   -0.232760785509113703E+03   -0.764515351937696952E+01    1
    0.279974949094797232E+02   -0.231967428961423451E+03   -0.765515351937697019E+01    1
    0.288375560052534503E+02   -0.230857055549355010E+03   -0.766515351937697087E+01    1
    0.288368860124783808E+02   -0.230120749783164769E+03   -0.767515351937697066E+01    1
    0.280024997435225451E+02   -0.226482446139772293E+03   -0.768515351937697044E+01    1
    0.288269647169339862E+02   -0.219355228159637335E+03   -0.769515351937697201E+01    1
    0.288234434159203516E+02   -0.215596340075920153E+03   -0.770515351937697446E+01    1
    0.288230472484571507E+02   -0.215175477014307290E+03   -0.771515351937697069E+01    1
    0.288167741076480581E+02   -0.208566133846291393E+03   -0.772515351937696959E+01    1
    0.288125151421584107E+02   -0.204137711942608689E+03   -0.773515351937697382E+01    1
    0.280354156886786186E+02   -0.192044817263276684E+03   -0.774515351937697538E+01    1
    0.280359359001401955E+02   -0.191523357124951303E+03   -0.775515351937697517E+01    1
    0.287897048923510681E+02   -0.181229262305123456E+03   -0.776515351937697407E+01    1
    0.280509075567449813E+02   -0.176819795742651763E+03   -0.777515351937697297E+01    1
    0.280511212436470743E+02   -0.176614188818017794E+03   -0.778515351937696565E+01    1
    0.287842648124311360E+02   -0.175967215810189487E+03   -0.779515351937696011E+01    1
    0.287810218322524953E+02   -0.172867277815442179E+03   -0.780515351937696522E+01    1
    0.280556232572681807E+02   -0.172310235428793277E+03   -0.781515351937697123E+01    1
    0.280579471588134766E+02   -0.170109364253441925E+03   -0.782515351937697279E+01    1
    0.280646662335090014E+02   -0.163825652593851970E+03   -0.783515351937697524E+01    1
    0.280661785250950686E+02   -0.162427667558723073E+03   -0.784515351937695993E+01    1
    0.287688172539679741E+02   -0.161448153786278141E+03   -0.785515351937696593E+01    1
    0.287646772361854346E+02   -0.157663276255614363E+03   -0.786515351937697016E+01    1
    0.280717901444469291E+02   -0.157292604975184247E+03   -0.787515351937697172E+01    1
    0.280825206379631602E+02   -0.147703244912956109E+03   -0.788515351937697417E+01    1
    0.287529354210036381E+02   -0.147173146254317487E+03   -0.789515351937696952E+01    1
    0.287526532847310463E+02   -0.146925532736893558E+03   -0.790515351937697019E+01    1
    0.280851482491855329E+02   -0.145401076734327603E+03   -0.791515351937696643E+01    1
    0.280862998632837169E+02   -0.144397800910514974E+03   -0.792515351937696444E+01    1
    0.287488246109437853E+02   -0.143585974144308068E+03   -0.793515351937696778E+01    1
    0.287457258457418625E+02   -0.140911216812197381E+03   -0.794515351937696490E+01    1
    0.280927782122030578E+02   -0.138818715376366896E+03   -0.795515351937696735E+01    1
    0.280931401502657714E+02   -0.138510263442961588E+03   -0.796515351937696447E+01    1
    0.281148259630986850E+02   -0.120655853059838620E+03   -0.797515351937695893E+01    1
    0.281176012499897183E+02   -0.118459885470568082E+03   -0.798515351937696582E+01    1
    0.287154714712366328E+02   -0.116119314048157705E+03   -0.799515351937696650E+01    1
    0.281215624356099561E+02   -0.115360544866250507E+03   -0.800515351937696096E+01    1
    0.281232377085543703E+02   -0.114062142860718978E+03   -0.801515351937696785E+01    1
    0.287043151571264161E+02   -0.107582879164851192E+03   -0.802515351937697652E+01    1
    0.281353507418772253E+02   -0.104893000799453191E+03   -0.803515351937696920E+01    1
    0.287002457413464711E+02   -0.104550318288167475E+03   -0.804515351937696543E+01    1
    0.281393312649611644E+02   -0.101963856873634981E+03   -0.805515351937697233E+01    1
    0.281404826037077669E+02   -0.101124367313101999E+03   -0.806515351937697034E+01    1
    0.281460042098704015E+02   -0.971466297088527568E+02   -0.807515351937696657E+01    1
    0.281474331453788125E+02   -0.961302506609606695E+02   -0.808515351937696636E+01    1
    0.286884442225266767E+02   -0.960012525650309811E+02   -0.809515351937696259E+01    1
    0.286866705786643834E+02   -0.947479795836676146E+02   -0.810515351937696593E+01    1
    0.281524681802109740E+02   -0.925915732762152572E+02   -0.811515351937696572E+01    1
    0.286833892402767034E+02   -0.924510987023642343E+02   -0.812515351937696728E+01    1
    0.286821564182031423E+02   -0.915954392505568364E+02   -0.813515351937696707E+01    1
    0.286820859505433745E+02   -0.915466504547536744E+02   -0.814515351937696508E+01    1
    0.281556736728850261E+02   -0.903733435303495014E+02   -0.815515351937696664E+01    1
    0.281558410144923101E+02   -0.902582814855291957E+02   -0.816515351937696643E+01    1
    0.286795429369358743E+02   -0.897946884413802735E+02   -0.817515351937696622E+01    1
    0.286768591403961182E+02   -0.879641245374778862E+02   -0.818515351937696600E+01    1
    0.286761270285374223E+02   -0.874680438461977303E+02   -0.819515351937696224E+01    1
    0.286745753620293655E+02   -0.864212761584456217E+02   -0.820515351937696558E+01    1
    0.281615953695803114E+02   -0.863463244088777202E+02   -0.821515351937696714E+01    1
    0.281698302918232635E+02   -0.808990228327513847E+02   -0.822515351937696693E+01    1
    0.286609800300581341E+02   -0.775196840967592635E+02   -0.823515351937696671E+01    1
    0.286587356827165678E+02   -0.760967892775800863E+02   -0.824515351937696295E+01    1
    0.286577811383917549E+02   -0.754956198678527244E+02   -0.825515351937696096E+01    1
    0.286529783296608116E+02   -0.725070703598941293E+02   -0.826515351937696252E+01    1
    0.281850100620563317E+02   -0.713236953939495066E+02   -0.827515351937696408E+01    1
    0.281953206738685651E+02   -0.651643238377563705E+02   -0.828515351937696565E+01    1
    0.286392951928144939E+02   -0.643243017654993992E+02   -0.829515351937696543E+01    1
    0.282037839441112475E+02   -0.603167958930412098E+02   -0.830515351937696344E+01    1
    0.286311244964599609E+02   -0.596721372385633941E+02   -0.831515351937696146E+01    1
    0.286281632630722882E+02   -0.580293047515342479E+02   -0.832515351937696302E+01    1
    0.282081580921352071E+02   -0.578850110844960781E+02   -0.833515351937696813E+01    1
    0.286228377792884885E+02   -0.551326817507169835E+02   -0.834515351937696437E+01    1
    0.286219526302356400E+02   -0.546584398902064308E+02   -0.835515351937696593E+01    1
    0.282201106100684598E+02   -0.514958722494287287E+02   -0.836515351937696927E+01    1
    0.282219152510614606E+02   -0.505637570084749655E+02   -0.837515351937696906E+01    1
    0.286136726281494589E+02   -0.503216866627622395E+02   -0.838515351937696174E+01    1
    0.286128881973321150E+02   -0.499201518852519683E+02   -0.839515351937695975E+01    1
    0.282236381124194082E+02   -0.496818481958365581E+02   -0.840515351937696487E+01    1
    0.286123619786353593E+02   -0.496516948996821696E+02   -0.841515351937696821E+01    1
    0.282260584076887255E+02   -0.484560771874268639E+02   -0.842515351937696266E+01    1
    0.282267457436212723E+02   -0.481107722745385971E+02   -0.843515351937695534E+01    1
    0.286019776257937863E+02   -0.445025044924079225E+02   -0.844515351937695691E+01    1
    0.282341849325487360E+02   -0.444527065662385752E+02   -0.845515351937696202E+01    1
    0.282360347064519743E+02   -0.435656421808069680E+02   -0.846515351937696536E+01    1
    0.282371649811067869E+02   -0.430280309528351950E+02   -0.847515351937696160E+01    1
    0.285901982454155359E+02   -0.390037995395033761E+02   -0.848515351937696316E+01    1
    0.285892972870951994E+02   -0.385982007961046421E+02   -0.849515351937696295E+01    1
    0.282487272893164416E+02   -0.377208303747904949E+02   -0.850515351937696629E+01    1
    0.282498995092492748E+02   -0.372023387813719140E+02   -0.851515351937696785E+01    1
    0.285850870609283447E+02   -0.367310243164483481E+02   -0.852515351937696408E+01    1
    0.282510612123207920E+02   -0.366920530453649150E+02   -0.853515351937696032E+01    1
    0.285798846261702941E+02   -0.344880068097584314E+02   -0.854515351937695655E+01    1
    0.285782123702807986E+02   -0.337820872142889925E+02   -0.855515351937696344E+01    1
    0.282583128879290442E+02   -0.335866817630877676E+02   -0.856515351937696323E+01    1
    0.282586750512311582E+02   -0.334352078065722580E+02   -0.857515351937696124E+01    1
    0.282589724779157407E+02   -0.333110669471862408E+02   -0.858515351937696103E+01    1
    0.285767898478160873E+02   -0.331873598940572236E+02   -0.859515351937696259E+01    1
    0.282606452812129199E+02   -0.326171874269583597E+02   -0.860515351937696771E+01    1
    0.282609116086739363E+02   -0.325073916516979651E+02   -0.861515351937696039E+01    1
    0.285743398255157111E+02   -0.321754929748174590E+02   -0.862515351937695662E+01    1
    0.285728633960782616E+02   -0.315733220110440485E+02   -0.863515351937696352E+01    1
    0.285714157712214138E+02   -0.309884478237816694E+02   -0.864515351937696508E+01    1
    0.282655535399851807E+02   -0.306235813847763936E+02   -0.865515351937695954E+01    1
    0.285684933972397275E+02   -0.298244808982664793E+02   -0.866515351937696288E+01    1
    0.282696165945217359E+02   -0.290210560566726876E+02   -0.867515351937696266E+01    1
    0.282703074714116660E+02   -0.287528698433050778E+02   -0.868515351937696423E+01    1
    0.285651345823761886E+02   -0.285143367547713069E+02   -0.869515351937696934E+01    1
    0.282712136210386191E+02   -0.284030155117327432E+02   -0.870515351937696735E+01    1
    0.282750554231609641E+02   -0.269436486870635612E+02   -0.871515351937696181E+01    1
    0.285561154869831881E+02   -0.251426731126765972E+02   -0.872515351937695982E+01    1
    0.282801009843627966E+02   -0.250857955201559335E+02   -0.873515351937696316E+01    1
    0.282819744974335485E+02   -0.244129314517677791E+02   -0.874515351937695762E+01    1
    0.285533641751862568E+02   -0.241565833177425944E+02   -0.875515351937695741E+01    1
    0.282831041053952035E+02   -0.240116844538604113E+02   -0.876515351937696252E+01    1
    0.285492960755095666E+02   -0.227349123969925557E+02   -0.877515351937696231E+01    1
    0.285491770628908768E+02   -0.226939744982886964E+02   -0.878515351937696209E+01    1
    0.285472665240700714E+02   -0.220418711322472269E+02   -0.879515351937696188E+01    1
    0.285467797027614836E+02   -0.218772395767922987E+02   -0.880515351937695812E+01    1
    0.282897569594911502E+02   -0.217163992037480078E+02   -0.881515351937695790E+01    1
    0.282916250028326601E+02   -0.210927750296374512E+02   -0.882515351937695769E+01    1
    0.282933693568820459E+02   -0.205187029839175139E+02   -0.883515351937695925E+01    1
    0.285421397433490753E+02   -0.203392961149424067E+02   -0.884515351937695904E+01    1
    0.282960515600978937E+02   -0.196515453858073670E+02   -0.885515351937696238E+01    1
    0.282969910894691665E+02   -0.193522554717318727E+02   -0.886515351937696394E+01    1
    0.285378267756078507E+02   -0.189603519854684208E+02   -0.887515351937696018E+01    1
    0.283007039828035651E+02   -0.181921452833421213E+02   -0.888515351937696174E+01    1
    0.285344429100942918E+02   -0.179126014509975526E+02   -0.889515351937696330E+01    1
    0.285343870615565862E+02   -0.178955608120467069E+02   -0.890515351937696309E+01    1
    0.285337326141919334E+02   -0.176964836122674392E+02   -0.891515351937696288E+01    1
    0.285328107047358870E+02   -0.174179517408895990E+02   -0.892515351937696089E+01    1
    0.283035668762425558E+02   -0.173222987352076920E+02   -0.893515351937696423E+01    1
    0.285305995435506148E+02   -0.167589857786759779E+02   -0.894515351937696579E+01    1
    0.285303121145300054E+02   -0.166742681340956480E+02   -0.895515351937696202E+01    1
    0.283067010528092382E+02   -0.163946651054853554E+02   -0.896515351937696181E+01    1
    0.285246402164382928E+02   -0.150468237098170388E+02   -0.897515351937695982E+01    1
    0.285240709314033687E+02   -0.148881354700143120E+02   -0.898515351937695428E+01    1
    0.283125364323985664E+02   -0.147361563457800830E+02   -0.899515351937695407E+01    1
    0.285230850797557629E+02   -0.146153389355836048E+02   -0.900515351937695741E+01    1
    0.283149447874313296E+02   -0.140776880708798373E+02   -0.901515351937696252E+01    1
    0.285209811986307571E+02   -0.140416916819861939E+02   -0.902515351937696408E+01    1
    0.285199410390883266E+02   -0.137623670913669827E+02   -0.903515351937696032E+01    1
    0.283171807312024129E+02   -0.134799709053575150E+02   -0.904515351937695833E+01    1
    0.283180400931056404E+02   -0.132537312707332031E+02   -0.905515351937695989E+01    1
    0.283190488908348108E+02   -0.129906208418984672E+02   -0.906515351937695790E+01    1
    0.285167717698637659E+02   -0.129287785984437509E+02   -0.907515351937695591E+01    1
    0.285160845454758061E+02   -0.127514973135711589E+02   -0.908515351937695925E+01    1
    0.283223132103780770E+02   -0.121575190983857162E+02   -0.909515351937696437E+01    1
    0.283233050829152688E+02   -0.119099126174894163E+02   -0.910515351937696060E+01    1
    0.283236409686774522E+02   -0.118266482432500926E+02   -0.911515351937695506E+01    1
    0.283239948749542236E+02   -0.117392366766138565E+02   -0.912515351937696195E+01    1
    0.285104122569435425E+02   -0.113355189626287132E+02   -0.913515351937696529E+01    1
    0.285103664192504667E+02   -0.113244200347274031E+02   -0.914515351937696153E+01    1
    0.285092162012742989E+02   -0.110477148898283897E+02   -0.915515351937696131E+01    1
    0.285087518113435721E+02   -0.109369806010491981E+02   -0.916515351937695577E+01    1
    0.283274026393496499E+02   -0.109143538479473143E+02   -0.917515351937695733E+01    1
    0.285085492415526218E+02   -0.108888547126213453E+02   -0.918515351937696067E+01    1
    0.283284197686158166E+02   -0.106740473525739716E+02   -0.919515351937696046E+01    1
    0.283308924115678238E+02   -0.101011729435408881E+02   -0.920515351937696202E+01    1
    0.285048206604360708E+02   -0.100222438510808782E+02   -0.921515351937696536E+01    1
    0.283313173205870257E+02   -0.100043417619433299E+02   -0.922515351937696337E+01    1
    0.285039860674303576E+02   -0.983325675126836707E+01   -0.923515351937695961E+01    1
    0.283321749608618703E+02   -0.981033868012422516E+01   -0.924515351937695584E+01    1
    0.283322356692661970E+02   -0.979667917625093843E+01   -0.925515351937695918E+01    1
    0.285034235359217369E+02   -0.970690607768420932E+01   -0.926515351937696607E+01    1
    0.283338449155953285E+02   -0.943811843769077896E+01   -0.927515351937695876E+01    1
    0.285012243540511605E+02   -0.922090732235941779E+01   -0.928515351937695499E+01    1
    0.283350435819442765E+02   -0.917545210926139987E+01   -0.929515351937696188E+01    1
    0.283382498366404540E+02   -0.849137185675302675E+01   -0.930515351937696522E+01    1
    0.284960737767490251E+02   -0.813229966278792382E+01   -0.931515351937695790E+01    1
    0.283425886782705234E+02   -0.760855761485258064E+01   -0.932515351937696657E+01    1
    0.283429114409359926E+02   -0.754485809039689670E+01   -0.933515351937696458E+01    1
    0.283435127019945767E+02   -0.742692318197108214E+01   -0.934515351937696082E+01    1
    0.284920331203110493E+02   -0.732696326517186058E+01   -0.935515351937695883E+01    1
    0.283449404388783108E+02   -0.715067571114622602E+01   -0.936515351937696394E+01    1
    0.284903187294413627E+02   -0.699820407704186298E+01   -0.937515351937696728E+01    1
    0.284894548628123090E+02   -0.683546475416336285E+01   -0.938515351937696352E+01    1
    0.283466859085372072E+02   -0.682021164430503468E+01   -0.939515351937695797E+01    1
    0.284890647288886711E+02   -0.676261075570652359E+01   -0.940515351937695776E+01    1
    0.284884084537301732E+02   -0.664095746529319353E+01   -0.941515351937695755E+01    1
    0.283476984500885010E+02   -0.663217108092457952E+01   -0.942515351937696089E+01    1
    0.283501874402938974E+02   -0.618136132350000800E+01   -0.943515351937695712E+01    1
    0.283506389238441088E+02   -0.610132814759846553E+01   -0.944515351937694980E+01    1
    0.284850527026659606E+02   -0.603655227096700742E+01   -0.945515351937695137E+01    1
    0.284834511655931983E+02   -0.575850604591271154E+01   -0.946515351937695826E+01    1
    0.283532031391445685E+02   -0.565691366298701137E+01   -0.947515351937695982E+01    1
    0.283550520705720643E+02   -0.534716374872204536E+01   -0.948515351937695605E+01    1
    0.284806168229312959E+02   -0.528291062935305167E+01   -0.949515351937695584E+01    1
    0.283555092363248598E+02   -0.527195712279793316E+01   -0.950515351937695741E+01    1
    0.284797540361615518E+02   -0.514231855065967025E+01   -0.951515351937695897E+01    1
    0.284796029386296041E+02   -0.511789785001415254E+01   -0.952515351937695876E+01    1
    0.283567965807904656E+02   -0.506312474469028029E+01   -0.953515351937695854E+01    1
    0.284788320326787812E+02   -0.499423411792896665E+01   -0.954515351937695833E+01    1
    0.284786547673661659E+02   -0.496601868753021325E+01   -0.955515351937695989E+01    1
    0.284776478587306769E+02   -0.480731138426769977E+01   -0.956515351937696323E+01    1
    0.283592529093807997E+02   -0.467671431454433950E+01   -0.957515351937696302E+01    1
    0.283596204357878001E+02   -0.462025836207108753E+01   -0.958515351937695215E+01    1
    0.284758961692509267E+02   -0.453754712751914990E+01   -0.959515351937695371E+01    1
    0.284756598023902221E+02   -0.450176205292610998E+01   -0.960515351937695527E+01    1
    0.283606470688347017E+02   -0.446443281753594423E+01   -0.961515351937695861E+01    1
    0.284751667804446029E+02   -0.442759172104443266E+01   -0.962515351937695662E+01    1
    0.283612264273857306E+02   -0.437771563513402207E+01   -0.963515351937695286E+01    1
    0.284748066769435262E+02   -0.437382037376001520E+01   -0.964515351937695797E+01    1
    0.283616172115504099E+02   -0.431972083094999881E+01   -0.965515351937696309E+01    1
    0.284728850147157004E+02   -0.409262177126930737E+01   -0.966515351937695755E+01    1
    0.284728846781303204E+02   -0.409257336641745706E+01   -0.967515351937695556E+01    1
    0.283636169103975888E+02   -0.402921914717306784E+01   -0.968515351937696067E+01    1
    0.284723966909927242E+02   -0.402270756384349149E+01   -0.969515351937696224E+01    1
    0.283638782171885637E+02   -0.399203285819108800E+01   -0.970515351937696025E+01    1
    0.284719791590209681E+02   -0.396342452819172752E+01   -0.971515351937696003E+01    1
    0.283647105386649372E+02   -0.387477926383657811E+01   -0.972515351937696160E+01    1
    0.284705445457840511E+02   -0.376321481419837855E+01   -0.973515351937696316E+01    1
    0.284704984853917651E+02   -0.375687618248553079E+01   -0.974515351937696295E+01    1
    0.284700153710948207E+02   -0.369072720080445382E+01   -0.975515351937696273E+01    1
    0.284699527687410239E+02   -0.368220034256483064E+01   -0.976515351937695542E+01    1
    0.283672045563430153E+02   -0.353430816815359217E+01   -0.977515351937695698E+01    1
    0.283674947510852000E+02   -0.349575130290612401E+01   -0.978515351937696209E+01    1
    0.284682630103480534E+02   -0.345592542512662826E+01   -0.979515351937696011E+01    1
    0.284680354147121797E+02   -0.342602019926337897E+01   -0.980515351937695812E+01    1
    0.283680533262984582E+02   -0.342215740217483422E+01   -0.981515351937695613E+01    1
    0.284675517656768733E+02   -0.336292141795488408E+01   -0.982515351937695769E+01    1
    0.283685924550336068E+02   -0.335190138419103167E+01   -0.983515351937696103E+01    1
    0.284671437740325928E+02   -0.331017005710683998E+01   -0.984515351937696082E+01    1
    0.284670157550410536E+02   -0.329370776454042380E+01   -0.985515351937696060E+01    1
    0.283696240308357233E+02   -0.321959655861892813E+01   -0.986515351937695506E+01    1
    0.284662292492023994E+02   -0.319351179989971312E+01   -0.987515351937695307E+01    1
    0.284656512363599177E+02   -0.312091041190838014E+01   -0.988515351937695641E+01    1
    0.284647172435136930E+02   -0.300544725799038837E+01   -0.989515351937695975E+01    1
    0.284646979265131748E+02   -0.300308336821645394E+01   -0.990515351937695954E+01    1
    0.284646677638470500E+02   -0.299939421225763869E+01   -0.991515351937695577E+01    1
    0.283714328200223633E+02   -0.299434471554863579E+01   -0.992515351937695911E+01    1
    0.283729057398771758E+02   -0.281725544043222875E+01   -0.993515351937696067E+01    1
    0.283730917415949122E+02   -0.279529691072086939E+01   -0.994515351937695513E+01    1
    0.283747948004172841E+02   -0.259845858559058662E+01   -0.995515351937695492E+01    1
    0.284609849341215195E+02   -0.256687684159948493E+01   -0.996515351937695826E+01    1
    0.284596604629452798E+02   -0.242002228940400110E+01   -0.997515351937695982E+01    1
    0.284594567445988389E+02   -0.239784251896762912E+01   -0.998515351937696138E+01    1
    0.284592296009188672E+02   -0.237324061034726208E+01   -0.999515351937695584E+01    1
    0.283768835018657910E+02   -0.236742952936085382E+01   -0.100051535193769503E+02    1
    0.284589794287625253E+02   -0.234630101728845775E+01   -0.100151535193769536E+02    1
    0.284586412732292189E+02   -0.231014778742687055E+01   -0.100251535193769570E+02    1
    0.284581337602882414E+02   -0.225645063666511714E+01   -0.100351535193769603E+02    1
    0.283780860520491558E+02   -0.223960484691252271E+01   -0.100451535193769637E+02    1
    0.283784879164795534E+02   -0.219773396319546022E+01   -0.100551535193769475E+02    1
    0.283787755522035496E+02   -0.216802471693196397E+01   -0.100651535193769543E+02    1
    0.284567123833112312E+02   -0.210965643332990238E+01   -0.100751535193769577E+02    1
    0.283803960778290580E+02   -0.200469764864056588E+01   -0.100851535193769539E+02    1
    0.283805590830646750E+02   -0.198865001558082488E+01   -0.100951535193769484E+02    1
    0.284552508128229498E+02   -0.196423454871169789E+01   -0.101051535193769499E+02    1
    0.284538419750591132E+02   -0.182936032183635722E+01   -0.101151535193769551E+02    1
    0.283823824700168181E+02   -0.181388793873068632E+01   -0.101251535193769566E+02    1
    0.284529250931722437E+02   -0.174437841505071400E+01   -0.101351535193769582E+02    1
    0.283832667714305344E+02   -0.173227094925031722E+01   -0.101451535193769562E+02    1
    0.283834397116987667E+02   -0.171654902219166794E+01   -0.101551535193769507E+02    1
    0.283835050563770679E+02   -0.171062897541657755E+01   -0.101651535193769487E+02    1
    0.284524796616536548E+02   -0.170388868347693734E+01   -0.101751535193769485E+02    1
    0.284522928572039255E+02   -0.168706297094522095E+01   -0.101851535193769500E+02    1
    0.283840263094654333E+02   -0.166380569660922095E+01   -0.101951535193769534E+02    1
    0.283849892134525987E+02   -0.157918297382466433E+01   -0.102051535193769531E+02    1
    0.283849893495661192E+02   -0.157917118361093078E+01   -0.102151535193769565E+02    1
    0.283851349616631659E+02   -0.156658601825996890E+01   -0.102251535193769545E+02    1
    0.283857911077222269E+02   -0.151056529974342868E+01   -0.102351535193769507E+02    1
    0.283858834684577630E+02   -0.150277030641681519E+01   -0.102451535193769541E+02    1
    0.284499421544003184E+02   -0.148315119481187940E+01   -0.102551535193769521E+02    1
    0.284493416766923808E+02   -0.143338568258565724E+01   -0.102651535193769536E+02    1
    0.283875881749660621E+02   -0.136291342770987156E+01   -0.102751535193769570E+02    1
    0.284475756654855303E+02   -0.129250306476067722E+01   -0.102851535193769532E+02    1
    0.284475132858693023E+02   -0.128767626919824263E+01   -0.102951535193769512E+02    1
    0.283889579720539871E+02   -0.125605354136937053E+01   -0.103051535193769492E+02    1
    0.284470460633372184E+02   -0.125184798583705081E+01   -0.103151535193769526E+02    1
    0.284464487023586408E+02   -0.120687383302049045E+01   -0.103251535193769541E+02    1
    0.284463761991253961E+02   -0.120147886821655447E+01   -0.103351535193769539E+02    1
    0.283897278442622110E+02   -0.119815396797501506E+01   -0.103451535193769555E+02    1
    0.283900096768647714E+02   -0.117734679438133827E+01   -0.103551535193769570E+02    1
    0.284459115155631430E+02   -0.116722898073036663E+01   -0.103651535193769533E+02    1
    0.284457354005471785E+02   -0.115439620988903524E+01   -0.103751535193769513E+02    1
    0.284455362866671848E+02   -0.113998554347501346E+01   -0.103851535193769564E+02    1
    0.283907329742658092E+02   -0.112490008334412583E+01   -0.103951535193769562E+02    1
    0.284448443629503096E+02   -0.109071642664809465E+01   -0.104051535193769507E+02    1
    0.284448285603637423E+02   -0.108960584792430915E+01   -0.104151535193769558E+02    1
    0.283913157261779006E+02   -0.108364208150244523E+01   -0.104251535193769538E+02    1
    0.284442585922260562E+02   -0.104998711024799141E+01   -0.104351535193769482E+02    1
    0.283920059456263090E+02   -0.103592726417505832E+01   -0.104451535193769534E+02    1
    0.284437908289153114E+02   -0.101810896796876027E+01   -0.104551535193769531E+02    1
    0.284435914169441872E+02   -0.100469340732603629E+01   -0.104651535193769529E+02    1
    0.284435862437894471E+02   -0.100434676753605534E+01   -0.104751535193769580E+02    1
    0.283926344148007423E+02   -0.993567594085147276E+00   -0.104851535193769543E+02    1
    0.284434134515108887E+02   -0.992808710843067765E+00   -0.104951535193769523E+02    1
    0.283929702363826451E+02   -0.971357251486224649E+00   -0.105051535193769539E+02    1
    0.284429470670035940E+02   -0.962057044727211319E+00   -0.105151535193769536E+02    1
    0.284429006809554039E+02   -0.959029699174404615E+00   -0.105251535193769499E+02    1
    0.284423357390270404E+02   -0.922611963849684025E+00   -0.105351535193769514E+02    1
    0.283937990028052631E+02   -0.917810027408533680E+00   -0.105451535193769512E+02    1
    0.284420569022018874E+02   -0.904945770111546977E+00   -0.105551535193769528E+02    1
    0.283940773489653893E+02   -0.900229817415773792E+00   -0.105651535193769543E+02    1
    0.283947549144947011E+02   -0.858284117456222129E+00   -0.105751535193769524E+02    1
    0.283951430873147856E+02   -0.834795980123102410E+00   -0.105851535193769575E+02    1
    0.283951834218171513E+02   -0.832378016035377755E+00   -0.105951535193769573E+02    1
    0.284408669794516449E+02   -0.831847085358201510E+00   -0.106051535193769570E+02    1
    0.284406908155766338E+02   -0.821340539854343299E+00   -0.106151535193769551E+02    1
    0.283954758381000190E+02   -0.814975853360418001E+00   -0.106251535193769495E+02    1
    0.284399402267530483E+02   -0.777486685436498681E+00   -0.106351535193769458E+02    1
    0.283961363132767985E+02   -0.776494899026710650E+00   -0.106451535193769526E+02    1
    0.283962559975701758E+02   -0.769644185115274326E+00   -0.106551535193769560E+02    1
    0.284390672171918233E+02   -0.728338274802861729E+00   -0.106651535193769540E+02    1
    0.284390087700350094E+02   -0.725119198413700650E+00   -0.106751535193769556E+02    1
    0.284387948213699744E+02   -0.713412005847235964E+00   -0.106851535193769500E+02    1
    0.283972656545613376E+02   -0.713346214081430841E+00   -0.106951535193769480E+02    1
    0.284386306619281513E+02   -0.704510624455490064E+00   -0.107051535193769549E+02    1
    0.283974368416733398E+02   -0.704065883696558203E+00   -0.107151535193769494E+02    1
    0.283978731906719375E+02   -0.680758195925511900E+00   -0.107251535193769456E+02    1
    0.284381440605098881E+02   -0.678540238038460308E+00   -0.107351535193769543E+02    1
    0.283979233504994184E+02   -0.678110884953372683E+00   -0.107451535193769505E+02    1
    0.284378967975381016E+02   -0.665581434635022284E+00   -0.107551535193769414E+02    1
    0.283982717690588942E+02   -0.659904257189137922E+00   -0.107651535193769483E+02    1
    0.283983167599335573E+02   -0.657576458416215370E+00   -0.107751535193769499E+02    1
    0.284377208638605765E+02   -0.656458524836553203E+00   -0.107851535193769426E+02    1
    0.284373962783901462E+02   -0.639840345809996713E+00   -0.107951535193769441E+02    1
    0.284372235918237202E+02   -0.631111674952617108E+00   -0.108051535193769528E+02    1
    0.283993919847139011E+02   -0.603523894316850718E+00   -0.108151535193769561E+02    1
    0.283994173753070243E+02   -0.602284116701456096E+00   -0.108251535193769524E+02    1
    0.284364323636147027E+02   -0.592117736702841846E+00   -0.108351535193769521E+02    1
    0.284363271965496764E+02   -0.587058383131330519E+00   -0.108451535193769519E+02    1
    0.284362202957417090E+02   -0.581945339814242346E+00   -0.108551535193769482E+02    1
    0.284003973957797839E+02   -0.555723045375891456E+00   -0.108651535193769480E+02    1
    0.284348236188460248E+02   -0.517895330699623235E+00   -0.108751535193769477E+02    1
    0.284013437028276883E+02   -0.513153214184675632E+00   -0.108851535193769493E+02    1
    0.284346084302676516E+02   -0.508481695319760285E+00   -0.108951535193769473E+02    1
    0.284345311127039224E+02   -0.505129008183166528E+00   -0.109051535193769453E+02    1
    0.284016037541850359E+02   -0.501865973165214418E+00   -0.109151535193769469E+02    1
    0.284342241513484950E+02   -0.491973003101241535E+00   -0.109251535193769485E+02    1
    0.284019034622073363E+02   -0.489077388806195390E+00   -0.109351535193769500E+02    1
    0.284019678045558734E+02   -0.486362596201359354E+00   -0.109451535193769498E+02    1
    0.284336711129212674E+02   -0.468893869001965724E+00   -0.109551535193769460E+02    1
    0.284335777104832346E+02   -0.465075189997073479E+00   -0.109651535193769440E+02    1
    0.284335387699179165E+02   -0.463489893568690692E+00   -0.109751535193769456E+02    1
    0.284027683764289272E+02   -0.453491769729111871E+00   -0.109851535193769454E+02    1
    0.284029256165529986E+02   -0.447233038016309314E+00   -0.109951535193769434E+02    1
    0.284329617495133000E+02   -0.440464904631270637E+00   -0.110051535193769485E+02    1
    0.284031367476937220E+02   -0.438931196039620108E+00   -0.110151535193769536E+02    1
    0.284325568665492341E+02   -0.424829886374478161E+00   -0.110251535193769499E+02    1
    0.284036246657668165E+02   -0.420192970494701779E+00   -0.110351535193769461E+02    1
    0.284324199264015505E+02   -0.419639046065962806E+00   -0.110451535193769441E+02    1
    0.284036460699254114E+02   -0.419385245684781749E+00   -0.110551535193769439E+02    1
    0.284323519210678093E+02   -0.417079511823328530E+00   -0.110651535193769455E+02    1
    0.284322438036086353E+02   -0.413035227917573078E+00   -0.110751535193769488E+02    1
    0.284041826840163623E+02   -0.399527653054036647E+00   -0.110851535193769504E+02    1
    0.284043814550755798E+02   -0.392363668349045569E+00   -0.110951535193769502E+02    1
    0.284046319740304085E+02   -0.383482158832611109E+00   -0.111051535193769553E+02    1
    0.284049491687112727E+02   -0.372472880143205010E+00   -0.111151535193769551E+02    1
    0.284049583492358124E+02   -0.372158167645397109E+00   -0.111251535193769460E+02    1
    0.284309934549661776E+02   -0.368490713527192593E+00   -0.111351535193769493E+02    1
    0.284309832830112086E+02   -0.368145138149244044E+00   -0.111451535193769491E+02    1
    0.284052055262421348E+02   -0.363767890557538498E+00   -0.111551535193769507E+02    1
    0.284308486783715502E+02   -0.363597712621386238E+00   -0.111651535193769469E+02    1
    0.284304702659914810E+02   -0.351068064427479676E+00   -0.111751535193769467E+02    1
    0.284301007363231903E+02   -0.339194828103589807E+00   -0.111851535193769482E+02    1
    0.284299880822703557E+02   -0.335646381874555200E+00   -0.111951535193769498E+02    1
    0.284061446627909184E+02   -0.333349863876965691E+00   -0.112051535193769514E+02    1
    0.284061637626515164E+02   -0.332755222734101241E+00   -0.112151535193769529E+02    1
    0.284061879185154957E+02   -0.332004541323282776E+00   -0.112251535193769527E+02    1
    0.284297245435454080E+02   -0.327475235286220245E+00   -0.112351535193769525E+02    1
    0.284296417581610825E+02   -0.324946016299364038E+00   -0.112451535193769505E+02    1
    0.284067790320473073E+02   -0.314111500363624452E+00   -0.112551535193769485E+02    1
    0.284292320738727007E+02   -0.312694009104937720E+00   -0.112651535193769465E+02    1
    0.284292206117014956E+02   -0.312357549423105452E+00   -0.112751535193769428E+02    1
    0.284069181334314038E+02   -0.310034039314481813E+00   -0.112851535193769514E+02    1
    0.284070467125289383E+02   -0.306310132935637691E+00   -0.112951535193769441E+02    1
    0.284070816686158629E+02   -0.305305228553312158E+00   -0.113051535193769475E+02    1
    0.284289731683463422E+02   -0.305178093911300241E+00   -0.113151535193769508E+02    1
    0.284289707288770757E+02   -0.305108112885411065E+00   -0.113251535193769524E+02    1
    0.284071612777825457E+02   -0.303028609636606661E+00   -0.113351535193769486E+02    1
    0.284071728295230272E+02   -0.302699639741638882E+00   -0.113451535193769519E+02    1
    0.284073176745351361E+02   -0.298604445208564939E+00   -0.113551535193769464E+02    1
    0.284073245531797838E+02   -0.298411333741684548E+00   -0.113651535193769444E+02    1
    0.284076654595535310E+02   -0.288996123100417668E+00   -0.113751535193769477E+02    1
    0.284282901266583572E+02   -0.286193062483041216E+00   -0.113851535193769493E+02    1
    0.284282088983088315E+02   -0.284016710587132459E+00   -0.113951535193769544E+02    1
    0.284079226471270871E+02   -0.282094707263643274E+00   -0.114051535193769453E+02    1
    0.284280390125810527E+02   -0.279520881604211680E+00   -0.114151535193769433E+02    1
    0.284081067596230383E+02   -0.277260703986218771E+00   -0.114251535193769502E+02    1
    0.284081553251486199E+02   -0.276000394429220530E+00   -0.114351535193769465E+02    1
    0.284081622792761692E+02   -0.275820436025364490E+00   -0.114451535193769427E+02    1
    0.284278349466642126E+02   -0.274220543836335096E+00   -0.114551535193769425E+02    1
    0.284277852755489704E+02   -0.272946924307080618E+00   -0.114651535193769476E+02    1
    0.284087040854654092E+02   -0.262189352797752795E+00   -0.114751535193769509E+02    1
    0.284273292373867079E+02   -0.261555933930330220E+00   -0.114851535193769489E+02    1
    0.284273242124628354E+02   -0.261433457555428572E+00   -0.114951535193769505E+02    1
    0.284272204814027347E+02   -0.258919927749705014E+00   -0.115051535193769467E+02    1
    0.284271881802674713E+02   -0.258142991709721492E+00   -0.115151535193769430E+02    1
    0.284089144967916525E+02   -0.257103170599946640E+00   -0.115251535193769428E+02    1
    0.284268617636858423E+02   -0.250445212384231564E+00   -0.115351535193769426E+02    1
    0.284267941576734984E+02   -0.248885799339096936E+00   -0.115451535193769423E+02    1
    0.284094519908297585E+02   -0.244637505064475597E+00   -0.115551535193769439E+02    1
    0.284265335184568642E+02   -0.242985991995209816E+00   -0.115651535193769455E+02    1
    0.284264126226733893E+02   -0.240309868450217873E+00   -0.115751535193769453E+02    1
    0.284263670220519984E+02   -0.239310414972341678E+00   -0.115851535193769433E+02    1
    0.284261526142884904E+02   -0.234684199882050221E+00   -0.115951535193769448E+02    1
    0.284099085165586551E+02   -0.234644520222739905E+00   -0.116051535193769446E+02    1
    0.284104966731113429E+02   -0.222575662357720888E+00   -0.116151535193769408E+02    1
