    0.105448462335955273E-95    0.438710456319274670E+03    0.288269647169339862E+02
    0.447879989351240737E-94    0.431192680151840307E+03    0.288234434159203516E+02
    0.675456242411610132E-94    0.430350954028614581E+03    0.288230472484571507E+02
    0.496198608163441062E-91    0.417132267692582786E+03    0.288167741076480581E+02
    0.411672439740721991E-89    0.408275423885217378E+03    0.288125151421584107E+02
    0.727924401214644661E-84    0.384089634526553368E+03    0.280354156886786186E+02
    0.121397737735118804E-83    0.383046714249902607E+03    0.280359359001401955E+02
    0.355251749441769642E-79    0.362458524610246911E+03    0.287897048923510681E+02
    0.289201323874184284E-77    0.353639591485303526E+03    0.280509075567449813E+02
    0.351682926483681659E-77    0.353228377636035589E+03    0.280511212436470743E+02
    0.664944115610071601E-77    0.351934431620378973E+03    0.287842648124311360E+02
    0.146126225908402598E-75    0.345734555630884358E+03    0.287810218322524953E+02
    0.252525742965211333E-75    0.344620470857586554E+03    0.280556232572681807E+02
    0.225833788190950065E-74    0.340218728506883849E+03    0.280579471588134766E+02
    0.119791850659345826E-71    0.327651305187703940E+03    0.280646662335090014E+02
    0.479978203718015387E-71    0.324855335117446145E+03    0.280661785250950686E+02
    0.126554035289505590E-70    0.322896307572556282E+03    0.287688172539679741E+02
    0.551676493000945901E-69    0.315326552511228726E+03    0.287646772361854346E+02
    0.791265127295703208E-69    0.314585209950368494E+03    0.280717901444469291E+02
    0.114441947851389534E-64    0.295406489825912217E+03    0.280825206379631602E+02
    0.192513512755634829E-64    0.294346292508634974E+03    0.287529354210036381E+02
    0.244149285694720673E-64    0.293851065473787116E+03    0.287526532847310463E+02
    0.111013384418863564E-63    0.290802153468655206E+03    0.280851482491855329E+02
    0.299743346912225612E-63    0.288795601821029948E+03    0.280862998632837169E+02
    0.668310819794902127E-63    0.287171948288616136E+03    0.287488246109437853E+02
    0.959992626333140857E-62    0.281822433624394762E+03    0.287457258457418625E+02
    0.770347680740051415E-61    0.277637430752733792E+03    0.280927782122030578E+02
    0.103825207365755642E-60    0.277020526885923175E+03    0.280931401502657714E+02
    0.583487785847866465E-53    0.241311706119677240E+03    0.281148259630986850E+02
    0.519260671975563507E-52    0.236919770941136164E+03    0.281176012499897183E+02
    0.533998134033367694E-51    0.232238628096315409E+03    0.287154714712366328E+02
    0.112908350662881610E-50    0.230721089732501014E+03    0.281215624356099561E+02
    0.409517009257657640E-50    0.228124285721437957E+03    0.281232377085543703E+02
    0.264142004922452969E-47    0.215165758329702385E+03    0.287043151571264161E+02
    0.385206721199598108E-46    0.209786001598906381E+03    0.281353507418772253E+02
    0.537249518695099407E-46    0.209100636576334949E+03    0.287002457413464711E+02
    0.706511133869567212E-45    0.203927713747269962E+03    0.281393312649611644E+02
    0.161942839233725323E-44    0.202248734626203998E+03    0.281404826037077669E+02
    0.856107489399908492E-43    0.194293259417705514E+03    0.281460042098704015E+02
    0.234203382744021681E-42    0.192260501321921339E+03    0.281474331453788125E+02
    0.263799142791643944E-42    0.192002505130061962E+03    0.286884442225266767E+02
    0.914576367914099438E-42    0.189495959167335229E+03    0.286866705786643834E+02
    0.782334334293204627E-41    0.185183146552430514E+03    0.281524681802109740E+02
    0.891367464471596006E-41    0.184902197404728469E+03    0.286833892402767034E+02
    0.207645255090608656E-40    0.183190878501113673E+03    0.286821564182031423E+02
    0.215857812422573995E-40    0.183093300909507349E+03    0.286820859505433745E+02
    0.690852843548306367E-40    0.180746687060699003E+03    0.281556736728850261E+02
    0.767385194322980006E-40    0.180516562971058391E+03    0.281558410144923101E+02
    0.120783155612416064E-39    0.179589376882760547E+03    0.286795429369358743E+02
    0.745877023967063973E-39    0.175928249074955772E+03    0.286768591403961182E+02
    0.121274471671544986E-38    0.174936087692395461E+03    0.286761270285374223E+02
    0.342004544649809144E-38    0.172842552316891243E+03    0.286745753620293655E+02
    0.364955626511938357E-38    0.172692648817755440E+03    0.281615953695803114E+02
    0.838745367465943682E-36    0.161798045665502769E+03    0.281698302918232635E+02
    0.243733573084765090E-34    0.155039368193518527E+03    0.286609800300581341E+02
    0.100121599405323337E-33    0.152193578555160173E+03    0.286587356827165678E+02
    0.180829545692289871E-33    0.150991239735705449E+03    0.286577811383917549E+02
    0.355497872967376373E-32    0.145014140719788259E+03    0.286529783296608116E+02
    0.114928378530863653E-31    0.142647390787899013E+03    0.281850100620563317E+02
    0.538350862924686999E-29    0.130328647675512741E+03    0.281953206738685651E+02
    0.123463737371520580E-28    0.128648603530998798E+03    0.286392951928144939E+02
    0.672409996214428731E-27    0.120633591786082420E+03    0.282037839441112475E+02
    0.126841950777110884E-26    0.119344274477126788E+03    0.286311244964599609E+02
    0.649221736077441690E-26    0.116058609503068496E+03    0.286281632630722882E+02
    0.742533496985943983E-26    0.115770022168992156E+03    0.282081580921352071E+02
    0.115264228416884462E-24    0.110265363501433967E+03    0.286228377792884885E+02
    0.183363219503525104E-24    0.109316879780412862E+03    0.286219526302356400E+02
    0.428997692244566383E-23    0.102991744498857457E+03    0.282201106100684598E+02
    0.107875921050000281E-22    0.101127514016949931E+03    0.282219152510614606E+02
    0.136054022782259682E-22    0.100643373325524479E+03    0.286136726281494589E+02
    0.201257827653103057E-22    0.998403037705039367E+02    0.286128881973321150E+02
    0.252873787376366111E-22    0.993636963916731162E+02    0.282236381124194082E+02
    0.258021727446011372E-22    0.993033897993643393E+02    0.286123619786353593E+02
    0.844429717123874570E-22    0.969121543748537277E+02    0.282260584076887255E+02
    0.118082239713104392E-21    0.962215445490771941E+02    0.282267457436212723E+02
    0.431412201723579193E-20    0.890050089848158450E+02    0.286019776257937863E+02
    0.448927741957117740E-20    0.889054131324771504E+02    0.282341849325487360E+02
    0.107914714669329687E-19    0.871312843616139361E+02    0.282360347064519743E+02
    0.182902361025758680E-19    0.860560619056703899E+02    0.282371649811067869E+02
    0.101292633755816355E-17    0.780075990790067522E+02    0.285901982454155359E+02
    0.150447236531798710E-17    0.771964015922092841E+02    0.285892972870951994E+02
    0.358161089621618617E-17    0.754416607495809899E+02    0.282487272893164416E+02
    0.595543509312134417E-17    0.744046775627438279E+02    0.282498995092492748E+02
    0.944625841855350560E-17    0.734620486328966962E+02    0.285850870609283447E+02
    0.972393137980057550E-17    0.733841060907298299E+02    0.282510612123207920E+02
    0.872376701922347791E-16    0.689760136195168627E+02    0.285798846261702941E+02
    0.174959729573129897E-15    0.675641744285779851E+02    0.285782123702807986E+02
    0.210600143675365706E-15    0.671733635261755353E+02    0.282583128879290442E+02
    0.242605153345596272E-15    0.668704156131445160E+02    0.282586750512311582E+02
    0.271938543518508277E-15    0.666221338943724817E+02    0.282589724779157407E+02
    0.304686430474782965E-15    0.663747197881144473E+02    0.285767898478160873E+02
    0.533498157991169085E-15    0.652343748539167194E+02    0.282606452812129199E+02
    0.589486249089143654E-15    0.650147833033959301E+02    0.282609116086739363E+02
    0.813340686363527530E-15    0.643509859496349179E+02    0.285743398255157111E+02
    0.147044599830329764E-14    0.631466440220880969E+02    0.285728633960782616E+02
    0.261284572181010941E-14    0.619768956475633388E+02    0.285714157712214138E+02
    0.372589235394496939E-14    0.612471627695527872E+02    0.282655535399851807E+02
    0.820223655555549176E-14    0.596489617965329586E+02    0.285684933972397275E+02
    0.181347812318675175E-13    0.580421121133453752E+02    0.282696165945217359E+02
    0.234769226254767773E-13    0.575057396866101556E+02    0.282703074714116660E+02
    0.295047424444268778E-13    0.570286735095426138E+02    0.285651345823761886E+02
    0.326508945755425051E-13    0.568060310234654864E+02    0.282712136210386191E+02
    0.139106395969427126E-12    0.538872973741271224E+02    0.282750554231609641E+02
    0.833984363471530234E-12    0.502853462253531944E+02    0.285561154869831881E+02
    0.874010374627747462E-12    0.501715910403118670E+02    0.282801009843627966E+02
    0.169587873678198069E-11    0.488258629035355582E+02    0.282819744974335485E+02
    0.216961377816626870E-11    0.483131666354851887E+02    0.285533641751862568E+02
    0.248295164815739398E-11    0.480233689077208226E+02    0.282831041053952035E+02
    0.881293113489012152E-11    0.454698247939851115E+02    0.285492960755095666E+02
    0.908984620363023349E-11    0.453879489965773928E+02    0.285491770628908768E+02
    0.172750170183258148E-10    0.440837422644944539E+02    0.285472665240700714E+02
    0.201638805090882808E-10    0.437544791535845974E+02    0.285467797027614836E+02
    0.234467826087649038E-10    0.434327984074960156E+02    0.282897569594911502E+02
    0.433088697180940141E-10    0.421855500592749024E+02    0.282916250028326601E+02
    0.761290177623617520E-10    0.410374059678350278E+02    0.282933693568820459E+02
    0.901825881226081486E-10    0.406785922298848135E+02    0.285421397433490753E+02
    0.177609461124217312E-09    0.393030907716147340E+02    0.282960515600978937E+02
    0.237193678274176408E-09    0.387045109434637453E+02    0.282969910894691665E+02
    0.347505503251332696E-09    0.379207039709368416E+02    0.285378267756078507E+02
    0.741731415337428146E-09    0.363842905666842427E+02    0.283007039828035651E+02
    0.971198655607189263E-09    0.358252029019951053E+02    0.285344429100942918E+02
    0.978060642731739766E-09    0.357911216240934138E+02    0.285343870615565862E+02
    0.118162852837221159E-08    0.353929672245348783E+02    0.285337326141919334E+02
    0.154562052986895615E-08    0.348359034817791979E+02    0.285328107047358870E+02
    0.168384264939429830E-08    0.346445974704153841E+02    0.283035668762425558E+02
    0.292821033541341050E-08    0.335179715573519559E+02    0.285305995435506148E+02
    0.315538044643598609E-08    0.333485362681912960E+02    0.285303121145300054E+02
    0.413179568309540077E-08    0.327893302109707108E+02    0.283067010528092382E+02
    0.157454824922945839E-07    0.300936474196340775E+02    0.285246402164382928E+02
    0.182696595902462781E-07    0.297762709400286241E+02    0.285240709314033687E+02
    0.210567434402057842E-07    0.294723126915601661E+02    0.283125364323985664E+02
    0.235244021668929515E-07    0.292306778711672095E+02    0.285230850797557629E+02
    0.398725906687964934E-07    0.281553761417596746E+02    0.283149447874313296E+02
    0.409227247485275616E-07    0.280833833639723878E+02    0.285209811986307571E+02
    0.535711199890028742E-07    0.275247341827339653E+02    0.285199410390883266E+02
    0.703446197774056544E-07    0.269599418107150299E+02    0.283171807312024129E+02
    0.873257987334768440E-07    0.265074625414664062E+02    0.283180400931056404E+02
    0.112477855937854692E-06    0.259812416837969344E+02    0.283190488908348108E+02
    0.118462755265657330E-06    0.258575571968875018E+02    0.285167717698637659E+02
    0.140033250010980301E-06    0.255029946271423178E+02    0.285160845454758061E+02
    0.251101718411480192E-06    0.243150381967714324E+02    0.283223132103780770E+02
    0.318449717774901926E-06    0.238198252349788326E+02    0.283233050829152688E+02
    0.342656663503373460E-06    0.236532964865001851E+02    0.283236409686774522E+02
    0.370235959756216210E-06    0.234784733532277130E+02    0.283239948749542236E+02
    0.548868148188935804E-06    0.226710379252574263E+02    0.285104122569435425E+02
    0.549471646250818153E-06    0.226488400694548062E+02    0.285103664192504667E+02
    0.717420627794628262E-06    0.220954297796567793E+02    0.285092162012742989E+02
    0.793454824985839972E-06    0.218739612020983962E+02    0.285087518113435721E+02
    0.803537102417133369E-06    0.218287076958946287E+02    0.283274026393496499E+02
    0.816088247398875588E-06    0.217777094252426906E+02    0.285085492415526218E+02
    0.100157581680058379E-05    0.213480947051479433E+02    0.283284197686158166E+02
    0.175847856859698771E-05    0.202023458870817763E+02    0.283308924115678238E+02
    0.188396401941583654E-05    0.200444877021617565E+02    0.285048206604360708E+02
    0.189891024646452626E-05    0.200086835238866598E+02    0.283313173205870257E+02
    0.223081095833321348E-05    0.196665135025367341E+02    0.285039860674303576E+02
    0.225981567213082301E-05    0.196206773602484503E+02    0.283321749608618703E+02
    0.226810062650121129E-05    0.195933583525018769E+02    0.283322356692661970E+02
    0.245644664237135692E-05    0.194138121553684186E+02    0.285034235359217369E+02
    0.318197951266890615E-05    0.188762368753815579E+02    0.283338449155953285E+02
    0.391460569039344327E-05    0.184418146447188356E+02    0.285012243540511605E+02
    0.405588867863642605E-05    0.183509042185227997E+02    0.283350435819442765E+02
    0.795857586426361024E-05    0.169827437135060535E+02    0.283382498366404540E+02
    0.112832831857978723E-04    0.162645993255758476E+02    0.284960737767490251E+02
    0.188603967623738700E-04    0.152171152297051613E+02    0.283425886782705234E+02
    0.199008777476767566E-04    0.150897161807937934E+02    0.283429114409359926E+02
    0.221690849184102458E-04    0.148538463639421643E+02    0.283435127019945767E+02
    0.242558703385949567E-04    0.146539265303437212E+02    0.284920331203110493E+02
    0.286440636122978723E-04    0.143013514222924520E+02    0.283449404388783108E+02
    0.330300532653276486E-04    0.139964081540837260E+02    0.284903187294413627E+02
    0.384807137766499926E-04    0.136709295083267257E+02    0.284894548628123090E+02
    0.386833890652527412E-04    0.136404232886100694E+02    0.283466859085372072E+02
    0.405692817612930665E-04    0.135252215114130472E+02    0.284890647288886711E+02
    0.453615333919314684E-04    0.132819149305863871E+02    0.284884084537301732E+02
    0.453065153180932809E-04    0.132643421618491590E+02    0.283476984500885010E+02
    0.704047410655865124E-04    0.123627226470000160E+02    0.283501874402938974E+02
    0.755121659345536864E-04    0.122026562951969311E+02    0.283506389238441088E+02
    0.797637912789135286E-04    0.120731045419340148E+02    0.284850527026659606E+02
    0.104283784817437686E-03    0.115170120918254231E+02    0.284834511655931983E+02
    0.114286478571521208E-03    0.113138273259740227E+02    0.283532031391445685E+02
    0.154232033631658869E-03    0.106943274974440907E+02    0.283550520705720643E+02
    0.162830747057433097E-03    0.105658212587061033E+02    0.284806168229312959E+02
    0.162986081286460935E-03    0.105439142455958663E+02    0.283555092363248598E+02
    0.183699887244483426E-03    0.102846371013193405E+02    0.284797540361615518E+02
    0.186368161277311372E-03    0.102357957000283051E+02    0.284796029386296041E+02
    0.194902061638601150E-03    0.101262494893805606E+02    0.283567965807904656E+02
    0.206724669972251866E-03    0.998846823585793331E+01    0.284788320326787812E+02
    0.210524753818904805E-03    0.993203737506042650E+01    0.284786547673661659E+02
    0.244278885219878419E-03    0.961462276853539954E+01    0.284776478587306769E+02
    0.275588170232545513E-03    0.935342862908867900E+01    0.283592529093807997E+02
    0.288692921260395830E-03    0.924051672414217506E+01    0.283596204357878001E+02
    0.310466126355403698E-03    0.907509425503829981E+01    0.284758961692509267E+02
    0.318575621238939772E-03    0.900352410585221996E+01    0.284756598023902221E+02
    0.327402110625311992E-03    0.892886563507188846E+01    0.283606470688347017E+02
    0.336308942096241845E-03    0.885518344208886532E+01    0.284751667804446029E+02
    0.349990598937470097E-03    0.875543127026804413E+01    0.283612264273857306E+02
    0.347860506254264496E-03    0.874764074752003040E+01    0.284748066769435262E+02
    0.363544277416126354E-03    0.863944166189999763E+01    0.283616172115504099E+02
    0.451691831146314258E-03    0.818524354253861475E+01    0.284728850147157004E+02
    0.447219069381148940E-03    0.818514673283491412E+01    0.284728846781303204E+02
    0.471728110202255179E-03    0.805843829434613568E+01    0.283636169103975888E+02
    0.470085392905777218E-03    0.804541512768698297E+01    0.284723966909927242E+02
    0.479905433469494979E-03    0.798406571638217599E+01    0.283638782171885637E+02
    0.488919278343507191E-03    0.792684905638345505E+01    0.284719791590209681E+02
    0.528922895079509780E-03    0.774955852767315623E+01    0.283647105386649372E+02
    0.585465416614843609E-03    0.752642962839675711E+01    0.284705445457840511E+02
    0.583325731583002501E-03    0.751375236497106158E+01    0.284704984853917651E+02
    0.617015859799030747E-03    0.738145440160890765E+01    0.284700153710948207E+02
    0.616107577147962195E-03    0.736440068512966128E+01    0.284699527687410239E+02
    0.707200176517887389E-03    0.706861633630718433E+01    0.283672045563430153E+02
    0.727686720192093962E-03    0.699150260581224803E+01    0.283674947510852000E+02
    0.749717526273450171E-03    0.691185085025325652E+01    0.284682630103480534E+02
    0.764790339166695815E-03    0.685204039852675795E+01    0.284680354147121797E+02
    0.760111039264247290E-03    0.684431480434966844E+01    0.283680533262984582E+02
    0.798472486933305575E-03    0.672584283590976817E+01    0.284675517656768733E+02
    0.799287371363641857E-03    0.670380276838206335E+01    0.283685924550336068E+02
    0.825056502584943507E-03    0.662034011421367996E+01    0.284671437740325928E+02
    0.830405523943826790E-03    0.658741552908084760E+01    0.284670157550410536E+02
    0.885387471821285016E-03    0.643919311723785626E+01    0.283696240308357233E+02
    0.899743865722662985E-03    0.638702359979942624E+01    0.284662292492023994E+02
    0.957869471045680299E-03    0.624182082381676029E+01    0.284656512363599177E+02
    0.106440865571912763E-02    0.601089451598077673E+01    0.284647172435136930E+02
    0.105631166798857796E-02    0.600616673643290788E+01    0.284646979265131748E+02
    0.104966644034546418E-02    0.599878842451527738E+01    0.284646677638470500E+02
    0.104448290432043885E-02    0.598868943109727159E+01    0.283714328200223633E+02
    0.123443232639288162E-02    0.563451088086445750E+01    0.283729057398771758E+02
    0.124928294082431363E-02    0.559059382144173878E+01    0.283730917415949122E+02
    0.150592611011496347E-02    0.519691717118117325E+01    0.283747948004172841E+02
    0.153877986739648026E-02    0.513375368319896985E+01    0.284609849341215195E+02
    0.176445941089476257E-02    0.484004457880800221E+01    0.284596604629452798E+02
    0.178608153039263033E-02    0.479568503793525824E+01    0.284594567445988389E+02
    0.181235307020933753E-02    0.474648122069452416E+01    0.284592296009188672E+02
    0.180477714851334033E-02    0.473485905872170765E+01    0.283768835018657910E+02
    0.182497380372380032E-02    0.469260203457691549E+01    0.284589794287625253E+02
    0.187333237312207503E-02    0.462029557485374109E+01    0.284586412732292189E+02
    0.195700650706885897E-02    0.451290127333023428E+01    0.284581337602882414E+02
    0.197044972437921502E-02    0.447920969382504541E+01    0.283780860520491558E+02
    0.203426116054831411E-02    0.439546792639092043E+01    0.283784879164795534E+02
    0.207475263216969205E-02    0.433604943386392794E+01    0.283787755522035496E+02
    0.217757139490976212E-02    0.421931286665980476E+01    0.284567123833112312E+02
    0.239448697552346748E-02    0.400939529728113175E+01    0.283803960778290580E+02
    0.240901183034472914E-02    0.397730003116164976E+01    0.283805590830646750E+02
    0.244399037084203161E-02    0.392846909742339578E+01    0.284552508128229498E+02
    0.276905561335040809E-02    0.365872064367271443E+01    0.284538419750591132E+02
    0.278425048466609095E-02    0.362777587746137264E+01    0.283823824700168181E+02
    0.295496922143336904E-02    0.348875683010142801E+01    0.284529250931722437E+02
    0.296120328473903870E-02    0.346454189850063443E+01    0.283832667714305344E+02
    0.297819564209340741E-02    0.343309804438333588E+01    0.283834397116987667E+02
    0.296606949705232291E-02    0.342125795083315509E+01    0.283835050563770679E+02
    0.295641671757402311E-02    0.340777736695387468E+01    0.284524796616536548E+02
    0.297666539542318755E-02    0.337412594189044190E+01    0.284522928572039255E+02
    0.301639060736843320E-02    0.332761139321844190E+01    0.283840263094654333E+02
    0.325009321110795221E-02    0.315836594764932865E+01    0.283849892134525987E+02
    0.321779218156063645E-02    0.315834236722186157E+01    0.283849893495661192E+02
    0.322612146806767726E-02    0.313317203651993781E+01    0.283851349616631659E+02
    0.337805922350337996E-02    0.302113059948685736E+01    0.283857911077222269E+02
    0.337061878649372619E-02    0.300554061283363039E+01    0.283858834684577630E+02
    0.340319758311707042E-02    0.296630238962375881E+01    0.284499421544003184E+02
    0.354125423302757095E-02    0.286677136517131448E+01    0.284493416766923808E+02
    0.376200937306188279E-02    0.272582685541974312E+01    0.283875881749660621E+02
    0.399627862901118149E-02    0.258500612952135445E+01    0.284475756654855303E+02
    0.397565844487438470E-02    0.257535253839648526E+01    0.284475132858693023E+02
    0.406255915478049342E-02    0.251210708273874106E+01    0.283889579720539871E+02
    0.403908695122583324E-02    0.250369597167410163E+01    0.284470460633372184E+02
    0.418284993595801138E-02    0.241374766604098090E+01    0.284464487023586408E+02
    0.416363204826942709E-02    0.240295773643310895E+01    0.284463761991253961E+02
    0.413593194232756388E-02    0.239630793595003011E+01    0.283897278442622110E+02
    0.418087207732229221E-02    0.235469358876267654E+01    0.283900096768647714E+02
    0.418136467014249176E-02    0.233445796146073326E+01    0.284459115155631430E+02
    0.419322631077984412E-02    0.230879241977807048E+01    0.284457354005471785E+02
    0.421176208073464464E-02    0.227997108695002693E+01    0.284455362866671848E+02
    0.423323538341096716E-02    0.224980016668825167E+01    0.283907329742658092E+02
    0.433685843653531383E-02    0.218143285329618930E+01    0.284448443629503096E+02
    0.429847712146344887E-02    0.217921169584861829E+01    0.284448285603637423E+02
    0.428116243034619079E-02    0.216728416300489046E+01    0.283913157261779006E+02
    0.438364048378876887E-02    0.209997422049598281E+01    0.284442585922260562E+02
    0.440147356467947108E-02    0.207185452835011663E+01    0.283920059456263090E+02
    0.443602046171408162E-02    0.203621793593752054E+01    0.284437908289153114E+02
    0.445119786352655197E-02    0.200938681465207258E+01    0.284435914169441872E+02
    0.440843557912605748E-02    0.200869353507211068E+01    0.284435862437894471E+02
    0.441187185364245397E-02    0.198713518817029455E+01    0.283926344148007423E+02
    0.437128903481357953E-02    0.198561742168613553E+01    0.284434134515108887E+02
    0.442163438723882762E-02    0.194271450297244930E+01    0.283929702363826451E+02
    0.441854123978859155E-02    0.192411408945442264E+01    0.284429470670035940E+02
    0.438783943947315767E-02    0.191805939834880923E+01    0.284429006809554039E+02
    0.450530092236273074E-02    0.184522392769936805E+01    0.284423357390270404E+02
    0.448194284280195587E-02    0.183562005481706736E+01    0.283937990028052631E+02
    0.449479868272169205E-02    0.180989154022309395E+01    0.284420569022018874E+02
    0.447111059346783600E-02    0.180045963483154758E+01    0.283940773489653893E+02
    0.461624928658210983E-02    0.171656823491244426E+01    0.283947549144947011E+02
    0.467893570203909825E-02    0.166959196024620482E+01    0.283951430873147856E+02
    0.464359399387329584E-02    0.166475603207075551E+01    0.283951834218171513E+02
    0.459983100482073363E-02    0.166369417071640302E+01    0.284408669794516449E+02
    0.460216161876591656E-02    0.164268107970868660E+01    0.284406908155766338E+02
    0.458546169160298309E-02    0.162995170672083600E+01    0.283954758381000190E+02
    0.471326071490216041E-02    0.155497337087299736E+01    0.284399402267530483E+02
    0.467099331836939684E-02    0.155298979805342130E+01    0.283961363132767985E+02
    0.465630616325764073E-02    0.153928837023054865E+01    0.283962559975701758E+02
    0.480438179421655964E-02    0.145667654960572346E+01    0.284390672171918233E+02
    0.477191385399262750E-02    0.145023839682740130E+01    0.284390087700350094E+02
    0.478006738769777475E-02    0.142682401169447193E+01    0.284387948213699744E+02
    0.473281629259822249E-02    0.142669242816286168E+01    0.283972656545613376E+02
    0.472730855946167702E-02    0.140902124891098013E+01    0.284386306619281513E+02
    0.468235302361056337E-02    0.140813176739311641E+01    0.283974368416733398E+02
    0.474508077059251562E-02    0.136151639185102380E+01    0.283978731906719375E+02
    0.470829766169009525E-02    0.135708047607692062E+01    0.284381440605098881E+02
    0.466345115455998015E-02    0.135622176990674537E+01    0.283979233504994184E+02
    0.467526205381167768E-02    0.133116286927004457E+01    0.284378967975381016E+02
    0.465509534551401382E-02    0.131980851437827584E+01    0.283982717690588942E+02
    0.461951717325909290E-02    0.131515291683243074E+01    0.283983167599335573E+02
    0.457866799600185979E-02    0.131291704967310641E+01    0.284377208638605765E+02
    0.460907093557969515E-02    0.127968069161999343E+01    0.284373962783901462E+02
    0.460321501257037261E-02    0.126222334990523422E+01    0.284372235918237202E+02
    0.468489149707205545E-02    0.120704778863370144E+01    0.283993919847139011E+02
    0.464403004472846524E-02    0.120456823340291219E+01    0.283994173753070243E+02
    0.464480278272316142E-02    0.118423547340568369E+01    0.284364323636147027E+02
    0.462191105098555283E-02    0.117411676626266104E+01    0.284363271965496764E+02
    0.459937907313003567E-02    0.116389067962848469E+01    0.284362202957417090E+02
    0.467460003336415877E-02    0.111144609075178291E+01    0.284003973957797839E+02
    0.480651033818024244E-02    0.103579066139924647E+01    0.284348236188460248E+02
    0.478130458936601964E-02    0.102630642836935126E+01    0.284013437028276883E+02
    0.475589525476051347E-02    0.101696339063952057E+01    0.284346084302676516E+02
    0.472438617244426515E-02    0.101025801636633306E+01    0.284345311127039224E+02
    0.469266512002455925E-02    0.100373194633042884E+01    0.284016037541850359E+02
    0.469216289125419517E-02    0.983946006202483070E+00    0.284342241513484950E+02
    0.465894608848420062E-02    0.978154777612390780E+00    0.284019034622073363E+02
    0.462512803532436761E-02    0.972725192402718708E+00    0.284019678045558734E+02
    0.465980117581863123E-02    0.937787738003931448E+00    0.284336711129212674E+02
    0.463108628837572475E-02    0.930150379994146959E+00    0.284335777104832346E+02
    0.459228056833683746E-02    0.926979787137381384E+00    0.284335387699179165E+02
    0.459227195248987276E-02    0.906983539458223742E+00    0.284027683764289272E+02
    0.457512313024305891E-02    0.894466076032618629E+00    0.284029256165529986E+02
    0.456036081031285876E-02    0.880929809262541275E+00    0.284329617495133000E+02
    0.452191444547621422E-02    0.877862392079240217E+00    0.284031367476937220E+02
    0.454049829991781586E-02    0.849659772748956321E+00    0.284325568665492341E+02
    0.451621240744035698E-02    0.840385940989403557E+00    0.284036246657668165E+02
    0.447375277789491873E-02    0.839278092131925613E+00    0.284324199264015505E+02
    0.443036247899767331E-02    0.838770491369563498E+00    0.284036460699254114E+02
    0.439640489785619003E-02    0.834159023646657061E+00    0.284323519210678093E+02
    0.437029897534653173E-02    0.826070455835146156E+00    0.284322438036086353E+02
    0.438565504171087479E-02    0.799055306108073293E+00    0.284041826840163623E+02
    0.437323487714688392E-02    0.784727336698091138E+00    0.284043814550755798E+02
    0.436834619003902830E-02    0.766964317665222217E+00    0.284046319740304085E+02
    0.437275729439895715E-02    0.744945760286410019E+00    0.284049491687112727E+02
    0.433061031509659154E-02    0.744316335290794218E+00    0.284049583492358124E+02
    0.430327317478185114E-02    0.736981427054385185E+00    0.284309934549661776E+02
    0.426192745400537018E-02    0.736290276298488089E+00    0.284309832830112086E+02
    0.423803093620889280E-02    0.727535781115076996E+00    0.284052055262421348E+02
    0.419657592768365485E-02    0.727195425242772475E+00    0.284308486783715502E+02
    0.420720522692534602E-02    0.702136128854959352E+00    0.284304702659914810E+02
    0.421509370276148231E-02    0.678389656207179614E+00    0.284301007363231903E+02
    0.418798733221163559E-02    0.671292763749110399E+00    0.284299880822703557E+02
    0.415584919388936255E-02    0.666699727753931382E+00    0.284061446627909184E+02
    0.411694518075644573E-02    0.665510445468202483E+00    0.284061637626515164E+02
    0.407904180358972281E-02    0.664009082646565552E+00    0.284061879185154957E+02
    0.405678754284821003E-02    0.654950470572440491E+00    0.284297245435454080E+02
    0.402659309996968376E-02    0.649892032598728075E+00    0.284296417581610825E+02
    0.402995475856209560E-02    0.628223000727248904E+00    0.284067790320473073E+02
    0.399551563505591567E-02    0.625388018209875440E+00    0.284292320738727007E+02
    0.395709076777369089E-02    0.624715098846210903E+00    0.284292206117014956E+02
    0.392683049543216672E-02    0.620068078628963626E+00    0.284069181334314038E+02
    0.390226251572183989E-02    0.612620265871275382E+00    0.284070467125289383E+02
    0.386731868841509773E-02    0.610610457106624316E+00    0.284070816686158629E+02
    0.382932503344188572E-02    0.610356187822600482E+00    0.284289731683463422E+02
    0.379148793566214592E-02    0.610216225770822129E+00    0.284289707288770757E+02
    0.376157608252802650E-02    0.606057219273213321E+00    0.284071612777825457E+02
    0.372537310918209363E-02    0.605399279483277764E+00    0.284071728295230272E+02
    0.370344032382312902E-02    0.597208890417129878E+00    0.284073176745351361E+02
    0.366729860593822000E-02    0.596822667483369096E+00    0.284073245531797838E+02
    0.366515463568475256E-02    0.577992246200835336E+00    0.284076654595535310E+02
    0.363887143269994023E-02    0.572386124966082432E+00    0.284282901266583572E+02
    0.361051325994561634E-02    0.568033421174264919E+00    0.284282088983088315E+02
    0.358146502954495962E-02    0.564189414527286548E+00    0.284079226471270871E+02
    0.355496695726946260E-02    0.559041763208423359E+00    0.284280390125810527E+02
    0.352755835014727280E-02    0.554521407972437541E+00    0.284081067596230383E+02
    0.349686291184358447E-02    0.552000788858441060E+00    0.284081553251486199E+02
    0.346269162890664806E-02    0.551640872050728981E+00    0.284081622792761692E+02
    0.343372647144968377E-02    0.548441087672670191E+00    0.284278349466642126E+02
    0.340389282701181618E-02    0.545893848614161237E+00    0.284277852755489704E+02
    0.340647249625693725E-02    0.524378705595505590E+00    0.284087040854654092E+02
    0.337471445954350092E-02    0.523111867860660440E+00    0.284273292373867079E+02
    0.334154472484508684E-02    0.522866915110857144E+00    0.284273242124628354E+02
    0.331662175878615160E-02    0.517839855499410029E+00    0.284272204814027347E+02
    0.328617297555459627E-02    0.516285983419442984E+00    0.284271881802674713E+02
    0.325685979959624075E-02    0.514206341199893280E+00    0.284089144967916525E+02
    0.324599340614502687E-02    0.500890424768463127E+00    0.284268617636858423E+02
    0.321871061988702242E-02    0.497771598678193872E+00    0.284267941576734984E+02
    0.320025068254106227E-02    0.489275010128951193E+00    0.284094519908297585E+02
    0.317364464614676477E-02    0.485971983990419631E+00    0.284265335184568642E+02
    0.315048617326011597E-02    0.480619736900435746E+00    0.284264126226733893E+02
    0.312225730408328440E-02    0.478620829944683357E+00    0.284263670220519984E+02
    0.310552396584677561E-02    0.469368399764100441E+00    0.284261526142884904E+02
    0.307474548852358209E-02    0.469289040445479810E+00    0.284099085165586551E+02
    0.308111328467175786E-02    0.445151324715441776E+00    0.284104966731113429E+02
    0.315225187810461160E-02    0.399465808231417308E+00    0.284117591240627334E+02
    0.309302900476265399E-02    0.437398224551441728E+00    0.284253636752570991E+02
    0.331638063920177643E-02    0.297951928275877909E+00    0.284172563208195825E+02
    0.312183773108756779E-02    0.418856277382584130E+00    0.284111947556460365E+02
    0.331808800003135325E-02    0.296922540115284184E+00    0.284175764618058295E+02
    0.329935698442968082E-02    0.308244774403782951E+00    0.284159026409359825E+02
    0.318353242088895757E-02    0.379717158045016601E+00    0.284236675765690272E+02
    0.322501177358850344E-02    0.353826765037313473E+00    0.284133487348899969E+02
    0.327564544651936856E-02    0.322670101818477495E+00    0.284211960938433350E+02
    0.330581506297526490E-02    0.304333850929196181E+00    0.284162882772332708E+02
    0.327596196961182657E-02    0.322476852698011573E+00    0.284211844327793237E+02
    0.330327417189064249E-02    0.305871667181642715E+00    0.284161272919033010E+02
    0.329403298791730581E-02    0.311474674465396617E+00    0.284156304451497661E+02
    0.322393345468019238E-02    0.354495599322730448E+00    0.284227377046716931E+02
    0.324468351123389934E-02    0.341664338584161842E+00    0.284221855449700342E+02
    0.331418898584418843E-02    0.299274079198856624E+00    0.284169797138105551E+02
    0.328372505979733107E-02    0.317743033066106129E+00    0.284151753216047958E+02
    0.331842972031663828E-02    0.296716576506059426E+00    0.284183857268496318E+02
    0.326367200864078255E-02    0.329994077961955234E+00    0.284216101524561822E+02
    0.315101977657937299E-02    0.400247688885422559E+00    0.284117353878904666E+02
    0.331367635166333408E-02    0.299583460368070376E+00    0.284191343243816803E+02
    0.330010065141946377E-02    0.307794030094799775E+00    0.284201158184760345E+02
    0.315096465390485737E-02    0.400282676388248604E+00    0.284117343278390280E+02
    0.330832935715500397E-02    0.302813294895858509E+00    0.284164636438902036E+02
    0.327682722130472320E-02    0.321948679626839762E+00    0.284149069278111668E+02
    0.311261731346429253E-02    0.424772062662893857E+00    0.284250276380091940E+02
    0.315487674968018602E-02    0.397801106664652182E+00    0.284118099624679843E+02
    0.327540242464724289E-02    0.322818488383203817E+00    0.284148542486191360E+02
    0.331895797739528058E-02    0.296398224103691044E+00    0.284181029177724085E+02
    0.326219474979405535E-02    0.330899556989733501E+00    0.284144012043971870E+02
    0.328125108918534206E-02    0.319250408369812499E+00    0.284209829484339558E+02
    0.326908590332423109E-02    0.326679155844335767E+00    0.284146302695370068E+02
    0.331523954175016490E-02    0.298640205005688830E+00    0.284189572908684092E+02
    0.329743517424702917E-02    0.309410074259101830E+00    0.284158006006864632E+02
    0.325206842254285519E-02    0.337117503756589332E+00    0.284140879003205562E+02
    0.331477650307475434E-02    0.298919564013592265E+00    0.284190130491944117E+02
    0.331158275184102908E-02    0.300847471244798492E+00    0.284167248411056690E+02
    0.311728227442342742E-02    0.421776854303454685E+00    0.284111137405686307E+02
    0.328851151962253037E-02    0.314829893459150134E+00    0.284206821635112306E+02
    0.323633194615096384E-02    0.346818820785640913E+00    0.284224157156890165E+02
    0.313277878811670744E-02    0.411859162112393817E+00    0.284246663942023474E+02
    0.327167659919848971E-02    0.325094817009995596E+00    0.284213389159462366E+02
    0.314931576372468481E-02    0.401329544215403067E+00    0.284117026919956359E+02
    0.331460070598226311E-02    0.299025635571742776E+00    0.284190334094641770E+02
    0.312585225468876632E-02    0.416286031955648672E+00    0.284112668555683747E+02
    0.312474548538004731E-02    0.416994296583327873E+00    0.284248123563638124E+02
    0.326432213004263514E-02    0.329595718900846824E+00    0.284215888703001411E+02
    0.330882118214795296E-02    0.302515991704140730E+00    0.284195589868785987E+02
    0.314213658895169017E-02    0.405893945238621434E+00    0.284244927001554686E+02
    0.323908706130216027E-02    0.345116929177219200E+00    0.284223410776156626E+02
    0.328452197637039414E-02    0.317257718447100157E+00    0.284152079356349958E+02
    0.324628464673212087E-02    0.340677653398389624E+00    0.284139192518031294E+02
    0.311367830074754312E-02    0.424090445624923706E+00    0.284110502304258752E+02
    0.329500203058241811E-02    0.310886398537659869E+00    0.284203815934269883E+02
    0.320840324468012542E-02    0.364153203333737852E+00    0.284129453724580614E+02
    0.314978541645374649E-02    0.401031309456825247E+00    0.284117116883708860E+02
    0.327189214806393068E-02    0.324963054741516322E+00    0.284147279538117807E+02
    0.317999946228141863E-02    0.381937911573337452E+00    0.284123170615449254E+02
    0.331821170887467961E-02    0.296847975162663313E+00    0.284184502556252028E+02
    0.321401546618902464E-02    0.360657808100215194E+00    0.284130782263361006E+02
    0.317744234154295705E-02    0.383546810847776254E+00    0.284237956701119110E+02
    0.331737730060992350E-02    0.297350964885480518E+00    0.284174223591556014E+02
    0.328144898315966020E-02    0.319129790957955850E+00    0.284209751489048514E+02
    0.331481038747378750E-02    0.298899119663381951E+00    0.284170501910741464E+02
    0.321933414813563778E-02    0.357350863210087244E+00    0.284228519815896092E+02
    0.314282832931589776E-02    0.405453694337623460E+00    0.284115795716851167E+02
    0.327342088650101623E-02    0.324028805481435922E+00    0.284212768989188618E+02
    0.331879384410678187E-02    0.296497133067415763E+00    0.284182372347913699E+02
    0.322492214380326603E-02    0.353882349969744825E+00    0.284227127966810755E+02
    0.331471112532623867E-02    0.298959010650906742E+00    0.284170385975896167E+02
    0.331814151538223053E-02    0.296890283635453889E+00    0.284175902467299437E+02
    0.329119306069955431E-02    0.313199704022680381E+00    0.284205622406132008E+02
    0.323777592902229445E-02    0.345926662098688331E+00    0.284136825183218775E+02
    0.327645168049775547E-02    0.322177902776352443E+00    0.284211663081001724E+02
    0.314541389156141075E-02    0.403808997902339595E+00    0.284116283877398885E+02
    0.325525503762306686E-02    0.335158716642692867E+00    0.284141838430562288E+02
    0.319682156190873902E-02    0.371385858388347700E+00    0.284233783273100116E+02
    0.313980732386487903E-02    0.407377094547741292E+00    0.284115229480280149E+02
    0.323846919583543370E-02    0.345498471502177995E+00    0.284137013449119884E+02
    0.319004904520841202E-02    0.375627384265600217E+00    0.284125317792056435E+02
    0.323964519342060395E-02    0.344772335761173165E+00    0.284137334600681370E+02
    0.325012248601973123E-02    0.338314599694609308E+00    0.284220288686150937E+02
    0.317785763742824872E-02    0.383285425303581284E+00    0.284237870179546590E+02
    0.323827981074445003E-02    0.345615434559319257E+00    0.284136961941864001E+02
    0.328549874761970744E-02    0.316663034626426032E+00    0.284208108464889690E+02
    0.330454113150801263E-02    0.305104721027897041E+00    0.284198534652575709E+02
    0.323172368890804621E-02    0.349668677547950835E+00    0.284135213346868838E+02
    0.330478513621141907E-02    0.304957048061769986E+00    0.284198379570757496E+02
    0.328560972719610031E-02    0.316595478550108222E+00    0.284152530573311637E+02
    0.327655414078299994E-02    0.322115360310775867E+00    0.284211625030243411E+02
    0.331429028862994602E-02    0.299212947357557657E+00    0.284190683895257870E+02
    0.330369410365486445E-02    0.305617431503627190E+00    0.284199063139982115E+02
    0.314188062250883452E-02    0.406056876964862923E+00    0.284115617610257445E+02
    0.316518635154387686E-02    0.391276101554342559E+00    0.284240458969187486E+02
    0.331378121812063312E-02    0.299520168249663765E+00    0.284169359246179276E+02
    0.330513156448181914E-02    0.304747406526844455E+00    0.284198157098823572E+02
    0.328478706326542627E-02    0.317096309146011890E+00    0.284208404008651385E+02
    0.329647425706758312E-02    0.309992986230374246E+00    0.284157512717648686E+02
    0.324456047777978021E-02    0.341740176974175969E+00    0.284221890238173174E+02
    0.330589524380782299E-02    0.304285342553094973E+00    0.284197656691983482E+02
