    0.283668456437604135E+02   -0.356925359674729403E+01
    0.284680577472495884E+02   -0.329862103777007443E+01
    0.283701291709338435E+02   -0.314088716653669264E+01
    0.283703621020161165E+02   -0.311156797628354420E+01
    0.283707648241253416E+02   -0.306121111556748193E+01
    0.283709445955448842E+02   -0.303886892105166373E+01
    0.284633764062239081E+02   -0.272147059067122310E+01
    0.284629220570061676E+02   -0.266849985825432556E+01
    0.284620241639053937E+02   -0.256540249188933878E+01
    0.284613287330334899E+02   -0.248699799845318470E+01
    0.283763963579528351E+02   -0.240137997891264243E+01
    0.284604962404731765E+02   -0.239480064280608751E+01
    0.284601678088065704E+02   -0.235892483863882063E+01
    0.284573615816617647E+02   -0.206386876744764436E+01
    0.284568032948017091E+02   -0.200761967184709311E+01
    0.283829566031597480E+02   -0.173710022656345342E+01
    0.284539023414263781E+02   -0.172843443714617995E+01
    0.283834196788962387E+02   -0.169445384006696820E+01
    0.284513773552235563E+02   -0.150330940271177460E+01
    0.284509316519965942E+02   -0.146529871053472616E+01
    0.284504977904484377E+02   -0.142879586197142650E+01
    0.283864823805164832E+02   -0.142648877889757042E+01
    0.283865070359978588E+02   -0.142443092403286231E+01
    0.284502156240408368E+02   -0.140531948888097702E+01
    0.283868134466093949E+02   -0.139898891750452115E+01
    0.283869248143781618E+02   -0.138980249742641959E+01
    0.283872260138002019E+02   -0.136511953911333395E+01
    0.283872514550548090E+02   -0.136304550030748706E+01
    0.284475965631353560E+02   -0.119732757400686740E+01
    0.283894913285362520E+02   -0.118706605046466462E+01
    0.283895847240615460E+02   -0.118001262899576442E+01
    0.284471105867243423E+02   -0.116070294245585148E+01
    0.284467840120530049E+02   -0.113643756323418832E+01
    0.284466725389865118E+02   -0.112821853173708631E+01
    0.284466725389865118E+02   -0.112821853173708631E+01
    0.283903163913515968E+02   -0.112554333635100701E+01
    0.283903163913515968E+02   -0.112554333635100701E+01
    0.284462737862954071E+02   -0.109908354181295187E+01
    0.284462737862954071E+02   -0.109908354181295187E+01
    0.283908313980815805E+02   -0.108804122837617023E+01
    0.284455188208605989E+02   -0.104505833202144371E+01
    0.284453517607149102E+02   -0.103330452978868448E+01
    0.283922039164826288E+02   -0.991476767837710105E+00
    0.283922039164826288E+02   -0.991476767837710105E+00
    0.284447047305408773E+02   -0.988468950713505934E+00
    0.284446736648077021E+02   -0.986343756895596058E+00
    0.283923360179206412E+02   -0.982442043504505147E+00
    0.283925683487758995E+02   -0.966662879353481053E+00
    0.284441234405606451E+02   -0.949120499715814026E+00
    0.284439581560375849E+02   -0.938093144176459948E+00
    0.283929984076404445E+02   -0.937826382505220213E+00
    0.283930351277136452E+02   -0.935386577841712863E+00
    0.283931083041934365E+02   -0.930534981070050060E+00
    0.283931083041934365E+02   -0.930534981070050060E+00
    0.283931764079072764E+02   -0.926032263613492557E+00
    0.283932118217211809E+02   -0.923695641926682187E+00
    0.284434504559465609E+02   -0.904666553272300833E+00
    0.284431351746419558E+02   -0.884247248863979318E+00
    0.283940897792866025E+02   -0.866813936671599228E+00
    0.284427605189099850E+02   -0.860319836494875423E+00
    0.283948173643720168E+02   -0.821198988292853760E+00
    0.283948305807402690E+02   -0.820383181946102158E+00
    0.284421084220494933E+02   -0.819547302678989564E+00
    0.284420556526770270E+02   -0.816296418863909690E+00
    0.283949258153693123E+02   -0.814518114208073296E+00
    0.284419008709577135E+02   -0.806802932462133637E+00
    0.284415881593866224E+02   -0.787813631528835767E+00
    0.283955665584064576E+02   -0.775673011165201376E+00
    0.283955665584064576E+02   -0.775673011165201376E+00
    0.284409017447801276E+02   -0.747026252242139810E+00
    0.283960618074392634E+02   -0.746382620677216502E+00
    0.283960618074392634E+02   -0.746382620677216502E+00
    0.283963352427314391E+02   -0.730485172481050715E+00
    0.284404893541985260E+02   -0.723112919936391818E+00
    0.284404893541985260E+02   -0.723112919936391818E+00
    0.284403455072824904E+02   -0.714876062637603504E+00
    0.283966456518162076E+02   -0.712674563452636578E+00
    0.283966985882891514E+02   -0.709662280334911078E+00
    0.284400904840436439E+02   -0.700405841937127072E+00
    0.284400041055949870E+02   -0.695543140963311601E+00
    0.284400041055949870E+02   -0.695543140963311601E+00
    0.284396967449308136E+02   -0.678398095929735767E+00
    0.283973623585215513E+02   -0.672512043850053032E+00
    0.284395851446416330E+02   -0.672233873481808963E+00
    0.284392655039231741E+02   -0.654758442218990044E+00
    0.283980022702523023E+02   -0.637785719594480716E+00
    0.284386854372818689E+02   -0.623725982866162654E+00
    0.283982992192143442E+02   -0.622034099666909146E+00
    0.284384079281665194E+02   -0.609190316947788135E+00
    0.284382472605242640E+02   -0.600866562099192758E+00
    0.284382472605242640E+02   -0.600866562099192758E+00
    0.283991783253058969E+02   -0.576751117377634848E+00
    0.283991974907440721E+02   -0.575786365256273802E+00
    0.284377045009249265E+02   -0.573245852779089682E+00
    0.284371117489874266E+02   -0.543959349630292577E+00
    0.284370198104278629E+02   -0.539499019574317007E+00
    0.284368176191260744E+02   -0.529767462700231562E+00
    0.284366675321701550E+02   -0.522612703310325610E+00
    0.284366675321701550E+02   -0.522612703310325610E+00
    0.284002993512095685E+02   -0.521932590908800398E+00
    0.284003996380297750E+02   -0.517188357309860014E+00
    0.284004606446197059E+02   -0.514315179849909598E+00
    0.284364368004488099E+02   -0.511728202661387299E+00
    0.284364368004488099E+02   -0.511728202661387299E+00
    0.284007332077185310E+02   -0.501597136916777320E+00
    0.284008140532847584E+02   -0.497862091506808491E+00
    0.284360182285308838E+02   -0.492337200570584888E+00
    0.284360182285308838E+02   -0.492337200570584888E+00
    0.284009810562507283E+02   -0.490200606254716842E+00
    0.284359100269816452E+02   -0.487398969035760188E+00
    0.284356186493769201E+02   -0.474252655344008567E+00
    0.284015080136099201E+02   -0.466502909337313865E+00
    0.284015080136099201E+02   -0.466502909337313865E+00
    0.284353727193388011E+02   -0.463329262766814520E+00
    0.284352456976311920E+02   -0.457749198065501683E+00
    0.284352456976311920E+02   -0.457749198065501683E+00
    0.284018971953469936E+02   -0.449466342054350765E+00
    0.284020193061041084E+02   -0.444202370219610065E+00
    0.284347362251748237E+02   -0.435791211200045825E+00
    0.284347362251748237E+02   -0.435791211200045825E+00
    0.284346584928974124E+02   -0.432500553219125616E+00
    0.284346584928974124E+02   -0.432500553219125616E+00
    0.284345978671493285E+02   -0.429945015225075000E+00
    0.284023929250564429E+02   -0.428338021783616241E+00
    0.284345058154237016E+02   -0.426083127050537691E+00
    0.284024859332182302E+02   -0.424445405905704509E+00
    0.284025385545787756E+02   -0.422253074669090123E+00
    0.284025437140476669E+02   -0.422038507913594818E+00
    0.284343468451729393E+02   -0.419465846747649140E+00
    0.284029218521559201E+02   -0.406502013028803622E+00
    0.284029218521559201E+02   -0.406502013028803622E+00
    0.284339826259816846E+02   -0.404553546646857054E+00
    0.284339172952706853E+02   -0.401915316783224674E+00
    0.284032607464778302E+02   -0.392895004988350782E+00
    0.284336832982085639E+02   -0.392557282279431430E+00
    0.284033057903472255E+02   -0.391109007055367219E+00
    0.284033098466513820E+02   -0.390948433716378996E+00
    0.284033627689009762E+02   -0.388857382033906351E+00
    0.284335460018545341E+02   -0.387133031724171239E+00
    0.284034160330766667E+02   -0.386760200575613333E+00
    0.284042262263132770E+02   -0.355773147322711036E+00
    0.284044356101991369E+02   -0.348043517468299035E+00
    0.284322419643908333E+02   -0.338066227388161111E+00
    0.284047927752622726E+02   -0.335122432546689553E+00
    0.284053212987895307E+02   -0.316612973838988121E+00
    0.284314873435953288E+02   -0.311699377867737215E+00
    0.284054960397168514E+02   -0.310653715687286835E+00
    0.284055216446528362E+02   -0.309787194390240939E+00
    0.284312775715585673E+02   -0.304633813257795538E+00
    0.284058375428057772E+02   -0.299237351788678274E+00
    0.284058918466631027E+02   -0.297450034200921587E+00
    0.284059774002138639E+02   -0.294649800287199504E+00
    0.284061587551656771E+02   -0.288777075476046918E+00
    0.284063193823795501E+02   -0.283647245775884294E+00
    0.284063800164458726E+02   -0.281728327782904131E+00
    0.284066436345389057E+02   -0.273497007921332080E+00
    0.284068509876110227E+02   -0.267149961591427565E+00
    0.284074618254212083E+02   -0.249104465001913300E+00
    0.284293727186313845E+02   -0.245730481940866052E+00
    0.284077414792007872E+02   -0.241167829463767802E+00
    0.284078217815910889E+02   -0.238926548114761828E+00
    0.284290827480172332E+02   -0.237594259191371782E+00
    0.284080950993935346E+02   -0.231424224366379994E+00
    0.284287545676445106E+02   -0.228650632169397600E+00
    0.284286572861225082E+02   -0.226053508231181977E+00
    0.284286250084876748E+02   -0.225197249338969008E+00
    0.284085689862304065E+02   -0.218878510561595796E+00
    0.284086246801721813E+02   -0.217442551977331311E+00
    0.284282225961725530E+02   -0.214750339019058906E+00
    0.284088155738034445E+02   -0.212582159152405026E+00
    0.284280534529346625E+02   -0.210485409319298877E+00
    0.284089605448506042E+02   -0.208954548886448654E+00
    0.284279259250543639E+02   -0.207319175393909566E+00
    0.284094881018989369E+02   -0.196216458190296483E+00
    0.284095285911534674E+02   -0.195268839818894535E+00
    0.284095938561931263E+02   -0.193750370540853117E+00
    0.284273077659917490E+02   -0.192573149131625210E+00
    0.284270461771319667E+02   -0.186633309443005213E+00
    0.284195914017816058E+02   -0.924211621002378192E-01
    0.284261129529225371E+02   -0.166897777701098121E+00
    0.284197853428741887E+02   -0.930346534979798606E-01
    0.284135397083946977E+02   -0.122598135551251666E+00
    0.284211651834581644E+02   -0.100233127246438722E+00
    0.284115867063770970E+02   -0.152736322143839143E+00
    0.284265836950230444E+02   -0.176568797647330661E+00
    0.284229758021203551E+02   -0.117216845105886952E+00
    0.284251284753941391E+02   -0.148541889883710254E+00
    0.284240839278488551E+02   -0.131831563839053090E+00
    0.284132070338592868E+02   -0.127028490665995947E+00
    0.284114153564868275E+02   -0.155855533311441308E+00
    0.284155568485797367E+02   -0.101920123091386650E+00
    0.284262384380725592E+02   -0.169419236190544664E+00
    0.284180367392393336E+02   -0.910506268175170774E-01
    0.284150295272648492E+02   -0.106300641296933909E+00
    0.284243842832962272E+02   -0.136344880702194637E+00
    0.284103445076211543E+02   -0.177084766535288207E+00
    0.284121758441751062E+02   -0.142596432192602041E+00
    0.284108880675106441E+02   -0.165934870563216208E+00
    0.284234705318648651E+02   -0.123345692202984830E+00
    0.284212736156195049E+02   -0.101009383276319920E+00
    0.284190785983985101E+02   -0.912719345432795731E-01
    0.284184650975495501E+02   -0.907986962091423544E-01
    0.284199715028392710E+02   -0.937158639391814097E-01
    0.284157284847517886E+02   -0.100650863944122898E+00
    0.284221095155827861E+02   -0.108023547140917511E+00
    0.284211206518320125E+02   -0.999232178693886947E-01
    0.284205697337696535E+02   -0.965172674263327784E-01
    0.284209931016583610E+02   -0.990641976665525559E-01
    0.284208423884448962E+02   -0.981039040131917311E-01
    0.284154115597764871E+02   -0.103054626142029176E+00
    0.284229331965453795E+02   -0.116718908924020787E+00
    0.284183004931920138E+02   -0.908388535079362597E-01
    0.284186815596500750E+02   -0.908535227087217956E-01
    0.284134178740950816E+02   -0.124187130644099364E+00
    0.284167224909905656E+02   -0.948120419694405414E-01
    0.284239316271727063E+02   -0.129632963084474973E+00
    0.284108518421890679E+02   -0.166653969115270528E+00
    0.284160054302757317E+02   -0.987649453213461093E-01
    0.284142238553631579E+02   -0.114394835176540643E+00
    0.284240683952770148E+02   -0.131604564794666562E+00
    0.284210912299451905E+02   -0.997213010792876442E-01
    0.284258562438251943E+02   -0.161867572792304182E+00
    0.284222115504083135E+02   -0.109004616808841603E+00
    0.284162758383090583E+02   -0.971166792497370202E-01
    0.284245367835894243E+02   -0.138726555456809258E+00
    0.284184231486756218E+02   -0.908022162028115087E-01
    0.284150524137964240E+02   -0.106095455710910586E+00
    0.284242823909237536E+02   -0.134787399062274327E+00
    0.284179548699864526E+02   -0.911532841250056874E-01
    0.284165349068959188E+02   -0.957165242852475312E-01
    0.284115496411847950E+02   -0.153404552990795418E+00
    0.284214261466976552E+02   -0.102153280326604909E+00
    0.284135832348532062E+02   -0.122039843973905285E+00
    0.284127850413189194E+02   -0.133063886145257770E+00
    0.284179911510506003E+02   -0.911056323950013291E-01
    0.284155035891680434E+02   -0.102329609070637248E+00
    0.284143949101608584E+02   -0.112534680149938254E+00
    0.284125133739239359E+02   -0.137195209039104177E+00
    0.284123819321998283E+02   -0.139263220187342690E+00
    0.284266500073474973E+02   -0.177977602533987256E+00
    0.284253240044441355E+02   -0.151986295174070613E+00
    0.284182062454255764E+02   -0.908936806604790093E-01
    0.284208862694324296E+02   -0.983773816686643598E-01
    0.284181665055874646E+02   -0.909237467235751301E-01
    0.284151582668516411E+02   -0.105164229116647620E+00
    0.284208457690776619E+02   -0.981247943299083242E-01
    0.284140905755606319E+02   -0.115897129890337069E+00
    0.284153585292986826E+02   -0.103482443668569929E+00
    0.284238525146361809E+02   -0.128514790025087838E+00
    0.284155932341202941E+02   -0.101644628425515637E+00
    0.284248677371948979E+02   -0.144104008792187405E+00
    0.284106415750145516E+02   -0.170895554110525205E+00
    0.284182024952636922E+02   -0.908963418130404044E-01
    0.284194013654415585E+02   -0.919152394195961453E-01
    0.284132909440354595E+02   -0.125883788539467856E+00
    0.284257825259921368E+02   -0.160454859484935236E+00
    0.284147440328579357E+02   -0.108975079565622079E+00
    0.284125602423193939E+02   -0.136468719892491597E+00
    0.284155063988324343E+02   -0.102307821950572364E+00
    0.284225165796823589E+02   -0.112099510377819983E+00
    0.284217275392735012E+02   -0.104592074642484809E+00
    0.284184460968908041E+02   -0.907997216136256363E-01
    0.284165813334883168E+02   -0.954841156835642274E-01
    0.284160644092750942E+02   -0.983891684374668951E-01
    0.284215272648293507E+02   -0.102945077609633576E+00
    0.284122144613074390E+02   -0.141963410135005574E+00
    0.284197212810266393E+02   -0.928211504461448067E-01
    0.284244364541319996E+02   -0.137152829106467811E+00
