    0.417273055296150445E-98    0.450809386984680998E+03    0.240492475032806396E+02
    0.122644102697117103E-97    0.448633125057076597E+03    0.240474458659922909E+02
    0.688225915176416554E-92    0.422137613203259150E+03    0.225850154895887627E+02
    0.139298315185074859E-87    0.402286760999857449E+03    0.240079821308595598E+02
    0.222243890141250402E-87    0.401332445805373141E+03    0.240071462271614777E+02
    0.878923560139020428E-82    0.375536749778399781E+03    0.226260038164687103E+02
    0.142865543616189056E-79    0.365334827216622273E+03    0.239748537540435791E+02
    0.346344952228290169E-79    0.363543764583305631E+03    0.239732062816619873E+02
    0.662928077083903971E-79    0.362225302077081381E+03    0.239719909202180119E+02
    0.104374192502669985E-77    0.356692329818388998E+03    0.226432991056763839E+02
    0.281487165308742496E-72    0.331662270076507070E+03    0.239431693991612136E+02
    0.964545036917739006E-71    0.324573960544078318E+03    0.226738683674428607E+02
    0.159284160541184685E-70    0.323550723849069072E+03    0.226748666238416732E+02
    0.133521165537126687E-69    0.319278413206517939E+03    0.239311135516997453E+02
    0.253712871388360158E-68    0.313369356637778708E+03    0.239252784232457572E+02
    0.110701816281407200E-66    0.305797742172160554E+03    0.226924450742137864E+02
    0.680368925201308413E-65    0.297540982103589613E+03    0.239093705309154068E+02
    0.448248809411339293E-63    0.289145215195035291E+03    0.239007601777826366E+02
    0.471034104296854843E-60    0.275210540550533608E+03    0.227239775657653809E+02
    0.965964683919368138E-60    0.273754147000961837E+03    0.227255217558084794E+02
    0.391733758084420378E-58    0.266328896336940147E+03    0.227334594726562500E+02
    0.903654107476284407E-57    0.260031997666507380E+03    0.238698870126214828E+02
    0.115416679438370918E-55    0.254917452860948828E+03    0.227458780940585896E+02
    0.186118980629169510E-55    0.253941778319917205E+03    0.227469527044054480E+02
    0.102477442868138224E-53    0.245904924838393327E+03    0.227558845043570876E+02
    0.350351626741512689E-52    0.238821165465975213E+03    0.227638792860578931E+02
    0.273190595724084050E-50    0.230088360281139728E+03    0.238362646102905273E+02
    0.785779357372642297E-50    0.227955347615569423E+03    0.227763774148380733E+02
    0.714372662059508446E-49    0.223520719980329602E+03    0.238286014231271324E+02
    0.108441839280209056E-47    0.218060761160510765E+03    0.238221442405988384E+02
    0.217140961826574881E-47    0.216652095659392359E+03    0.238204651634448474E+02
    0.117219226453516430E-41    0.190234076192243805E+03    0.237878954410552979E+02
    0.562143744657939221E-40    0.182473482648905133E+03    0.228322638133063833E+02
    0.199882639504046354E-38    0.175311196674468249E+03    0.228416784065732479E+02
    0.329989465111665094E-37    0.169683365812050965E+03    0.228492123971485555E+02
    0.823511184706648164E-37    0.167834333009264725E+03    0.228517150254021644E+02
    0.138278069879451175E-36    0.166777783772364842E+03    0.228531512651519755E+02
    0.538152038490012818E-36    0.164040034846832867E+03    0.237532710951960304E+02
    0.364574379419009337E-35    0.160193685721380064E+03    0.228622064196495884E+02
    0.248340997237716908E-34    0.156336371132990138E+03    0.228675984682789313E+02
    0.563174713588667174E-34    0.154678796902003484E+03    0.228699360764483615E+02
    0.619490455919046009E-34    0.154468182124485935E+03    0.228702339975157010E+02
    0.631525612657443320E-34    0.154409699715356169E+03    0.237398486251362115E+02
    0.136949528345925059E-33    0.152841581624760892E+03    0.228725417858699096E+02
    0.384484664222925253E-33    0.150756998721863624E+03    0.228755174761707032E+02
    0.911283222874199711E-33    0.149011099045730845E+03    0.228780256591795883E+02
    0.912737350093354666E-32    0.144382740019553637E+03    0.237254181394391921E+02
    0.169960683418037276E-31    0.143119331883634686E+03    0.228866007999294041E+02
    0.510279488471871091E-31    0.140900548971768984E+03    0.237202893657805127E+02
    0.539446269776917325E-31    0.140769379781996236E+03    0.228900704505861938E+02
    0.736684434929968628E-31    0.140126146905481733E+03    0.228910252375474990E+02
    0.157201849880445489E-30    0.138590234675001767E+03    0.237168513505411234E+02
    0.500875698088023587E-30    0.136252580044843427E+03    0.237133431828493499E+02
    0.344427676135631949E-29    0.132376357524709789E+03    0.229027067322368829E+02
    0.510837681904836523E-29    0.131568022000625689E+03    0.237062206320833617E+02
    0.139010948155205654E-28    0.129545850210780912E+03    0.229070587085133326E+02
    0.219031737630461483E-28    0.128616522318244847E+03    0.237016673966440692E+02
    0.571688451044522305E-28    0.126677767244273340E+03    0.236986478428612770E+02
    0.614291871276701720E-28    0.126514015247082554E+03    0.229117736417613145E+02
    0.165536353439708700E-27    0.124511403754380353E+03    0.236952461514481563E+02
    0.245830074332027255E-27    0.123700504327256809E+03    0.236939651984408428E+02
    0.542429541573364885E-27    0.122097669012872416E+03    0.236914207544106645E+02
    0.127488777009040283E-26    0.120368558551744400E+03    0.236886569279632013E+02
    0.155963281353453392E-26    0.119945374019065994E+03    0.236879774670596461E+02
    0.418473061614747988E-26    0.117951390188363106E+03    0.236847595840252225E+02
    0.515298438835068220E-26    0.117515122774863357E+03    0.236840518943888050E+02
    0.555944576539041256E-26    0.117343278012679335E+03    0.229263926100770306E+02
    0.986914980106406401E-26    0.116175447434248937E+03    0.236818704371607538E+02
    0.148355046410287916E-25    0.115340228314128353E+03    0.236805039952892535E+02
    0.175826193697309425E-25    0.114980453097702352E+03    0.236799138579466657E+02
    0.183143656421199077E-25    0.114878903334987470E+03    0.229304182658205988E+02
    0.182536421725838338E-25    0.114865545591864930E+03    0.236797251799248301E+02
    0.196913905592477149E-25    0.114693911828759070E+03    0.236794431803404777E+02
    0.564359664657995593E-25    0.112568061537195604E+03    0.229342328176732515E+02
    0.135999216006780708E-24    0.110788976612172760E+03    0.229371965343533581E+02
    0.196739664194571477E-24    0.110030512147830819E+03    0.236716980654367255E+02
    0.671751402360527538E-24    0.107554498184067398E+03    0.229426468184951808E+02
    0.142590592163583516E-23    0.106029149603918626E+03    0.229452457637291118E+02
    0.199134501999596756E-23    0.105341143696592894E+03    0.236637412075413422E+02
    0.433679233760863508E-23    0.103764494332071848E+03    0.229491393668064809E+02
    0.233466205155950402E-22    0.100377859812387115E+03    0.236551226033852586E+02
    0.739579149071646630E-21    0.934466016824426191E+02    0.236427187241888319E+02
    0.798397857196520187E-21    0.932735502140921966E+02    0.236424032028297439E+02
    0.306814169571461056E-20    0.905611096034062655E+02    0.236374185198714812E+02
    0.492907914137933315E-20    0.895929493706324251E+02    0.236356211172272133E+02
    0.187456908046328544E-19    0.869013259338710924E+02    0.236305719304650310E+02
    0.265555475272663402E-19    0.861847763938215792E+02    0.236292145067969024E+02
    0.695300360938256909E-19    0.842397360719263730E+02    0.236255008539881040E+02
    0.365552953579890093E-18    0.809004314413084415E+02    0.229911426768253975E+02
    0.601268447608373728E-18    0.798851707322866105E+02    0.229931389187094553E+02
    0.823970043138581668E-18    0.792349853907025050E+02    0.229944240742025983E+02
    0.825681826831580504E-18    0.792108347348252551E+02    0.236156934712485338E+02
    0.205025108464868961E-17    0.773718186484734645E+02    0.229981366080068952E+02
    0.288386976815047865E-17    0.766694770569497166E+02    0.229995477966353477E+02
    0.744538600785225171E-17    0.747525541549593271E+02    0.230034329949389829E+02
    0.123793650892962418E-16    0.737156812189124508E+02    0.230055555187094711E+02
    0.124930506695552998E-16    0.736773980938524460E+02    0.230056341739152543E+02
    0.504109001657121835E-16    0.708673283307610262E+02    0.230114651779016555E+02
    0.184982169762765543E-15    0.682472242988611981E+02    0.230170083045959473E+02
    0.554968523885279186E-15    0.660299203835708965E+02    0.235883814049104323E+02
    0.613792561834565448E-15    0.658084291326288593E+02    0.230222654615849649E+02
    0.131969460868590773E-14    0.642574319168925427E+02    0.235845050860011440E+02
    0.198159071230445656E-14    0.634244327980141875E+02    0.230275007107314131E+02
    0.791273288152130856E-14    0.606352861841605346E+02    0.230337538607115384E+02
    0.301092271631966199E-13    0.579425692723420838E+02    0.235702346915019163E+02
    0.678852807542464895E-13    0.562965941568887587E+02    0.230437782945544143E+02
    0.962214283659798252E-13    0.555789284605343070E+02    0.235646916355384377E+02
    0.323709124914882379E-12    0.531325419225350259E+02    0.235588270407014377E+02
    0.327071041466175216E-12    0.530918778234593915E+02    0.230514369709300340E+02
    0.782659391141469856E-12    0.513268374296008361E+02    0.235544098490121208E+02
    0.131026131264574602E-11    0.502762688792330152E+02    0.230583618685806648E+02
    0.132557510713237361E-11    0.502330292477032430E+02    0.230584697310637026E+02
    0.226470782553376930E-11    0.491418305539481253E+02    0.230612075495160092E+02
    0.311534244207636758E-11    0.484840439055821477E+02    0.230628728866577148E+02
    0.428417634224116454E-11    0.478268654350253044E+02    0.230645481977351459E+02
    0.489775932424487088E-11    0.475391664249472399E+02    0.230652852974352847E+02
    0.148022409952896179E-10    0.453071648886620650E+02    0.230710826683363237E+02
    0.148570257042011046E-10    0.452797763349566011E+02    0.230711546993186793E+02
    0.188466177162682522E-10    0.447840551318851183E+02    0.230724622847636915E+02
    0.211759505185541490E-10    0.445309898079856126E+02    0.230731326482398060E+02
    0.222325031526096929E-10    0.444136114162912321E+02    0.235367211448706790E+02
    0.228199630480197213E-10    0.443414506141739224E+02    0.235365293796725439E+02
    0.245175863267342664E-10    0.441779407258716361E+02    0.230740711160590948E+02
    0.290852804213441219E-10    0.438162576269614874E+02    0.235351288793760709E+02
    0.303050566643671492E-10    0.437140928940700633E+02    0.235348554510971191E+02
    0.351955353514829683E-10    0.433948835885701953E+02    0.230761663521633160E+02
    0.421635047041200155E-10    0.430136120056108098E+02    0.230771934986114502E+02
    0.442240667134501655E-10    0.428981837911201751E+02    0.235326600073622245E+02
    0.504986212294041178E-10    0.426128299974371032E+02    0.235318871630356306E+02
    0.598276894806159424E-10    0.422537848873142892E+02    0.230792544064269620E+02
    0.596034650412956057E-10    0.422412946431620071E+02    0.235308769426912363E+02
    0.627283670596721053E-10    0.421190945234390668E+02    0.235305436861705815E+02
    0.100016743578153657E-09    0.411660468489705949E+02    0.235279274945000054E+02
    0.133043236310490302E-09    0.405753737436095534E+02    0.235262905195359835E+02
    0.142298876451221247E-09    0.404208628456178047E+02    0.235258603096008301E+02
    0.147856925931503206E-09    0.403242318854519297E+02    0.235255908301380678E+02
    0.173978020112708784E-09    0.399788641243902205E+02    0.235246249824737816E+02
    0.346961470672791273E-09    0.385782945879645069E+02    0.230895015534340438E+02
    0.396812316682737368E-09    0.382897952345661352E+02    0.235198388092489061E+02
    0.625384282199000107E-09    0.373599894398561148E+02    0.230930073792807775E+02
    0.654947289248262108E-09    0.372476125485444740E+02    0.235168317022304194E+02
    0.112362285202453403E-08    0.361480951979907275E+02    0.230965532247523981E+02
    0.113196910057292235E-08    0.361132941403244345E+02    0.235135094448903246E+02
    0.130114522761997644E-08    0.358147218645402745E+02    0.235126261279526645E+02
    0.613665005551694553E-08    0.326926535071045379E+02    0.231070116164092738E+02
    0.164007511262128813E-07    0.307065572381935930E+02    0.234968846504804887E+02
    0.229582809729568020E-07    0.300138541102487402E+02    0.234946493729197492E+02
    0.279037031633173830E-07    0.296036926867389631E+02    0.231168520689008652E+02
    0.305824830957661941E-07    0.294003567121204910E+02    0.231175179429370061E+02
    0.311456674169821003E-07    0.293438612108688943E+02    0.234924620125148778E+02
    0.495597405170504424E-07    0.283948538644863895E+02    0.231208460831937117E+02
    0.852713872935192144E-07    0.272895335824289518E+02    0.231245754009492295E+02
    0.909826822530266343E-07    0.271398731395243971E+02    0.231250862899999703E+02
    0.964341683035022306E-07    0.270034903429163400E+02    0.231255531198382087E+02
    0.146157760487186492E-06    0.261518383272837447E+02    0.231284961850316435E+02
    0.156836095679788558E-06    0.259908089395872501E+02    0.234811071960941753E+02
    0.160926658593039318E-06    0.259193140575001415E+02    0.231293082856650116E+02
    0.250381482860521972E-06    0.250152401340060315E+02    0.231325021112648166E+02
    0.260370221568742975E-06    0.249170024119132094E+02    0.231328527234667796E+02
    0.320996659578752076E-06    0.244783500729556636E+02    0.231344270706176758E+02
    0.366238574128122248E-06    0.241946415806642818E+02    0.234747122869973062E+02
    0.376235538263175889E-06    0.241207807488848509E+02    0.234744441509246826E+02
    0.507372602901213766E-06    0.235027202052402302E+02    0.231379818338948198E+02
    0.692598907459393190E-06    0.228603093974761684E+02    0.231403643763501137E+02
    0.818952609104714077E-06    0.225051590708382463E+02    0.231416964530944824E+02
    0.114787988330768898E-05    0.218098676262335545E+02    0.231443362673786233E+02
    0.118334488102682641E-05    0.217290108017780454E+02    0.234655193081258346E+02
    0.123570322494122886E-05    0.216224205066820794E+02    0.234651099835433179E+02
    0.129016231172924044E-05    0.215161648815407958E+02    0.231454644846081763E+02
    0.151034611807830668E-05    0.211810232648877559E+02    0.231467617044325422E+02
    0.164373351878954595E-05    0.209917605679461730E+02    0.234626663897644683E+02
    0.215514344513702777E-05    0.204299863781314386E+02    0.231497080390699423E+02
    0.223933222634665131E-05    0.203333455321811627E+02    0.231500912304320146E+02
    0.229458727269659144E-05    0.202645949690800542E+02    0.231503644115513332E+02
    0.370521460478239856E-05    0.192862185883721402E+02    0.231543056313445526E+02
    0.476815916834306660E-05    0.187617803248933939E+02    0.234537041235286203E+02
    0.560115681312161083E-05    0.184197546481908887E+02    0.231578841148709778E+02
    0.600727854911034560E-05    0.182597572974587905E+02    0.231585544600513416E+02
    0.679472247091904082E-05    0.179934085412753859E+02    0.234504881411628112E+02
    0.855915776895404650E-05    0.175116973608785607E+02    0.234484351735768612E+02
    0.116849542695672494E-04    0.168690968397862235E+02    0.231645155293008891E+02
    0.130322103799236377E-04    0.166308529195435710E+02    0.234446030701313326E+02
    0.184137783803920642E-04    0.159195025297363184E+02    0.234414297608260860E+02
    0.235556154547476351E-04    0.154069724681041063E+02    0.234390968170369298E+02
    0.242332239949452929E-04    0.153302517806282523E+02    0.231714212894439697E+02
    0.244347328360270815E-04    0.152936897545442427E+02    0.234385756731987556E+02
    0.269766118271111985E-04    0.150757604245776928E+02    0.231725980342253948E+02
    0.275891967989912196E-04    0.150108523970061647E+02    0.231728998396679167E+02
    0.294396324089223528E-04    0.148610173332041935E+02    0.234365662049360139E+02
    0.350616371316079113E-04    0.144914858014638988E+02    0.231753400401682050E+02
    0.355884107372070216E-04    0.144416608610130979E+02    0.234345888285058237E+02
    0.423954485939834352E-04    0.140716189245605712E+02    0.231773468207609810E+02
    0.430738165034731630E-04    0.140198703349827891E+02    0.231775963430363952E+02
    0.426501178397272000E-04    0.140196408747861820E+02    0.231775974505392526E+02
    0.436120910820090497E-04    0.139550320879415821E+02    0.234322557117748715E+02
    0.435340631681522617E-04    0.139386135625518914E+02    0.234321762470904318E+02
    0.606413282500735027E-04    0.132557476586411251E+02    0.234288260272401416E+02
    0.614275357366316860E-04    0.132099845497720416E+02    0.234285982591552653E+02
    0.775028197261599613E-04    0.127250723100281071E+02    0.234261584753829268E+02
    0.780977587270502573E-04    0.126897782306358788E+02    0.231841864092487633E+02
    0.828339550763988790E-04    0.125520248229638742E+02    0.234252758158278844E+02
    0.101440295649512241E-03    0.121267601381284393E+02    0.234230786299830136E+02
    0.106569083579365124E-03    0.120081140546309211E+02    0.231877070925655495E+02
    0.106471738978443776E-03    0.119899417720895265E+02    0.234223629883036857E+02
    0.116815360256552711E-03    0.117845118069628985E+02    0.231888851938554836E+02
    0.120986993170531164E-03    0.116943348578289346E+02    0.234208016777611050E+02
    0.154957756607809554E-03    0.111793958650299210E+02    0.231921349975750175E+02
    0.169309351597237003E-03    0.109822458996398424E+02    0.231932141887714209E+02
    0.177508441891424841E-03    0.108676646130772383E+02    0.231938462129786132E+02
    0.187761258644717724E-03    0.107353584385563980E+02    0.231945805035744854E+02
    0.188439209053698007E-03    0.107081500355788641E+02    0.234154332698789531E+02
    0.209490314902672489E-03    0.104763459311255769E+02    0.234141330646632895E+02
    0.209394150123524704E-03    0.104572642252029802E+02    0.231961400412368022E+02
    0.222767481141366403E-03    0.103134438645082014E+02    0.231969554023097224E+02
    0.273733261565934944E-03    0.988139267995635784E+01    0.231994426738424160E+02
    0.285434917242506875E-03    0.977767286357489063E+01    0.234101168397753270E+02
    0.299006099513384231E-03    0.966477300276383922E+01    0.234094533472188964E+02
    0.305036155404920010E-03    0.960484032476360383E+01    0.232010659702215030E+02
    0.306925392545694727E-03    0.957249155449165912E+01    0.234089078762488327E+02
    0.306179965076412621E-03    0.955735484806638702E+01    0.234088181301228460E+02
    0.388862759626479684E-03    0.905924799184555596E+01    0.232043451451213230E+02
    0.504629986634839403E-03    0.851805002657621557E+01    0.234024584392946799E+02
    0.507768426610913826E-03    0.848564996751421496E+01    0.232079118964555917E+02
    0.596239225189830577E-03    0.814441700639205202E+01    0.234000681133202804E+02
    0.613099258985422388E-03    0.806864725628535417E+01    0.233995760005022078E+02
    0.644886339646497673E-03    0.794755278121907516E+01    0.232113812392972179E+02
    0.708624855986646402E-03    0.773904840971935748E+01    0.232127605957989687E+02
    0.740373141370357702E-03    0.763139234014077950E+01    0.233966844611833515E+02
    0.750210393317659761E-03    0.758499356532112490E+01    0.233963722541527410E+02
    0.742833245302133892E-03    0.758475777812737562E+01    0.232137947191620668E+02
    0.923216472070017983E-03    0.712997347263328329E+01    0.233932519637140750E+02
    0.110007533362856255E-02    0.675943306543301325E+01    0.232195384318190392E+02
    0.118680544501276295E-02    0.658765999578062633E+01    0.232207830449874280E+02
    0.131537304385216853E-02    0.636194977271156592E+01    0.232224469638283892E+02
    0.136368104857272879E-02    0.626981499714484691E+01    0.232231358843468350E+02
    0.137150149219258206E-02    0.623837815179470478E+01    0.233867931075223616E+02
    0.136405885240256522E-02    0.622926097975908100E+01    0.232234409619316580E+02
    0.135745967297214490E-02    0.621896025948505748E+01    0.233866467506630045E+02
    0.136585475612397973E-02    0.618662953534283933E+01    0.233864024825962957E+02
    0.135394943438351951E-02    0.618413873371854095E+01    0.233863836334139528E+02
    0.136072080595722408E-02    0.615416126313429945E+01    0.233861564346556499E+02
    0.144303627748878127E-02    0.601669155098424291E+01    0.232250590911383945E+02
    0.144206054709746889E-02    0.599804433806604376E+01    0.232252026019856714E+02
    0.150486693791968495E-02    0.589278142868591992E+01    0.232260176013915256E+02
    0.151429757400372948E-02    0.586028702274281876E+01    0.233838944918899934E+02
    0.160225517998518726E-02    0.572736614190263094E+01    0.232273155864859930E+02
    0.159959558576226453E-02    0.571068871378895349E+01    0.232274476556302929E+02
    0.163044070668741424E-02    0.565248968963430176E+01    0.233822550777114380E+02
    0.161712487196759703E-02    0.564889078641928055E+01    0.233822263772884682E+02
    0.160525203409956230E-02    0.564362884089422678E+01    0.233821843952573758E+02
    0.170802858989489107E-02    0.549951072250417017E+01    0.233810255378416159E+02
    0.171443178966567441E-02    0.547202697510387370E+01    0.232293628573011475E+02
    0.172946416467558610E-02    0.543456713232218558E+01    0.233804975047021166E+02
    0.175150641404582855E-02    0.538923793922768279E+01    0.233801267475953196E+02
    0.173913581032954668E-02    0.538341373234641907E+01    0.233800789772876882E+02
    0.178970820905598182E-02    0.530608520085693502E+01    0.232307235661310969E+02
    0.178359020227907049E-02    0.529293378952862081E+01    0.232308324730643143E+02
    0.180119300458580632E-02    0.525329193921403359E+01    0.232311617182456445E+02
    0.186682599436549588E-02    0.516171107147559116E+01    0.232319280083954247E+02
    0.197550976492241433E-02    0.502853744284499360E+01    0.232330568661067787E+02
    0.202918170944199963E-02    0.495492516460442545E+01    0.232336885063510650E+02
    0.203232744561556745E-02    0.493182706812599481E+01    0.233762775262294902E+02
    0.203655164228344881E-02    0.490767437831217190E+01    0.232340969098333119E+02
    0.202674524838382950E-02    0.489732802972164816E+01    0.233759787334581368E+02
    0.204289011181577442E-02    0.486145933712262224E+01    0.233756667371052345E+02
    0.204679386767514212E-02    0.483764118680629185E+01    0.233754587957024889E+02
    0.207247223964815213E-02    0.479270596395203086E+01    0.233750648119395592E+02
    0.226747419260244680E-02    0.459285734756507580E+01    0.233732850115740440E+02
    0.225333880271733024E-02    0.458536433333494386E+01    0.232369480075484169E+02
    0.233033170549307644E-02    0.449816914995033734E+01    0.233724253217274551E+02
    0.231747869852370414E-02    0.448923073690521957E+01    0.232378217832176759E+02
    0.232196698659528546E-02    0.446536105955460094E+01    0.232380405038779934E+02
    0.252479238817339803E-02    0.427787271690284587E+01    0.233703814305970887E+02
    0.250129539217327839E-02    0.427657288149231096E+01    0.233703691809493215E+02
    0.256628220859536323E-02    0.420527391035920850E+01    0.233696937020913111E+02
    0.302579859636311699E-02    0.385584027970746668E+01    0.232438899036902455E+02
    0.301516278198992382E-02    0.384288275172249483E+01    0.232440203357338468E+02
    0.299717450794135219E-02    0.383485036222402575E+01    0.232441013308101354E+02
    0.309932521395808562E-02    0.374782156082507889E+01    0.232449858891104846E+02
    0.318740137902728598E-02    0.367177845039964534E+01    0.232457695872162766E+02
    0.342765658582417374E-02    0.350643675747983519E+01    0.232475103973315811E+02
    0.344371383945043467E-02    0.347708940353963714E+01    0.232478249132232939E+02
    0.345920754259814497E-02    0.344811133277305304E+01    0.232481371759313831E+02
    0.348277528018405827E-02    0.341453145006036163E+01    0.233616642015437961E+02
    0.351238653237627820E-02    0.337759893020888358E+01    0.233612611288606971E+02
    0.353406571389111883E-02    0.334529245361091343E+01    0.233609061573620664E+02
    0.355632678055469928E-02    0.331273397263823588E+01    0.233605461184766163E+02
    0.354970800572882881E-02    0.329645969419126361E+01    0.232498001090683744E+02
    0.362388245528001956E-02    0.323509848543053691E+01    0.233596780280948693E+02
    0.368067434338551890E-02    0.318399842882816086E+01    0.233590990339863858E+02
    0.372369862090200180E-02    0.314075553603815694E+01    0.232515612105354350E+02
    0.376035631400212667E-02    0.310116295603698688E+01    0.233581470393883635E+02
    0.376618294818194992E-02    0.307806637465165966E+01    0.233578785393812893E+02
    0.377087712650561518E-02    0.305557512268654730E+01    0.232525496264670402E+02
    0.384241390758420162E-02    0.299798880885251151E+01    0.233569368648304874E+02
    0.383974714926703462E-02    0.297937735481218890E+01    0.233567155432857128E+02
    0.383408030262182226E-02    0.296233121204229022E+01    0.232536533837422432E+02
    0.383596367201260481E-02    0.294134901718925423E+01    0.233562603465571250E+02
    0.389327226880980528E-02    0.289169038212957741E+01    0.233556597685084988E+02
    0.387535873425044535E-02    0.288091392038317728E+01    0.232546368916443207E+02
    0.395963372678387500E-02    0.281788733508095834E+01    0.233547537706091006E+02
    0.396665308822128845E-02    0.279434501397336543E+01    0.233544612707990318E+02
    0.420039561811515975E-02    0.265983295930022701E+01    0.232574097563896309E+02
    0.418406444496806449E-02    0.264762413186336509E+01    0.232575675977823266E+02
    0.426371555773493328E-02    0.258990843700504225E+01    0.233518443988020934E+02
    0.422531366157178137E-02    0.258800339562783321E+01    0.232583460595832392E+02
    0.425723153219000668E-02    0.255295224268908605E+01    0.233513555526666252E+02
    0.429674052816434067E-02    0.251447695347818456E+01    0.233508410638465662E+02
    0.429144122028424571E-02    0.249694513997347745E+01    0.233506047012868514E+02
    0.440673418150024088E-02    0.242392265717605015E+01    0.233496067226047863E+02
    0.450933655714669864E-02    0.235789031488924916E+01    0.232614807702229101E+02
    0.458746020255544097E-02    0.230353731428386110E+01    0.232622546769397225E+02
    0.457643560901399137E-02    0.228834950293673867E+01    0.233476919424411946E+02
    0.455561302681633303E-02    0.227747018072318452E+01    0.232626308399167918E+02
    0.456318027511052812E-02    0.225415077220904436E+01    0.232629701990390245E+02
    0.473890768078612766E-02    0.215857706646853842E+01    0.233457747761410452E+02
    0.478952077638388103E-02    0.211732967111768478E+01    0.232650191771990684E+02
    0.484499387557492736E-02    0.207429842804401243E+01    0.232656856177251825E+02
    0.489900308534016969E-02    0.203212692569338138E+01    0.233438155170184913E+02
    0.487959711339356391E-02    0.202006507513329003E+01    0.233436234236693139E+02
    0.486416749776963364E-02    0.200639923000534726E+01    0.232667607618926446E+02
    0.496144803025395497E-02    0.194679511115813941E+01    0.232677300561058047E+02
    0.496829557358982685E-02    0.192403671388444741E+01    0.233420585236816294E+02
    0.494026537083240569E-02    0.191535229348739122E+01    0.233419137220731017E+02
    0.490491075260162529E-02    0.190971659525834370E+01    0.232683459353893127E+02
    0.487501377605822732E-02    0.190194452997759900E+01    0.233416890399776591E+02
    0.484123058706652145E-02    0.189585250670995586E+01    0.232685788887364211E+02
    0.488489260856729904E-02    0.185789578791247201E+01    0.232692244044857937E+02
    0.483723482685608983E-02    0.185750390918610897E+01    0.233409342543897544E+02
    0.478923525603362765E-02    0.185744890177743027E+01    0.233409333102895111E+02
    0.474772383261233468E-02    0.185485977046025785E+01    0.233408888444872566E+02
    0.473777379541853380E-02    0.183905566665190179E+01    0.232695491660065805E+02
    0.470190505421729747E-02    0.183425487603292026E+01    0.233405329874888423E+02
    0.473074784167275102E-02    0.180202379844885208E+01    0.232701963228302802E+02
    0.469684757693777672E-02    0.179640727985335413E+01    0.233398698573210623E+02
    0.467144305793438901E-02    0.178725433072549889E+01    0.232704578031349634E+02
    0.466617722115673060E-02    0.176951008205335736E+01    0.232707745845874889E+02
    0.472638066260861519E-02    0.172387094660702345E+01    0.233385622546544980E+02
    0.472082002480647255E-02    0.170622535343219295E+01    0.233382363619287609E+02
    0.470815281814907557E-02    0.169159909434291267E+01    0.233379637844752743E+02
    0.468752782677276606E-02    0.168037973527123419E+01    0.232724122266869102E+02
    0.474618257617081315E-02    0.163550913707025347E+01    0.232732685446428036E+02
    0.485164688674317567E-02    0.157155396741056141E+01    0.233356348523030519E+02
    0.490163045194618417E-02    0.153105460045686237E+01    0.232753573735625707E+02
    0.485994298294212257E-02    0.152813697870808496E+01    0.233347475538781808E+02
    0.492868336951176288E-02    0.148004661582816222E+01    0.232764326947655888E+02
    0.488984534701849063E-02    0.147586903736527897E+01    0.232765225577746051E+02
    0.485699900295400409E-02    0.146934887441867046E+01    0.232766633794503264E+02
    0.483036674312842685E-02    0.146034560051290296E+01    0.232768589859854913E+02
    0.481599573837481094E-02    0.144630474435106793E+01    0.233329986088359504E+02
    0.478898385396190826E-02    0.143755389084436169E+01    0.233328050531110840E+02
    0.476770285496950358E-02    0.142646117631522484E+01    0.233325577392620431E+02
    0.475060177416395876E-02    0.141364779194579793E+01    0.233322692626163928E+02
    0.470695939554275061E-02    0.141210611861861746E+01    0.232779310367452403E+02
    0.468140571984142651E-02    0.140299352595390925E+01    0.232781383399578274E+02
    0.465116227273742328E-02    0.139595611159939348E+01    0.232782995327749518E+02
    0.460942048864950403E-02    0.139398610727460537E+01    0.233318205539786021E+02
    0.458451928636450113E-02    0.138481987986102850E+01    0.233316087731706361E+02
    0.454898106675263609E-02    0.138038385756302584E+01    0.233315056717271148E+02
    0.450721083825712018E-02    0.137883334500300325E+01    0.232786958441203033E+02
    0.448431963776043611E-02    0.136901681711100198E+01    0.233312396256703671E+02
    0.444943704978097675E-02    0.136463522556855232E+01    0.232790290351100424E+02
    0.442520781240611418E-02    0.135555590935988657E+01    0.232792443539649625E+02
    0.438209017388297047E-02    0.135513875216625079E+01    0.233309110939174573E+02
    0.435681175381310171E-02    0.134670930910052356E+01    0.232794558939968468E+02
    0.431816581408677076E-02    0.134452892653768763E+01    0.232795083001079277E+02
    0.428786451392642286E-02    0.133861273717814311E+01    0.233305143425951940E+02
    0.427508687580512459E-02    0.132458154256944871E+01    0.233301725619046998E+02
    0.425105453075720532E-02    0.131585623650045580E+01    0.233299576574108016E+02
    0.422381467884500213E-02    0.130871304646142250E+01    0.232803850556230181E+02
    0.422668788443426955E-02    0.128735302997556444E+01    0.233292423041373524E+02
    0.420592387136917070E-02    0.127720243636668496E+01    0.233289823820011115E+02
    0.416426686478627017E-02    0.127710991605637858E+01    0.233289799998695209E+02
    0.412487022088576030E-02    0.127612127520890595E+01    0.232812108536553168E+02
    0.410429026521750943E-02    0.126612472506626794E+01    0.233286954546957475E+02
    0.407192590806614019E-02    0.126195822335025976E+01    0.233285866303719835E+02
    0.404818616146029094E-02    0.125365255172390921E+01    0.232817972058147120E+02
    0.401002362655473142E-02    0.125259612416537514E+01    0.232818251386014978E+02
    0.397070536959968044E-02    0.125230288282762348E+01    0.232818328980867122E+02
    0.395692921554068999E-02    0.123925384292944551E+01    0.232821808512246591E+02
    0.392294275870957911E-02    0.123650623875004606E+01    0.233279105919064520E+02
    0.388889101805183065E-02    0.123394232728125908E+01    0.233278413776994995E+02
    0.385544276237536178E-02    0.123121868163874870E+01    0.232823977639720709E+02
    0.381966593755019056E-02    0.122986445480276041E+01    0.233277308575302307E+02
    0.378780445458944777E-02    0.122661728727568109E+01    0.232825229197856274E+02
    0.377450464238265849E-02    0.121365208352557885E+01    0.233272860225884422E+02
    0.374212436384736662E-02    0.121088346679996639E+01    0.233272091633043246E+02
    0.371126863801080759E-02    0.120744285235794102E+01    0.233271132750968135E+02
    0.375084970844916836E-02    0.116622558411602406E+01    0.232842350740401045E+02
    0.371754256143847503E-02    0.116406469412998925E+01    0.233258664334530508E+02
    0.368243719465150172E-02    0.116304076233592224E+01    0.233258360970799359E+02
    0.364803951496676286E-02    0.116181058237138513E+01    0.233257995913771943E+02
    0.362620958035349229E-02    0.115381457061018478E+01    0.233255607228454949E+02
    0.361042884503605648E-02    0.114253727272908301E+01    0.233252190151260912E+02
    0.359371478985419813E-02    0.113181753476596514E+01    0.232852766469018420E+02
    0.356657706037665336E-02    0.112697773213488528E+01    0.233247378031089490E+02
    0.353306017203291762E-02    0.112586159126672936E+01    0.232854625536341828E+02
    0.350601912375216387E-02    0.112122790846013243E+01    0.232856084151986522E+02
    0.347992508835971801E-02    0.111616885614287265E+01    0.233243964593911244E+02
    0.345598813430946211E-02    0.110997355543265130E+01    0.233241980642567235E+02
    0.343188252081049047E-02    0.110397248957191363E+01    0.232861614781560213E+02
    0.341397731412471789E-02    0.109443443179445543E+01    0.233236911434670411E+02
    0.340908006646501891E-02    0.107730543124674916E+01    0.232870495304307923E+02
    0.338164185362893914E-02    0.107346769645456930E+01    0.233229844256082366E+02
    0.335115318255489129E-02    0.107158135018412204E+01    0.233229194703611533E+02
    0.332006231733319133E-02    0.107022328451880133E+01    0.232872928247138802E+02
    0.329364551493061637E-02    0.106620036942109309E+01    0.233227328658989919E+02
    0.326487825001657139E-02    0.106374544537579907E+01    0.232875183098007703E+02
    0.324056925672035331E-02    0.105869236880535134E+01    0.233224691531062192E+02
    0.320957006345242487E-02    0.105791640748056315E+01    0.233224416696363264E+02
    0.317994066423766056E-02    0.105646531543894118E+01    0.232877752271701191E+02
    0.317422952783819696E-02    0.104006052158843421E+01    0.233217967586860411E+02
    0.314673528623902283E-02    0.103745939394739972E+01    0.233217007239619250E+02
    0.311867625603779895E-02    0.103537312082640653E+01    0.233216232949339393E+02
    0.310945221142637073E-02    0.102129724484137507E+01    0.233210911047502663E+02
    0.307985642097458349E-02    0.102042443192104049E+01    0.233210575210943318E+02
    0.305308555258210906E-02    0.101788491893750743E+01    0.232892059810701255E+02
    0.303652711196871882E-02    0.100876146057316829E+01    0.232895635972408570E+02
    0.330604514932476660E-02    0.838651745185964193E+00    0.232994702664087363E+02
    0.319161709868773149E-02    0.909101625681749459E+00    0.232942108285698559E+02
    0.334813399248706442E-02    0.813350710408746402E+00    0.233044802133945623E+02
    0.330330412013756392E-02    0.840310625195233141E+00    0.232992912503031704E+02
    0.331970801348488919E-02    0.830403394732720956E+00    0.233004622362093983E+02
    0.326927113873385841E-02    0.861022923940850005E+00    0.232973995885854279E+02
    0.325411448399211571E-02    0.870316675923037630E+00    0.232966882119580490E+02
    0.334662183286299226E-02    0.814254199461512895E+00    0.233038682597187261E+02
    0.334540559193158326E-02    0.814981178517391491E+00    0.233035433766725006E+02
    0.332695498598466243E-02    0.826042123296469755E+00    0.233010850079011966E+02
    0.324388751696021681E-02    0.876612134419131883E+00    0.232962387840874641E+02
    0.327320182792293192E-02    0.858619741118674562E+00    0.232975945255338139E+02
    0.334751081569605946E-02    0.813722998252953245E+00    0.233059888547833367E+02
    0.324573057532217277E-02    0.875476130182642698E+00    0.232963181782932836E+02
    0.317951416134086172E-02    0.916700246028110954E+00    0.232937889528889137E+02
    0.317121278750539821E-02    0.921928862298580842E+00    0.232935075867456902E+02
    0.312186891153844138E-02    0.953293392173379384E+00    0.232919456698106195E+02
    0.307727439576408737E-02    0.982068519847533183E+00    0.232906607284301153E+02
    0.334150116908891364E-02    0.817316741686382464E+00    0.233027927754952380E+02
    0.334814527218742089E-02    0.813343972517499569E+00    0.233056782494017725E+02
    0.323298777262686103E-02    0.883343623994332527E+00    0.232957822235014120E+02
    0.319179616343509770E-02    0.908989419412118527E+00    0.232942171809916090E+02
    0.327822171418517237E-02    0.855554827234002668E+00    0.232978507595804238E+02
    0.331074969971276254E-02    0.835807739114693860E+00    0.232997912472617834E+02
    0.321533759834027617E-02    0.894292338490197847E+00    0.232950840627790896E+02
    0.334747376213172200E-02    0.813745136355829568E+00    0.233041616193298324E+02
    0.322209104327275979E-02    0.890095975137028206E+00    0.232953457317762869E+02
    0.334597858423841188E-02    0.814638653088784581E+00    0.233064783882263669E+02
    0.325577844432434378E-02    0.869294256422878941E+00    0.232967634931272549E+02
    0.333641151075676941E-02    0.820365394498523415E+00    0.233020834426532844E+02
    0.311166336681404287E-02    0.959842201668285266E+00    0.232916424335715639E+02
    0.334289946286168245E-02    0.816479991245972148E+00    0.233030298931376691E+02
    0.330150087754924873E-02    0.841402704451926553E+00    0.232991763608243545E+02
    0.323766050447777320E-02    0.880455052424334417E+00    0.232959753358071140E+02
    0.334195179450552573E-02    0.817047045516006043E+00    0.233028664293721697E+02
    0.331087389061381770E-02    0.835732717694722793E+00    0.232997999783576120E+02
    0.332108268704605237E-02    0.829575376719331237E+00    0.233095915304276922E+02
    0.326134326174348267E-02    0.865878749380007307E+00    0.233131453111528018E+02
    0.309187079496758702E-02    0.972604371418711922E+00    0.233190950480139101E+02
    0.316093609552968273E-02    0.928420624376988690E+00    0.233169978945745378E+02
    0.314115707187692314E-02    0.940974604820909555E+00    0.233176294613453550E+02
    0.315514842949717869E-02    0.932085975991263416E+00    0.233171856983470178E+02
    0.329231848512454668E-02    0.846973010737473109E+00    0.233115433237470100E+02
    0.321035921336420421E-02    0.897391386651392509E+00    0.233152702522682951E+02
    0.333877586034761475E-02    0.818948595503512955E+00    0.233077756335656474E+02
    0.333625173343475795E-02    0.820461174738703058E+00    0.233081015274273433E+02
    0.332071572461899037E-02    0.829796378565330617E+00    0.233096215901691579E+02
    0.333456526529394507E-02    0.821472426090413488E+00    0.233083010531855237E+02
    0.333042959893124725E-02    0.823954448644205861E+00    0.233087449744482740E+02
    0.310584772547532403E-02    0.963583662164900767E+00    0.233186931629650402E+02
    0.330889759900199762E-02    0.836926892855381688E+00    0.233105027157604177E+02
    0.318547457906158274E-02    0.912954492685202568E+00    0.233161704730368129E+02
    0.332976386211787873E-02    0.824354278961133780E+00    0.233088115467762904E+02
    0.329596497239809886E-02    0.844759087994519486E+00    0.233113289093830147E+02
    0.309641258127964399E-02    0.969668638291180884E+00    0.233189655341051179E+02
    0.309719214945035869E-02    0.969165171758378685E+00    0.233189432014186124E+02
    0.331231784647561048E-02    0.834860657248948645E+00    0.233102628344263891E+02
    0.314291371218686439E-02    0.939856450416822864E+00    0.233175745045578822E+02
    0.331452404200432071E-02    0.833528984849129073E+00    0.233101021613740365E+02
    0.311101632870026956E-02    0.960258124163264171E+00    0.233185419786154320E+02
    0.307836528656229560E-02    0.981359647420995129E+00    0.233194743795578354E+02
    0.330990987035685363E-02    0.836315138325619101E+00    0.233104328145204001E+02
    0.334105792387329268E-02    0.817582056342103125E+00    0.233074428240409546E+02
    0.324437846936279127E-02    0.876309463471582895E+00    0.232962598676402237E+02
    0.318823270842112736E-02    0.911223550608760924E+00    0.232940913895444126E+02
    0.334856809626476928E-02    0.813091416342765605E+00    0.233048732066537596E+02
    0.310920701442394306E-02    0.961421628576240139E+00    0.232915703182350526E+02
    0.323675646242725700E-02    0.881013584295861740E+00    0.232959376777445968E+02
    0.332376583158701215E-02    0.827960203895289792E+00    0.233007999434203334E+02
    0.318961739308687041E-02    0.910355117098746502E+00    0.233160252696470103E+02
    0.334843002116426555E-02    0.813173886188570116E+00    0.233054639719647270E+02
    0.330244372305587468E-02    0.840831624244533393E+00    0.232992361582724463E+02
    0.334696235764226279E-02    0.814050706223884091E+00    0.233039761569331141E+02
    0.307194671634876144E-02    0.985534116970330443E+00    0.232905136179538310E+02
    0.313212504186872629E-02    0.946733654763385779E+00    0.233179087868787747E+02
    0.312109611244656060E-02    0.953788540932250406E+00    0.232919224982540527E+02
    0.321068645955652383E-02    0.897187528146550672E+00    0.233152579319870732E+02
    0.333328810776927767E-02    0.822238584233867642E+00    0.233084443448382075E+02
    0.316691044283654325E-02    0.924644079515603901E+00    0.233168012458288203E+02
    0.322874597963373946E-02    0.885969416863581549E+00    0.232956100943056867E+02
    0.303649938698711663E-02    0.100874638841508646E+01    0.233206011891791505E+02
    0.334828396231017997E-02    0.813261128292362412E+00    0.233045799618747544E+02
    0.333405705836025811E-02    0.821777260828388201E+00    0.233083588160881661E+02
    0.324543190848377346E-02    0.875660175391407836E+00    0.232963052668078880E+02
    0.333613152088266902E-02    0.820533240474450642E+00    0.233020492032845041E+02
    0.330317751017427655E-02    0.840387283223142711E+00    0.233108822726154230E+02
    0.323837772279328244E-02    0.880012054224960760E+00    0.233141600687257515E+02
    0.334778001562903958E-02    0.813562168834242483E+00    0.233058721276615479E+02
    0.307326732506816615E-02    0.984674515510831294E+00    0.232905499681375581E+02
    0.331299406900267303E-02    0.834452391169986041E+00    0.233102141098354387E+02
    0.332107474480732761E-02    0.829580159646445714E+00    0.233095921831026516E+02
    0.321293740017301746E-02    0.895785864065476778E+00    0.232949925695406499E+02
    0.334178972563336759E-02    0.817144038418381125E+00    0.233028396621513565E+02
    0.326614671096346013E-02    0.862935228910658214E+00    0.233129174496911773E+02
    0.314607025421546633E-02    0.937848786024273684E+00    0.233174752171167512E+02
    0.334773553354931379E-02    0.813588743086456456E+00    0.233042728081657522E+02
    0.313795921492481672E-02    0.943011743222251009E+00    0.232924364121419814E+02
    0.322615685305341869E-02    0.887573857262630828E+00    0.233146589432624580E+02
    0.322879610666487477E-02    0.885938366640158459E+00    0.232956121114695094E+02
    0.312634668227856948E-02    0.950426799982720283E+00    0.232920806297355547E+02
