    0.278672912209696975E+02   -0.806703629372291964E+01
    0.278697223165937267E+02   -0.750671491480253561E+01
    0.279648071493628265E+02   -0.692094321653196598E+01
    0.279518512977751428E+02   -0.455307144438553912E+01
    0.278855742695820297E+02   -0.451983204787813886E+01
    0.278873955950296590E+02   -0.425069665400609598E+01
    0.279491965025295954E+02   -0.416320215504749935E+01
    0.278880207886887277E+02   -0.416183092008490441E+01
    0.278880566546718960E+02   -0.415678742887233188E+01
    0.279491483478966636E+02   -0.415642983069732086E+01
    0.278884165241348185E+02   -0.410651001742442645E+01
    0.278888797955352352E+02   -0.404266351620835618E+01
    0.279482049538341393E+02   -0.402590548911048085E+01
    0.278891405543920143E+02   -0.400716090977982642E+01
    0.278895353785752000E+02   -0.395400058301297186E+01
    0.278896958500944336E+02   -0.393259919242301503E+01
    0.279471833019502043E+02   -0.388917185977325941E+01
    0.279468183426758294E+02   -0.384149133774161644E+01
    0.278904309157948269E+02   -0.383608093734653233E+01
    0.279464219979392965E+02   -0.379040453018822054E+01
    0.278911421701379787E+02   -0.374505561765305561E+01
    0.279459082153031027E+02   -0.372525623849956000E+01
    0.278915141701736005E+02   -0.369837455439754104E+01
    0.279454740002346824E+02   -0.367114411876873259E+01
    0.278917420895925439E+02   -0.367008822878801366E+01
    0.278920525804840551E+02   -0.363193878317936925E+01
    0.279450549231077154E+02   -0.361974109081675133E+01
    0.279450176332246301E+02   -0.361520634730191404E+01
    0.279450163607649031E+02   -0.361505171905178413E+01
    0.278926122002377497E+02   -0.356429944242600749E+01
    0.279442787289898078E+02   -0.352666909733501255E+01
    0.278934282241050653E+02   -0.346825167971849790E+01
    0.279436018696847377E+02   -0.344777057734171377E+01
    0.278937240203653332E+02   -0.343419234459313572E+01
    0.279433294957514207E+02   -0.341661588923756776E+01
    0.279427848245229811E+02   -0.335533898186550417E+01
    0.279427243821284321E+02   -0.334862319185391266E+01
    0.278946338115279922E+02   -0.333195792269128477E+01
    0.278947869967165758E+02   -0.331511887353567536E+01
    0.279424115203200572E+02   -0.331412959589206269E+01
    0.279423188582976216E+02   -0.330399987502780323E+01
    0.279422669936196328E+02   -0.329834732261776820E+01
    0.278951107999653090E+02   -0.327987973733986271E+01
    0.279417425276528277E+02   -0.324188290171520510E+01
    0.278955374716281455E+02   -0.323418213546819278E+01
    0.278960978738323462E+02   -0.317543411457957747E+01
    0.278962436125368711E+02   -0.316039278456024375E+01
    0.278963851889417676E+02   -0.314587460647271433E+01
    0.279405703926742284E+02   -0.312026449733932543E+01
    0.279405014006852355E+02   -0.311330299888942008E+01
    0.278969450321392074E+02   -0.308936790533415895E+01
    0.278969450321392074E+02   -0.308936790533415895E+01
    0.278971248776942033E+02   -0.307152155319080444E+01
    0.278971453890078145E+02   -0.306949563733403030E+01
    0.278971711005743934E+02   -0.306695882296820388E+01
    0.278973368559064667E+02   -0.305067769032045311E+01
    0.279397781158739633E+02   -0.304163958889380881E+01
    0.279397778718662089E+02   -0.304161581860569896E+01
    0.279397709726910328E+02   -0.304094384111106253E+01
    0.278975254713683896E+02   -0.303230490168470235E+01
    0.279391874331427346E+02   -0.298489984406640385E+01
    0.278989805816777192E+02   -0.289606646087135022E+01
    0.278992416672201955E+02   -0.287265238185053251E+01
    0.278995100830425926E+02   -0.284890786576134092E+01
    0.279376842204196407E+02   -0.284774488585847063E+01
    0.278995947859325639E+02   -0.284148370912883541E+01
    0.279376126161418235E+02   -0.284147101992307594E+01
    0.279376126161418235E+02   -0.284147101992307594E+01
    0.278996447209653198E+02   -0.283712239954825085E+01
    0.279006195948741436E+02   -0.275427541197990422E+01
    0.279364469089509981E+02   -0.274265128771680988E+01
    0.279364469089509981E+02   -0.274265128771680988E+01
    0.279362253321867229E+02   -0.272457480928029350E+01
    0.279359429676919646E+02   -0.270186652848274367E+01
    0.279359213308042911E+02   -0.270014158037138285E+01
    0.279357237340583318E+02   -0.268448831231340446E+01
    0.279356867966251485E+02   -0.268158212168125321E+01
    0.279354376401782929E+02   -0.266214278050920328E+01
    0.279020517774909251E+02   -0.264049538646381832E+01
    0.279020517774909251E+02   -0.264049538646381832E+01
    0.279023603648406073E+02   -0.261721530424930560E+01
    0.279346713572907603E+02   -0.260414684422519782E+01
    0.279026365477702996E+02   -0.259675135228553078E+01
    0.279027667547818972E+02   -0.258722530240131743E+01
    0.279027667547818972E+02   -0.258722530240131743E+01
    0.279341395578382112E+02   -0.256548570488892924E+01
    0.279341276283697866E+02   -0.256463336877309089E+01
    0.279341276283697866E+02   -0.256463336877309089E+01
    0.279031524910561366E+02   -0.255946233636403209E+01
    0.279032087351216305E+02   -0.255547141221470753E+01
    0.279034098465591889E+02   -0.254132015728352023E+01
    0.279034155235330203E+02   -0.254092339609935092E+01
    0.279036691685401017E+02   -0.252334756601695220E+01
    0.279334048913411230E+02   -0.251421670344849035E+01
    0.279331173599566007E+02   -0.249482731257903323E+01
    0.279331173599566007E+02   -0.249482731257903323E+01
    0.279330294720324659E+02   -0.248897657801125227E+01
    0.279042776051264951E+02   -0.248239373647211892E+01
    0.279328356232006492E+02   -0.247619761501713009E+01
    0.279328283468840333E+02   -0.247572130985337679E+01
    0.279328283468840333E+02   -0.247572130985337679E+01
    0.279326461560477171E+02   -0.246387456695189311E+01
    0.279325251622781892E+02   -0.245609147535611472E+01
    0.279052140368005688E+02   -0.242269040609531938E+01
    0.279052140368005688E+02   -0.242269040609531938E+01
    0.279052158525555285E+02   -0.242257855938333133E+01
    0.279319619608354834E+02   -0.242074917865546002E+01
    0.279319619608354834E+02   -0.242074917865546002E+01
    0.279319526790416646E+02   -0.242017894620821306E+01
    0.279319526790416646E+02   -0.242017894620821306E+01
    0.279054414677507552E+02   -0.240879916985608489E+01
    0.279054414677507552E+02   -0.240879916985608489E+01
    0.279054819051916141E+02   -0.240635421190187815E+01
    0.279054819051916141E+02   -0.240635421190187815E+01
    0.279317075503706427E+02   -0.240526277977233782E+01
    0.279317075503706427E+02   -0.240526277977233782E+01
    0.279316248316188691E+02   -0.240029169784922392E+01
    0.279061311873679507E+02   -0.236812698841450775E+01
    0.279061311873679507E+02   -0.236812698841450775E+01
    0.279305928101263703E+02   -0.234091753891010734E+01
    0.279304566421380152E+02   -0.233344945186453590E+01
    0.279304566421380152E+02   -0.233344945186453590E+01
    0.279304325574078831E+02   -0.233213741154562904E+01
    0.279304325574078831E+02   -0.233213741154562904E+01
    0.279296809779438853E+02   -0.229253539214601121E+01
    0.279296749896609597E+02   -0.229223029477536500E+01
    0.279076938314071512E+02   -0.228407559359142764E+01
    0.279076938314071512E+02   -0.228407559359142764E+01
    0.279293987335898564E+02   -0.227833467036598103E+01
    0.279293987335898564E+02   -0.227833467036598103E+01
    0.279293540061902270E+02   -0.227611791674972830E+01
    0.279078854560385246E+02   -0.227454178774355897E+01
    0.279292245793208522E+02   -0.226975518718578195E+01
    0.279291966113758541E+02   -0.226839038654278546E+01
    0.279081720482051949E+02   -0.226059837883513470E+01
    0.279081720482051949E+02   -0.226059837883513470E+01
    0.279289277825603683E+02   -0.225545541647267811E+01
    0.279289277825603683E+02   -0.225545541647267811E+01
    0.279084232070588811E+02   -0.224868957418386861E+01
    0.279084775875341293E+02   -0.224614932178103377E+01
    0.279283866808885115E+02   -0.223042790090115384E+01
    0.279283866808885115E+02   -0.223042790090115384E+01
    0.279089595891701521E+02   -0.222422850588756305E+01
    0.279089667665051593E+02   -0.222391016642372641E+01
    0.279089679834309905E+02   -0.222385621508110276E+01
    0.279281256494119035E+02   -0.221883609228798040E+01
    0.279281256494119035E+02   -0.221883609228798040E+01
    0.279281127509981850E+02   -0.221827143107353075E+01
    0.279280340087075700E+02   -0.221484088420683012E+01
    0.279092315207376309E+02   -0.221233302027975443E+01
    0.279092315207376309E+02   -0.221233302027975443E+01
    0.279092325591144572E+02   -0.221228824912299693E+01
    0.279092412590886596E+02   -0.221191333172662530E+01
    0.279093016604589295E+02   -0.220931999138592072E+01
    0.279093016604589295E+02   -0.220931999138592072E+01
    0.279278873098444436E+02   -0.220852576631235964E+01
    0.279094231027031903E+02   -0.220415665324293775E+01
    0.279277570213686488E+02   -0.220300010111910893E+01
    0.279277336781364767E+02   -0.220201834082833292E+01
    0.279096115196041978E+02   -0.219628006609903448E+01
    0.279096115196041978E+02   -0.219628006609903448E+01
    0.279096507382406998E+02   -0.219466110523598523E+01
    0.279096888849070659E+02   -0.219309318457516911E+01
    0.279275085940416190E+02   -0.219268047290349344E+01
    0.279098732723003451E+02   -0.218560880370260913E+01
    0.279100833322670780E+02   -0.217727296087509137E+01
    0.279271054762537538E+02   -0.217653921456450083E+01
    0.279103593001776460E+02   -0.216663022390290338E+01
    0.279105155757472474E+02   -0.216075882339937264E+01
    0.279266779978284276E+02   -0.216023929658943326E+01
    0.279266779978284276E+02   -0.216023929658943326E+01
    0.279105869037741705E+02   -0.215811631632308654E+01
    0.279106529540966157E+02   -0.215569020675598599E+01
    0.279107192587541277E+02   -0.215327494242497286E+01
    0.279264583910675768E+02   -0.215219249490598852E+01
    0.279107527387115404E+02   -0.215206306077133336E+01
    0.279107608871824517E+02   -0.215176888900774621E+01
    0.279263945563099760E+02   -0.214989509136949231E+01
    0.279263486005964836E+02   -0.214825275840120566E+01
    0.279109983942000213E+02   -0.214332875049689831E+01
    0.279110021846783951E+02   -0.214319615460821167E+01
    0.279260139505691534E+02   -0.213658626566796706E+01
    0.279112753407493237E+02   -0.213381481857820798E+01
    0.279114775025096868E+02   -0.212709277063675062E+01
    0.279256549054543299E+02   -0.212464225951402819E+01
    0.279254618479774734E+02   -0.211846519171459757E+01
    0.279254489857845023E+02   -0.211805974558726096E+01
    0.279117773021900035E+02   -0.211747035441277376E+01
    0.279253660586828367E+02   -0.211546396405402648E+01
    0.279253591533012369E+02   -0.211524923898476835E+01
    0.279119241394724185E+02   -0.211290830619567860E+01
    0.279120716762098979E+02   -0.210842443313637506E+01
    0.279249747294850366E+02   -0.210364151200510152E+01
    0.279122867411849640E+02   -0.210206765874151724E+01
    0.279124503918052831E+02   -0.209737313079644494E+01
    0.279247446274496625E+02   -0.209701882870062928E+01
    0.279247186343758429E+02   -0.209628602158799371E+01
    0.279125048309114874E+02   -0.209583878633534004E+01
    0.279226636886596680E+02   -0.204818895387325162E+01
    0.279218718891825155E+02   -0.203484157820867395E+01
    0.279130816861633306E+02   -0.208041805852142181E+01
    0.279201310033776195E+02   -0.201563793749087505E+01
    0.279142457871991851E+02   -0.205396083542551011E+01
    0.279139391352434778E+02   -0.206032544881371571E+01
    0.279135723468418604E+02   -0.206850641336920926E+01
    0.279143507437538005E+02   -0.205188182164624155E+01
    0.279224986641180877E+02   -0.204516920031912885E+01
    0.279146752507920226E+02   -0.204577446553801146E+01
    0.279140313612402267E+02   -0.205836579174136647E+01
    0.279191413576204042E+02   -0.201093732920267865E+01
    0.279164695774694103E+02   -0.202075014224960858E+01
    0.279160701298533382E+02   -0.202503927191337274E+01
    0.279138817250886433E+02   -0.206156508556158702E+01
    0.279165040853362854E+02   -0.202041405618823378E+01
    0.279128665985166720E+02   -0.208598887442499858E+01
    0.279178514161480180E+02   -0.201157462916942231E+01
    0.279145092419772816E+02   -0.204883829283126007E+01
    0.279205081513738840E+02   -0.201861510189800342E+01
    0.279246876900238021E+02   -0.209541767902616449E+01
    0.279192903868404017E+02   -0.201135700723532596E+01
    0.279198301550967969E+02   -0.201373228562310880E+01
    0.279231880301692783E+02   -0.205861527309657255E+01
    0.279127679897365368E+02   -0.208861402000442409E+01
    0.279220682764088082E+02   -0.203788309789820721E+01
    0.279151046972113406E+02   -0.203843691949172179E+01
    0.279217979084873846E+02   -0.203374182410460991E+01
    0.279145104880941908E+02   -0.204881482244068724E+01
    0.279125654542707053E+02   -0.209414618718386025E+01
    0.279156689571747627E+02   -0.203008576629466164E+01
    0.279176978786516088E+02   -0.201216030658342593E+01
    0.279230465754180841E+02   -0.205567791302578584E+01
    0.279203528461645476E+02   -0.201730988517327203E+01
    0.279176346745122679E+02   -0.201243291471137598E+01
    0.279218350382764626E+02   -0.203429062652554826E+01
    0.279218826709655374E+02   -0.203500395620731922E+01
    0.279185657435932519E+02   -0.201027586363441779E+01
    0.279227463690928275E+02   -0.204974901974922830E+01
    0.279177252439482970E+02   -0.201204797762023224E+01
    0.279208422255281405E+02   -0.202179881083758461E+01
    0.279208351889171063E+02   -0.202172645866650003E+01
    0.279219433359943885E+02   -0.203592756644465389E+01
    0.279138051565077170E+02   -0.206324200154157644E+01
    0.279209097720078034E+02   -0.202250492915722235E+01
    0.279140160295882076E+02   -0.205868885326314155E+01
    0.279155153922848740E+02   -0.203221347635266802E+01
    0.279154172317311868E+02   -0.203363037506574029E+01
    0.279171937794649594E+02   -0.201484581885642289E+01
    0.279231477868374860E+02   -0.205777023596279918E+01
    0.279199817879449057E+02   -0.201464072026173113E+01
    0.279189077936476302E+02   -0.201048515363739044E+01
    0.279183451958696800E+02   -0.201042634350381677E+01
    0.279243056784294232E+02   -0.208506077884753216E+01
    0.279205884373416211E+02   -0.201933335188044705E+01
    0.279133918132762702E+02   -0.207276038841141963E+01
    0.279164890683238234E+02   -0.202055963964276097E+01
    0.279137361627219782E+02   -0.206477612532405619E+01
    0.279215025526518659E+02   -0.202960217055001246E+01
    0.279222471859116297E+02   -0.204080838865262892E+01
    0.279146791955375235E+02   -0.204570320426791508E+01
    0.279223691742130242E+02   -0.204288741603581903E+01
    0.279201195562116311E+02   -0.201555780749876101E+01
    0.279192438445576272E+02   -0.201121496789667065E+01
    0.279191526739154696E+02   -0.201096561192041001E+01
    0.279175055396314207E+02   -0.201304702645668820E+01
    0.279215348938748136E+02   -0.203003589198958467E+01
    0.279238316297336837E+02   -0.207314213023591476E+01
    0.279173169189306556E+02   -0.201408189995853881E+01
    0.279174255398620481E+02   -0.201346595853662969E+01
    0.279218443655933370E+02   -0.203442948711951344E+01
    0.279128934827153508E+02   -0.208528092888342176E+01
    0.279170664701159339E+02   -0.201570895177672549E+01
    0.279212014772816488E+02   -0.202579542810654001E+01
    0.279125878966299936E+02   -0.209352388666341938E+01
    0.279212691200422327E+02   -0.202661436837564501E+01
    0.279203216373322007E+02   -0.201706098982461812E+01
    0.279242917893955642E+02   -0.208469687543336279E+01
    0.279214001479534275E+02   -0.202826058396509934E+01
    0.279158344103225708E+02   -0.202791475728549653E+01
    0.279233075654261675E+02   -0.206116923188526835E+01
    0.279141202443661633E+02   -0.205651419534786717E+01
    0.279133219522680349E+02   -0.207444678714065578E+01
    0.279197411193327838E+02   -0.201324816314428601E+01
    0.279159303871312616E+02   -0.202671310708337593E+01
    0.279219735397905175E+02   -0.203639372535366503E+01
    0.279136844660991912E+02   -0.206593998744142660E+01
    0.279152262153066211E+02   -0.203651466758737554E+01
    0.279206386069586223E+02   -0.201979723215272422E+01
    0.279160609464629665E+02   -0.202514651229178400E+01
    0.279148081472437184E+02   -0.204341313148196857E+01
    0.279179413643498329E+02   -0.201128189683170877E+01
    0.279140021411364501E+02   -0.205898243786411106E+01
    0.279160285602490035E+02   -0.202552780393792009E+01
