    0.300803442169815938E+02   -0.738918886631772853E+01
    0.302345968138295120E+02   -0.629873277524662711E+01
    0.300944624566462871E+02   -0.583523126631537803E+01
    0.302283943364747003E+02   -0.566765025802756650E+01
    0.300979388715559324E+02   -0.549754835255489738E+01
    0.302259485709177156E+02   -0.543434763007718491E+01
    0.302244145364510999E+02   -0.529250267940384589E+01
    0.302203952338895405E+02   -0.493726217161522030E+01
    0.302188720750706565E+02   -0.480884474824073482E+01
    0.301062968438027845E+02   -0.475839293742976555E+01
    0.301073129544931177E+02   -0.467553189090555410E+01
    0.301077850007505923E+02   -0.463755412889067653E+01
    0.301091156843359684E+02   -0.453225916258272310E+01
    0.301107187721636222E+02   -0.440886601451761084E+01
    0.301116597828425725E+02   -0.433819397718193223E+01
    0.301127141046157547E+02   -0.426055824556828799E+01
    0.302114486368513866E+02   -0.423178949321875386E+01
    0.302099194404841143E+02   -0.412298092312150644E+01
    0.302099174392321288E+02   -0.412284077812026606E+01
    0.302095079421997070E+02   -0.409428810044681502E+01
    0.302089106268183514E+02   -0.405308157518755596E+01
    0.301166032469634573E+02   -0.398830938821785930E+01
    0.301174721176732163E+02   -0.393052499431468716E+01
    0.301177233678156711E+02   -0.391402241108202631E+01
    0.301179091259617486E+02   -0.390188113102860434E+01
    0.301186359596021802E+02   -0.385486230904290572E+01
    0.302058787507650344E+02   -0.385201127528574672E+01
    0.302055783146155221E+02   -0.383282255680225648E+01
    0.302053360205033421E+02   -0.381744399559344760E+01
    0.302053255107812433E+02   -0.381677888966337209E+01
    0.302052839995850384E+02   -0.381415344803721723E+01
    0.301198430167261400E+02   -0.377849357209183978E+01
    0.302045253707825907E+02   -0.376661891177231700E+01
    0.302036530168565065E+02   -0.371300427781125775E+01
    0.301210425853205557E+02   -0.370472049053552777E+01
    0.302032453193658057E+02   -0.368833087615210253E+01
    0.301216449123015941E+02   -0.366847528816264035E+01
    0.302028874678872832E+02   -0.366687545410497018E+01
    0.301217924592214175E+02   -0.365967793011814102E+01
    0.302023193385847044E+02   -0.363319923249924992E+01
    0.302019266869284664E+02   -0.361020183731079181E+01
    0.302016050794299211E+02   -0.359153429659225720E+01
    0.301231724643620709E+02   -0.357894570373514798E+01
    0.301236951047301105E+02   -0.354910139172052608E+01
    0.301237003688020977E+02   -0.354880284012671465E+01
    0.301999734764357690E+02   -0.349917107566587715E+01
    0.301247217746901015E+02   -0.349164460387488651E+01
    0.301250035473892446E+02   -0.347614639392501612E+01
    0.301994907855987549E+02   -0.347259658676251570E+01
    0.301991389873483094E+02   -0.345344414814507861E+01
    0.301263156623293256E+02   -0.340551390149783328E+01
    0.301263156623293256E+02   -0.340551390149783328E+01
    0.301972336593672459E+02   -0.335287605358863283E+01
    0.301966309208113870E+02   -0.332217306618538277E+01
    0.301966309208113870E+02   -0.332217306618538277E+01
    0.301281752098055193E+02   -0.330974745122771363E+01
    0.301282948412765421E+02   -0.330376047257858962E+01
    0.301282948412765421E+02   -0.330376047257858962E+01
    0.301286361339463511E+02   -0.328679604118933222E+01
    0.301286411263149994E+02   -0.328654915914247692E+01
    0.301290622433239363E+02   -0.326585601764007061E+01
    0.301943075688109843E+02   -0.320882024546703404E+01
    0.301304964332300997E+02   -0.319733751432711477E+01
    0.301938164793720816E+02   -0.318587660464375722E+01
    0.301938164793720816E+02   -0.318587660464375722E+01
    0.301307465615392402E+02   -0.318569727062819963E+01
    0.301937039985803857E+02   -0.318067141415605681E+01
    0.301937039985803857E+02   -0.318067141415605681E+01
    0.301310747431723058E+02   -0.317056414761423966E+01
    0.301933724079820109E+02   -0.316543486901694493E+01
    0.301933724079820109E+02   -0.316543486901694493E+01
    0.301930557434265303E+02   -0.315103505302750486E+01
    0.301927372299889356E+02   -0.313669986096487152E+01
    0.301924426914228690E+02   -0.312357641146530929E+01
    0.301924426914228690E+02   -0.312357641146530929E+01
    0.301326218835848216E+02   -0.310135485979949044E+01
    0.301326218835848216E+02   -0.310135485979949044E+01
    0.301326928047586406E+02   -0.309826663878940334E+01
    0.301326928047586406E+02   -0.309826663878940334E+01
    0.301899733313443477E+02   -0.301856808222623618E+01
    0.301898230415836011E+02   -0.301246645612333142E+01
    0.301897970630470311E+02   -0.301141511710917564E+01
    0.301897970630470311E+02   -0.301141511710917564E+01
    0.301891947293250134E+02   -0.298731711962169344E+01
    0.301355613513603942E+02   -0.297955493595972420E+01
    0.301886125960097473E+02   -0.296453408656130701E+01
    0.301361870910643717E+02   -0.295526645135095656E+01
    0.301881925852980935E+02   -0.294840543629151375E+01
    0.301881925852980935E+02   -0.294840543629151375E+01
    0.301367963779779657E+02   -0.293216966558133141E+01
    0.301368458412697287E+02   -0.293031856524660661E+01
    0.301371298128473448E+02   -0.291976088648490295E+01
    0.301374877595963611E+02   -0.290662179276747779E+01
    0.301378193534727430E+02   -0.289461808449607227E+01
    0.301864159101751639E+02   -0.288304863817292523E+01
    0.301864159101751639E+02   -0.288304863817292523E+01
    0.301860601676782601E+02   -0.287051985047223601E+01
    0.301859499565250822E+02   -0.286667610153394747E+01
    0.301387645778544169E+02   -0.286128798441942322E+01
    0.301387645778544169E+02   -0.286128798441942322E+01
    0.301857559419953070E+02   -0.285995298971537659E+01
    0.301857559419953070E+02   -0.285995298971537659E+01
    0.301857414000826054E+02   -0.285945130343783438E+01
    0.301393225847983217E+02   -0.284222830488115186E+01
    0.301395410215398627E+02   -0.283489188317034735E+01
    0.301396102132584218E+02   -0.283258263594263804E+01
    0.301396102132584218E+02   -0.283258263594263804E+01
    0.301849201955367903E+02   -0.283162473604051490E+01
    0.301849201955367903E+02   -0.283162473604051490E+01
    0.301396860987686779E+02   -0.283005807772259477E+01
    0.301399423952950301E+02   -0.282159418340867019E+01
    0.301399423952950301E+02   -0.282159418340867019E+01
    0.301845287733712588E+02   -0.281871023622472094E+01
    0.301401766915850331E+02   -0.281394130463131820E+01
    0.301401766915850331E+02   -0.281394130463131820E+01
    0.301841651159731619E+02   -0.280691362379620557E+01
    0.301836717156412107E+02   -0.279121911461052186E+01
    0.301413289580988106E+02   -0.277747882754232167E+01
    0.301832124747015307E+02   -0.277693273169508137E+01
    0.301832124747015307E+02   -0.277693273169508137E+01
    0.301413688723713875E+02   -0.277625074968406338E+01
    0.301414780551975170E+02   -0.277290338961763672E+01
    0.301414780551975170E+02   -0.277290338961763672E+01
    0.301828438532688850E+02   -0.276568969960852273E+01
    0.301420211478804987E+02   -0.275651345925204438E+01
    0.301823176989172524E+02   -0.274998790853656816E+01
    0.301820079371806855E+02   -0.274093414221361709E+01
    0.301820079371806855E+02   -0.274093414221361709E+01
    0.301818952482300276E+02   -0.273767544110480410E+01
    0.301818952482300276E+02   -0.273767544110480410E+01
    0.301430860635573978E+02   -0.272563409493593145E+01
    0.301812976907641932E+02   -0.272070741721081122E+01
    0.301432662443810813E+02   -0.272057428152485992E+01
    0.301806815668921757E+02   -0.270376180173488834E+01
    0.301439540179106409E+02   -0.270169907856039782E+01
    0.301805948999642908E+02   -0.270142291811027890E+01
    0.301804504931452939E+02   -0.269755033166543479E+01
    0.301804159047293652E+02   -0.269662731769656183E+01
    0.301442964891843062E+02   -0.269255965153136234E+01
    0.301442964891843062E+02   -0.269255965153136234E+01
    0.301445265265994102E+02   -0.268651751050463528E+01
    0.301798510324471785E+02   -0.268180222325486373E+01
    0.301798370351688199E+02   -0.268144081952555036E+01
    0.301797276500536427E+02   -0.267862646236480328E+01
    0.301792881836115257E+02   -0.266749676257523394E+01
    0.301792881836115257E+02   -0.266749676257523394E+01
    0.301792272048606165E+02   -0.266597487577181980E+01
    0.301792272048606165E+02   -0.266597487577181980E+01
    0.301787297626853395E+02   -0.265376405268518178E+01
    0.301787297626853395E+02   -0.265376405268518178E+01
    0.301782649027062604E+02   -0.264268182163624310E+01
    0.301781363598861816E+02   -0.263967343306204461E+01
    0.301465866790222421E+02   -0.263587355210437879E+01
    0.301467849530220064E+02   -0.263132857783921326E+01
    0.301468321371036865E+02   -0.263025550406856867E+01
    0.301770797996249982E+02   -0.261586623514695038E+01
    0.301770797996249982E+02   -0.261586623514695038E+01
    0.301770301578430029E+02   -0.261478803118062064E+01
    0.301768063354475267E+02   -0.260997166596470942E+01
    0.301768063354475267E+02   -0.260997166596470942E+01
    0.301767614809636058E+02   -0.260901531382988683E+01
    0.301767614809636058E+02   -0.260901531382988683E+01
    0.301766546477985464E+02   -0.260674941165242657E+01
    0.301479314822770910E+02   -0.260618029537970797E+01
    0.301479314822770910E+02   -0.260618029537970797E+01
    0.301479402333042046E+02   -0.260599577870710641E+01
    0.301479402333042046E+02   -0.260599577870710641E+01
    0.301765635769258367E+02   -0.260483107041482542E+01
    0.301765054739907193E+02   -0.260361354516285592E+01
    0.301483209220458939E+02   -0.259807786848738465E+01
    0.301483387888382168E+02   -0.259771149254700884E+01
    0.301760349764913300E+02   -0.259393724334476961E+01
    0.301759567515435307E+02   -0.259236000949277567E+01
    0.301758009913275131E+02   -0.258924623498737727E+01
    0.301488218742349190E+02   -0.258798322782983004E+01
    0.301488431789770353E+02   -0.258756209592711084E+01
    0.301489849732805446E+02   -0.258477623871875428E+01
    0.301754469493201825E+02   -0.258230130512631995E+01
    0.301754023048537050E+02   -0.258143863628235426E+01
    0.301753643802889755E+02   -0.258070811823474466E+01
    0.301753208521043419E+02   -0.257987226695067129E+01
    0.301753031182136837E+02   -0.257953252988790815E+01
    0.301495446611440023E+02   -0.257406852171568845E+01
    0.301749442046625482E+02   -0.257275600197401477E+01
    0.301496382182406641E+02   -0.257232354574080668E+01
    0.301498617787736833E+02   -0.256820592400642500E+01
    0.301745146163469293E+02   -0.256489405305169882E+01
    0.301502563495910820E+02   -0.256111783356272937E+01
    0.301503304306939022E+02   -0.255981255457401646E+01
    0.301504710417968482E+02   -0.255735723207990251E+01
    0.301740828282821951E+02   -0.255726521453467148E+01
    0.301739040649300492E+02   -0.255418704121800211E+01
    0.301735082283845237E+02   -0.254753820025855937E+01
    0.301511776863217307E+02   -0.254545799698951747E+01
    0.301511952948037631E+02   -0.254517085995771897E+01
    0.301679086752312315E+02   -0.247815776234634155E+01
    0.301541852658984553E+02   -0.250302366355267170E+01
    0.301692236200726036E+02   -0.249030941193701283E+01
    0.301625654011421318E+02   -0.245492827122673862E+01
    0.301546228784263803E+02   -0.249795745356838905E+01
    0.301656213226015417E+02   -0.246307607022087405E+01
    0.301705852237866168E+02   -0.250557086042198929E+01
    0.301565785152980759E+02   -0.247875719867803168E+01
    0.301586664689649453E+02   -0.246446330999815455E+01
    0.301527585577617607E+02   -0.252149553588732900E+01
    0.301656802382974476E+02   -0.246336803423718775E+01
    0.301625164348482642E+02   -0.245490946056350667E+01
    0.301583470638360751E+02   -0.246623473379679936E+01
    0.301676070637077416E+02   -0.247572887734825731E+01
    0.301578275679518875E+02   -0.246943617784179059E+01
    0.301693791529474851E+02   -0.249191481915233748E+01
    0.301561169630878467E+02   -0.248278182261043545E+01
    0.301587518123185916E+02   -0.246401538361153749E+01
    0.301638700923455971E+02   -0.245672755414093347E+01
    0.301533994772027647E+02   -0.251282726152008085E+01
    0.301583473694228807E+02   -0.246623296733824349E+01
    0.301725945981357313E+02   -0.253307133697132514E+01
    0.301684758004410014E+02   -0.248308695487679731E+01
    0.301630606988633794E+02   -0.245531667716659152E+01
    0.301623372403458561E+02   -0.245487067243764789E+01
    0.301629772361942301E+02   -0.245522596295859641E+01
    0.301667972837854030E+02   -0.246986918262184751E+01
    0.301611412398805001E+02   -0.245582065984692788E+01
    0.301557741940383188E+02   -0.248597332160727058E+01
    0.301671960195664433E+02   -0.247263403311307695E+01
    0.301655937836191548E+02   -0.246294134731930781E+01
    0.301620797574213668E+02   -0.245489757878591597E+01
    0.301676297809949290E+02   -0.247590716349480156E+01
    0.301705622050216924E+02   -0.250529020896726795E+01
    0.301609947454238139E+02   -0.245608157100784519E+01
    0.301697902797410364E+02   -0.249632969276040528E+01
    0.301670503659932407E+02   -0.247159697154179092E+01
    0.301638567622646789E+02   -0.245669651862686633E+01
    0.301569966710399058E+02   -0.247538135311175767E+01
    0.301691032112223141E+02   -0.248909097502359078E+01
    0.301679613514053493E+02   -0.247859568173285227E+01
    0.301645692281514251E+02   -0.245872141292596158E+01
    0.301647857110528399E+02   -0.245948448613175996E+01
    0.301590939675013061E+02   -0.246232708331230921E+01
    0.301612880601035194E+02   -0.245559082070901047E+01
    0.301530967740977118E+02   -0.251684599676341403E+01
    0.301700580076105851E+02   -0.249933826516986768E+01
    0.301571890050653693E+02   -0.247391490800634806E+01
    0.301713229309021642E+02   -0.251497767354084134E+01
    0.301654119623360515E+02   -0.246207984152033976E+01
    0.301539923797206555E+02   -0.250534607956928523E+01
    0.301692532217072653E+02   -0.249061221952264233E+01
    0.301568167279884065E+02   -0.247680255995876708E+01
    0.301706502925667834E+02   -0.250636841066057192E+01
    0.301639015712632990E+02   -0.245680188108749897E+01
    0.301596450164781160E+02   -0.245996980004053523E+01
    0.301678281738068783E+02   -0.247749639972221614E+01
    0.301565534733218357E+02   -0.247896752437877321E+01
    0.301528881570802412E+02   -0.251969403193581387E+01
    0.301676174692051191E+02   -0.247581044593278099E+01
    0.301519807738317596E+02   -0.253282589468243780E+01
    0.301647497365536523E+02   -0.245935290800661788E+01
    0.301611740733077873E+02   -0.245576651011145941E+01
    0.301726295847988979E+02   -0.253360273837162975E+01
    0.301714631360957313E+02   -0.251685595781928884E+01
    0.301701327445371064E+02   -0.250019692796318038E+01
    0.301695237384746875E+02   -0.249343912155009617E+01
    0.301560464357437397E+02   -0.248342438558571743E+01
    0.301680358115098919E+02   -0.247922165806799555E+01
    0.301675793506285785E+02   -0.247551241124870502E+01
    0.301709099207816465E+02   -0.250961264293725117E+01
    0.301606310236226243E+02   -0.245686576884250796E+01
    0.301625431065404470E+02   -0.245491926958274131E+01
    0.301585172447615086E+02   -0.246527224352280383E+01
    0.301696720228032369E+02   -0.249503433818486942E+01
    0.301631536279037356E+02   -0.245542972819620386E+01
    0.301606927648764689E+02   -0.245671894865037332E+01
    0.301535368656881637E+02   -0.251104771022793072E+01
    0.301646964364455954E+02   -0.245916145815740350E+01
    0.301696105201867724E+02   -0.249436878100005721E+01
    0.301604085946659808E+02   -0.245744116041346672E+01
    0.301706798312112952E+02   -0.250673252082453857E+01
    0.301651069631137858E+02   -0.246074382588215279E+01
    0.301577596158844194E+02   -0.246988427884722750E+01
    0.301666941787606540E+02   -0.246919227844311617E+01
    0.301648578373232041E+02   -0.245975402144966449E+01
    0.301578820524376212E+02   -0.246908179011395434E+01
    0.301620625878682453E+02   -0.245490283895101502E+01
    0.301652263007554282E+02   -0.246125028647128818E+01
