    0.838255317770378458E-98    0.459772826651724586E+03    0.296412224366743722E+02
    0.451554208937973562E-97    0.456384911064694052E+03    0.306091282607851483E+02
    0.488549837459687947E-97    0.456207418948798136E+03    0.296431542034351843E+02
    0.237413555191032608E-96    0.453025524580040667E+03    0.296448847280509575E+02
    0.486127044674155546E-94    0.442361851369148098E+03    0.306014558428970389E+02
    0.203299933493128008E-93    0.439480256393232196E+03    0.305998638506069689E+02
    0.245358544621375596E-93    0.439084180003860865E+03    0.305996446122535453E+02
    0.760233197384127026E-91    0.427592030358494583E+03    0.305932386139069692E+02
    0.184013205710034277E-90    0.425804095571869482E+03    0.305922340628343150E+02
    0.852398916093940334E-90    0.422718001365002351E+03    0.296616910861204772E+02
    0.242178346754489246E-84    0.397583740656759687E+03    0.296761045977584459E+02
    0.233544887770355560E-81    0.383820830353413101E+03    0.305679898753608299E+02
    0.181284428795997440E-80    0.379702274307034088E+03    0.296866466297441747E+02
    0.148932926194611039E-77    0.366259906114767205E+03    0.296947411959538847E+02
    0.665979468746840144E-76    0.358639210333714402E+03    0.305527877807617188E+02
    0.174170794172364334E-71    0.338275804301514768E+03    0.297120997137358529E+02
    0.402315131822242482E-71    0.336581405705434236E+03    0.305390119379321980E+02
    0.322428370619118952E-70    0.332398944892583131E+03    0.297158384323120117E+02
    0.464150948811293871E-70    0.331650287262431505E+03    0.297163171600565867E+02
    0.295923262909007768E-68    0.323320166182955745E+03    0.297216820716857910E+02
    0.603617570099866801E-68    0.321874484859891709E+03    0.305295657055436997E+02
    0.235098453779165635E-66    0.314530017401229145E+03    0.297274215367985519E+02
    0.628806769245366678E-66    0.312542378145756288E+03    0.305234552711444280E+02
    0.161663087857436914E-65    0.310633827042440828E+03    0.297299921262565512E+02
    0.202718570695138058E-65    0.310161218640736308E+03    0.297303050745119997E+02
    0.541010747690912769E-63    0.298967637310602868E+03    0.305143952369689941E+02
    0.275598282383312164E-62    0.295691456800918786E+03    0.297400093078613281E+02
    0.690835965170490832E-62    0.293833540598617049E+03    0.297412730583155245E+02
    0.181903292556218609E-61    0.291877224856060479E+03    0.297426082411943575E+02
    0.109248693956833576E-60    0.288271751284069069E+03    0.305071048851565791E+02
    0.101087362454938138E-56    0.269986354063133092E+03    0.297578787803649902E+02
    0.417623968932240899E-56    0.267129161435088747E+03    0.297599188689880378E+02
    0.869655524669845090E-56    0.265642129929498253E+03    0.297609851473297127E+02
    0.880864760275705716E-56    0.265596516084492634E+03    0.304911682107909954E+02
    0.119252468927197870E-54    0.260365498259999640E+03    0.297647941583864863E+02
    0.154788135522201891E-53    0.255218699112094043E+03    0.297685485388405411E+02
    0.234643156461096842E-53    0.254366681986831992E+03    0.297691738605499268E+02
    0.244775128270688870E-52    0.249656963664165573E+03    0.304795356866782114E+02
    0.454682948916897301E-52    0.248398442833725937E+03    0.304786008805572806E+02
    0.669497808757720677E-51    0.242999417584382655E+03    0.304745621301509431E+02
    0.739111153802026342E-51    0.242781576727254816E+03    0.297777879238128662E+02
    0.698266508135163176E-48    0.229059761117360495E+03    0.297882747650146484E+02
    0.713810663779276730E-48    0.228995727309974825E+03    0.297883244658257027E+02
    0.278023392161790231E-47    0.226256382115540163E+03    0.304617285728454590E+02
    0.284680128070002776E-46    0.221583890054178170E+03    0.297941275493737372E+02
    0.312742992309795482E-45    0.216770688767973752E+03    0.304542351220251248E+02
    0.950253699955583840E-45    0.214527994249744665E+03    0.297997478114739849E+02
    0.461561516422203304E-44    0.211347051383312646E+03    0.304498726708123613E+02
    0.134480245606847083E-43    0.209188277249935965E+03    0.304481198390895997E+02
    0.306735148590815203E-43    0.207519142546688727E+03    0.304467580055201239E+02
    0.845477439302689211E-43    0.205471308911379992E+03    0.298071068625046323E+02
    0.187237715495962848E-42    0.203861183664000293E+03    0.304437530894993849E+02
    0.302730839340987247E-42    0.202880253511407659E+03    0.298092436790466309E+02
    0.596259996267691244E-42    0.201504588080253143E+03    0.304418020610964035E+02
    0.649175084443720424E-42    0.201314536782748064E+03    0.304416441917419434E+02
    0.166010157199070858E-40    0.194811503373996942E+03    0.304361939155163306E+02
    0.323876537040380948E-40    0.193454876553551145E+03    0.304350447880245341E+02
    0.110828946896504883E-39    0.190974455149328605E+03    0.298192534890862753E+02
    0.984849207161003577E-38    0.181980283870330254E+03    0.298270374204549178E+02
    0.159808184088840320E-36    0.176386972085717844E+03    0.304202041347752967E+02
    0.933909239109235048E-36    0.172836162060694562E+03    0.298351645469665527E+02
    0.605535063375510636E-35    0.169077525454015898E+03    0.298385717657593688E+02
    0.623332154793851684E-34    0.164394421145982733E+03    0.304093117498702199E+02
    0.754884160800244029E-34    0.163991451590782333E+03    0.304089384636275639E+02
    0.923265075389525858E-34    0.163568747442510642E+03    0.298436397485219729E+02
    0.182769852868389387E-33    0.162182954567429221E+03    0.304072570800781250E+02
    0.488436941497901426E-33    0.160196989266604504E+03    0.304053990418742828E+02
    0.100177236830144967E-32    0.158740357863957485E+03    0.298481577708793466E+02
    0.959986693462450526E-31    0.149595230802187416E+03    0.298569228128210753E+02
    0.595121957076326471E-30    0.145926366754141043E+03    0.298605204886011073E+02
    0.766953378759192318E-30    0.145399047431710699E+03    0.298610415898650743E+02
    0.134454583368516359E-29    0.144256276333197746E+03    0.303900116982647432E+02
    0.189514477272647313E-29    0.143549798439346660E+03    0.303893089294433594E+02
    0.276399258559158498E-29    0.142775036458194194E+03    0.303885360715431787E+02
    0.322599718928066160E-28    0.137840734502161524E+03    0.303835594639714266E+02
    0.446280684208306557E-28    0.137171662909280286E+03    0.303828772302818670E+02
    0.227680328789061776E-27    0.133892503748164330E+03    0.298726791103800480E+02
    0.299067590804569302E-27    0.133327049696920653E+03    0.298732648091868889E+02
    0.135112565752174796E-26    0.130291002216245772E+03    0.298764330486738920E+02
    0.427833086275953578E-26    0.127965752450663018E+03    0.303732991166044357E+02
    0.170545613878539654E-25    0.125180042950990924E+03    0.298818593547036073E+02
    0.460415207667294659E-25    0.123173791117586276E+03    0.298840226352929150E+02
    0.486384183202494154E-25    0.123044050908964778E+03    0.303680229187011719E+02
    0.139254240718913480E-23    0.116315105496382159E+03    0.303606173009385500E+02
    0.153141002620378660E-22    0.111499819809578781E+03    0.303551708691861108E+02
    0.323637597446909230E-21    0.105378119062332146E+03    0.299041321916468270E+02
    0.498958420814908706E-21    0.104492322254565778E+03    0.303470051288604736E+02
    0.563909313018576719E-21    0.104227580896986325E+03    0.299054954108370552E+02
    0.166865799872443429E-20    0.102037817811528498E+03    0.303440726026853120E+02
    0.804357138008559709E-19    0.942669406730010166E+02    0.303345164019606202E+02
    0.238054727731283927E-18    0.920768560397443423E+02    0.299204431548579883E+02
    0.248214893094740803E-18    0.919732674803585866E+02    0.299205752625683559E+02
    0.283261519819855688E-18    0.916891160926593756E+02    0.303312480339228117E+02
    0.482836398273616727E-18    0.906025014784334388E+02    0.299223314822106197E+02
    0.717059899813869050E-18    0.897915384723428360E+02    0.299233776478289819E+02
    0.100337580234943087E-17    0.890996064389165952E+02    0.299242745474793850E+02
    0.143129008457495932E-17    0.883691942839200664E+02    0.299252256710244460E+02
    0.154721178885653082E-17    0.881934377428244431E+02    0.303267309052508125E+02
    0.199661505567948425E-17    0.876634401240551426E+02    0.303260371313904571E+02
    0.325198174892691090E-17    0.866678175143389495E+02    0.303247272968292236E+02
    0.583287813049115991E-17    0.854793255642692884E+02    0.299290337894329355E+02
    0.105600363852782365E-16    0.842721932254608390E+02    0.299306464541615362E+02
    0.114127594309705497E-16    0.840968827174768592E+02    0.303213043472451815E+02
    0.117343025008685239E-16    0.840213138930951260E+02    0.299309832886228833E+02
    0.124180698035925991E-16    0.838880413649781218E+02    0.299311624590956882E+02
    0.171792829932295394E-16    0.832189383117243722E+02    0.299320644961303586E+02
    0.575927247039674517E-16    0.807795541681531262E+02    0.299353892293822881E+02
    0.140918890784643194E-15    0.789699777087553372E+02    0.303142926000043431E+02
    0.207262912247333875E-15    0.781783704834839313E+02    0.303131865504007045E+02
    0.260765283367888455E-15    0.776991052626141538E+02    0.299396723926632546E+02
    0.441233819019068598E-15    0.766271967995627676E+02    0.299411860786081228E+02
    0.448441407389273204E-15    0.765747906097723643E+02    0.299412604013866925E+02
    0.553538016990548085E-15    0.761336858041435107E+02    0.303102989474602147E+02
    0.611124304345453188E-15    0.759157459079959267E+02    0.303099884881244179E+02
    0.680731001767970741E-15    0.756800122264192083E+02    0.303096520900726318E+02
    0.796472632049642684E-15    0.753459611361650445E+02    0.303091743319874141E+02
    0.379245226666031940E-14    0.722048104233623320E+02    0.299475667644116896E+02
    0.938001690380473638E-14    0.703736729849363343E+02    0.299502765359179293E+02
    0.106917179389661785E-13    0.700918972804708602E+02    0.299506972326417440E+02
    0.110121277644447395E-13    0.700128417361810449E+02    0.299508154455287006E+02
    0.113498414927494441E-13    0.699324285583253555E+02    0.299509357703528138E+02
    0.332543776123235766E-13    0.677624632832935845E+02    0.299542145625138971E+02
    0.132000234128444013E-12    0.649852287226218550E+02    0.302936816215515137E+02
    0.191063140180356081E-12    0.642256282146348241E+02    0.299596970917722345E+02
    0.196309479765586250E-12    0.641514513304908292E+02    0.302923721044167635E+02
    0.449246550455249793E-12    0.624756924208285938E+02    0.299624776278750176E+02
    0.460936032319776151E-12    0.624043175655053872E+02    0.299625920416257117E+02
    0.471960679205710691E-12    0.623370447644965253E+02    0.302894861616978055E+02
    0.149703501799499393E-11    0.600083525626715897E+02    0.299664803475161747E+02
    0.149938998401750634E-11    0.599852088610861358E+02    0.299665183684205907E+02
    0.392976916670044420E-11    0.580381641813326610E+02    0.299697501158666206E+02
    0.109170732704672772E-10    0.559746697194894338E+02    0.302789363986270139E+02
    0.228487967722067548E-10    0.544775286406633015E+02    0.302763462955260820E+02
    0.356037679371459920E-10    0.535704226108512529E+02    0.299774310949416147E+02
    0.125920444897124331E-09    0.510240249215564603E+02    0.302701941751973109E+02
    0.229392347997889482E-09    0.498044578621331695E+02    0.302679578924324737E+02
    0.308207775594127105E-09    0.491937772539863474E+02    0.302668247548054978E+02
    0.342781015687907801E-09    0.489611419471282474E+02    0.299857954296023479E+02
    0.810926811620307613E-09    0.472189699463640125E+02    0.302630962940504595E+02
    0.111433400740243026E-08    0.465633011519083126E+02    0.299903503752426914E+02
    0.136018033541524373E-08    0.461445804182086619E+02    0.302610245675410710E+02
    0.202531989163182212E-08    0.453283596807464093E+02    0.302594291485451947E+02
    0.207057532200888043E-08    0.452641619952663987E+02    0.302593028545379639E+02
    0.237788865761359859E-08    0.449673890486415289E+02    0.299934686550349525E+02
    0.247820368598488152E-08    0.448647470441377223E+02    0.299936717221788065E+02
    0.296805553376806652E-08    0.444840009273267896E+02    0.302577583881728813E+02
    0.622875357321602156E-08    0.429814625107068906E+02    0.302547316120855108E+02
    0.985298989370313296E-08    0.420442650959991155E+02    0.299993790394775353E+02
    0.229070262176794963E-07    0.403369276287980512E+02    0.300029623508453369E+02
    0.472772955264845633E-07    0.388677546587729665E+02    0.302460546557050840E+02
    0.543470831283755394E-07    0.385690331115918426E+02    0.302453999949333436E+02
    0.587813637328442192E-07    0.383921652765666508E+02    0.300071754317998689E+02
    0.735174695332082624E-07    0.379247688818613042E+02    0.300082104275143244E+02
    0.855692976638001816E-07    0.376011619059483948E+02    0.300089323745467382E+02
    0.924498788623661674E-07    0.374264817042076459E+02    0.300093239301801447E+02
    0.969305133481862501E-07    0.373118262701400809E+02    0.300095816521873147E+02
    0.119519728234100524E-06    0.368728521041218684E+02    0.302416124236611239E+02
    0.213204996219286104E-06    0.356953067463805240E+02    0.300132779075457989E+02
    0.270806322046380004E-06    0.351970072261047235E+02    0.300144419660148856E+02
    0.317176519479496468E-06    0.348608980739011329E+02    0.302369520744603086E+02
    0.315406697987918322E-06    0.348520891776831832E+02    0.300152548755220323E+02
    0.542485145909018501E-06    0.337474935908098104E+02    0.300178993002892582E+02
    0.805499668040496877E-06    0.329368894182618348E+02    0.300198817821410735E+02
    0.975778087816014669E-06    0.325333446162238289E+02    0.302313034628637425E+02
    0.123409808661705758E-05    0.320436236232032812E+02    0.302300759208213918E+02
    0.138036520774545003E-05    0.317996082263971722E+02    0.302294588266925928E+02
    0.185222080391681681E-05    0.311915337339104681E+02    0.302279047858911341E+02
    0.287627096222673104E-05    0.302913151405363621E+02    0.300266265649490904E+02
    0.292143523269287634E-05    0.302401544141587522E+02    0.302254246038979772E+02
    0.298178440960465284E-05    0.301792606083385557E+02    0.300269223690865132E+02
    0.297443358595200449E-05    0.301641971821108150E+02    0.302252239136611607E+02
    0.310476930482370856E-05    0.300584256119756148E+02    0.300272423440241170E+02
    0.404577465351554463E-05    0.295089583591419142E+02    0.302234755046944059E+02
    0.416099847626576721E-05    0.294327943136862942E+02    0.302232702313057615E+02
    0.495249895607425391E-05    0.290645198636934694E+02    0.302222714965448525E+02
    0.612356108665169168E-05    0.286200168328925280E+02    0.300311340692765683E+02
    0.617049219150106381E-05    0.285847472283915494E+02    0.302209546155486422E+02
    0.685746093057895415E-05    0.283536299483268444E+02    0.300318724390010701E+02
    0.687233048394359468E-05    0.283292978914938480E+02    0.302202459437580551E+02
    0.784112217429768163E-05    0.280455405241066877E+02    0.302194524329732559E+02
    0.875217530512874427E-05    0.278056998897542300E+02    0.302187764350427379E+02
    0.175320466659853198E-04    0.263962435526722246E+02    0.300374864206206453E+02
    0.181601155736189215E-04    0.263058489666213617E+02    0.300377542995266076E+02
    0.192380246149704363E-04    0.261705269028453316E+02    0.300381568434904054E+02
    0.192039137985183422E-04    0.261540762374327542E+02    0.302139802096811039E+02
    0.195351528923327547E-04    0.260998733311770152E+02    0.302138183634423783E+02
    0.258068887145022411E-04    0.255230215198466794E+02    0.302120770516144219E+02
    0.310604252928313787E-04    0.251324354208021923E+02    0.300413084078987502E+02
    0.313397783419795177E-04    0.250945281128681899E+02    0.300414257115731580E+02
    0.329732823632365970E-04    0.249729092249265037E+02    0.300418031617016936E+02
    0.400924557037118890E-04    0.245619280822033268E+02    0.302090947535840577E+02
    0.444304300526769886E-04    0.243364552488353176E+02    0.300438066609003123E+02
    0.448882087591078951E-04    0.242959541430910200E+02    0.302082503066869847E+02
    0.519412472043560144E-04    0.239840780045951227E+02    0.302072489324329361E+02
    0.590955431718506331E-04    0.237059934214500352E+02    0.302063455194877193E+02
    0.591038776413585810E-04    0.236857113737220715E+02    0.302062792309864072E+02
    0.639673277182026246E-04    0.235075595440895988E+02    0.302056945994221735E+02
    0.788029039193709760E-04    0.230704047453923131E+02    0.300479446349403005E+02
    0.109600390226489286E-03    0.223906225713628082E+02    0.302019265631361833E+02
    0.117368335803432294E-03    0.222336701234013177E+02    0.302013819669849113E+02
    0.132652019341352091E-03    0.219688458342067037E+02    0.302004540336304430E+02
    0.132239070979060146E-03    0.219550815848515413E+02    0.302004054875020600E+02
    0.147943282925100194E-03    0.217106464876269349E+02    0.301995380270490514E+02
    0.150936972245323264E-03    0.216505797466403713E+02    0.300528628276803644E+02
    0.158145525011700453E-03    0.215372731342918691E+02    0.301989164897549252E+02
    0.159399485989850505E-03    0.215014773579092484E+02    0.300533986135191142E+02
    0.186938371738322922E-03    0.211627464420190208E+02    0.301975553751512784E+02
    0.187000505541933015E-03    0.211420818007318232E+02    0.300547065951138990E+02
    0.211942930635923804E-03    0.208716703546614362E+02    0.301964793640295461E+02
    0.237808982612852735E-03    0.206213689265857454E+02    0.300566453623678846E+02
    0.236780387857408808E-03    0.206100382852355963E+02    0.301954979630993776E+02
    0.257366445119777980E-03    0.204233025896507137E+02    0.300573971849435075E+02
    0.275832241810963557E-03    0.202647187185103341E+02    0.300580051235031114E+02
    0.290867358306817314E-03    0.201385697415425824E+02    0.300584926255923151E+02
    0.291293826492234600E-03    0.201156394997274859E+02    0.300585816174933775E+02
    0.295133589965529874E-03    0.200694482389469151E+02    0.300587612421489574E+02
    0.301917589292763583E-03    0.200039962473014015E+02    0.300590165899922894E+02
    0.359019347741859531E-03    0.196375518803644127E+02    0.300604645487838269E+02
    0.367138802754013037E-03    0.195728244699182490E+02    0.300607236438753489E+02
    0.430455223167517721E-03    0.192346178268333574E+02    0.300620944963330103E+02
    0.455083641699993930E-03    0.191033419813618011E+02    0.300626345741516516E+02
    0.563075218466634227E-03    0.186574779969475237E+02    0.301876818772951196E+02
    0.660750353644309354E-03    0.183175522638977561E+02    0.301862174026854895E+02
    0.684955171195266951E-03    0.182255976560789890E+02    0.300663710436233949E+02
    0.705837368035083053E-03    0.181455347331668868E+02    0.301854625493790536E+02
    0.739623898650522936E-03    0.180320208174371857E+02    0.301849591225422493E+02
    0.961153060194068661E-03    0.174880371051354508E+02    0.300697018656288293E+02
    0.963329794718584091E-03    0.174635128030410662E+02    0.300698160036886293E+02
    0.980257831786016587E-03    0.174086731798577823E+02    0.301821140417610323E+02
    0.103768490504927259E-02    0.172748095253803164E+02    0.300707021104762369E+02
    0.135371312402748824E-02    0.167230913251487010E+02    0.301788078957465267E+02
    0.163347850937999939E-02    0.163273702917500998E+02    0.301768015490660169E+02
    0.164373224548824428E-02    0.162948550520115774E+02    0.300755529623780475E+02
    0.166658314303564660E-02    0.162472428666717725E+02    0.300758005634709491E+02
    0.184132129095796924E-02    0.160278270696800540E+02    0.301752283862732682E+02
    0.182643291309419120E-02    0.160240642096968138E+02    0.301752083037482350E+02
    0.183544063949580270E-02    0.159942247169445455E+02    0.300771373572704093E+02
    0.183529614820218028E-02    0.159743821690333867E+02    0.300772437401306973E+02
    0.182370286465307284E-02    0.159670559328725208E+02    0.301749030375701999E+02
    0.182364115973676784E-02    0.159471236039404438E+02    0.300773902617366460E+02
    0.183360347640400267E-02    0.159162275963728632E+02    0.301746292445329978E+02
    0.184322106140330012E-02    0.158857646473415439E+02    0.301744644094167320E+02
    0.185979667837888902E-02    0.158478595452339768E+02    0.301742585171288482E+02
    0.194360047783989328E-02    0.157397095445298500E+02    0.300785199429818206E+02
    0.230106261015542574E-02    0.153820518420163772E+02    0.300805336750985042E+02
    0.229637192181857434E-02    0.153661329789477321E+02    0.300806253766907510E+02
    0.228313970062753255E-02    0.153576907686046162E+02    0.301715120311373965E+02
    0.231344151779795063E-02    0.153113213825833441E+02    0.301712435679074069E+02
    0.231148430511938585E-02    0.152930141343119903E+02    0.300810489803286742E+02
    0.229657124849349950E-02    0.152859593850950262E+02    0.300810900619279131E+02
    0.231541819284210911E-02    0.152496132511748677E+02    0.300813023118388401E+02
    0.238645913421425522E-02    0.151691724161640646E+02    0.301704104396631578E+02
    0.271110090480468488E-02    0.148940843026657674E+02    0.301687519748644810E+02
    0.281435633437288231E-02    0.147993267237234498E+02    0.300840205546423896E+02
    0.282635126881420002E-02    0.147708207323723801E+02    0.300841985722395009E+02
    0.285799091744875665E-02    0.147285560802089002E+02    0.300844639125899249E+02
    0.303225602430523588E-02    0.145901800734367804E+02    0.301668413811371927E+02
    0.306594339713541289E-02    0.145480832457150200E+02    0.300856165000220095E+02
    0.314371131215984700E-02    0.144779857862970900E+02    0.300860731260902803E+02
    0.318036297599461103E-02    0.144348032159895308E+02    0.300863570361246104E+02
    0.318011289202544843E-02    0.144149604897372665E+02    0.301656979373806564E+02
    0.318293246043604159E-02    0.143931880248629973E+02    0.301655535408738089E+02
    0.319365010513986917E-02    0.143664648908418027E+02    0.301653755856551378E+02
    0.322778158201523580E-02    0.143252037142262907E+02    0.300870868909149110E+02
    0.333957617320904858E-02    0.142371060739588984E+02    0.300876836115861224E+02
    0.345562725409904580E-02    0.141487859025183180E+02    0.300882912936370417E+02
    0.349330384274760489E-02    0.141070979868798627E+02    0.300885815448211531E+02
    0.347152904953381683E-02    0.140996035929701122E+02    0.301635521519619232E+02
    0.346409652322963654E-02    0.140838901733637183E+02    0.300887441060868426E+02
    0.343280751903058019E-02    0.140820369932511653E+02    0.301634289974583041E+02
    0.357080515142318890E-02    0.139832116773861710E+02    0.300894576690114484E+02
    0.363433408295385897E-02    0.139279420867011829E+02    0.300898553680086955E+02
    0.359942987841537854E-02    0.139272429517073650E+02    0.301623256881543753E+02
    0.361987577158964530E-02    0.138959144673182369E+02    0.300900878368696709E+02
    0.371654635813055889E-02    0.138232042059262632E+02    0.300906212510864783E+02
    0.374559302205921011E-02    0.137876339737696796E+02    0.300908851437029803E+02
    0.378553944528626325E-02    0.137464170861223689E+02    0.301609926908221802E+02
    0.375322279608456162E-02    0.137435641169585363E+02    0.301609712513052735E+02
    0.379687036745316375E-02    0.137004396035640479E+02    0.301606455585825195E+02
    0.379488760035415120E-02    0.136814842981670690E+02    0.301605014255851138E+02
    0.387103741077220046E-02    0.136217488114995184E+02    0.300921429104119227E+02
    0.387446281073361475E-02    0.135999798359205233E+02    0.301598746729627720E+02
    0.389221167530793850E-02    0.135708387830780968E+02    0.300925383715695745E+02
    0.400350541885250138E-02    0.134944532192181832E+02    0.300931406239310775E+02
    0.411778173315040328E-02    0.134181646751739585E+02    0.301584328112318083E+02
    0.422589456105472872E-02    0.133463319456858862E+02    0.301578451118902677E+02
    0.423046938347324247E-02    0.133241679788108502E+02    0.301576615687890879E+02
    0.419762716516680102E-02    0.133197550734063608E+02    0.301576248973290717E+02
    0.425522493310608128E-02    0.132724986355894252E+02    0.301572294864234536E+02
    0.468774829449723068E-02    0.130588891645621512E+02    0.301553756025898636E+02
    0.468835101042675440E-02    0.130386320359159065E+02    0.300969924512037679E+02
    0.466458198667747594E-02    0.130287974353374612E+02    0.300970811918809034E+02
    0.462870001570843837E-02    0.130242417742777175E+02    0.300971223911575017E+02
    0.458661456279571902E-02    0.130225095155010813E+02    0.300971380722820498E+02
    0.455189351866577309E-02    0.130177072746516735E+02    0.301550045262028057E+02
    0.454796663008796669E-02    0.129994334061558376E+02    0.300973477827840910E+02
    0.454717712390711234E-02    0.129797806271362610E+02    0.300975275967212177E+02
    0.451123006139819011E-02    0.129756541689068818E+02    0.300975654958983299E+02
    0.448312680649048598E-02    0.129681523816312545E+02    0.301545515899916978E+02
    0.453824283297211192E-02    0.129237140914592121E+02    0.300980469150240246E+02
    0.450030529133443359E-02    0.129205034093473525E+02    0.301541091693387884E+02
    0.447612338728928683E-02    0.129112791703585295E+02    0.300981634021964553E+02
    0.447126760322910828E-02    0.128934499862051020E+02    0.300983312742472258E+02
    0.447364602656281744E-02    0.128723863992379322E+02    0.301536551972927143E+02
    0.443685746365674819E-02    0.128689011885449887E+02    0.301536220244339574E+02
    0.462023436520510745E-02    0.127679030189222704E+02    0.301526427074499992E+02
    0.474598892806756337E-02    0.126941942331087088E+02    0.301002815587889323E+02
    0.473315228997714041E-02    0.126796110301125751E+02    0.301517559978323320E+02
    0.482286910761019292E-02    0.126220558803096008E+02    0.301010250202159568E+02
    0.483481448478545895E-02    0.125971083654515663E+02    0.301508987993981741E+02
    0.483803835455700725E-02    0.125757752034798234E+02    0.301506722850064790E+02
    0.483156948639850044E-02    0.125584511627244861E+02    0.301504867917243224E+02
    0.479868027869501113E-02    0.125521120069913543E+02    0.301504185631532273E+02
    0.481002852350643530E-02    0.125273878550490387E+02    0.301020355076699957E+02
    0.476307037267527811E-02    0.125270088901886982E+02    0.301501464767797920E+02
    0.476196037100716941E-02    0.125074750311190535E+02    0.301022535089334724E+02
    0.474098786508732068E-02    0.124963028346379552E+02    0.301023766972274132E+02
    0.473832589679564018E-02    0.124774261093510841E+02    0.301495998098201667E+02
    0.470318156572457555E-02    0.124723154661738871E+02    0.301495427387765744E+02
    0.471885361252586018E-02    0.124456621005440287E+02    0.301492428178961838E+02
    0.469875102744714713E-02    0.124342004142147129E+02    0.301030734727080223E+02
    0.466405588667705064E-02    0.124290230202548546E+02    0.301490535980351027E+02
    0.469700425359934493E-02    0.123949440580477930E+02    0.301035250149211606E+02
    0.466040478921278100E-02    0.123905892653290799E+02    0.301486104514125444E+02
    0.464635182288288765E-02    0.123766291684214274E+02    0.301037388001447326E+02
    0.460137063756100792E-02    0.123760854357359271E+02    0.301037451782623116E+02
    0.457390640433066095E-02    0.123680586176375602E+02    0.301038395474890805E+02
    0.453811953958660474E-02    0.123637684274940511E+02    0.301482959642048343E+02
    0.451228591606031657E-02    0.123551861231165194E+02    0.301481943875251694E+02
    0.449707722130749873E-02    0.123419385245760083E+02    0.301480366712698675E+02
    0.446675944948422225E-02    0.123354675026438247E+02    0.301479592184542362E+02
    0.447600894071445172E-02    0.123113303074823541E+02    0.301045182515135288E+02
    0.450628096618064557E-02    0.122778494956214725E+02    0.301472570838884621E+02
    0.450060447321106588E-02    0.122603704530642403E+02    0.301051466834273072E+02
    0.454151914514360801E-02    0.122222707442342138E+02    0.301056291293253295E+02
    0.458562447399929636E-02    0.121829412917756841E+02    0.301061393789196075E+02
    0.460452797230828399E-02    0.121547135610260693E+02    0.301065137930073163E+02
    0.456487795873640467E-02    0.121520103241984430E+02    0.301456360895900950E+02
    0.455328488643260299E-02    0.121370960322505983E+02    0.301067511458271717E+02
    0.451428219721517355E-02    0.121343014984563489E+02    0.301067890634618465E+02
    0.452405841618258933E-02    0.121099749419796208E+02    0.301450637753491648E+02
    0.450428292297202701E-02    0.120987364737355936E+02    0.301072783010547340E+02
    0.455312104638060534E-02    0.120571679991948475E+02    0.301078667599242422E+02
    0.452591506509830190E-02    0.120491543212581895E+02    0.301079824027639731E+02
    0.450839884878798201E-02    0.120369097472600188E+02    0.301440255742851448E+02
    0.448852678688951758E-02    0.120257448071546520E+02    0.301438615867589235E+02
    0.448942479085808616E-02    0.120053447141206124E+02    0.301086281354507577E+02
    0.444567250913741659E-02    0.120049315770034504E+02    0.301086343385690327E+02
    0.443199649167237957E-02    0.119910935676260415E+02    0.301088434003705494E+02
    0.438818830316579315E-02    0.119909609739304326E+02    0.301088454158257406E+02
    0.436178923730367717E-02    0.119830291859184364E+02    0.301089664123134746E+02
    0.437562314460386310E-02    0.119566959978964977E+02    0.301093743936709615E+02
    0.433574751942431003E-02    0.119550058162811972E+02    0.301094009202867738E+02
    0.432761158492875938E-02    0.119387622977057344E+02    0.301425280772416961E+02
    0.429314176376054644E-02    0.119347562617940977E+02    0.301097220695528627E+02
    0.426766686981363240E-02    0.119266593285403619E+02    0.301098522606701415E+02
    0.423221926703486618E-02    0.119233408735449906E+02    0.301099059208372566E+02
    0.422704189236958530E-02    0.119057890189393358E+02    0.301419933648689451E+02
    0.421372739013006932E-02    0.118920986397034945E+02    0.301417659956817623E+02
    0.417339642541163063E-02    0.118913334937356296E+02    0.301104329240643018E+02
    0.416034665477851059E-02    0.118775970807810580E+02    0.301415215004612449E+02
    0.413531481717101593E-02    0.118696669626897098E+02    0.301413861461325929E+02
    0.410371296653208074E-02    0.118650095523475905E+02    0.301108800245108057E+02
    0.410580283682661796E-02    0.118439912850637441E+02    0.301409394402820610E+02
    0.407062035742360249E-02    0.118412030637133281E+02    0.301112959957844595E+02
    0.405137743943569627E-02    0.118306800197404272E+02    0.301114836393635628E+02
    0.401185334286697018E-02    0.118302872537107344E+02    0.301406954251099748E+02
    0.399573232518345145E-02    0.118183401376293666E+02    0.301404793171363359E+02
    0.395690099683821024E-02    0.118178715986600427E+02    0.301117153391556087E+02
    0.394552074179225273E-02    0.118036319912533259E+02    0.301402087225442799E+02
    0.391364351904603842E-02    0.117998563105322862E+02    0.301120476966296735E+02
    0.390024780843630046E-02    0.117867136998516830E+02    0.301122952094620189E+02
    0.386180362136020160E-02    0.117865252158054474E+02    0.301122987914570750E+02
    0.383398441721156166E-02    0.117809847228414419E+02    0.301397816118176998E+02
    0.380741678734937200E-02    0.117748919821007672E+02    0.301396644128887523E+02
    0.378041634005685506E-02    0.117691255904582412E+02    0.301126335632264173E+02
    0.374350322072977736E-02    0.117687501572534714E+02    0.301126408784455641E+02
    0.371696102193871340E-02    0.117629810736753129E+02    0.301394323228357663E+02
    0.370774758654308706E-02    0.117479447379000561E+02    0.301391334348460447E+02
    0.367311901507904248E-02    0.117467115453306210E+02    0.301391086172586853E+02
    0.364462156372530712E-02    0.117422888099837941E+02    0.301390192193178130E+02
    0.361857817463183450E-02    0.117366315248453557E+02    0.301132821570637930E+02
    0.365728413706921558E-02    0.116953522175072298E+02    0.301380292905273848E+02
    0.362665363064824638E-02    0.116921731668093329E+02    0.301379592561157743E+02
    0.360310324131128895E-02    0.116852029120972283E+02    0.301143818789964186E+02
    0.357241623831677487E-02    0.116823095147158753E+02    0.301144468349450136E+02
    0.356240802771556116E-02    0.116679204263752201E+02    0.301147754015357378E+02
    0.352803288384023056E-02    0.116673129655000469E+02    0.301147894826636637E+02
    0.350160877338663188E-02    0.116623488584792092E+02    0.301149052163271520E+02
    0.348068279690771920E-02    0.116543369222380928E+02    0.301370915388191065E+02
    0.345159085018382529E-02    0.116511234018205041E+02    0.301370146657720923E+02
    0.342385315269845818E-02    0.116472607439084186E+02    0.301152645728167627E+02
    0.339080743867541242E-02    0.116466577322719758E+02    0.301152791830267006E+02
    0.338716951062292219E-02    0.116288046433217183E+02    0.301157210610581139E+02
    0.335662547128534171E-02    0.116269215927718665E+02    0.301364173442608134E+02
    0.332458804243189205E-02    0.116261023444970828E+02    0.301157895962453495E+02
    0.329180650849794382E-02    0.116259208737130706E+02    0.301157942150148941E+02
    0.325965452157425369E-02    0.116255514537637357E+02    0.301158036238470999E+02
    0.322759472342134960E-02    0.116253194990141182E+02    0.301158095359495732E+02
    0.320767585399470839E-02    0.116177005995750893E+02    0.301361804611567479E+02
    0.317612066796465553E-02    0.116174728106254648E+02    0.301160115759163780E+02
    0.314854208161319173E-02    0.116149148544066545E+02    0.301361077946250475E+02
    0.311915783095891930E-02    0.116136678045148276E+02    0.301161110210730172E+02
    0.309203354595285378E-02    0.116111359234559313E+02    0.301161777452850643E+02
    0.307291375454536633E-02    0.116035414489387296E+02    0.301358054784713190E+02
    0.304306180270281709E-02    0.116030655223300787E+02    0.301357926224858055E+02
    0.319025364769034156E-02    0.115085596960762686E+02    0.301194202899932861E+02
    0.329452157482710813E-02    0.114442386299303163E+02    0.301293790854110668E+02
    0.327372296445779549E-02    0.114569048330602747E+02    0.301219169684512131E+02
    0.328026191750260517E-02    0.114529140059026062E+02    0.301300105899221968E+02
    0.332034775907335319E-02    0.114286215018094630E+02    0.301244778567411302E+02
    0.332861232923727969E-02    0.114236495517237575E+02    0.301261348500305530E+02
    0.320310651818303798E-02    0.115005182984548551E+02    0.301197441062068414E+02
    0.328963991500882697E-02    0.114472043291892511E+02    0.301296077543922856E+02
    0.308681626448835704E-02    0.115744801008478095E+02    0.301349864431926271E+02
    0.331200572517073924E-02    0.114336526198410855E+02    0.301283836960898270E+02
    0.306932775136433550E-02    0.115858434218649311E+02    0.301168707550333536E+02
    0.315802121543236813E-02    0.115288692824984320E+02    0.301186650359990971E+02
    0.305579906882792480E-02    0.115946783112856693E+02    0.301355631992191562E+02
    0.324695852221284923E-02    0.114733231124098065E+02    0.301311968719774796E+02
    0.331673995243858500E-02    0.114307958331710093E+02    0.301241568185739439E+02
    0.323560926835154148E-02    0.114803260568129613E+02    0.301206413571220217E+02
    0.329233576595959433E-02    0.114455660058455067E+02    0.301227027754032370E+02
    0.318252487014269786E-02    0.115134108179630701E+02    0.301329537857554186E+02
    0.309459382117037050E-02    0.115694472292677162E+02    0.301348368116871015E+02
    0.332282852229362578E-02    0.114271277805950842E+02    0.301247419041700297E+02
    0.332252551684050074E-02    0.114273101669369126E+02    0.301247069648957435E+02
    0.310386819081393765E-02    0.115634622758734213E+02    0.301346554710150620E+02
    0.330534003245991099E-02    0.114376818455817109E+02    0.301288059559738528E+02
    0.308657371351076827E-02    0.115746372598664902E+02    0.301349910751489851E+02
    0.323063114147121482E-02    0.114834055141472486E+02    0.301316908964564902E+02
    0.330982527696032031E-02    0.114349697469550353E+02    0.301236563211681379E+02
    0.332197417953842894E-02    0.114276420729214241E+02    0.301275405701178300E+02
    0.329475254535639868E-02    0.114440984199313522E+02    0.301293678793174990E+02
    0.321401340398904485E-02    0.114937196744983154E+02    0.301321547574530868E+02
    0.325815543846698493E-02    0.114664381124669816E+02    0.301213561115377750E+02
    0.313771507714381359E-02    0.115417708449278109E+02    0.301182228187997723E+02
    0.306947652801241007E-02    0.115857464800884369E+02    0.301353126034004646E+02
    0.330143667416931807E-02    0.114400450910298854E+02    0.301231606477352969E+02
    0.314320445351724429E-02    0.115382749378433225E+02    0.301183401536029969E+02
    0.305024117932165342E-02    0.115983192247518971E+02    0.301356634681008764E+02
    0.320237285730374469E-02    0.115009764442637756E+02    0.301197252149239212E+02
    0.331616182751790379E-02    0.114311444738964827E+02    0.301241101715019752E+02
    0.313509614872440646E-02    0.115434408639845163E+02    0.301181673802351781E+02
    0.316448280345932743E-02    0.115247812880852578E+02    0.301333753573795597E+02
    0.331147681743057922E-02    0.114339720335258868E+02    0.301237661462585571E+02
    0.332391490463422373E-02    0.114264739973629119E+02    0.301273107571880381E+02
    0.331819244101760153E-02    0.114299201717378018E+02    0.301279068525767073E+02
    0.332861022162851379E-02    0.114236508180829635E+02    0.301260439589469868E+02
    0.332671138707406333E-02    0.114247920609665492E+02    0.301253179182170783E+02
    0.321756371856697209E-02    0.114915116220278861E+02    0.301320584892921843E+02
    0.331755938824216962E-02    0.114303017729752465E+02    0.301279611987341553E+02
    0.331832912107699399E-02    0.114298377911966540E+02    0.301278949051473646E+02
    0.332020077489388575E-02    0.114287100391817873E+02    0.301244635485030940E+02
    0.312710099322142335E-02    0.115485477998831652E+02    0.301180002045519934E+02
    0.332397800325940230E-02    0.114264360312728694E+02    0.301273025550678106E+02
    0.332477371280152532E-02    0.114259573191296511E+02    0.301249922105983750E+02
    0.317715850617250085E-02    0.115167860584750859E+02    0.301330815807307033E+02
    0.327027492315670786E-02    0.114590124386429100E+02    0.301217866809951573E+02
    0.307832279428341430E-02    0.115799907474024977E+02    0.301170386710849058E+02
    0.332352110793105414E-02    0.114267109589239606E+02    0.301273607512117891E+02
    0.306877340816745026E-02    0.115862046692174800E+02    0.301353256240917915E+02
    0.318319072815302596E-02    0.115129924153483252E+02    0.301329377777769452E+02
    0.331363518722970190E-02    0.114326688888400518E+02    0.301282681871710096E+02
    0.324642986461532584E-02    0.114736487714138260E+02    0.301312135737880027E+02
    0.320745902967397916E-02    0.114978024618396510E+02    0.301198572666616045E+02
    0.332760079240806148E-02    0.114242574269936856E+02    0.301266591813951052E+02
    0.328991255644225065E-02    0.114470385784426689E+02    0.301295953681691806E+02
    0.318271790513707320E-02    0.115132895123027765E+02    0.301192369663528012E+02
    0.331796351550082622E-02    0.114300581585593086E+02    0.301242594247855422E+02
    0.319291055873775287E-02    0.115068947467721721E+02    0.301327000825093947E+02
    0.327313032278264172E-02    0.114572669255958939E+02    0.301218942970725401E+02
    0.322086947044207279E-02    0.114894578601460502E+02    0.301319675320728244E+02
    0.329099597869169768E-02    0.114463800540134333E+02    0.301226403958152460E+02
    0.329241855426709541E-02    0.114455157149441487E+02    0.301227066668247474E+02
    0.326729138224595827E-02    0.114608379137377714E+02    0.301305091752575294E+02
    0.332423656418219179E-02    0.114262804641380846E+02    0.301249177658362015E+02
    0.330257004478105767E-02    0.114393586164873238E+02    0.301232226807973973E+02
    0.331608923287028809E-02    0.114311882567068466E+02    0.301241043908251989E+02
    0.332497977445033073E-02    0.114258333676783614E+02    0.301250221383415351E+02
    0.311243894525411059E-02    0.115579472588812031E+02    0.301344849006983253E+02
    0.311287904618512542E-02    0.115576644775470747E+02    0.301344760612017950E+02
    0.304759861112297113E-02    0.116000526703358542E+02    0.301357108389873289E+02
    0.321989898333662535E-02    0.114900605752535778E+02    0.301319943705251347E+02
    0.304768871286835875E-02    0.115999935415429949E+02    0.301164768878473126E+02
    0.315799767716835574E-02    0.115288841895241472E+02    0.301335216049803698E+02
    0.325992284160674019E-02    0.114653534963533748E+02    0.301214165288588873E+02
    0.329659655130920375E-02    0.114429793737549943E+02    0.301292770278288380E+02
    0.312215419183833149E-02    0.115517141307624946E+02    0.301178982671848772E+02
    0.306570367890337744E-02    0.115882062934646513E+02    0.301168038231552515E+02
    0.324449723067249700E-02    0.114748397470458556E+02    0.301312741959246893E+02
    0.308512191395428868E-02    0.115755782003605745E+02    0.301171673575702208E+02
    0.330931333766241271E-02    0.114352791160912588E+02    0.301236232585354458E+02
    0.326497506145377071E-02    0.114622563010061036E+02    0.301305925965346368E+02
    0.304733425163981626E-02    0.116002261649349059E+02    0.301357155673379395E+02
    0.329913690158971807E-02    0.114414387715312920E+02    0.301291475339029517E+02
    0.330439004618618502E-02    0.114382567472911418E+02    0.301233251560309157E+02
    0.332444018269702256E-02    0.114261579624598468E+02    0.301272406960603050E+02
    0.306058987277796563E-02    0.115915452175759413E+02    0.301167100571068467E+02
    0.325080765335577452E-02    0.114709536017261886E+02    0.301211124520460025E+02
    0.331205832915618115E-02    0.114336208544565672E+02    0.301283800573754128E+02
    0.310615701892691344E-02    0.115619879963725776E+02    0.301175759063009849E+02
    0.332606368927866906E-02    0.114251814911156266E+02    0.301269903004709114E+02
    0.318521110134676417E-02    0.115117234167420115E+02    0.301192971192304810E+02
    0.319869501844002608E-02    0.115032747103280180E+02    0.301196312811194531E+02
    0.324249186786363004E-02    0.114760762916691217E+02    0.301208497188367517E+02
