    0.300604645487838269E+02   -0.981877594018220634E+01
    0.300663710436233949E+02   -0.911279882803949448E+01
    0.301768015490660169E+02   -0.816368514587504990E+01
    0.300758005634709491E+02   -0.812362143333588627E+01
    0.301752283862732682E+02   -0.801391353484002700E+01
    0.300772437401306973E+02   -0.798719108451669335E+01
    0.300773902617366460E+02   -0.797356180197022191E+01
    0.301746292445329978E+02   -0.795811379818643161E+01
    0.300785199429818206E+02   -0.786985477226492502E+01
    0.300806253766907510E+02   -0.768306648947386606E+01
    0.301715120311373965E+02   -0.767884538430230812E+01
    0.300810489803286742E+02   -0.764650706715599515E+01
    0.300810900619279131E+02   -0.764297969254751308E+01
    0.300813023118388401E+02   -0.762480662558743383E+01
    0.301687519748644810E+02   -0.744704215133288372E+01
    0.300840205546423896E+02   -0.739966336186172491E+01
    0.300841985722395009E+02   -0.738541036618619007E+01
    0.300856165000220095E+02   -0.727404162285750999E+01
    0.300860731260902803E+02   -0.723899289314854499E+01
    0.300863570361246104E+02   -0.721740160799476538E+01
    0.301656979373806564E+02   -0.720748024486863326E+01
    0.301655535408738089E+02   -0.719659401243149865E+01
    0.300870868909149110E+02   -0.716260185711314534E+01
    0.300876836115861224E+02   -0.711855303697944919E+01
    0.300882912936370417E+02   -0.707439295125915901E+01
    0.300885815448211531E+02   -0.705354899343993136E+01
    0.301635521519619232E+02   -0.704980179648505612E+01
    0.300887441060868426E+02   -0.704194508668185915E+01
    0.301634289974583041E+02   -0.704101849662558266E+01
    0.300894576690114484E+02   -0.699160583869308550E+01
    0.300898553680086955E+02   -0.696397104335059147E+01
    0.301623256881543753E+02   -0.696362147585368252E+01
    0.300900878368696709E+02   -0.694795723365911844E+01
    0.300906212510864783E+02   -0.691160210296313160E+01
    0.300908851437029803E+02   -0.689381698688483979E+01
    0.301609926908221802E+02   -0.687320854306118445E+01
    0.301609712513052735E+02   -0.687178205847926815E+01
    0.301606455585825195E+02   -0.685021980178202394E+01
    0.301605014255851138E+02   -0.684074214908353451E+01
    0.300921429104119227E+02   -0.681087440574975922E+01
    0.301598746729627720E+02   -0.679998991796026164E+01
    0.300925383715695745E+02   -0.678541939153904838E+01
    0.300931406239310775E+02   -0.674722660960909160E+01
    0.301584328112318083E+02   -0.670908233758697925E+01
    0.301584328112318083E+02   -0.670908233758697925E+01
    0.301578451118902677E+02   -0.667316597284294311E+01
    0.301576615687890879E+02   -0.666208398940542512E+01
    0.301576248973290717E+02   -0.665987753670318039E+01
    0.301572294864234536E+02   -0.663624931779471261E+01
    0.301553756025898636E+02   -0.652944458228107560E+01
    0.301553756025898636E+02   -0.652944458228107560E+01
    0.300969924512037679E+02   -0.651931601795795324E+01
    0.300969924512037679E+02   -0.651931601795795324E+01
    0.300970811918809034E+02   -0.651439871766873058E+01
    0.300970811918809034E+02   -0.651439871766873058E+01
    0.300971223911575017E+02   -0.651212088713885873E+01
    0.300971223911575017E+02   -0.651212088713885873E+01
    0.300971380722820498E+02   -0.651125475775054063E+01
    0.301550045262028057E+02   -0.650885363732583677E+01
    0.300973477827840910E+02   -0.649971670307791882E+01
    0.300975275967212177E+02   -0.648989031356813051E+01
    0.300975654958983299E+02   -0.648782708445344092E+01
    0.300975654958983299E+02   -0.648782708445344092E+01
    0.301545515899916978E+02   -0.648407619081562725E+01
    0.300980469150240246E+02   -0.646185704572960606E+01
    0.300980469150240246E+02   -0.646185704572960606E+01
    0.301541091693387884E+02   -0.646025170467367627E+01
    0.300981634021964553E+02   -0.645563958517926473E+01
    0.300983312742472258E+02   -0.644672499310255098E+01
    0.301536551972927143E+02   -0.643619319961896608E+01
    0.301536220244339574E+02   -0.643445059427249433E+01
    0.301526427074499992E+02   -0.638395150946113521E+01
    0.301002815587889323E+02   -0.634709711655435438E+01
    0.301517559978323320E+02   -0.633980551505628753E+01
    0.301010250202159568E+02   -0.631102794015480040E+01
    0.301508987993981741E+02   -0.629855418272578316E+01
    0.301508987993981741E+02   -0.629855418272578316E+01
    0.301506722850064790E+02   -0.628788760173991168E+01
    0.301506722850064790E+02   -0.628788760173991168E+01
    0.301504867917243224E+02   -0.627922558136224307E+01
    0.301504867917243224E+02   -0.627922558136224307E+01
    0.301504185631532273E+02   -0.627605600349567716E+01
    0.301020355076699957E+02   -0.626369392752451937E+01
    0.301020355076699957E+02   -0.626369392752451937E+01
    0.301501464767797920E+02   -0.626350444509434912E+01
    0.301022535089334724E+02   -0.625373751555952673E+01
    0.301023766972274132E+02   -0.624815141731897761E+01
    0.301495998098201667E+02   -0.623871305467554205E+01
    0.301495427387765744E+02   -0.623615773308694354E+01
    0.301492428178961838E+02   -0.622283105027201433E+01
    0.301030734727080223E+02   -0.621710020710735645E+01
    0.301490535980351027E+02   -0.621451151012742731E+01
    0.301035250149211606E+02   -0.619747202902389649E+01
    0.301035250149211606E+02   -0.619747202902389649E+01
    0.301486104514125444E+02   -0.619529463266453995E+01
    0.301037388001447326E+02   -0.618831458421071368E+01
    0.301037388001447326E+02   -0.618831458421071368E+01
    0.301037451782623116E+02   -0.618804271786796356E+01
    0.301038395474890805E+02   -0.618402930881878010E+01
    0.301482959642048343E+02   -0.618188421374702557E+01
    0.301481943875251694E+02   -0.617759306155825971E+01
    0.301481943875251694E+02   -0.617759306155825971E+01
    0.301480366712698675E+02   -0.617096926228800413E+01
    0.301480366712698675E+02   -0.617096926228800413E+01
    0.301479592184542362E+02   -0.616773375132191237E+01
    0.301045182515135288E+02   -0.615566515374117706E+01
    0.301472570838884621E+02   -0.613892474781073627E+01
    0.301051466834273072E+02   -0.613018522653212017E+01
    0.301056291293253295E+02   -0.611113537211710689E+01
    0.301061393789196075E+02   -0.609147064588784204E+01
    0.301065137930073163E+02   -0.607735678051303463E+01
    0.301456360895900950E+02   -0.607600516209922148E+01
    0.301067511458271717E+02   -0.606854801612529915E+01
    0.301067890634618465E+02   -0.606715074922817443E+01
    0.301450637753491648E+02   -0.605498747098981038E+01
    0.301072783010547340E+02   -0.604936823686779679E+01
    0.301078667599242422E+02   -0.602858399959742375E+01
    0.301079824027639731E+02   -0.602457716062909476E+01
    0.301440255742851448E+02   -0.601845487363000942E+01
    0.301438615867589235E+02   -0.601287240357732600E+01
    0.301438615867589235E+02   -0.601287240357732600E+01
    0.301086281354507577E+02   -0.600267235706030622E+01
    0.301086343385690327E+02   -0.600246578850172519E+01
    0.301088434003705494E+02   -0.599554678381302075E+01
    0.301088454158257406E+02   -0.599548048696521629E+01
    0.301089664123134746E+02   -0.599151459295921818E+01
    0.301093743936709615E+02   -0.597834799894824886E+01
    0.301094009202867738E+02   -0.597750290814059859E+01
    0.301425280772416961E+02   -0.596938114885286719E+01
    0.301097220695528627E+02   -0.596737813089704883E+01
    0.301098522606701415E+02   -0.596332966427018096E+01
    0.301099059208372566E+02   -0.596167043677249531E+01
    0.301419933648689451E+02   -0.595289450946966792E+01
    0.301417659956817623E+02   -0.594604931985174723E+01
    0.301417659956817623E+02   -0.594604931985174723E+01
    0.301104329240643018E+02   -0.594566674686781482E+01
    0.301104329240643018E+02   -0.594566674686781482E+01
    0.301415215004612449E+02   -0.593879854039052901E+01
    0.301413861461325929E+02   -0.593483348134485489E+01
    0.301108800245108057E+02   -0.593250477617379524E+01
    0.301108800245108057E+02   -0.593250477617379524E+01
    0.301409394402820610E+02   -0.592199564253187205E+01
    0.301112959957844595E+02   -0.592060153185666405E+01
    0.301112959957844595E+02   -0.592060153185666405E+01
    0.301114836393635628E+02   -0.591534000987021358E+01
    0.301406954251099748E+02   -0.591514362685536721E+01
    0.301404793171363359E+02   -0.590917006881468332E+01
    0.301117153391556087E+02   -0.590893579933002133E+01
    0.301402087225442799E+02   -0.590181599562666293E+01
    0.301120476966296735E+02   -0.589992815526614311E+01
    0.301122952094620189E+02   -0.589335684992584152E+01
    0.301122987914570750E+02   -0.589326260790272372E+01
    0.301397816118176998E+02   -0.589049236142072097E+01
    0.301396644128887523E+02   -0.588744599105038358E+01
    0.301126335632264173E+02   -0.588456279522912062E+01
    0.301126408784455641E+02   -0.588437507862673570E+01
    0.301394323228357663E+02   -0.588149053683765644E+01
    0.301391334348460447E+02   -0.587397236895002806E+01
    0.301391086172586853E+02   -0.587335577266531050E+01
    0.301390192193178130E+02   -0.587114440499189705E+01
    0.301132821570637930E+02   -0.586831576242267783E+01
    0.301380292905273848E+02   -0.584767610875361488E+01
    0.301379592561157743E+02   -0.584608658340466647E+01
    0.301143818789964186E+02   -0.584260145604861414E+01
    0.301144468349450136E+02   -0.584115475735793765E+01
    0.301147754015357378E+02   -0.583396021318761004E+01
    0.301147894826636637E+02   -0.583365648275002346E+01
    0.301149052163271520E+02   -0.583117442923960461E+01
    0.301370915388191065E+02   -0.582716846111904641E+01
    0.301370146657720923E+02   -0.582556170091025205E+01
    0.301152645728167627E+02   -0.582363037195420929E+01
    0.301152791830267006E+02   -0.582332886613598788E+01
    0.301157210610581139E+02   -0.581440232166085913E+01
    0.301364173442608134E+02   -0.581346079638593327E+01
    0.301157895962453495E+02   -0.581305117224854140E+01
    0.301157942150148941E+02   -0.581296043685653530E+01
    0.301158095359495732E+02   -0.581265974950705910E+01
    0.301361804611567479E+02   -0.580885029978754464E+01
    0.301160115759163780E+02   -0.580873640531273239E+01
    0.301361077946250475E+02   -0.580745742720332725E+01
    0.301161110210730172E+02   -0.580683390225741380E+01
    0.301161777452850643E+02   -0.580556796172796563E+01
    0.301358054784713190E+02   -0.580177072446936481E+01
    0.301357926224858055E+02   -0.580153276116503935E+01
    0.301194202899932861E+02   -0.575427984803813430E+01
    0.301293790854110668E+02   -0.572211931496515813E+01
    0.301219169684512131E+02   -0.572845241653013737E+01
    0.301300105899221968E+02   -0.572645700295130311E+01
    0.301244778567411302E+02   -0.571431075090473151E+01
    0.301261348500305530E+02   -0.571182477586187876E+01
    0.301197441062068414E+02   -0.575025914922742754E+01
    0.301296077543922856E+02   -0.572360216459462556E+01
    0.301349864431926271E+02   -0.578724005042390477E+01
    0.301283836960898270E+02   -0.571682630992054275E+01
    0.301168707550333536E+02   -0.579292171093246555E+01
    0.301355631992191562E+02   -0.579733915564283464E+01
    0.301311968719774796E+02   -0.573666155620490326E+01
    0.301241568185739439E+02   -0.571539791658550467E+01
    0.301206413571220217E+02   -0.574016302840648063E+01
    0.301227027754032370E+02   -0.572278300292275333E+01
    0.301329537857554186E+02   -0.575670540898153504E+01
    0.301348368116871015E+02   -0.578472361463385809E+01
    0.301247419041700297E+02   -0.571356389029754208E+01
    0.301247069648957435E+02   -0.571365508346845630E+01
    0.301346554710150620E+02   -0.578173113793671067E+01
    0.301288059559738528E+02   -0.571884092279085543E+01
    0.301349910751489851E+02   -0.578731862993324508E+01
    0.301316908964564902E+02   -0.574170275707362432E+01
    0.301236563211681379E+02   -0.571748487347751766E+01
    0.301275405701178300E+02   -0.571382103646071204E+01
    0.301321547574530868E+02   -0.574685983724915772E+01
    0.301213561115377750E+02   -0.573321905623349082E+01
    0.301182228187997723E+02   -0.577088542246390546E+01
    0.301353126034004646E+02   -0.579287324004421844E+01
    0.301231606477352969E+02   -0.572002254551494271E+01
    0.301183401536029969E+02   -0.576913746892166124E+01
    0.301356634681008764E+02   -0.579915961237594857E+01
    0.301197252149239212E+02   -0.575048822213188782E+01
    0.301241101715019752E+02   -0.571557223694824135E+01
    0.301333753573795597E+02   -0.576239064404262891E+01
    0.301237661462585571E+02   -0.571698601676294338E+01
    0.301273107571880381E+02   -0.571323699868145596E+01
    0.301279068525767073E+02   -0.571496008586890092E+01
    0.301260439589469868E+02   -0.571182540904148173E+01
    0.301253179182170783E+02   -0.571239603048327460E+01
    0.301320584892921843E+02   -0.574575581101394306E+01
    0.301279611987341553E+02   -0.571515088648762326E+01
    0.301278949051473646E+02   -0.571491889559832700E+01
    0.301244635485030940E+02   -0.571435501959089365E+01
    0.301180002045519934E+02   -0.577427389994158258E+01
    0.301273025550678106E+02   -0.571321801563643472E+01
    0.301249922105983750E+02   -0.571297865956482553E+01
    0.301330815807307033E+02   -0.575839302923754293E+01
    0.301217866809951573E+02   -0.572950621932145499E+01
    0.301273607512117891E+02   -0.571335547946198030E+01
    0.301353256240917915E+02   -0.579310233460874002E+01
    0.301282681871710096E+02   -0.571633444442002592E+01
    0.301312135737880027E+02   -0.573682438570691300E+01
    0.301266591813951052E+02   -0.571212871349684281E+01
    0.301295953681691806E+02   -0.572351928922133446E+01
    0.301192369663528012E+02   -0.575664475615138826E+01
    0.301242594247855422E+02   -0.571502907927965431E+01
    0.301218942970725401E+02   -0.572863346279794694E+01
    0.301319675320728244E+02   -0.574472893007302510E+01
    0.301226403958152460E+02   -0.572319002700671664E+01
    0.301227066668247474E+02   -0.572275785747207433E+01
    0.301305091752575294E+02   -0.573041895686888569E+01
    0.301249177658362015E+02   -0.571314023206904231E+01
    0.301250221383415351E+02   -0.571291668383918072E+01
    0.301344849006983253E+02   -0.577897362944060156E+01
    0.301344760612017950E+02   -0.577883223877353736E+01
    0.301357108389873289E+02   -0.580002633516792709E+01
    0.301319943705251347E+02   -0.574503028762678891E+01
    0.301164768878473126E+02   -0.579999677077149745E+01
    0.301335216049803698E+02   -0.576444209476207359E+01
    0.301214165288588873E+02   -0.573267674817668738E+01
    0.301292770278288380E+02   -0.572148968687749715E+01
    0.301178982671848772E+02   -0.577585706538124732E+01
    0.301168038231552515E+02   -0.579410314673232563E+01
    0.301312741959246893E+02   -0.573741987352292782E+01
    0.301236232585354458E+02   -0.571763955804562940E+01
    0.301305925965346368E+02   -0.573112815050305180E+01
    0.301357155673379395E+02   -0.580011308246745294E+01
    0.301291475339029517E+02   -0.572071938576564598E+01
    0.301233251560309157E+02   -0.571912837364557092E+01
    0.301272406960603050E+02   -0.571307898122992341E+01
    0.301167100571068467E+02   -0.579577260878797063E+01
    0.301211124520460025E+02   -0.573547680086309430E+01
    0.301283800573754128E+02   -0.571681042722828359E+01
    0.301175759063009849E+02   -0.578099399818628878E+01
    0.301269903004709114E+02   -0.571259074555781332E+01
    0.301196312811194531E+02   -0.575163735516400898E+01
    0.301208497188367517E+02   -0.573803814583456084E+01
