    0.201107966899871826E+02   -0.956507081245612935E+05   -0.460515351937698814E+01    1
    0.201466715335845947E+02   -0.949667335757994151E+05   -0.461515351937698259E+01    1
    0.202153491973876953E+02   -0.936642011252147931E+05   -0.462515351937698149E+01    1
    0.203090095520019531E+02   -0.919023480012607615E+05   -0.463515351937698661E+01    1
    0.203889036178588867E+02   -0.904126753647435544E+05   -0.464515351937698728E+01    1
    0.204015350341796875E+02   -0.901782694713714736E+05   -0.465515351937698174E+01    1
    0.398158276081085205E+02   -0.895336130833596981E+05   -0.466515351937698153E+01    1
    0.397476994991302490E+02   -0.882791051525118237E+05   -0.467515351937698398E+01    1
    0.206873261928558350E+02   -0.849560599055625644E+05   -0.468515351937698377E+01    1
    0.395276033878326416E+02   -0.842867544209016487E+05   -0.469515351937698444E+01    1
    0.394646716117858887E+02   -0.831622108703828708E+05   -0.470515351937698423E+01    1
    0.211026012897491455E+02   -0.776454204997633497E+05   -0.471515351937698135E+01    1
    0.212082886695861816E+02   -0.758373656946580595E+05   -0.472515351937698025E+01    1
    0.390395891666412354E+02   -0.757641133646531525E+05   -0.473515351937698448E+01    1
    0.385383105278015137E+02   -0.674826902713615418E+05   -0.474515351937698782E+01    1
    0.218253684043884277E+02   -0.657059070539870008E+05   -0.475515351937698494E+01    1
    0.383342754840850830E+02   -0.642491306084443713E+05   -0.476515351937698117E+01    1
    0.219204485416412354E+02   -0.642094095452538459E+05   -0.477515351937698451E+01    1
    0.220183336734771729E+02   -0.626867740026477622E+05   -0.478515351937698341E+01    1
    0.382124328613281250E+02   -0.623560220699696802E+05   -0.479515351937697876E+01    1
    0.381725728511810303E+02   -0.617428500535408675E+05   -0.480515351937698032E+01    1
    0.221150076389312744E+02   -0.612009133191993678E+05   -0.481515351937698277E+01    1
    0.381293487548828125E+02   -0.610813521902606954E+05   -0.482515351937698345E+01    1
    0.380704140663146973E+02   -0.601851616882242815E+05   -0.483515351937698323E+01    1
    0.380368721485137939E+02   -0.596780641259616968E+05   -0.484515351937698480E+01    1
    0.223770856857299805E+02   -0.572624749137757972E+05   -0.485515351937698814E+01    1
    0.378417468070983887E+02   -0.567706414723922644E+05   -0.486515351937698437E+01    1
    0.224560403823852539E+02   -0.561016398620466862E+05   -0.487515351937698149E+01    1
    0.226202845573425293E+02   -0.537249201658863312E+05   -0.488515351937698572E+01    1
    0.226319003105163574E+02   -0.535587805070152026E+05   -0.489515351937698817E+01    1
    0.375910508632659912E+02   -0.531417730706091606E+05   -0.490515351937698973E+01    1
    0.227537858486175537E+02   -0.518309722022453570E+05   -0.491515351937698775E+01    1
    0.374533498287200928E+02   -0.511995234492279633E+05   -0.492515351937698220E+01    1
    0.374483287334442139E+02   -0.511293850766579999E+05   -0.493515351937698199E+01    1
    0.374416148662567139E+02   -0.510356759397977730E+05   -0.494515351937698799E+01    1
    0.372191214561462402E+02   -0.479788403516867256E+05   -0.495515351937699045E+01    1
    0.230645322799682617E+02   -0.475541270843338207E+05   -0.496515351937698846E+01    1
    0.371164858341217041E+02   -0.466005493198538752E+05   -0.497515351937698824E+01    1
    0.231993246078491211E+02   -0.457562265430294574E+05   -0.498515351937698359E+01    1
    0.232102274894714355E+02   -0.456123153154337269E+05   -0.499515351937698426E+01    1
    0.232257270812988281E+02   -0.454081205951961820E+05   -0.500515351937698583E+01    1
    0.369657313823699951E+02   -0.446124963726625647E+05   -0.501515351937698384E+01    1
    0.232990121841430664E+02   -0.444488522427524149E+05   -0.502515351937698451E+01    1
    0.369241082668304443E+02   -0.440712326978912679E+05   -0.503515351937698608E+01    1
    0.234589564800262451E+02   -0.423908250686347965E+05   -0.504515351937698409E+01    1
    0.235260581970214844E+02   -0.415419444493538977E+05   -0.505515351937698298E+01    1
    0.236446762084960938E+02   -0.400623550000917312E+05   -0.506515351937698455E+01    1
    0.365135490894317627E+02   -0.389093745616671295E+05   -0.507515351937697989E+01    1
    0.364949464797973633E+02   -0.386831011301262115E+05   -0.508515351937698501E+01    1
    0.364463841915130615E+02   -0.380955223111683226E+05   -0.509515351937699013E+01    1
    0.238497424125671387E+02   -0.375677406307277488E+05   -0.510515351937699080E+01    1
    0.363480353355407715E+02   -0.369193286475830755E+05   -0.511515351937698348E+01    1
    0.239650797843933105E+02   -0.361999077566806664E+05   -0.512515351937698238E+01    1
    0.239733242988586426E+02   -0.361031042275831278E+05   -0.513515351937698394E+01    1
    0.239738130569458008E+02   -0.360973695112610294E+05   -0.514515351937697751E+01    1
    0.361639893054962158E+02   -0.347678063647358649E+05   -0.515515351937698085E+01    1
    0.361256158351898193E+02   -0.343273538444832157E+05   -0.516515351937698330E+01    1
    0.243385136127471924E+02   -0.319452458090415239E+05   -0.517515351937698220E+01    1
    0.358272123336791992E+02   -0.309980897059891504E+05   -0.518515351937698643E+01    1
    0.357531189918518066E+02   -0.301977531854761764E+05   -0.519515351937698533E+01    1
    0.357104372978210449E+02   -0.297414694538583099E+05   -0.520515351937697623E+01    1
    0.245589530467987061E+02   -0.295585320320368410E+05   -0.521515351937698224E+01    1
    0.245970165729522705E+02   -0.291557977645419924E+05   -0.522515351937697670E+01    1
    0.356021654605865479E+02   -0.285995863744758499E+05   -0.523515351937698092E+01    1
    0.246979176998138428E+02   -0.281015752080191014E+05   -0.524515351937698071E+01    1
    0.355228507518768311E+02   -0.277772850694996087E+05   -0.525515351937698583E+01    1
    0.353898751735687256E+02   -0.264255682172851739E+05   -0.526515351937698739E+01    1
    0.249059927463531494E+02   -0.259888941887271139E+05   -0.527515351937698007E+01    1
    0.353332614898681641E+02   -0.258603161401086327E+05   -0.528515351937697542E+01    1
    0.352289962768554688E+02   -0.248352880606100298E+05   -0.529515351937697609E+01    1
    0.250711655616760254E+02   -0.243706046698241917E+05   -0.530515351937697677E+01    1
    0.251352822780609131E+02   -0.237564358334411554E+05   -0.531515351937698188E+01    1
    0.350638914108276367E+02   -0.232545548540435375E+05   -0.532515351937698078E+01    1
    0.253045701980590820E+02   -0.221725170107362537E+05   -0.533515351937697613E+01    1
    0.253371989727020264E+02   -0.218735125700105855E+05   -0.534515351937697680E+01    1
    0.348481988906860352E+02   -0.212678079368500403E+05   -0.535515351937698103E+01    1
    0.348277521133422852E+02   -0.210840762956358012E+05   -0.536515351937698171E+01    1
    0.255414628982543945E+02   -0.200478133703954518E+05   -0.537515351937698238E+01    1
    0.346589851379394531E+02   -0.195980109664829652E+05   -0.538515351937698128E+01    1
    0.256161463260650635E+02   -0.194001618547169164E+05   -0.539515351937698018E+01    1
    0.346067070960998535E+02   -0.191486992805099144E+05   -0.540515351937698263E+01    1
    0.256708323955535889E+02   -0.189326725334948133E+05   -0.541515351937698153E+01    1
    0.345478487014770508E+02   -0.186490690801097480E+05   -0.542515351937697865E+01    1
    0.257149410247802734E+02   -0.185597607148763418E+05   -0.543515351937697933E+01    1
    0.258881127834320068E+02   -0.171315764223617662E+05   -0.544515351937698178E+01    1
    0.259348309040069580E+02   -0.167560776237102182E+05   -0.545515351937698245E+01    1
    0.343143188953399658E+02   -0.167318171642505549E+05   -0.546515351937698401E+01    1
    0.259949147701263428E+02   -0.162792699790923452E+05   -0.547515351937698025E+01    1
    0.260067331790924072E+02   -0.161862928919523656E+05   -0.548515351937698004E+01    1
    0.341760504245758057E+02   -0.156456685570049412E+05   -0.549515351937697805E+01    1
    0.260911500453948975E+02   -0.155299198891750166E+05   -0.550515351937697694E+01    1
    0.261198699474334717E+02   -0.153097100941170520E+05   -0.551515351937698295E+01    1
    0.341216444969177246E+02   -0.152282859200765160E+05   -0.552515351937698185E+01    1
    0.340824401378631592E+02   -0.149310236217042857E+05   -0.553515351937698163E+01    1
    0.340807700157165527E+02   -0.149184252161834575E+05   -0.554515351937698142E+01    1
    0.339148151874542236E+02   -0.136930864333116806E+05   -0.555515351937698032E+01    1
    0.339004182815551758E+02   -0.135892617464606647E+05   -0.556515351937698544E+01    1
    0.338814389705657959E+02   -0.134529946209247737E+05   -0.557515351937698611E+01    1
    0.263712739944458008E+02   -0.134492217560232675E+05   -0.558515351937698146E+01    1
    0.263860023021697998E+02   -0.133439640489101512E+05   -0.559515351937697680E+01    1
    0.338486206531524658E+02   -0.132189875018215207E+05   -0.560515351937697748E+01    1
    0.264187133312225342E+02   -0.131116702365861365E+05   -0.561515351937697904E+01    1
    0.264678192138671875E+02   -0.127667811480355776E+05   -0.562515351937698060E+01    1
    0.264943909645080566E+02   -0.125820751889160292E+05   -0.563515351937698039E+01    1
    0.265741884708404541E+02   -0.120354791127473636E+05   -0.564515351937698284E+01    1
    0.336556077003479004E+02   -0.118842943750969989E+05   -0.565515351937698085E+01    1
    0.266515231132507324E+02   -0.115173402084900590E+05   -0.566515351937697975E+01    1
    0.335465824604034424E+02   -0.111617795664767600E+05   -0.567515351937697954E+01    1
    0.335274791717529297E+02   -0.110375152107510858E+05   -0.568515351937697666E+01    1
    0.335154950618743896E+02   -0.109599154099089010E+05   -0.569515351937697734E+01    1
    0.267684316635131836E+02   -0.107557111904101948E+05   -0.570515351937697890E+01    1
    0.267906689643859863E+02   -0.106137913583987283E+05   -0.571515351937697780E+01    1
    0.268725717067718506E+02   -0.100992159830303826E+05   -0.572515351937697403E+01    1
    0.268802404403686523E+02   -0.100516901408038411E+05   -0.573515351937697382E+01    1
    0.268813657760620117E+02   -0.100447254756924503E+05   -0.574515351937697805E+01    1
    0.269512379169464111E+02   -0.961701934672770403E+04   -0.575515351937698227E+01    1
    0.269733762741088867E+02   -0.948344682525015560E+04   -0.576515351937698384E+01    1
    0.270544278621673584E+02   -0.900239439907648193E+04   -0.577515351937697918E+01    1
    0.270620894432067871E+02   -0.895756995075849409E+04   -0.578515351937698075E+01    1
    0.331762993335723877E+02   -0.887713027846138175E+04   -0.579515351937698409E+01    1
    0.331197321414947510E+02   -0.855113402457249867E+04   -0.580515351937698565E+01    1
    0.271426665782928467E+02   -0.849292917156656586E+04   -0.581515351937698366E+01    1
    0.330471396446228027E+02   -0.814172439974080589E+04   -0.582515351937698256E+01    1
    0.272099053859710693E+02   -0.811467976397486746E+04   -0.583515351937698412E+01    1
    0.272260510921478271E+02   -0.802513643543969556E+04   -0.584515351937698391E+01    1
    0.329865920543670654E+02   -0.780793275488554173E+04   -0.585515351937697837E+01    1
    0.329629850387573242E+02   -0.767968441414550762E+04   -0.586515351937697371E+01    1
    0.329375743865966797E+02   -0.754282526118055921E+04   -0.587515351937697705E+01    1
    0.273214149475097656E+02   -0.750639279740025813E+04   -0.588515351937697684E+01    1
    0.273288130760192871E+02   -0.746687466875131668E+04   -0.589515351937697751E+01    1
    0.329012846946716309E+02   -0.734950775908003652E+04   -0.590515351937697286E+01    1
    0.328581583499908447E+02   -0.712303674126642090E+04   -0.591515351937697531E+01    1
    0.328213804382553036E+02   -0.693270564296517841E+04   -0.592515351937697687E+01    1
    0.274403715133666992E+02   -0.688362374781174913E+04   -0.593515351937697400E+01    1
    0.274672186374664307E+02   -0.674680446993240184E+04   -0.594515351937698000E+01    1
    0.327699840068817139E+02   -0.667104281160321079E+04   -0.595515351937698156E+01    1
    0.327571403980255127E+02   -0.660644183276717922E+04   -0.596515351937697336E+01    1
    0.327026975154876709E+02   -0.633609723618402859E+04   -0.597515351937696959E+01    1
    0.327009904384613037E+02   -0.632771187794721845E+04   -0.598515351937697559E+01    1
    0.326939260959625244E+02   -0.629307010184426144E+04   -0.599515351937697627E+01    1
    0.326290690898895264E+02   -0.597947534007395461E+04   -0.600515351937697517E+01    1
    0.326164889335632324E+02   -0.591957702639917261E+04   -0.601515351937697851E+01    1
    0.276730346679687500E+02   -0.574357800793763272E+04   -0.602515351937697829E+01    1
    0.276848304271697998E+02   -0.568852855671490943E+04   -0.603515351937697453E+01    1
    0.276879513263702393E+02   -0.567400806925086727E+04   -0.604515351937697520E+01    1
    0.276964533329010010E+02   -0.563454533704934329E+04   -0.605515351937697410E+01    1
    0.276980686187744141E+02   -0.562706344348854964E+04   -0.606515351937697478E+01    1
    0.277107214927673340E+02   -0.556862834150631261E+04   -0.607515351937697723E+01    1
    0.325271868705749512E+02   -0.550305566578173239E+04   -0.608515351937697790E+01    1
    0.325106338976389964E+02   -0.542752032555624100E+04   -0.609515351937697769E+01    1
    0.325089005306394441E+02   -0.541964076401292459E+04   -0.610515351937697481E+01    1
    0.277784955501556396E+02   -0.526082318452464642E+04   -0.611515351937697282E+01    1
    0.277857720851898193E+02   -0.522829653577548197E+04   -0.612515351937697528E+01    1
    0.278012371063232422E+02   -0.515950210512605463E+04   -0.613515351937697417E+01    1
    0.278238302011482084E+02   -0.505981912342634860E+04   -0.614515351937697485E+01    1
    0.323814356327056885E+02   -0.485591219979528341E+04   -0.615515351937697819E+01    1
    0.278736829757690430E+02   -0.484330752046065663E+04   -0.616515351937697620E+01    1
    0.323100447654724121E+02   -0.455371444213726681E+04   -0.617515351937697776E+01    1
    0.279457103592608007E+02   -0.453886191286481608E+04   -0.618515351937698288E+01    1
    0.280241470915659541E+02   -0.421857873227445452E+04   -0.619515351937698000E+01    1
    0.322219061851501465E+02   -0.419403087122215493E+04   -0.620515351937697535E+01    1
    0.280501210689544678E+02   -0.411510431020487249E+04   -0.621515351937697247E+01    1
    0.321960902214050293E+02   -0.409148398559074076E+04   -0.622515351937697314E+01    1
    0.281470727920532227E+02   -0.374023472535435030E+04   -0.623515351937697559E+01    1
    0.320750546455383301E+02   -0.362765142334661778E+04   -0.624515351937698071E+01    1
    0.281804668903350830E+02   -0.361526497481155275E+04   -0.625515351937697694E+01    1
    0.281942717564949668E+02   -0.356422472781863280E+04   -0.626515351937697407E+01    1
    0.320454931259155273E+02   -0.351861076385112710E+04   -0.627515351937697385E+01    1
    0.282118427753448486E+02   -0.349978570411381679E+04   -0.628515351937697986E+01    1
    0.282175127383036184E+02   -0.347911763430533028E+04   -0.629515351937697432E+01    1
    0.282362937927246094E+02   -0.341109507337782634E+04   -0.630515351937697766E+01    1
    0.283012688159942627E+02   -0.318095306932941412E+04   -0.631515351937697567E+01    1
    0.283053050086343063E+02   -0.316692244456316530E+04   -0.632515351937697190E+01    1
    0.283233511447906494E+02   -0.310457039543326891E+04   -0.633515351937697790E+01    1
    0.319219496698366001E+02   -0.308094435611251174E+04   -0.634515351937697858E+01    1
    0.319213724136352539E+02   -0.307896768188333044E+04   -0.635515351937697659E+01    1
    0.283651810254436434E+02   -0.296243023734609778E+04   -0.636515351937697371E+01    1
    0.318869388103485107E+02   -0.296220766544615662E+04   -0.637515351937697350E+01    1
    0.318288636207580566E+02   -0.277040481489082913E+04   -0.638515351937697861E+01    1
    0.284353923797607422E+02   -0.273134933539228177E+04   -0.639515351937698195E+01    1
    0.317862533508811325E+02   -0.263376827135497388E+04   -0.640515351937697730E+01    1
    0.284713244438171387E+02   -0.261672578476518129E+04   -0.641515351937697620E+01    1
    0.284919228805611908E+02   -0.255212694804343300E+04   -0.642515351937697776E+01    1
    0.284939157962799072E+02   -0.254591988787689979E+04   -0.643515351937697222E+01    1
    0.317565772389326533E+02   -0.254065263660587016E+04   -0.644515351937697556E+01    1
    0.317387390136718750E+02   -0.248548928257789476E+04   -0.645515351937697535E+01    1
    0.316987860202789307E+02   -0.236413932869419341E+04   -0.646515351937697513E+01    1
    0.316650256282035301E+02   -0.226397122491605660E+04   -0.647515351937697048E+01    1
    0.286126880682379046E+02   -0.218967326682269459E+04   -0.648515351937697559E+01    1
    0.316278052330017090E+02   -0.215605635124524770E+04   -0.649515351937697538E+01    1
    0.316170589860412221E+02   -0.212539075118688606E+04   -0.650515351937697694E+01    1
    0.316042017936706543E+02   -0.208899070746468351E+04   -0.651515351937697318E+01    1
    0.286604226442231536E+02   -0.205407653910901763E+04   -0.652515351937697652E+01    1
    0.315888333320617676E+02   -0.204589462750425014E+04   -0.653515351937697631E+01    1
    0.286635053157806396E+02   -0.204546915347355935E+04   -0.654515351937697609E+01    1
    0.315813696384429932E+02   -0.202512750886453955E+04   -0.655515351937696966E+01    1
    0.315126240253448486E+02   -0.183884404823442264E+04   -0.656515351937697567E+01    1
    0.287447225366410635E+02   -0.182522418933031531E+04   -0.657515351937698256E+01    1
    0.288002180950873630E+02   -0.168196565353803862E+04   -0.658515351937698501E+01    1
    0.314452649898960388E+02   -0.166505971936240121E+04   -0.659515351937696881E+01    1
    0.314382755756378174E+02   -0.164752274049979769E+04   -0.660515351937696948E+01    1
    0.314277234302635406E+02   -0.162122309433659871E+04   -0.661515351937697371E+01    1
    0.314118659496307373E+02   -0.158210002171910969E+04   -0.662515351937697705E+01    1
    0.314099196143870110E+02   -0.157733112714560707E+04   -0.663515351937697861E+01    1
    0.288521802425384521E+02   -0.155315267195403362E+04   -0.664515351937698107E+01    1
    0.313984763622283936E+02   -0.154943906538280203E+04   -0.665515351937697286E+01    1
    0.288618056062277120E+02   -0.152985686935353692E+04   -0.666515351937697353E+01    1
    0.313802737160287535E+02   -0.150558604916267200E+04   -0.667515351937697510E+01    1
    0.313736259460924316E+02   -0.148972805675042787E+04   -0.668515351937697488E+01    1
    0.313610134805929270E+02   -0.145987314960004346E+04   -0.669515351937697734E+01    1
    0.313501650663943536E+02   -0.143443660616500574E+04   -0.670515351937697446E+01    1
    0.289037096500396729E+02   -0.143049748674746411E+04   -0.671515351937697247E+01    1
    0.289087488742422707E+02   -0.141877446250648836E+04   -0.672515351937697314E+01    1
    0.289148135234719028E+02   -0.140473014746161971E+04   -0.673515351937697382E+01    1
    0.312783014774322510E+02   -0.127160405092790529E+04   -0.674515351937697183E+01    1
    0.312656122393924427E+02   -0.124387511627990511E+04   -0.675515351937697428E+01    1
    0.312494432926177979E+02   -0.120898713275269165E+04   -0.676515351937697584E+01    1
    0.290211391448974609E+02   -0.116989943137849832E+04   -0.677515351937697829E+01    1
    0.290468795172913374E+02   -0.111629071591200000E+04   -0.678515351937697098E+01    1
    0.311809271896948985E+02   -0.106668155129482830E+04   -0.679515351937697432E+01    1
    0.311721861362457275E+02   -0.104917061265840903E+04   -0.680515351937697410E+01    1
    0.290829610824584961E+02   -0.104327167900310587E+04   -0.681515351937697567E+01    1
    0.311645857531110337E+02   -0.103406320669754177E+04   -0.682515351937697723E+01    1
    0.291022339606455418E+02   -0.100528600634093959E+04   -0.683515351937697613E+01    1
    0.311483550136064302E+02   -0.100216992265662213E+04   -0.684515351937697059E+01    1
    0.311475932598114014E+02   -0.100068542463055383E+04   -0.685515351937697126E+01    1
    0.291276744233514506E+02   -0.956229066944247165E+03   -0.686515351937697371E+01    1
    0.310655833782328408E+02   -0.847338057483557805E+03   -0.687515351937697083E+01    1
    0.291878836285908463E+02   -0.845044691834763626E+03   -0.688515351937697062E+01    1
    0.292039404393784210E+02   -0.816561319641348859E+03   -0.689515351937697307E+01    1
    0.310201097706314393E+02   -0.767836317363006515E+03   -0.690515351937697019E+01    1
    0.292330835119531685E+02   -0.766120119366472409E+03   -0.691515351937697176E+01    1
    0.310173895938938173E+02   -0.763205622177012287E+03   -0.692515351937697421E+01    1
    0.309936491114287520E+02   -0.723389988905114706E+03   -0.693515351937697400E+01    1
    0.292598173559775709E+02   -0.721273231068555106E+03   -0.694515351937697556E+01    1
    0.292651557922363281E+02   -0.712481091055636170E+03   -0.695515351937697623E+01    1
    0.309777096565522037E+02   -0.697260699261960553E+03   -0.696515351937697869E+01    1
    0.309638202190399170E+02   -0.674887023776705519E+03   -0.697515351937697670E+01    1
    0.309437200676984148E+02   -0.643160323974928588E+03   -0.698515351937697471E+01    1
    0.293105864524841309E+02   -0.639858337775154382E+03   -0.699515351937697627E+01    1
    0.309412668752282300E+02   -0.639340885846801484E+03   -0.700515351937697339E+01    1
    0.309378640511506475E+02   -0.634061942969393158E+03   -0.701515351937697229E+01    1
    0.309163153669135760E+02   -0.601145257489597384E+03   -0.702515351937697385E+01    1
    0.309131341984329886E+02   -0.596360878719089214E+03   -0.703515351937696920E+01    1
    0.293483519630193115E+02   -0.582484578834716785E+03   -0.704515351937696899E+01    1
    0.308623158931732178E+02   -0.522548365353284339E+03   -0.705515351937697233E+01    1
    0.294167590141296387E+02   -0.485485317680812045E+03   -0.706515351937697300E+01    1
    0.308272154604097466E+02   -0.474441372524508097E+03   -0.707515351937697190E+01    1
    0.294275951385498047E+02   -0.470938786306389773E+03   -0.708515351937697524E+01    1
    0.294303765153442001E+02   -0.467241151177373922E+03   -0.709515351937697947E+01    1
    0.308192332728028262E+02   -0.463829276801325648E+03   -0.710515351937697481E+01    1
    0.308192061383048497E+02   -0.463793409473102543E+03   -0.711515351937697194E+01    1
    0.294385826587677002E+02   -0.456417664514605178E+03   -0.712515351937697261E+01    1
    0.294534826278686523E+02   -0.437093643404577392E+03   -0.713515351937696796E+01    1
    0.294593957182541004E+02   -0.429542207339693050E+03   -0.714515351937696508E+01    1
    0.294618713855743408E+02   -0.426400407185334814E+03   -0.715515351937696753E+01    1
    0.307864758843970350E+02   -0.421551750536409543E+03   -0.716515351937696821E+01    1
    0.294673381815952489E+02   -0.419504051390213249E+03   -0.717515351937696444E+01    1
    0.307812532435168187E+02   -0.415000414737110930E+03   -0.718515351937696511E+01    1
    0.307796149532569885E+02   -0.412956044029100838E+03   -0.719515351937696845E+01    1
    0.307775735546765574E+02   -0.410415809817601200E+03   -0.720515351937697446E+01    1
    0.294765841960906982E+02   -0.407969929998784096E+03   -0.721515351937697869E+01    1
    0.307735120355404135E+02   -0.405385454187111122E+03   -0.722515351937697670E+01    1
    0.307671471849124032E+02   -0.397565607867390952E+03   -0.723515351937696849E+01    1
    0.295002996921539307E+02   -0.379130944709391770E+03   -0.724515351937696384E+01    1
    0.295005808599714072E+02   -0.378795467030750501E+03   -0.725515351937697073E+01    1
    0.295059348675871860E+02   -0.372436057855393244E+03   -0.726515351937697051E+01    1
    0.307259690761566162E+02   -0.348840997417805283E+03   -0.727515351937696853E+01    1
    0.307138456050740061E+02   -0.335111891346430241E+03   -0.728515351937696742E+01    1
    0.295429961427154097E+02   -0.329914152692869720E+03   -0.729515351937696988E+01    1
    0.295453792234584540E+02   -0.327269578439949782E+03   -0.730515351937697766E+01    1
    0.295545815584066105E+02   -0.317159137411101710E+03   -0.731515351937697655E+01    1
    0.295557836046791422E+02   -0.315850396019442769E+03   -0.732515351937697723E+01    1
    0.295624947547912598E+02   -0.308594194709321982E+03   -0.733515351937697524E+01    1
    0.306882004721659420E+02   -0.306993883310603337E+03   -0.734515351937696614E+01    1
    0.295730179869857928E+02   -0.297389243804690295E+03   -0.735515351937696948E+01    1
    0.295758520471743189E+02   -0.294407683061717194E+03   -0.736515351937697105E+01    1
    0.295829070947422252E+02   -0.287051976877551795E+03   -0.737515351937696906E+01    1
    0.306671964420373016E+02   -0.284898792984632848E+03   -0.738515351937697240E+01    1
    0.295857337612496742E+02   -0.284131483179215650E+03   -0.739515351937697218E+01    1
    0.306586182117462158E+02   -0.276116935343778380E+03   -0.740515351937697464E+01    1
    0.306558350116485272E+02   -0.273297820231680703E+03   -0.741515351937697265E+01    1
    0.306511720687294087E+02   -0.268607813170658517E+03   -0.742515351937696799E+01    1
    0.296096451374274849E+02   -0.260036036244705542E+03   -0.743515351937697044E+01    1
    0.306422431447111201E+02   -0.259742786059419529E+03   -0.744515351937697023E+01    1
    0.296211994166393069E+02   -0.248783549575307546E+03   -0.745515351937696646E+01    1
    0.296236504688893092E+02   -0.246429250308171987E+03   -0.746515351937696536E+01    1
    0.306225113517734258E+02   -0.240691444834446941E+03   -0.747515351937696515E+01    1
    0.306163456311626589E+02   -0.234890606109100190E+03   -0.748515351937696671E+01    1
    0.296381785719203705E+02   -0.232709842570702421E+03   -0.749515351937696561E+01    1
    0.296412224366743722E+02   -0.229886413325862293E+03   -0.750515351937696362E+01    1
    0.306091282607851483E+02   -0.228192455532347026E+03   -0.751515351937696874E+01    1
    0.296431542034351843E+02   -0.228103709474399068E+03   -0.752515351937696853E+01    1
    0.296448847280509575E+02   -0.226512762290020333E+03   -0.753515351937696742E+01    1
    0.306014558428970389E+02   -0.221180925684574049E+03   -0.754515351937696721E+01    1
    0.305998638506069689E+02   -0.219740128196616098E+03   -0.755515351937696877E+01    1
    0.305996446122535453E+02   -0.219542090001930433E+03   -0.756515351937697211E+01    1
    0.305932386139069692E+02   -0.213796015179247291E+03   -0.757515351937696835E+01    1
    0.305922340628343150E+02   -0.212902047785934741E+03   -0.758515351937696991E+01    1
    0.296616910861204772E+02   -0.211359000682501176E+03   -0.759515351937697325E+01    1
    0.296761045977584459E+02   -0.198791870328379844E+03   -0.760515351937697126E+01    1
    0.305679898753608299E+02   -0.191910415176706550E+03   -0.761515351937696572E+01    1
    0.296866466297441747E+02   -0.189851137153517044E+03   -0.762515351937696639E+01    1
    0.296947411959538847E+02   -0.183129953057383602E+03   -0.763515351937696973E+01    1
    0.305527877807617188E+02   -0.179319605166857201E+03   -0.764515351937696952E+01    1
    0.297120997137358529E+02   -0.169137902150757384E+03   -0.765515351937697019E+01    1
    0.305390119379321980E+02   -0.168290702852717118E+03   -0.766515351937697087E+01    1
    0.297158384323120117E+02   -0.166199472446291566E+03   -0.767515351937697066E+01    1
    0.297163171600565867E+02   -0.165825143631215752E+03   -0.768515351937697044E+01    1
    0.297216820716857910E+02   -0.161660083091477873E+03   -0.769515351937697201E+01    1
    0.305295657055436997E+02   -0.160937242429945854E+03   -0.770515351937697446E+01    1
    0.297274215367985519E+02   -0.157265008700614572E+03   -0.771515351937697069E+01    1
    0.305234552711444280E+02   -0.156271189072878144E+03   -0.772515351937696959E+01    1
    0.297299921262565512E+02   -0.155316913521220414E+03   -0.773515351937697382E+01    1
    0.297303050745119997E+02   -0.155080609320368154E+03   -0.774515351937697538E+01    1
    0.305143952369689941E+02   -0.149483818655301434E+03   -0.775515351937697517E+01    1
    0.297400093078613281E+02   -0.147845728400459393E+03   -0.776515351937697407E+01    1
    0.297412730583155245E+02   -0.146916770299308524E+03   -0.777515351937697297E+01    1
    0.297426082411943575E+02   -0.145938612428030240E+03   -0.778515351937696565E+01    1
    0.305071048851565791E+02   -0.144135875642034534E+03   -0.779515351937696011E+01    1
    0.297578787803649902E+02   -0.134993177031566546E+03   -0.780515351937696522E+01    1
    0.297599188689880378E+02   -0.133564580717544374E+03   -0.781515351937697123E+01    1
    0.297609851473297127E+02   -0.132821064964749127E+03   -0.782515351937697279E+01    1
    0.304911682107909954E+02   -0.132798258042246317E+03   -0.783515351937697524E+01    1
    0.297647941583864863E+02   -0.130182749129999820E+03   -0.784515351937695993E+01    1
    0.297685485388405411E+02   -0.127609349556047022E+03   -0.785515351937696593E+01    1
    0.297691738605499268E+02   -0.127183340993415996E+03   -0.786515351937697016E+01    1
    0.304795356866782114E+02   -0.124828481832082787E+03   -0.787515351937697172E+01    1
    0.304786008805572806E+02   -0.124199221416862969E+03   -0.788515351937697417E+01    1
    0.304745621301509431E+02   -0.121499708792191328E+03   -0.789515351937696952E+01    1
    0.297777879238128662E+02   -0.121390788363627408E+03   -0.790515351937697019E+01    1
    0.297882747650146484E+02   -0.114529880558680247E+03   -0.791515351937696643E+01    1
    0.297883244658257027E+02   -0.114497863654987412E+03   -0.792515351937696444E+01    1
    0.304617285728454590E+02   -0.113128191057770081E+03   -0.793515351937696778E+01    1
    0.297941275493737372E+02   -0.110791945027089085E+03   -0.794515351937696490E+01    1
    0.304542351220251248E+02   -0.108385344383986876E+03   -0.795515351937696735E+01    1
    0.297997478114739849E+02   -0.107263997124872333E+03   -0.796515351937696447E+01    1
    0.304498726708123613E+02   -0.105673525691656323E+03   -0.797515351937695893E+01    1
    0.304481198390895997E+02   -0.104594138624967982E+03   -0.798515351937696582E+01    1
    0.304467580055201239E+02   -0.103759571273344363E+03   -0.799515351937696650E+01    1
    0.298071068625046323E+02   -0.102735654455689996E+03   -0.800515351937696096E+01    1
    0.304437530894993849E+02   -0.101930591832000147E+03   -0.801515351937696785E+01    1
    0.298092436790466309E+02   -0.101440126755703830E+03   -0.802515351937697652E+01    1
    0.304418020610964035E+02   -0.100752294040126571E+03   -0.803515351937696920E+01    1
    0.304416441917419434E+02   -0.100657268391374032E+03   -0.804515351937696543E+01    1
    0.304361939155163306E+02   -0.974057516869984710E+02   -0.805515351937697233E+01    1
    0.304350447880245341E+02   -0.967274382767755725E+02   -0.806515351937697034E+01    1
    0.298192534890862753E+02   -0.954872275746643027E+02   -0.807515351937696657E+01    1
    0.298270374204549178E+02   -0.909901419351651271E+02   -0.808515351937696636E+01    1
    0.304202041347752967E+02   -0.881934860428589218E+02   -0.809515351937696259E+01    1
    0.298351645469665527E+02   -0.864180810303472811E+02   -0.810515351937696593E+01    1
    0.298385717657593688E+02   -0.845387627270079491E+02   -0.811515351937696572E+01    1
    0.304093117498702199E+02   -0.821972105729913665E+02   -0.812515351937696728E+01    1
    0.304089384636275639E+02   -0.819957257953911665E+02   -0.813515351937696707E+01    1
    0.298436397485219729E+02   -0.817843737212553208E+02   -0.814515351937696508E+01    1
    0.304072570800781250E+02   -0.810914772837146103E+02   -0.815515351937696664E+01    1
    0.304053990418742828E+02   -0.800984946333022521E+02   -0.816515351937696643E+01    1
    0.298481577708793466E+02   -0.793701789319787423E+02   -0.817515351937696622E+01    1
    0.298569228128210753E+02   -0.747976154010937080E+02   -0.818515351937696600E+01    1
    0.298605204886011073E+02   -0.729631833770705214E+02   -0.819515351937696224E+01    1
    0.298610415898650743E+02   -0.726995237158553493E+02   -0.820515351937696558E+01    1
    0.303900116982647432E+02   -0.721281381665988732E+02   -0.821515351937696714E+01    1
    0.303893089294433594E+02   -0.717748992196733298E+02   -0.822515351937696693E+01    1
    0.303885360715431787E+02   -0.713875182290970969E+02   -0.823515351937696671E+01    1
    0.303835594639714266E+02   -0.689203672510807621E+02   -0.824515351937696295E+01    1
    0.303828772302818670E+02   -0.685858314546401431E+02   -0.825515351937696096E+01    1
    0.298726791103800480E+02   -0.669462518740821650E+02   -0.826515351937696252E+01    1
    0.298732648091868889E+02   -0.666635248484603267E+02   -0.827515351937696408E+01    1
    0.298764330486738920E+02   -0.651455011081228861E+02   -0.828515351937696565E+01    1
    0.303732991166044357E+02   -0.639828762253315091E+02   -0.829515351937696543E+01    1
    0.298818593547036073E+02   -0.625900214754954618E+02   -0.830515351937696344E+01    1
    0.298840226352929150E+02   -0.615868955587931382E+02   -0.831515351937696146E+01    1
    0.303680229187011719E+02   -0.615220254544823888E+02   -0.832515351937696302E+01    1
    0.303606173009385500E+02   -0.581575527481910797E+02   -0.833515351937696813E+01    1
    0.303551708691861108E+02   -0.557499099047893907E+02   -0.834515351937696437E+01    1
    0.299041321916468270E+02   -0.526890595311660732E+02   -0.835515351937696593E+01    1
    0.303470051288604736E+02   -0.522461611272828890E+02   -0.836515351937696927E+01    1
    0.299054954108370552E+02   -0.521137904484931624E+02   -0.837515351937696906E+01    1
    0.303440726026853120E+02   -0.510189089057642491E+02   -0.838515351937696174E+01    1
    0.303345164019606202E+02   -0.471334703365005083E+02   -0.839515351937695975E+01    1
    0.299204431548579883E+02   -0.460384280198721711E+02   -0.840515351937696487E+01    1
    0.299205752625683559E+02   -0.459866337401792933E+02   -0.841515351937696821E+01    1
    0.303312480339228117E+02   -0.458445580463296878E+02   -0.842515351937696266E+01    1
    0.299223314822106197E+02   -0.453012507392167194E+02   -0.843515351937695534E+01    1
    0.299233776478289819E+02   -0.448957692361714180E+02   -0.844515351937695691E+01    1
    0.299242745474793850E+02   -0.445498032194582976E+02   -0.845515351937696202E+01    1
    0.299252256710244460E+02   -0.441845971419600332E+02   -0.846515351937696536E+01    1
    0.303267309052508125E+02   -0.440967188714122216E+02   -0.847515351937696160E+01    1
    0.303260371313904571E+02   -0.438317200620275713E+02   -0.848515351937696316E+01    1
    0.303247272968292236E+02   -0.433339087571694748E+02   -0.849515351937696295E+01    1
    0.299290337894329355E+02   -0.427396627821346442E+02   -0.850515351937696629E+01    1
    0.299306464541615362E+02   -0.421360966127304195E+02   -0.851515351937696785E+01    1
    0.303213043472451815E+02   -0.420484413587384296E+02   -0.852515351937696408E+01    1
    0.299309832886228833E+02   -0.420106569465475630E+02   -0.853515351937696032E+01    1
    0.299311624590956882E+02   -0.419440206824890609E+02   -0.854515351937695655E+01    1
    0.299320644961303586E+02   -0.416094691558621861E+02   -0.855515351937696344E+01    1
    0.299353892293822881E+02   -0.403897770840765631E+02   -0.856515351937696323E+01    1
    0.303142926000043431E+02   -0.394849888543776686E+02   -0.857515351937696124E+01    1
    0.303131865504007045E+02   -0.390891852417419656E+02   -0.858515351937696103E+01    1
    0.299396723926632546E+02   -0.388495526313070769E+02   -0.859515351937696259E+01    1
    0.299411860786081228E+02   -0.383135983997813838E+02   -0.860515351937696771E+01    1
    0.299412604013866925E+02   -0.382873953048861821E+02   -0.861515351937696039E+01    1
    0.303102989474602147E+02   -0.380668429020717554E+02   -0.862515351937695662E+01    1
    0.303099884881244179E+02   -0.379578729539979634E+02   -0.863515351937696352E+01    1
    0.303096520900726318E+02   -0.378400061132096042E+02   -0.864515351937696508E+01    1
    0.303091743319874141E+02   -0.376729805680825223E+02   -0.865515351937695954E+01    1
    0.299475667644116896E+02   -0.361024052116811660E+02   -0.866515351937696288E+01    1
    0.299502765359179293E+02   -0.351868364924681671E+02   -0.867515351937696266E+01    1
    0.299506972326417440E+02   -0.350459486402354301E+02   -0.868515351937696423E+01    1
    0.299508154455287006E+02   -0.350064208680905224E+02   -0.869515351937696934E+01    1
    0.299509357703528138E+02   -0.349662142791626778E+02   -0.870515351937696735E+01    1
    0.299542145625138971E+02   -0.338812316416467922E+02   -0.871515351937696181E+01    1
    0.302936816215515137E+02   -0.324926143613109275E+02   -0.872515351937695982E+01    1
    0.299596970917722345E+02   -0.321128141073174120E+02   -0.873515351937696316E+01    1
    0.302923721044167635E+02   -0.320757256652454146E+02   -0.874515351937695762E+01    1
    0.299624776278750176E+02   -0.312378462104142969E+02   -0.875515351937695741E+01    1
    0.299625920416257117E+02   -0.312021587827526936E+02   -0.876515351937696252E+01    1
    0.302894861616978055E+02   -0.311685223822482627E+02   -0.877515351937696231E+01    1
    0.299664803475161747E+02   -0.300041762813357948E+02   -0.878515351937696209E+01    1
    0.299665183684205907E+02   -0.299926044305430679E+02   -0.879515351937696188E+01    1
    0.299697501158666206E+02   -0.290190820906663305E+02   -0.880515351937695812E+01    1
    0.302789363986270139E+02   -0.279873348597447169E+02   -0.881515351937695790E+01    1
    0.302763462955260820E+02   -0.272387643203316507E+02   -0.882515351937695769E+01    1
    0.299774310949416147E+02   -0.267852113054256264E+02   -0.883515351937695925E+01    1
    0.302701941751973109E+02   -0.255120124607782301E+02   -0.884515351937695904E+01    1
    0.302679578924324737E+02   -0.249022289310665847E+02   -0.885515351937696238E+01    1
    0.302668247548054978E+02   -0.245968886269931737E+02   -0.886515351937696394E+01    1
    0.299857954296023479E+02   -0.244805709735641237E+02   -0.887515351937696018E+01    1
    0.302630962940504595E+02   -0.236094849731820062E+02   -0.888515351937696174E+01    1
    0.299903503752426914E+02   -0.232816505759541563E+02   -0.889515351937696330E+01    1
    0.302610245675410710E+02   -0.230722902091043309E+02   -0.890515351937696309E+01    1
    0.302594291485451947E+02   -0.226641798403732047E+02   -0.891515351937696288E+01    1
    0.302593028545379639E+02   -0.226320809976331994E+02   -0.892515351937696089E+01    1
    0.299934686550349525E+02   -0.224836945243207644E+02   -0.893515351937696423E+01    1
    0.299936717221788065E+02   -0.224323735220688611E+02   -0.894515351937696579E+01    1
    0.302577583881728813E+02   -0.222420004636633948E+02   -0.895515351937696202E+01    1
    0.302547316120855108E+02   -0.214907312553534453E+02   -0.896515351937696181E+01    1
    0.299993790394775353E+02   -0.210221325479995578E+02   -0.897515351937695982E+01    1
    0.300029623508453369E+02   -0.201684638143990256E+02   -0.898515351937695428E+01    1
    0.302460546557050840E+02   -0.194338773293864833E+02   -0.899515351937695407E+01    1
    0.302453999949333436E+02   -0.192845165557959213E+02   -0.900515351937695741E+01    1
    0.300071754317998689E+02   -0.191960826382833254E+02   -0.901515351937696252E+01    1
    0.300082104275143244E+02   -0.189623844409306521E+02   -0.902515351937696408E+01    1
    0.300089323745467382E+02   -0.188005809529741974E+02   -0.903515351937696032E+01    1
    0.300093239301801447E+02   -0.187132408521038229E+02   -0.904515351937695833E+01    1
    0.300095816521873147E+02   -0.186559131350700405E+02   -0.905515351937695989E+01    1
    0.302416124236611239E+02   -0.184364260520609342E+02   -0.906515351937695790E+01    1
    0.300132779075457989E+02   -0.178476533731902620E+02   -0.907515351937695591E+01    1
    0.300144419660148856E+02   -0.175985036130523618E+02   -0.908515351937695925E+01    1
    0.302369520744603086E+02   -0.174304490369505665E+02   -0.909515351937696437E+01    1
    0.300152548755220323E+02   -0.174260445888415916E+02   -0.910515351937696060E+01    1
    0.300178993002892582E+02   -0.168737467954049052E+02   -0.911515351937695506E+01    1
    0.300198817821410735E+02   -0.164684447091309174E+02   -0.912515351937696195E+01    1
    0.302313034628637425E+02   -0.162666723081119144E+02   -0.913515351937696529E+01    1
    0.302300759208213918E+02   -0.160218118116016406E+02   -0.914515351937696153E+01    1
    0.302294588266925928E+02   -0.158998041131985861E+02   -0.915515351937696131E+01    1
    0.302279047858911341E+02   -0.155957668669552341E+02   -0.916515351937695577E+01    1
    0.300266265649490904E+02   -0.151456575702681810E+02   -0.917515351937695733E+01    1
    0.302254246038979772E+02   -0.151200772070793761E+02   -0.918515351937696067E+01    1
    0.300269223690865132E+02   -0.150896303041692779E+02   -0.919515351937696046E+01    1
    0.302252239136611607E+02   -0.150820985910554075E+02   -0.920515351937696202E+01    1
    0.300272423440241170E+02   -0.150292128059878074E+02   -0.921515351937696536E+01    1
    0.302234755046944059E+02   -0.147544791795709571E+02   -0.922515351937696337E+01    1
    0.302232702313057615E+02   -0.147163971568431471E+02   -0.923515351937695961E+01    1
    0.302222714965448525E+02   -0.145322599318467347E+02   -0.924515351937695584E+01    1
    0.300311340692765683E+02   -0.143100084164462640E+02   -0.925515351937695918E+01    1
    0.302209546155486422E+02   -0.142923736141957747E+02   -0.926515351937696607E+01    1
    0.300318724390010701E+02   -0.141768149741634222E+02   -0.927515351937695876E+01    1
    0.302202459437580551E+02   -0.141646489457469240E+02   -0.928515351937695499E+01    1
    0.302194524329732559E+02   -0.140227702620533439E+02   -0.929515351937696188E+01    1
    0.302187764350427379E+02   -0.139028499448771150E+02   -0.930515351937696522E+01    1
    0.300374864206206453E+02   -0.131981217763361123E+02   -0.931515351937695790E+01    1
    0.300377542995266076E+02   -0.131529244833106809E+02   -0.932515351937696657E+01    1
    0.300381568434904054E+02   -0.130852634514226658E+02   -0.933515351937696458E+01    1
    0.302139802096811039E+02   -0.130770381187163771E+02   -0.934515351937696082E+01    1
    0.302138183634423783E+02   -0.130499366655885076E+02   -0.935515351937695883E+01    1
    0.302120770516144219E+02   -0.127615107599233397E+02   -0.936515351937696394E+01    1
    0.300413084078987502E+02   -0.125662177104010961E+02   -0.937515351937696728E+01    1
    0.300414257115731580E+02   -0.125472640564340949E+02   -0.938515351937696352E+01    1
    0.300418031617016936E+02   -0.124864546124632518E+02   -0.939515351937695797E+01    1
    0.302090947535840577E+02   -0.122809640411016634E+02   -0.940515351937695776E+01    1
    0.300438066609003123E+02   -0.121682276244176588E+02   -0.941515351937695755E+01    1
    0.302082503066869847E+02   -0.121479770715455100E+02   -0.942515351937696089E+01    1
    0.302072489324329361E+02   -0.119920390022975614E+02   -0.943515351937695712E+01    1
    0.302063455194877193E+02   -0.118529967107250176E+02   -0.944515351937694980E+01    1
    0.302062792309864072E+02   -0.118428556868610357E+02   -0.945515351937695137E+01    1
    0.302056945994221735E+02   -0.117537797720447994E+02   -0.946515351937695826E+01    1
    0.300479446349403005E+02   -0.115352023726961566E+02   -0.947515351937695982E+01    1
    0.302019265631361833E+02   -0.111953112856814041E+02   -0.948515351937695605E+01    1
    0.302013819669849113E+02   -0.111168350617006588E+02   -0.949515351937695584E+01    1
    0.302004540336304430E+02   -0.109844229171033518E+02   -0.950515351937695741E+01    1
    0.302004054875020600E+02   -0.109775407924257706E+02   -0.951515351937695897E+01    1
    0.301995380270490514E+02   -0.108553232438134675E+02   -0.952515351937695876E+01    1
    0.300528628276803644E+02   -0.108252898733201857E+02   -0.953515351937695854E+01    1
    0.301989164897549252E+02   -0.107686365671459345E+02   -0.954515351937695833E+01    1
    0.300533986135191142E+02   -0.107507386789546242E+02   -0.955515351937695989E+01    1
    0.301975553751512784E+02   -0.105813732210095104E+02   -0.956515351937696323E+01    1
    0.300547065951138990E+02   -0.105710409003659116E+02   -0.957515351937696302E+01    1
    0.301964793640295461E+02   -0.104358351773307181E+02   -0.958515351937695215E+01    1
    0.300566453623678846E+02   -0.103106844632928727E+02   -0.959515351937695371E+01    1
    0.301954979630993776E+02   -0.103050191426177982E+02   -0.960515351937695527E+01    1
    0.300573971849435075E+02   -0.102116512948253568E+02   -0.961515351937695861E+01    1
    0.300580051235031114E+02   -0.101323593592551671E+02   -0.962515351937695662E+01    1
    0.300584926255923151E+02   -0.100692848707712912E+02   -0.963515351937695286E+01    1
    0.300585816174933775E+02   -0.100578197498637429E+02   -0.964515351937695797E+01    1
    0.300587612421489574E+02   -0.100347241194734575E+02   -0.965515351937696309E+01    1
    0.300590165899922894E+02   -0.100019981236507007E+02   -0.966515351937695755E+01    1
    0.300604645487838269E+02   -0.981877594018220634E+01   -0.967515351937695556E+01    1
    0.300607236438753489E+02   -0.978641223495912449E+01   -0.968515351937696067E+01    1
    0.300620944963330103E+02   -0.961730891341667871E+01   -0.969515351937696224E+01    1
    0.300626345741516516E+02   -0.955167099068090053E+01   -0.970515351937696025E+01    1
    0.301876818772951196E+02   -0.932873899847376187E+01   -0.971515351937696003E+01    1
    0.301862174026854895E+02   -0.915877613194887807E+01   -0.972515351937696160E+01    1
    0.300663710436233949E+02   -0.911279882803949448E+01   -0.973515351937696316E+01    1
    0.301854625493790536E+02   -0.907276736658344340E+01   -0.974515351937696295E+01    1
    0.301849591225422493E+02   -0.901601040871859283E+01   -0.975515351937696273E+01    1
    0.300697018656288293E+02   -0.874401855256772542E+01   -0.976515351937695542E+01    1
    0.300698160036886293E+02   -0.873175640152053312E+01   -0.977515351937695698E+01    1
    0.301821140417610323E+02   -0.870433658992889114E+01   -0.978515351937696209E+01    1
    0.300707021104762369E+02   -0.863740476269015822E+01   -0.979515351937696011E+01    1
    0.301788078957465267E+02   -0.836154566257435050E+01   -0.980515351937695812E+01    1
    0.301768015490660169E+02   -0.816368514587504990E+01   -0.981515351937695613E+01    1
    0.300755529623780475E+02   -0.814742752600578868E+01   -0.982515351937695769E+01    1
    0.300758005634709491E+02   -0.812362143333588627E+01   -0.983515351937696103E+01    1
    0.301752283862732682E+02   -0.801391353484002700E+01   -0.984515351937696082E+01    1
    0.301752083037482350E+02   -0.801203210484840689E+01   -0.985515351937696060E+01    1
    0.300771373572704093E+02   -0.799711235847227275E+01   -0.986515351937695506E+01    1
    0.300772437401306973E+02   -0.798719108451669335E+01   -0.987515351937695307E+01    1
    0.301749030375701999E+02   -0.798352796643626039E+01   -0.988515351937695641E+01    1
    0.300773902617366460E+02   -0.797356180197022191E+01   -0.989515351937695975E+01    1
    0.301746292445329978E+02   -0.795811379818643161E+01   -0.990515351937695954E+01    1
    0.301744644094167320E+02   -0.794288232367077196E+01   -0.991515351937695577E+01    1
    0.301742585171288482E+02   -0.792392977261698839E+01   -0.992515351937695911E+01    1
    0.300785199429818206E+02   -0.786985477226492502E+01   -0.993515351937696067E+01    1
    0.300805336750985042E+02   -0.769102592100818860E+01   -0.994515351937695513E+01    1
    0.300806253766907510E+02   -0.768306648947386606E+01   -0.995515351937695492E+01    1
    0.301715120311373965E+02   -0.767884538430230812E+01   -0.996515351937695826E+01    1
    0.301712435679074069E+02   -0.765566069129167204E+01   -0.997515351937695982E+01    1
    0.300810489803286742E+02   -0.764650706715599515E+01   -0.998515351937696138E+01    1
    0.300810900619279131E+02   -0.764297969254751308E+01   -0.999515351937695584E+01    1
    0.300813023118388401E+02   -0.762480662558743383E+01   -0.100051535193769503E+02    1
    0.301704104396631578E+02   -0.758458620808203232E+01   -0.100151535193769536E+02    1
    0.301687519748644810E+02   -0.744704215133288372E+01   -0.100251535193769570E+02    1
    0.300840205546423896E+02   -0.739966336186172491E+01   -0.100351535193769603E+02    1
    0.300841985722395009E+02   -0.738541036618619007E+01   -0.100451535193769637E+02    1
    0.300844639125899249E+02   -0.736427804010445008E+01   -0.100551535193769475E+02    1
    0.301668413811371927E+02   -0.729509003671839018E+01   -0.100651535193769543E+02    1
    0.300856165000220095E+02   -0.727404162285750999E+01   -0.100751535193769577E+02    1
    0.300860731260902803E+02   -0.723899289314854499E+01   -0.100851535193769539E+02    1
    0.300863570361246104E+02   -0.721740160799476538E+01   -0.100951535193769484E+02    1
    0.301656979373806564E+02   -0.720748024486863326E+01   -0.101051535193769499E+02    1
    0.301655535408738089E+02   -0.719659401243149865E+01   -0.101151535193769551E+02    1
    0.301653755856551378E+02   -0.718323244542090134E+01   -0.101251535193769566E+02    1
    0.300870868909149110E+02   -0.716260185711314534E+01   -0.101351535193769582E+02    1
    0.300876836115861224E+02   -0.711855303697944919E+01   -0.101451535193769562E+02    1
    0.300882912936370417E+02   -0.707439295125915901E+01   -0.101551535193769507E+02    1
    0.300885815448211531E+02   -0.705354899343993136E+01   -0.101651535193769487E+02    1
    0.301635521519619232E+02   -0.704980179648505612E+01   -0.101751535193769485E+02    1
    0.300887441060868426E+02   -0.704194508668185915E+01   -0.101851535193769500E+02    1
    0.301634289974583041E+02   -0.704101849662558266E+01   -0.101951535193769534E+02    1
    0.300894576690114484E+02   -0.699160583869308550E+01   -0.102051535193769531E+02    1
    0.300898553680086955E+02   -0.696397104335059147E+01   -0.102151535193769565E+02    1
    0.301623256881543753E+02   -0.696362147585368252E+01   -0.102251535193769545E+02    1
    0.300900878368696709E+02   -0.694795723365911844E+01   -0.102351535193769507E+02    1
    0.300906212510864783E+02   -0.691160210296313160E+01   -0.102451535193769541E+02    1
    0.300908851437029803E+02   -0.689381698688483979E+01   -0.102551535193769521E+02    1
    0.301609926908221802E+02   -0.687320854306118445E+01   -0.102651535193769536E+02    1
    0.301609712513052735E+02   -0.687178205847926815E+01   -0.102751535193769570E+02    1
    0.301606455585825195E+02   -0.685021980178202394E+01   -0.102851535193769532E+02    1
    0.301605014255851138E+02   -0.684074214908353451E+01   -0.102951535193769512E+02    1
    0.300921429104119227E+02   -0.681087440574975922E+01   -0.103051535193769492E+02    1
    0.301598746729627720E+02   -0.679998991796026164E+01   -0.103151535193769526E+02    1
    0.300925383715695745E+02   -0.678541939153904838E+01   -0.103251535193769541E+02    1
    0.300931406239310775E+02   -0.674722660960909160E+01   -0.103351535193769539E+02    1
    0.301584328112318083E+02   -0.670908233758697925E+01   -0.103451535193769555E+02    1
    0.301578451118902677E+02   -0.667316597284294311E+01   -0.103551535193769570E+02    1
    0.301576615687890879E+02   -0.666208398940542512E+01   -0.103651535193769533E+02    1
    0.301576248973290717E+02   -0.665987753670318039E+01   -0.103751535193769513E+02    1
    0.301572294864234536E+02   -0.663624931779471261E+01   -0.103851535193769564E+02    1
    0.301553756025898636E+02   -0.652944458228107560E+01   -0.103951535193769562E+02    1
    0.300969924512037679E+02   -0.651931601795795324E+01   -0.104051535193769507E+02    1
    0.300970811918809034E+02   -0.651439871766873058E+01   -0.104151535193769558E+02    1
    0.300971223911575017E+02   -0.651212088713885873E+01   -0.104251535193769538E+02    1
    0.300971380722820498E+02   -0.651125475775054063E+01   -0.104351535193769482E+02    1
    0.301550045262028057E+02   -0.650885363732583677E+01   -0.104451535193769534E+02    1
    0.300973477827840910E+02   -0.649971670307791882E+01   -0.104551535193769531E+02    1
    0.300975275967212177E+02   -0.648989031356813051E+01   -0.104651535193769529E+02    1
    0.300975654958983299E+02   -0.648782708445344092E+01   -0.104751535193769580E+02    1
    0.301545515899916978E+02   -0.648407619081562725E+01   -0.104851535193769543E+02    1
    0.300980469150240246E+02   -0.646185704572960606E+01   -0.104951535193769523E+02    1
    0.301541091693387884E+02   -0.646025170467367627E+01   -0.105051535193769539E+02    1
    0.300981634021964553E+02   -0.645563958517926473E+01   -0.105151535193769536E+02    1
    0.300983312742472258E+02   -0.644672499310255098E+01   -0.105251535193769499E+02    1
    0.301536551972927143E+02   -0.643619319961896608E+01   -0.105351535193769514E+02    1
    0.301536220244339574E+02   -0.643445059427249433E+01   -0.105451535193769512E+02    1
    0.301526427074499992E+02   -0.638395150946113521E+01   -0.105551535193769528E+02    1
    0.301002815587889323E+02   -0.634709711655435438E+01   -0.105651535193769543E+02    1
    0.301517559978323320E+02   -0.633980551505628753E+01   -0.105751535193769524E+02    1
    0.301010250202159568E+02   -0.631102794015480040E+01   -0.105851535193769575E+02    1
    0.301508987993981741E+02   -0.629855418272578316E+01   -0.105951535193769573E+02    1
    0.301506722850064790E+02   -0.628788760173991168E+01   -0.106051535193769570E+02    1
    0.301504867917243224E+02   -0.627922558136224307E+01   -0.106151535193769551E+02    1
    0.301504185631532273E+02   -0.627605600349567716E+01   -0.106251535193769495E+02    1
    0.301020355076699957E+02   -0.626369392752451937E+01   -0.106351535193769458E+02    1
    0.301501464767797920E+02   -0.626350444509434912E+01   -0.106451535193769526E+02    1
    0.301022535089334724E+02   -0.625373751555952673E+01   -0.106551535193769560E+02    1
    0.301023766972274132E+02   -0.624815141731897761E+01   -0.106651535193769540E+02    1
    0.301495998098201667E+02   -0.623871305467554205E+01   -0.106751535193769556E+02    1
    0.301495427387765744E+02   -0.623615773308694354E+01   -0.106851535193769500E+02    1
    0.301492428178961838E+02   -0.622283105027201433E+01   -0.106951535193769480E+02    1
    0.301030734727080223E+02   -0.621710020710735645E+01   -0.107051535193769549E+02    1
    0.301490535980351027E+02   -0.621451151012742731E+01   -0.107151535193769494E+02    1
    0.301035250149211606E+02   -0.619747202902389649E+01   -0.107251535193769456E+02    1
    0.301486104514125444E+02   -0.619529463266453995E+01   -0.107351535193769543E+02    1
    0.301037388001447326E+02   -0.618831458421071368E+01   -0.107451535193769505E+02    1
    0.301037451782623116E+02   -0.618804271786796356E+01   -0.107551535193769414E+02    1
    0.301038395474890805E+02   -0.618402930881878010E+01   -0.107651535193769483E+02    1
    0.301482959642048343E+02   -0.618188421374702557E+01   -0.107751535193769499E+02    1
    0.301481943875251694E+02   -0.617759306155825971E+01   -0.107851535193769426E+02    1
    0.301480366712698675E+02   -0.617096926228800413E+01   -0.107951535193769441E+02    1
    0.301479592184542362E+02   -0.616773375132191237E+01   -0.108051535193769528E+02    1
    0.301045182515135288E+02   -0.615566515374117706E+01   -0.108151535193769561E+02    1
    0.301472570838884621E+02   -0.613892474781073627E+01   -0.108251535193769524E+02    1
    0.301051466834273072E+02   -0.613018522653212017E+01   -0.108351535193769521E+02    1
    0.301056291293253295E+02   -0.611113537211710689E+01   -0.108451535193769519E+02    1
    0.301061393789196075E+02   -0.609147064588784204E+01   -0.108551535193769482E+02    1
    0.301065137930073163E+02   -0.607735678051303463E+01   -0.108651535193769480E+02    1
    0.301456360895900950E+02   -0.607600516209922148E+01   -0.108751535193769477E+02    1
    0.301067511458271717E+02   -0.606854801612529915E+01   -0.108851535193769493E+02    1
    0.301067890634618465E+02   -0.606715074922817443E+01   -0.108951535193769473E+02    1
    0.301450637753491648E+02   -0.605498747098981038E+01   -0.109051535193769453E+02    1
    0.301072783010547340E+02   -0.604936823686779679E+01   -0.109151535193769469E+02    1
    0.301078667599242422E+02   -0.602858399959742375E+01   -0.109251535193769485E+02    1
    0.301079824027639731E+02   -0.602457716062909476E+01   -0.109351535193769500E+02    1
    0.301440255742851448E+02   -0.601845487363000942E+01   -0.109451535193769498E+02    1
    0.301438615867589235E+02   -0.601287240357732600E+01   -0.109551535193769460E+02    1
    0.301086281354507577E+02   -0.600267235706030622E+01   -0.109651535193769440E+02    1
    0.301086343385690327E+02   -0.600246578850172519E+01   -0.109751535193769456E+02    1
    0.301088434003705494E+02   -0.599554678381302075E+01   -0.109851535193769454E+02    1
    0.301088454158257406E+02   -0.599548048696521629E+01   -0.109951535193769434E+02    1
    0.301089664123134746E+02   -0.599151459295921818E+01   -0.110051535193769485E+02    1
    0.301093743936709615E+02   -0.597834799894824886E+01   -0.110151535193769536E+02    1
    0.301094009202867738E+02   -0.597750290814059859E+01   -0.110251535193769499E+02    1
    0.301425280772416961E+02   -0.596938114885286719E+01   -0.110351535193769461E+02    1
    0.301097220695528627E+02   -0.596737813089704883E+01   -0.110451535193769441E+02    1
    0.301098522606701415E+02   -0.596332966427018096E+01   -0.110551535193769439E+02    1
    0.301099059208372566E+02   -0.596167043677249531E+01   -0.110651535193769455E+02    1
    0.301419933648689451E+02   -0.595289450946966792E+01   -0.110751535193769488E+02    1
    0.301417659956817623E+02   -0.594604931985174723E+01   -0.110851535193769504E+02    1
    0.301104329240643018E+02   -0.594566674686781482E+01   -0.110951535193769502E+02    1
    0.301415215004612449E+02   -0.593879854039052901E+01   -0.111051535193769553E+02    1
    0.301413861461325929E+02   -0.593483348134485489E+01   -0.111151535193769551E+02    1
    0.301108800245108057E+02   -0.593250477617379524E+01   -0.111251535193769460E+02    1
    0.301409394402820610E+02   -0.592199564253187205E+01   -0.111351535193769493E+02    1
    0.301112959957844595E+02   -0.592060153185666405E+01   -0.111451535193769491E+02    1
    0.301114836393635628E+02   -0.591534000987021358E+01   -0.111551535193769507E+02    1
    0.301406954251099748E+02   -0.591514362685536721E+01   -0.111651535193769469E+02    1
    0.301404793171363359E+02   -0.590917006881468332E+01   -0.111751535193769467E+02    1
    0.301117153391556087E+02   -0.590893579933002133E+01   -0.111851535193769482E+02    1
    0.301402087225442799E+02   -0.590181599562666293E+01   -0.111951535193769498E+02    1
    0.301120476966296735E+02   -0.589992815526614311E+01   -0.112051535193769514E+02    1
    0.301122952094620189E+02   -0.589335684992584152E+01   -0.112151535193769529E+02    1
    0.301122987914570750E+02   -0.589326260790272372E+01   -0.112251535193769527E+02    1
    0.301397816118176998E+02   -0.589049236142072097E+01   -0.112351535193769525E+02    1
    0.301396644128887523E+02   -0.588744599105038358E+01   -0.112451535193769505E+02    1
    0.301126335632264173E+02   -0.588456279522912062E+01   -0.112551535193769485E+02    1
    0.301126408784455641E+02   -0.588437507862673570E+01   -0.112651535193769465E+02    1
    0.301394323228357663E+02   -0.588149053683765644E+01   -0.112751535193769428E+02    1
    0.301391334348460447E+02   -0.587397236895002806E+01   -0.112851535193769514E+02    1
    0.301391086172586853E+02   -0.587335577266531050E+01   -0.112951535193769441E+02    1
    0.301390192193178130E+02   -0.587114440499189705E+01   -0.113051535193769475E+02    1
    0.301132821570637930E+02   -0.586831576242267783E+01   -0.113151535193769508E+02    1
    0.301380292905273848E+02   -0.584767610875361488E+01   -0.113251535193769524E+02    1
    0.301379592561157743E+02   -0.584608658340466647E+01   -0.113351535193769486E+02    1
    0.301143818789964186E+02   -0.584260145604861414E+01   -0.113451535193769519E+02    1
    0.301144468349450136E+02   -0.584115475735793765E+01   -0.113551535193769464E+02    1
    0.301147754015357378E+02   -0.583396021318761004E+01   -0.113651535193769444E+02    1
    0.301147894826636637E+02   -0.583365648275002346E+01   -0.113751535193769477E+02    1
    0.301149052163271520E+02   -0.583117442923960461E+01   -0.113851535193769493E+02    1
    0.301370915388191065E+02   -0.582716846111904641E+01   -0.113951535193769544E+02    1
    0.301370146657720923E+02   -0.582556170091025205E+01   -0.114051535193769453E+02    1
    0.301152645728167627E+02   -0.582363037195420929E+01   -0.114151535193769433E+02    1
    0.301152791830267006E+02   -0.582332886613598788E+01   -0.114251535193769502E+02    1
    0.301157210610581139E+02   -0.581440232166085913E+01   -0.114351535193769465E+02    1
    0.301364173442608134E+02   -0.581346079638593327E+01   -0.114451535193769427E+02    1
    0.301157895962453495E+02   -0.581305117224854140E+01   -0.114551535193769425E+02    1
    0.301157942150148941E+02   -0.581296043685653530E+01   -0.114651535193769476E+02    1
    0.301158036238470999E+02   -0.581277572688186783E+01   -0.114751535193769509E+02    1
    0.301158095359495732E+02   -0.581265974950705910E+01   -0.114851535193769489E+02    1
    0.301361804611567479E+02   -0.580885029978754464E+01   -0.114951535193769505E+02    1
    0.301160115759163780E+02   -0.580873640531273239E+01   -0.115051535193769467E+02    1
    0.301361077946250475E+02   -0.580745742720332725E+01   -0.115151535193769430E+02    1
    0.301161110210730172E+02   -0.580683390225741380E+01   -0.115251535193769428E+02    1
    0.301161777452850643E+02   -0.580556796172796563E+01   -0.115351535193769426E+02    1
    0.301358054784713190E+02   -0.580177072446936481E+01   -0.115451535193769423E+02    1
    0.301357926224858055E+02   -0.580153276116503935E+01   -0.115551535193769439E+02    1
