    0.157312984727464584E-96    0.446203261311770348E+03    0.262140975113664325E+02
    0.283746311702053241E-95    0.440398404693561133E+03    0.269705335982621293E+02
    0.156627062501506764E-92    0.427751320113135364E+03    0.262221028988981608E+02
    0.448482099311290022E-91    0.421022147553511445E+03    0.269620655929026825E+02
    0.197368797627699527E-90    0.418038566808676137E+03    0.262263868935303499E+02
    0.128127915098370248E-89    0.414277486514998827E+03    0.269590719461443591E+02
    0.131198408247364641E-83    0.386579102113961653E+03    0.269465117442753588E+02
    0.141483581496690925E-82    0.381802986059273337E+03    0.269443004870595715E+02
    0.273246959950113259E-78    0.362045920669433883E+03    0.269350012012661537E+02
    0.385402237903465099E-78    0.361338097547038615E+03    0.262524678838254033E+02
    0.183918136659862973E-77    0.358192520988083743E+03    0.269331578018258284E+02
    0.217179277923193508E-75    0.348629715758411351E+03    0.262585919221789155E+02
    0.226323995498388818E-74    0.343922056766346145E+03    0.269262421131134033E+02
    0.220427799885862226E-73    0.339349681336215724E+03    0.262631355691297586E+02
    0.711918836143473212E-72    0.332379723734976267E+03    0.269205415382000623E+02
    0.142627376024816748E-71    0.330970010435878521E+03    0.262672927435399757E+02
    0.293318909888984614E-70    0.324902790290942960E+03    0.269167951470133815E+02
    0.337393183025533720E-69    0.319997643067522517E+03    0.262728176162780933E+02
    0.385886916865108070E-66    0.305893541710407249E+03    0.269070688399994395E+02
    0.787300584531737269E-65    0.299842240029244465E+03    0.269039086627876287E+02
    0.734686668566527961E-64    0.295355401854437673E+03    0.269015445623271212E+02
    0.869793017226519217E-60    0.276577098780367692E+03    0.268914468226722185E+02
    0.330081958615362531E-59    0.273889757172468535E+03    0.262971576110640513E+02
    0.555211987116289477E-56    0.259014228581460429E+03    0.263054486618857482E+02
    0.993713704268953538E-56    0.257830030298043198E+03    0.263061189651489258E+02
    0.139507294987896806E-55    0.257131524607217614E+03    0.263065150810474542E+02
    0.393686744963704259E-49    0.227405626219670665E+03    0.268632201140341316E+02
    0.550356020610054312E-49    0.226715606520693967E+03    0.263243282652251054E+02
    0.478265059699648570E-45    0.208555726340758781E+03    0.268515819034272347E+02
    0.256926228326770329E-44    0.205173308360024009E+03    0.263376936839094213E+02
    0.878100663885952573E-44    0.202695363871949212E+03    0.263392761127096833E+02
    0.144595124883150174E-43    0.201677840973478339E+03    0.263399287677225438E+02
    0.157892132682423961E-43    0.201481891972115932E+03    0.268470765763186563E+02
    0.419304274960598662E-43    0.199508522463599292E+03    0.268458053815041211E+02
    0.498762460154570746E-43    0.199141456261472797E+03    0.268455682194092482E+02
    0.619072436706316537E-43    0.198689271586827488E+03    0.268452757549376244E+02
    0.136735913802380782E-42    0.197084443118666940E+03    0.263428961939222219E+02
    0.438706675031628361E-42    0.194732883929725460E+03    0.268427021954012268E+02
    0.262732266559605704E-40    0.186527934573237076E+03    0.268372784174257788E+02
    0.103617935443322222E-39    0.183763614545073978E+03    0.268354237079620361E+02
    0.274299664496000002E-39    0.181796593069206835E+03    0.268340952338962708E+02
    0.572039446380688271E-39    0.180306619516424519E+03    0.268330840408607116E+02
    0.714553044767198918E-38    0.175236550762816051E+03    0.268296107150345193E+02
    0.298297131253763308E-37    0.172358514897878848E+03    0.263595150809284604E+02
    0.334550152705506846E-36    0.167503951257513876E+03    0.268242126859907799E+02
    0.440885688638539512E-36    0.166931953596052580E+03    0.268238083546915576E+02
    0.106869885601475683E-35    0.165141130530702981E+03    0.263645933734194493E+02
    0.119082760189643532E-34    0.160299547058561728E+03    0.268190671342623332E+02
    0.354126989909186530E-33    0.153494703148181799E+03    0.268140967296048203E+02
    0.366915639434440243E-33    0.153403750390247524E+03    0.263731016848599893E+02
    0.912626465332552836E-31    0.142351020594933999E+03    0.263814254371015764E+02
    0.176966339353424613E-30    0.141006584662255449E+03    0.268046709093375952E+02
    0.665495213407285950E-30    0.138337440854276934E+03    0.263845300594996246E+02
    0.207266532786174401E-29    0.136045322432910069E+03    0.268008072770844024E+02
    0.463741638032615861E-29    0.134414678393830513E+03    0.267995215713777739E+02
    0.837637698019893235E-29    0.133212162227494417E+03    0.263885629579496559E+02
    0.210298433111071924E-28    0.131351108109069656E+03    0.263900471315358800E+02
    0.248005907999205970E-28    0.131001258236050205E+03    0.263903273438253976E+02
    0.492034139839325911E-28    0.129611067164963004E+03    0.263914446563325420E+02
    0.586072676804386749E-28    0.129241275765492674E+03    0.263917429034333608E+02
    0.190196162906559434E-27    0.126866881235149549E+03    0.263936685202508770E+02
    0.473888852276702364E-27    0.125021047576318338E+03    0.263951783903494963E+02
    0.875757446954595442E-26    0.119167644669875429E+03    0.267870869230442814E+02
    0.146129914221786142E-25    0.118123660716029164E+03    0.264009250730684712E+02
    0.277774243443843109E-25    0.116819035395329351E+03    0.264020314350661423E+02
    0.260766138010353407E-24    0.112320234663604509E+03    0.267812346489569819E+02
    0.294909982592315629E-24    0.112054142296976920E+03    0.267810035396110067E+02
    0.529236845518944409E-24    0.110864610519498356E+03    0.264071643303653047E+02
    0.556674825580286216E-24    0.110743520082282501E+03    0.264072701812545638E+02
    0.130272801947205746E-23    0.109023050986534784E+03    0.264087806756695223E+02
    0.154701473377885328E-23    0.108659317879764728E+03    0.264091016008480324E+02
    0.764394401476811509E-22    0.100838974480511084E+03    0.267709893037680402E+02
    0.161838305290603839E-21    0.993187766284642777E+02    0.267695880489939846E+02
    0.372106135611141234E-21    0.976336138223261116E+02    0.267680215835571289E+02
    0.423186389436659603E-21    0.973563466331300731E+02    0.267677624966465899E+02
    0.131296964021163581E-20    0.950718785678975138E+02    0.264215182513080187E+02
    0.241108593374041515E-20    0.938363070312302341E+02    0.267644391160779094E+02
    0.412688295578629012E-20    0.927414167335585518E+02    0.267633921354200126E+02
    0.547812301064900179E-20    0.921549364611208546E+02    0.264243025672021510E+02
    0.444734847381042166E-19    0.879466751870827181E+02    0.264284021745289941E+02
    0.132447364732668178E-17    0.811389206886944407E+02    0.264352587893618036E+02
    0.170640284135227455E-17    0.806121758485450783E+02    0.264358017349118910E+02
    0.298294372662392280E-17    0.794751296737969000E+02    0.267501510513430674E+02
    0.100172500689645079E-16    0.770323337275725635E+02    0.267475888466008236E+02
    0.119785702555276715E-16    0.766547124725515800E+02    0.267471889528977123E+02
    0.132790340448588962E-16    0.764285781474886363E+02    0.267469489818542137E+02
    0.201900081320094233E-16    0.755705752849247858E+02    0.267460350443645041E+02
    0.331967137985317234E-16    0.745560491770194176E+02    0.264421839613429519E+02
    0.952682797677976161E-16    0.724275571367894884E+02    0.264444919430312098E+02
    0.119088454968920173E-15    0.719612178830157774E+02    0.264450023956642895E+02
    0.160708110671272359E-15    0.713417714704119987E+02    0.267414480584768981E+02
    0.446916822276554905E-15    0.692762059603617075E+02    0.264479762091380337E+02
    0.938074053130188768E-15    0.677732931675423771E+02    0.267374636203897396E+02
    0.105783029175302507E-14    0.675130005655588974E+02    0.264499625609721889E+02
    0.171400557283038977E-14    0.665277742540982331E+02    0.264510845341190013E+02
    0.993124757095196524E-14    0.629940681837250338E+02    0.264551835145727239E+02
    0.105762772630686410E-13    0.628482133991250649E+02    0.264553553135880684E+02
    0.204923231885839878E-13    0.615053397223499232E+02    0.267301840172530838E+02
    0.266059824644114431E-13    0.609631682068030685E+02    0.267295360263977102E+02
    0.639058071925690059E-13    0.591906199238838155E+02    0.267273956228452363E+02
    0.152897283834438007E-12    0.574259077002571416E+02    0.264619011006878324E+02
    0.164390823543086258E-12    0.572609470707585473E+02    0.267250258725713401E+02
    0.182880472022211461E-12    0.570277748349740818E+02    0.264623945973163117E+02
    0.324050034694512130E-12    0.558636445332800378E+02    0.267232828827371449E+02
    0.447605577822236619E-12    0.551976155211928017E+02    0.267224437851013441E+02
    0.245843768204770407E-11    0.517708777200106312E+02    0.267180372161772013E+02
    0.253925255628391458E-11    0.516861903021033839E+02    0.267179263364097039E+02
    0.594767367189212082E-11    0.499639295120114326E+02    0.267156495636191629E+02
    0.905507298866079957E-11    0.491032795354039848E+02    0.267144957508944110E+02
    0.152560441396019326E-10    0.480399783160823475E+02    0.264740763481959860E+02
    0.523280815327093736E-10    0.455548635216611189E+02    0.267096175549738035E+02
    0.626851902971564353E-10    0.451736793985297851E+02    0.264780499536958303E+02
    0.709086616137882028E-10    0.449071446537889685E+02    0.264784264246499852E+02
    0.104558972944073990E-09    0.441104273459515070E+02    0.264795591716062866E+02
    0.365261503751841140E-09    0.415887027478120785E+02    0.267039101207191152E+02
    0.394596509216553384E-09    0.414142023448646697E+02    0.267036522133420391E+02
    0.796093542035094097E-09    0.399904964510748329E+02    0.264856062283971738E+02
    0.793296395375798708E-09    0.399775360062682665E+02    0.267015054360140169E+02
    0.138114650907709318E-08    0.388485913653859001E+02    0.264873431796817371E+02
    0.275883579011159041E-08    0.374448017301034426E+02    0.266976130118641208E+02
    0.282536262713105038E-08    0.373771458413360946E+02    0.266975070362792977E+02
    0.282212913110536859E-08    0.373594360590238281E+02    0.264896519437344793E+02
    0.412565545373101076E-08    0.365799694711537455E+02    0.264908811117876404E+02
    0.632135937750745987E-08    0.357065507284141361E+02    0.264922761561414859E+02
    0.701287705617983593E-08    0.354789232041185016E+02    0.264926428956580295E+02
    0.698650217636815806E-08    0.354664592271318853E+02    0.266944682063739052E+02
    0.188039019773532302E-07    0.334662904806558501E+02    0.264959454536437988E+02
    0.311629421295245599E-07    0.324359600079898200E+02    0.266894510728375494E+02
    0.419557299870179448E-07    0.318211892523174349E+02    0.264987303088162136E+02
    0.682286876598758273E-07    0.308286890480709879E+02    0.265004507031872549E+02
    0.962644107503991530E-07    0.301202219131440785E+02    0.266854327606392587E+02
    0.135408587596900520E-06    0.294178257164831933E+02    0.265029524868179180E+02
    0.151026436595116758E-06    0.291795094846702874E+02    0.265033819274057407E+02
    0.265636084350897822E-06    0.280301647449714082E+02    0.265054824137883571E+02
    0.309578355103874627E-06    0.277039968275967468E+02    0.265060876893286093E+02
    0.382233448405825412E-06    0.272623561943713462E+02    0.265069139874809778E+02
    0.445708427807895734E-06    0.269350893033832470E+02    0.265075314144805496E+02
    0.544210454052038031E-06    0.265157472090103781E+02    0.265083290887127028E+02
    0.842915870448530396E-06    0.256206849708004896E+02    0.265100571638581748E+02
    0.865573794653843512E-06    0.255476340143585041E+02    0.266769314390748171E+02
    0.103934255359913715E-05    0.251617320167551313E+02    0.266761739493387324E+02
    0.121026197739775959E-05    0.248372350304257274E+02    0.266755315739851468E+02
    0.130132361868694653E-05    0.246721448938522201E+02    0.265119284006599223E+02
    0.171865459761096307E-05    0.240958251751699564E+02    0.265130865836609146E+02
    0.185503179955985561E-05    0.239231050462005932E+02    0.266736942761900551E+02
    0.215324703789402955E-05    0.236049548171813584E+02    0.265140863541050642E+02
    0.216993775367800224E-05    0.235695117588653922E+02    0.265141590293028386E+02
    0.259922245427439586E-05    0.231884840347593588E+02    0.266721866606201488E+02
    0.261913341139889430E-05    0.231532217151610027E+02    0.266721135662049171E+02
    0.264686811130036896E-05    0.231121545307122318E+02    0.265151028685249095E+02
    0.323756517007633016E-05    0.226892656101125496E+02    0.266711454289099983E+02
    0.386857951116376748E-05    0.223131339466993239E+02    0.265167796255740740E+02
    0.643665092309464629E-05    0.212748919995667052E+02    0.265190147103542202E+02
    0.758722841431511988E-05    0.209259759994351988E+02    0.266673501808943172E+02
    0.816786098285901623E-05    0.207584946012868770E+02    0.265201517245726350E+02
    0.118941044347532359E-04    0.199868230198599477E+02    0.266652468105124498E+02
    0.122027422036417206E-04    0.199155873287205623E+02    0.266650847437940719E+02
    0.175861503208057033E-04    0.191646853659162666E+02    0.265237777277270368E+02
    0.198151519648362861E-04    0.189060149316757986E+02    0.266627470817279075E+02
    0.212813972338633888E-04    0.187432420796572288E+02    0.266623627462800989E+02
    0.253203387547596745E-04    0.183756927710123925E+02    0.265256443235419326E+02
    0.261216173315460366E-04    0.182933822797262771E+02    0.265258420168673261E+02
    0.267300883025754227E-04    0.182273290559729872E+02    0.265260010818453189E+02
    0.270557938156899231E-04    0.181831063803111590E+02    0.265261077855657490E+02
    0.286536925693076062E-04    0.180483440825724664E+02    0.265264339958456290E+02
    0.287789758585261256E-04    0.180196184919726932E+02    0.265265037351705715E+02
    0.309585988878145546E-04    0.178536071389934179E+02    0.265269082029872649E+02
    0.310945262636545187E-04    0.178248451246442698E+02    0.266601526936480724E+02
    0.354460173354937167E-04    0.175428869218642092E+02    0.265276719092768900E+02
    0.457802445709863120E-04    0.170112034096234517E+02    0.265289996620131880E+02
    0.473814871659745319E-04    0.169224455506821840E+02    0.265292239823216995E+02
    0.475957841557732880E-04    0.168934203449473479E+02    0.265292975084503553E+02
    0.532512361796159126E-04    0.166488666853437621E+02    0.265299203801126993E+02
    0.655638955009878795E-04    0.162128583813084148E+02    0.266560849474092052E+02
    0.904852188058275403E-04    0.155485357047572794E+02    0.265328018344354533E+02
    0.992699258991935662E-04    0.153432233949769596E+02    0.266537764690751686E+02
    0.996176272495557136E-04    0.153162304645680774E+02    0.265334278243177835E+02
    0.100453596816196935E-03    0.152795169279648348E+02    0.265335273530655229E+02
    0.114370799279634182E-03    0.150000171326423661E+02    0.265342905432333112E+02
    0.133295782577633247E-03    0.146737675470517566E+02    0.266519372151238514E+02
    0.149225439621356580E-03    0.144279923631041136E+02    0.265358839618608826E+02
    0.161603793201498344E-03    0.142486134860791367E+02    0.266507384405439041E+02
    0.163301611888913399E-03    0.142077109819657270E+02    0.265365094389639715E+02
    0.174219106170503467E-03    0.140582812474387602E+02    0.266501935523812428E+02
    0.212191822526036866E-03    0.136439273456607548E+02    0.266489888066769396E+02
    0.218629031290064395E-03    0.135641559783451093E+02    0.266487538503029562E+02
    0.237362510423515515E-03    0.133797316185343824E+02    0.266482067841497994E+02
    0.240800454159526472E-03    0.133309715243103994E+02    0.265390699947336728E+02
    0.256604378453444268E-03    0.131838376925102274E+02    0.266476196317363758E+02
    0.254709762132957862E-03    0.131786593048312959E+02    0.265395271977038618E+02
    0.290849297006172077E-03    0.128932982166220533E+02    0.265403943613156983E+02
    0.309657836226789440E-03    0.127479728556914811E+02    0.266462897605363978E+02
    0.313160817821536393E-03    0.127054750161658667E+02    0.266461582957992391E+02
    0.312246502795089545E-03    0.126913228254107882E+02    0.265410167779453303E+02
    0.319954904311380559E-03    0.126225485995930313E+02    0.266459008165825111E+02
    0.372453904232078557E-03    0.122986821569965734E+02    0.266448828663287642E+02
    0.372597548383739850E-03    0.122779109664811745E+02    0.265423143316153869E+02
    0.376963371393381993E-03    0.122346126740250405E+02    0.266446790865110188E+02
    0.386316659233019403E-03    0.121655939355448481E+02    0.265426725695839139E+02
    0.564763739272645406E-03    0.113860937570381981E+02    0.265452319079081178E+02
    0.612613017768705152E-03    0.112034418348584239E+02    0.265458514585311889E+02
    0.618183151040908635E-03    0.111653391743470998E+02    0.266411495030499950E+02
    0.762829722152297838E-03    0.107248390482478300E+02    0.266396168371482389E+02
    0.820026181732319798E-03    0.105602361858843992E+02    0.266390308632045070E+02
    0.817633147235414951E-03    0.105460812017746424E+02    0.265481511022502445E+02
    0.818940618761996382E-03    0.105228855699445081E+02    0.265482343783118004E+02
    0.876904034561667945E-03    0.103661135998417997E+02    0.266383299450257880E+02
    0.943414256413602323E-03    0.101998977583173787E+02    0.265494102731760897E+02
    0.996051499541592304E-03    0.100713107980354231E+02    0.265498872264847208E+02
    0.991185301660244857E-03    0.100611057205222902E+02    0.265499253023081678E+02
    0.105380061142265461E-02    0.991859164730025533E+01    0.265504605461205614E+02
    0.115307165897867185E-02    0.971853938653988791E+01    0.265512233009440308E+02
    0.118451497303695809E-02    0.964473139461157558E+01    0.266356230140888606E+02
    0.119183448367534382E-02    0.961241075925157062E+01    0.266354976435629318E+02
    0.131446121378613881E-02    0.939654444867374217E+01    0.265524807245775030E+02
    0.133628517345955313E-02    0.934361115425129363E+01    0.266344400851026037E+02
    0.134122153798866975E-02    0.931623657684919415E+01    0.266343308439668043E+02
    0.134252834185634592E-02    0.929428884844011272E+01    0.265528881743731660E+02
    0.161013000125085769E-02    0.891076832159074428E+01    0.266326770666644848E+02
    0.190242323087596210E-02    0.855714124883744454E+01    0.266311754121764714E+02
    0.193850503414385168E-02    0.849956401519516547E+01    0.265562060209085651E+02
    0.215230920159225009E-02    0.827031553926961216E+01    0.266299118854287222E+02
    0.213405162355555320E-02    0.826735347816310551E+01    0.266298986077036659E+02
    0.217786358725604364E-02    0.820670938443009668E+01    0.266296256900035289E+02
    0.219081262645473259E-02    0.817485309068116983E+01    0.266294814957411674E+02
    0.221175310887308102E-02    0.813582723930654339E+01    0.265578271654221254E+02
    0.220609274934053514E-02    0.812095223715531844E+01    0.265578950301558834E+02
    0.240487405549494673E-02    0.792840309648316843E+01    0.266283457687948513E+02
    0.299870533174654511E-02    0.746703688642800856E+01    0.265610179529948383E+02
    0.324627493164239165E-02    0.728838183709777976E+01    0.266252064969492039E+02
    0.323564597036047610E-02    0.727494098582505000E+01    0.265619939977768418E+02
    0.322573681503915887E-02    0.726107537743685683E+01    0.265620656195839331E+02
    0.322095457660434310E-02    0.724404262933180387E+01    0.266249773971790518E+02
    0.319019399584184130E-02    0.724323470791860835E+01    0.266249732071630874E+02
    0.348439768755485699E-02    0.704680776668950237E+01    0.265631938672818606E+02
    0.345672001482088924E-02    0.704275783157234692E+01    0.266239156252268501E+02
    0.343449153439702665E-02    0.703566038570752994E+01    0.265632537141518519E+02
    0.353320460328326131E-02    0.695898760779465331E+01    0.266234626293644077E+02
    0.351957120318295352E-02    0.694671983547677385E+01    0.265637355090300922E+02
    0.364081184415371252E-02    0.685898478352419083E+01    0.266229126994687277E+02
    0.376961490648612500E-02    0.676945246645715848E+01    0.265647197669624440E+02
    0.373266428119205587E-02    0.676915363894529420E+01    0.265647214545264774E+02
    0.370111362544401929E-02    0.676613065687187021E+01    0.265647385317215452E+02
    0.371910204414096146E-02    0.673643365897469337E+01    0.265649068346890651E+02
    0.372723669611688384E-02    0.671206391137351854E+01    0.266220855334809130E+02
    0.369656894256784963E-02    0.670858801208068645E+01    0.266220656734322780E+02
    0.397699711453682481E-02    0.654234408392569122E+01    0.266210990931834246E+02
    0.395396943030054595E-02    0.653395817853435901E+01    0.266210494349967419E+02
    0.393329372376767603E-02    0.652444382025250835E+01    0.265661382360535505E+02
    0.422794801478966389E-02    0.635996462035877208E+01    0.266199980701679877E+02
    0.419028852475019069E-02    0.635785898152994378E+01    0.265671461312073518E+02
    0.416491894417238707E-02    0.635000453680832244E+01    0.266199366174955188E+02
    0.452209131011156555E-02    0.616544903316233217E+01    0.266187708347441543E+02
    0.459114196162900903E-02    0.611514059227752860E+01    0.265686876440863813E+02
    0.464197313091065187E-02    0.607311912614418148E+01    0.265689643308246204E+02
    0.466127986771001750E-02    0.604481804499819564E+01    0.266179787777504657E+02
    0.462239038888253261E-02    0.604157422234230435E+01    0.265691740978555302E+02
    0.472770238026500814E-02    0.597651950572907431E+01    0.266175187235972999E+02
    0.470180305890312723E-02    0.596750603589526385E+01    0.266174573478154173E+02
    0.477952760078598562E-02    0.591471473863685304E+01    0.266170946592911335E+02
    0.473446168309248853E-02    0.591366210273671467E+01    0.265700438511490979E+02
    0.475469780381037113E-02    0.588513188404985410E+01    0.265702422691821454E+02
    0.473893273040173948E-02    0.587177426931774349E+01    0.265703357493680059E+02
    0.477884160890617183E-02    0.583500181349908775E+01    0.265705950580078039E+02
    0.476501114701979693E-02    0.582079841238698670E+01    0.265706960033877024E+02
    0.473347005378671557E-02    0.581408104505144507E+01    0.266163873216272897E+02
    0.469549336177049487E-02    0.581019178626363875E+01    0.266163595441210674E+02
    0.465086756107464284E-02    0.580929061635913246E+01    0.266163531030365199E+02
    0.464727143448480460E-02    0.579083764712339732E+01    0.265709104133848442E+02
    0.463904158144851086E-02    0.577438258694044393E+01    0.265710290395135473E+02
    0.459641590196703618E-02    0.577284446919647731E+01    0.265710401598807096E+02
    0.455563041422765193E-02    0.577067032205197172E+01    0.265710558880187762E+02
    0.463708351980756089E-02    0.571522693159884110E+01    0.266156704659224062E+02
    0.459926900597318767E-02    0.571160340705643943E+01    0.266156437471614851E+02
    0.456583480546530595E-02    0.570619542892945386E+01    0.265715274115836522E+02
    0.456867006087189210E-02    0.568495387044801781E+01    0.265716849824275521E+02
    0.457829786696996484E-02    0.566074359673565297E+01    0.265718659705263214E+02
    0.466873396468786561E-02    0.560162229472484441E+01    0.265723144190829110E+02
    0.469365651029265800E-02    0.557097432846448548E+01    0.265725506567996099E+02
    0.475466002875099027E-02    0.552514777368617871E+01    0.266142222895823615E+02
    0.479527881573357361E-02    0.548813445764888819E+01    0.266139283154676889E+02
    0.479480299567154860E-02    0.546833292104963231E+01    0.265733619339763862E+02
    0.475186037796821413E-02    0.546632576552502236E+01    0.266137530981893704E+02
    0.474854728842008435E-02    0.544772069079508015E+01    0.266136024085797231E+02
    0.470164228032552822E-02    0.544757442724411067E+01    0.266136012194454032E+02
    0.466134488497679886E-02    0.544479014844824682E+01    0.266135785695626303E+02
    0.467651729290465435E-02    0.541829083586861504E+01    0.265737695189262908E+02
    0.469899887170006740E-02    0.538869920528952751E+01    0.266131166861143598E+02
    0.466752269704660220E-02    0.538214124688820128E+01    0.266130619698577142E+02
    0.464368177714337589E-02    0.537238308920594676E+01    0.265741509543888128E+02
    0.462882284592279480E-02    0.535879298363834522E+01    0.266128659046444973E+02
    0.461055210492240450E-02    0.534670294071369057E+01    0.265743676291255859E+02
    0.458865263109896077E-02    0.533622529218705388E+01    0.265744567393568687E+02
    0.465715504465323820E-02    0.528658865277299483E+01    0.266122465572295468E+02
    0.465207914884868332E-02    0.526876966839773431E+01    0.265750406958182346E+02
    0.462806699844404111E-02    0.525911959332827017E+01    0.265751257474807652E+02
    0.458247040221116016E-02    0.525892168162673990E+01    0.265751274958960337E+02
    0.457096757169140645E-02    0.524394835536733428E+01    0.265752602593014053E+02
    0.457999290836152984E-02    0.522000326583657692E+01    0.266116566246658302E+02
    0.463450053687603641E-02    0.517634129694680389E+01    0.266112591143761641E+02
    0.467964986297818904E-02    0.513695158224545345E+01    0.265762385447936680E+02
    0.464547512972473230E-02    0.513161085438564424E+01    0.265762888272232978E+02
    0.460082019255893693E-02    0.513092898463857505E+01    0.265762952574988347E+02
    0.458877899419974419E-02    0.511617021660342175E+01    0.265764350294687937E+02
    0.455632152617611863E-02    0.511036693504804695E+01    0.266106409192589126E+02
    0.456400698742047157E-02    0.508699623933153244E+01    0.266104164913890173E+02
    0.454349614752862490E-02    0.507600458081180150E+01    0.265768213228249550E+02
    0.455266149188244141E-02    0.505197415485882129E+01    0.266100744649913423E+02
    0.452417099873905076E-02    0.504452945396239905E+01    0.265771303791357028E+02
    0.453248465721440078E-02    0.502085760813923709E+01    0.266097645227755208E+02
    0.458219455399190480E-02    0.497904207804957721E+01    0.266093384225346128E+02
    0.455604926200133247E-02    0.497048644913771209E+01    0.265778814075355001E+02
    0.451554515216097841E-02    0.496834632124101283E+01    0.266092275710715889E+02
    0.452546815447591073E-02    0.494395610259499030E+01    0.265781594152522338E+02
    0.448837218473831755E-02    0.494041797801050286E+01    0.266089343509162219E+02
    0.445867637690145098E-02    0.493369427428975982E+01    0.266088629192182289E+02
    0.442401826185223699E-02    0.492930138106775040E+01    0.266088160690227653E+02
    0.438875256613772361E-02    0.492530809888412335E+01    0.266087733554450239E+02
    0.442914176266514213E-02    0.488698650078966779E+01    0.266083571838265911E+02
    0.449225739533829199E-02    0.483868749316744662E+01    0.266078153549815113E+02
    0.450693672722064353E-02    0.481216275564015206E+01    0.266075088409047531E+02
    0.446468082382533993E-02    0.481100270980565448E+01    0.265796359399876678E+02
    0.445257261313876558E-02    0.479643407640910269E+01    0.266073238588768959E+02
    0.443011697964098075E-02    0.478654618540519383E+01    0.266072062851153390E+02
    0.438928088846117503E-02    0.478506735141974726E+01    0.266071886135419575E+02
    0.436460110911002751E-02    0.477634456294568110E+01    0.265800473125703540E+02
    0.434018139017015511E-02    0.476756588088299349E+01    0.266069777085899517E+02
    0.430549074993226595E-02    0.476361591185856703E+01    0.265802015733789148E+02
    0.426456560995253954E-02    0.476271751369286633E+01    0.265802125285569986E+02
    0.422510875458737434E-02    0.476130816288383052E+01    0.266069014892323281E+02
    0.418632079516345623E-02    0.475975365262272021E+01    0.266068824875651302E+02
    0.415351985125805758E-02    0.475548590192017606E+01    0.266068301804632981E+02
    0.411843339498422795E-02    0.475245247107199642E+01    0.266067928758719781E+02
    0.408705518927377637E-02    0.474774874908942834E+01    0.266067348213673185E+02
    0.410461250742724919E-02    0.471917547893809530E+01    0.265807547105517337E+02
    0.407003204648695351E-02    0.471609641879457264E+01    0.266063372996276613E+02
    0.404029670162520810E-02    0.471076190475554224E+01    0.266062690786051732E+02
    0.401419294168363534E-02    0.470372553249158010E+01    0.266061785288403456E+02
    0.400785805131441582E-02    0.468688427166765997E+01    0.266059591153833885E+02
    0.398471548987148344E-02    0.467846633644291821E+01    0.266058479746242540E+02
    0.394870818153664031E-02    0.467662119975306645E+01    0.266058234789100396E+02
    0.394406037609233619E-02    0.465897667537489646E+01    0.266055867125899148E+02
    0.392272540683586985E-02    0.464982482716265899E+01    0.266054620510499653E+02
    0.389827552727759537E-02    0.464232959958983660E+01    0.266053589736161165E+02
    0.386216401956902215E-02    0.464094285886985869E+01    0.265817914180520702E+02
    0.384108224237196452E-02    0.463188984361514056E+01    0.265819173398448143E+02
    0.382311381889217971E-02    0.462126771247832657E+01    0.265820668451073701E+02
    0.379686363290424392E-02    0.461504743295421971E+01    0.265821553042283725E+02
    0.376412949328450933E-02    0.461236491682973870E+01    0.265821936648733654E+02
    0.373271839523273315E-02    0.460912464429465984E+01    0.266048910468829547E+02
    0.372150949898413528E-02    0.459513943474959330E+01    0.265824431455865486E+02
    0.370893159136889260E-02    0.458191045653738094E+01    0.266044926113813212E+02
    0.370211129499055424E-02    0.456559161094891053E+01    0.266042465655651768E+02
    0.367415037948500608E-02    0.456075433193969282E+01    0.265829586863612093E+02
    0.364692569135559742E-02    0.455562909262212301E+01    0.266040935302216752E+02
    0.361784471470710496E-02    0.455164123360214479E+01    0.266040316451661525E+02
    0.359004557163953957E-02    0.454706837236176220E+01    0.265831709933508371E+02
    0.355964919054581504E-02    0.454407416924732477E+01    0.265832180224368813E+02
    0.353562814494852396E-02    0.453761621206552679E+01    0.265833201905990677E+02
    0.352403015016916924E-02    0.452418763789310674E+01    0.266035952527389377E+02
    0.351199414485315470E-02    0.451103014812414038E+01    0.265837519920968290E+02
    0.348470405712806349E-02    0.450663192217775688E+01    0.266033059500238878E+02
    0.346951571218691475E-02    0.449536812528598428E+01    0.265840155033343208E+02
    0.344145921990709558E-02    0.449160701875132684E+01    0.266030513483572193E+02
    0.341294858994013696E-02    0.448824495170272630E+01    0.266029934357313635E+02
    0.338589856529074827E-02    0.448415951295806980E+01    0.266029225804088014E+02
    0.337735615648437773E-02    0.446921176291784494E+01    0.266026586314758688E+02
    0.335272030164736595E-02    0.446385407197860395E+01    0.266025621397378487E+02
    0.333705571667424752E-02    0.445322037276936555E+01    0.266023674947070532E+02
    0.331941195287003502E-02    0.444382287607936366E+01    0.265849393989807581E+02
    0.329189595033768396E-02    0.444047081431699020E+01    0.265850029327178987E+02
    0.325998926751777012E-02    0.443995035889955325E+01    0.266021183821547282E+02
    0.323023331187869290E-02    0.443828943048964497E+01    0.266020866894227126E+02
    0.320347516099219560E-02    0.443492574858589350E+01    0.265851090796731953E+02
    0.319404670846719667E-02    0.442082081829793339E+01    0.265853852900651155E+02
    0.316450880780092978E-02    0.441940246821193394E+01    0.266017176389139571E+02
    0.313737284020394660E-02    0.441662661606518459E+01    0.266016619811190651E+02
    0.312189795723697913E-02    0.440651589230653595E+01    0.265856752864097778E+02
    0.309795731448589710E-02    0.440191223832147216E+01    0.265857709083668183E+02
    0.306765965774387752E-02    0.440156827647555549E+01    0.266013531218218446E+02
    0.304245252300375767E-02    0.439807028298591884E+01    0.265858516164860852E+02
    0.331080133274909948E-02    0.422898432292887883E+01    0.265956677242203092E+02
    0.324709118292340745E-02    0.426784568221366101E+01    0.265894328642043121E+02
    0.326676739355650711E-02    0.425576296948834276E+01    0.265971909585014288E+02
    0.325498973778665145E-02    0.426298658627511529E+01    0.265975021754835375E+02
    0.329783313755363083E-02    0.423683357644663339E+01    0.265909243794336234E+02
    0.330061027726635814E-02    0.423515006431984098E+01    0.265961008877493796E+02
    0.325683901965038687E-02    0.426185063385232787E+01    0.265974548854694959E+02
    0.319168746593972682E-02    0.430226530583704037E+01    0.265882464729640233E+02
    0.329901459044233594E-02    0.423611720223273647E+01    0.265961622846093704E+02
    0.323872882589868859E-02    0.427300300181064330E+01    0.265892343515004619E+02
    0.330747297517668994E-02    0.423099593967255050E+01    0.265913130014990955E+02
    0.327060906645318915E-02    0.425341237924016280E+01    0.265970837555931645E+02
    0.313388141385005734E-02    0.433882022282861168E+01    0.265999061567492419E+02
    0.325031849539120796E-02    0.426585885183478908E+01    0.265895119332994447E+02
    0.318332843472745241E-02    0.430751017809026315E+01    0.265990430157758553E+02
    0.332859884038434924E-02    0.421826193849673992E+01    0.265945276997664202E+02
    0.328707805575973898E-02    0.424336674966142269E+01    0.265965829868834049E+02
    0.331582314957474394E-02    0.422595302528986139E+01    0.265917132317140776E+02
    0.313696779221475609E-02    0.433685150789863005E+01    0.265998553748368280E+02
    0.332453621977446415E-02    0.422070446886962181E+01    0.265922536003544536E+02
    0.328174730908851933E-02    0.424661283860144323E+01    0.265967534169087507E+02
    0.333182231351081010E-02    0.421632604086885188E+01    0.265930225497354478E+02
    0.308432901990125232E-02    0.437069655987795347E+01    0.266006781050187016E+02
    0.333164539042240344E-02    0.421643224568370734E+01    0.265929915759754500E+02
    0.333284042586328702E-02    0.421571498977731629E+01    0.265932560306343113E+02
    0.333279841367754978E-02    0.421574020097567193E+01    0.265932430375826989E+02
    0.326856260746595344E-02    0.425466419470309631E+01    0.265899899747418544E+02
    0.313660136186296682E-02    0.433708514227370934E+01    0.265872697989927715E+02
    0.304246844666289070E-02    0.439802648214435088E+01    0.265858525414811240E+02
    0.320000010451049113E-02    0.429706314714838999E+01    0.265884082465112179E+02
    0.324866193747194764E-02    0.426687843204263650E+01    0.265976600549844164E+02
    0.320148501686240471E-02    0.429613529222073343E+01    0.265986935850645239E+02
    0.313562232956504129E-02    0.433770950285396850E+01    0.265998775565705117E+02
    0.330545091892907577E-02    0.423221903332553229E+01    0.265959049960101268E+02
    0.320848165183908662E-02    0.429176919291509673E+01    0.265985529628477337E+02
    0.324569434941470716E-02    0.426870622721290083E+01    0.265977321386071033E+02
    0.332790789349093116E-02    0.421867713939626388E+01    0.265945956031585915E+02
    0.310647537599137349E-02    0.435638730431497923E+01    0.265867887580322737E+02
    0.325165643029162472E-02    0.426503575735374696E+01    0.265975860765398160E+02
    0.332432374288796611E-02    0.422083229642969293E+01    0.265948933972672101E+02
    0.333190145294845171E-02    0.421627853623605375E+01    0.265940942305361077E+02
    0.308436911329989421E-02    0.437067056191353309E+01    0.265864537121514815E+02
    0.332857091161761504E-02    0.421827871966217316E+01    0.265926006848359329E+02
    0.314014015057460273E-02    0.433482996634869799E+01    0.265998028000596562E+02
    0.328676644937903094E-02    0.424355635340437587E+01    0.265965932055194259E+02
    0.307392318210493801E-02    0.437745552158243356E+01    0.265862999665087862E+02
    0.322064549726533769E-02    0.428420122316854268E+01    0.265888318917142357E+02
    0.330171875175344111E-02    0.423447849857834147E+01    0.265910738568071814E+02
    0.309582692274995661E-02    0.436325473075823744E+01    0.265866256479025935E+02
    0.326820230212583867E-02    0.425488467400468728E+01    0.265899799443933453E+02
    0.331139563720851638E-02    0.422862534571107496E+01    0.265914915017191653E+02
    0.331487427222089794E-02    0.422652544010535625E+01    0.265916635602337124E+02
    0.329362348861605156E-02    0.423938818599573164E+01    0.265907712639896054E+02
    0.329553987192344328E-02    0.423822483140482831E+01    0.265962912966413505E+02
    0.332655340681903104E-02    0.421949132202020749E+01    0.265924140301186398E+02
    0.328108591548982543E-02    0.424701595327969095E+01    0.265903572718992898E+02
    0.315387441547975485E-02    0.432610149166201285E+01    0.265995705141191010E+02
    0.332026854122205841E-02    0.422327350094367304E+01    0.265919661292901459E+02
    0.329668702078706258E-02    0.423752876988032678E+01    0.265908818463758863E+02
    0.331645044525417671E-02    0.422557469609560421E+01    0.265917468057769426E+02
    0.315300393101270674E-02    0.432665357744819801E+01    0.265995854720048825E+02
    0.315716245720645524E-02    0.432401749685068104E+01    0.265876175090937359E+02
    0.305734872794647663E-02    0.438826860883427283E+01    0.265860614517735527E+02
    0.331385719659292848E-02    0.422713917782620552E+01    0.265955195165213745E+02
    0.311552289040027642E-02    0.435057083160096791E+01    0.266002011797734497E+02
    0.329927998213889280E-02    0.423595631720780652E+01    0.265961521721931078E+02
    0.306175039232038301E-02    0.438539127996831368E+01    0.265861241732780940E+02
    0.330581443738106519E-02    0.423199909451941103E+01    0.265912415909350663E+02
    0.332729083186433100E-02    0.421904801434911114E+01    0.265924785450040169E+02
    0.332407261853771190E-02    0.422098338510534976E+01    0.265949118055721812E+02
    0.327487884449748556E-02    0.425080308336610990E+01    0.265969607920068576E+02
    0.311884381544108450E-02    0.434844010974156969E+01    0.266001486650886747E+02
    0.314413092393295117E-02    0.433228979973430839E+01    0.265997361022114660E+02
    0.333140351718628830E-02    0.421657744842171667E+01    0.265929517526368748E+02
    0.315972636187153693E-02    0.432239397306907946E+01    0.265876621386785601E+02
    0.332227236927463846E-02    0.422206683732481647E+01    0.265950370795520357E+02
    0.333300451794368976E-02    0.421561652239212137E+01    0.265938181183722300E+02
    0.331400380022583334E-02    0.422705070063394306E+01    0.265955121262555068E+02
    0.332224593315326965E-02    0.422208275186980941E+01    0.265950388402857101E+02
    0.333331487510131258E-02    0.421543029839681260E+01    0.265935100250435994E+02
    0.332910182330118992E-02    0.421795974232228943E+01    0.265926561263837371E+02
    0.314804710067008615E-02    0.432980024700551347E+01    0.265874611954479363E+02
    0.324417905880009351E-02    0.426964016878423180E+01    0.265893627280363773E+02
    0.317990459190591003E-02    0.430966244448543012E+01    0.265991066536746672E+02
    0.310099272665510404E-02    0.435992024281504609E+01    0.265867043619330943E+02
    0.331810802877766575E-02    0.422457533279843211E+01    0.265918386286633641E+02
    0.322662168277564184E-02    0.428049348960949860E+01    0.265981699726562866E+02
    0.326314138727479709E-02    0.425798413782383101E+01    0.265972894239694213E+02
    0.311862086176069742E-02    0.434858308685936912E+01    0.265869790196501796E+02
    0.325416408528848367E-02    0.426349396559048266E+01    0.265975231152609730E+02
    0.317021690657428483E-02    0.431576481140848678E+01    0.265878479839990476E+02
    0.312319102309628399E-02    0.434565434614332524E+01    0.265870518543482817E+02
    0.311580250697969822E-02    0.435039134068256761E+01    0.265869344497148425E+02
    0.327262843651075774E-02    0.425217790158547615E+01    0.265901050965048853E+02
    0.332908651010473339E-02    0.421796894193977678E+01    0.265944767415707233E+02
    0.320885645491994238E-02    0.429153557388175599E+01    0.265885858951375234E+02
    0.323727324431568719E-02    0.427390206366499736E+01    0.265892006693175418E+02
    0.318702900668695315E-02    0.430518655816168661E+01    0.265881577510087439E+02
    0.333146144976773518E-02    0.421654266903973252E+01    0.265929610522782944E+02
    0.330762805205811125E-02    0.423090216823606724E+01    0.265913197927545930E+02
