    0.246608662763767938E+02   -0.266972927215689886E+02
    0.247470030743392009E+02   -0.257641136222635154E+02
    0.247453152942757271E+02   -0.254575454243471526E+02
    0.246682581767025226E+02   -0.252905651753805465E+02
    0.247432152446250733E+02   -0.250942225680749686E+02
    0.247425244428013009E+02   -0.249791032271635913E+02
    0.246705220120241293E+02   -0.249095626782031800E+02
    0.246709029944367160E+02   -0.248477400612274799E+02
    0.246724673717805558E+02   -0.246008222243155146E+02
    0.246725036631681611E+02   -0.245952264705407018E+02
    0.246732683064757694E+02   -0.244787222708900138E+02
    0.247388674788103273E+02   -0.244059228388776965E+02
    0.247386419773101807E+02   -0.243725738993664400E+02
    0.247386100491037695E+02   -0.243678708376092139E+02
    0.246758872515539807E+02   -0.240998857274758294E+02
    0.247362375480733299E+02   -0.240314002342829980E+02
    0.246765313935768589E+02   -0.240114996402611531E+02
    0.246766924335238613E+02   -0.239896980408271325E+02
    0.247352013594444458E+02   -0.238924969964846952E+02
    0.247350243424303748E+02   -0.238692569679658888E+02
    0.247347442035827214E+02   -0.238327702723352814E+02
    0.247344879038340366E+02   -0.237997018619659464E+02
    0.247344020568524172E+02   -0.237886926221577539E+02
    0.247338969480561062E+02   -0.237245964837246888E+02
    0.246794152511887681E+02   -0.236389793254016816E+02
    0.246794482547804535E+02   -0.236349355177709057E+02
    0.246796027186463576E+02   -0.236160756311923450E+02
    0.247326030230677105E+02   -0.235657084392284055E+02
    0.246803099913025008E+02   -0.235311074473757635E+02
    0.247320392186434930E+02   -0.234988630386044619E+02
    0.247318916684516488E+02   -0.234816085148229909E+02
    0.246809333116957497E+02   -0.234581151770496135E+02
    0.247315308061383448E+02   -0.234398274173750707E+02
    0.247313011433280465E+02   -0.234135458698802736E+02
    0.246814568575085396E+02   -0.233981752399631588E+02
    0.247303860622746079E+02   -0.233112157413487324E+02
    0.246823126509555202E+02   -0.233028871918691252E+02
    0.247300199945045307E+02   -0.232713486383256978E+02
    0.247300039658664410E+02   -0.232696169766654535E+02
    0.247299757191423879E+02   -0.232665681785911040E+02
    0.246826757842516926E+02   -0.232634630661140420E+02
    0.246827373969974140E+02   -0.232568336287804946E+02
    0.247297817188633466E+02   -0.232457271100892555E+02
    0.247295710761794751E+02   -0.232232924459137990E+02
    0.247294967845977602E+02   -0.232154282087084489E+02
    0.247294967845977602E+02   -0.232154282087084489E+02
    0.247294123336612586E+02   -0.232065190935135348E+02
    0.246834349415003516E+02   -0.231829858304341698E+02
    0.246838563502878614E+02   -0.231394467420704011E+02
    0.246838563502878614E+02   -0.231394467420704011E+02
    0.246840326236611496E+02   -0.231214746629174996E+02
    0.246840326236611496E+02   -0.231214746629174996E+02
    0.247282611759600286E+02   -0.230883200526558596E+02
    0.247282538425946257E+02   -0.230875864373618462E+02
    0.247282020121536164E+02   -0.230824084121377879E+02
    0.246845731433397013E+02   -0.230672486314489298E+02
    0.246846860993756039E+02   -0.230560848872547659E+02
    0.246850572814337461E+02   -0.230198095557281874E+02
    0.246850649094756704E+02   -0.230190706590111382E+02
    0.247275491827359915E+02   -0.230182371549993512E+02
    0.246851597395696629E+02   -0.230099070066124831E+02
    0.246854247399624001E+02   -0.229845167333777454E+02
    0.247271919480573494E+02   -0.229839444042740624E+02
    0.247271394260109929E+02   -0.229789515998874982E+02
    0.246858092991341067E+02   -0.229482405922693786E+02
    0.247266133585452295E+02   -0.229296367659424121E+02
    0.247266067665537790E+02   -0.229290268195691347E+02
    0.246860837301371312E+02   -0.229227652160965896E+02
    0.246863651529489267E+02   -0.228969973219667047E+02
    0.247261069161158424E+02   -0.228833534232921991E+02
    0.247261069161158424E+02   -0.228833534232921991E+02
    0.247259215251135487E+02   -0.228667030228744927E+02
    0.247258330742862213E+02   -0.228588142517447466E+02
    0.247256264629316860E+02   -0.228405258999064955E+02
    0.247256264629316860E+02   -0.228405258999064955E+02
    0.246870194594553993E+02   -0.228384825381375194E+02
    0.246875093225670703E+02   -0.227959514089840098E+02
    0.246877463437305025E+02   -0.227757653153685240E+02
    0.246878584289781955E+02   -0.227663086703321085E+02
    0.247246210808312625E+02   -0.227543109892285571E+02
    0.247246210808312625E+02   -0.227543109892285571E+02
    0.246880638524133644E+02   -0.227491257277432268E+02
    0.246885143857578413E+02   -0.227121137733360001E+02
    0.247236936587277221E+02   -0.226788668797901245E+02
    0.247235098318361679E+02   -0.226643784777289419E+02
    0.246891478036715846E+02   -0.226616424558012746E+02
    0.246891509393416761E+02   -0.226613971520177842E+02
    0.247230715865857107E+02   -0.226304593216588330E+02
    0.246896320973705876E+02   -0.226242872075745538E+02
    0.246896320973705876E+02   -0.226242872075745538E+02
    0.246897790898308145E+02   -0.226131606645606702E+02
    0.246897790898308145E+02   -0.226131606645606702E+02
    0.246900092691575175E+02   -0.225959351916531119E+02
    0.246900092691575175E+02   -0.225959351916531119E+02
    0.247225637337175037E+02   -0.225922477910205792E+02
    0.247225637337175037E+02   -0.225922477910205792E+02
    0.246902146959477946E+02   -0.225807660269490924E+02
    0.246902187856799635E+02   -0.225804659851002612E+02
    0.246902772953910912E+02   -0.225761817873382213E+02
    0.246902817937101489E+02   -0.225758530574290965E+02
    0.247222501574604294E+02   -0.225692409629356412E+02
    0.247222501574604294E+02   -0.225692409629356412E+02
    0.247219477254351823E+02   -0.225474763884601295E+02
    0.247218390962035031E+02   -0.225397606388316234E+02
    0.246908676886768603E+02   -0.225338251810750947E+02
    0.246908676886768603E+02   -0.225338251810750947E+02
    0.247216687787433358E+02   -0.225277715613814919E+02
    0.247216687787433358E+02   -0.225277715613814919E+02
    0.247215927905100585E+02   -0.225224652148458375E+02
    0.246911237134714838E+02   -0.225159510903066113E+02
    0.246911237134714838E+02   -0.225159510903066113E+02
    0.247213199863670994E+02   -0.225036318523780494E+02
    0.247210526295359792E+02   -0.224855036994896444E+02
    0.246916767549592215E+02   -0.224783609120884229E+02
    0.246917513598328817E+02   -0.224733967489776667E+02
    0.246920101377907955E+02   -0.224563744491418831E+02
    0.246920101377907955E+02   -0.224563744491418831E+02
    0.247205141575644376E+02   -0.224499815296388050E+02
    0.247204461394876915E+02   -0.224455885024010158E+02
    0.247204284674542762E+02   -0.224444505847902143E+02
    0.246922202769908381E+02   -0.224427761698019346E+02
    0.246922202769908381E+02   -0.224427761698019346E+02
    0.247201430849215527E+02   -0.224262716724564832E+02
    0.246929572170183746E+02   -0.223966789030328535E+02
    0.246930283719837220E+02   -0.223923590510452257E+02
    0.246930283719837220E+02   -0.223923590510452257E+02
    0.247195086498085956E+02   -0.223871880981019054E+02
    0.246934942342034063E+02   -0.223646465262409251E+02
    0.246935182578065380E+02   -0.223632442686966826E+02
    0.247190534136370701E+02   -0.223602744478785098E+02
    0.246935722121644474E+02   -0.223601045422442510E+02
    0.247188220534262015E+02   -0.223469584360765374E+02
    0.247183976503787477E+02   -0.223231660921469128E+02
    0.246944342194476398E+02   -0.223117419369072536E+02
    0.246945079200702118E+02   -0.223077641668983908E+02
    0.247179563891363188E+02   -0.222992992718524334E+02
    0.247179292841257592E+02   -0.222978621574916502E+02
    0.246948641807308071E+02   -0.222888851857021990E+02
    0.247177210777708680E+02   -0.222869346691428518E+02
    0.247176647855036720E+02   -0.222840141646364280E+02
    0.247176647855036720E+02   -0.222840141646364280E+02
    0.246949891269059485E+02   -0.222824010672139075E+02
    0.247172186521025878E+02   -0.222613791480844228E+02
    0.247171182277471146E+02   -0.222564091180837558E+02
    0.247171013892959692E+02   -0.222555802786070238E+02
    0.247169573907104834E+02   -0.222485450190983087E+02
    0.247169573907104834E+02   -0.222485450190983087E+02
    0.246956683478626324E+02   -0.222483975944538059E+02
    0.247169405237560298E+02   -0.222477271436988673E+02
    0.246957429332081766E+02   -0.222447918099890742E+02
    0.246958046124340562E+02   -0.222418291199709515E+02
    0.247168025986272397E+02   -0.222410878401666920E+02
    0.246959049932134675E+02   -0.222370445226132247E+02
    0.247166940529987968E+02   -0.222359237533304039E+02
    0.247166399661899305E+02   -0.222333706073509347E+02
    0.246960163248219722E+02   -0.222317916803666620E+02
    0.246960163248219722E+02   -0.222317916803666620E+02
    0.247165864667978639E+02   -0.222308583085770302E+02
    0.247162487407201468E+02   -0.222153000381139805E+02
    0.246964034277779518E+02   -0.222139671639260605E+02
    0.247161738948603258E+02   -0.222119224391300882E+02
    0.247161441497853680E+02   -0.222105872119058674E+02
    0.247158107999981524E+02   -0.221958993322296898E+02
    0.247156616033966152E+02   -0.221894895986646894E+02
    0.247156616033966152E+02   -0.221894895986646894E+02
    0.247156504563925878E+02   -0.221890147785499607E+02
    0.246970703514067864E+02   -0.221848601975595194E+02
    0.247155479072061901E+02   -0.221846731458212894E+02
    0.247152107896803770E+02   -0.221707383923687757E+02
    0.247152063562350506E+02   -0.221705585871254343E+02
    0.246974642623668359E+02   -0.221686209007043367E+02
    0.246975052883315911E+02   -0.221669702410606320E+02
    0.246975077118262689E+02   -0.221668729729319942E+02
    0.247150678743209440E+02   -0.221649873460405011E+02
    0.246977087538621660E+02   -0.221588972834770281E+02
    0.247148857141688154E+02   -0.221577920157608759E+02
    0.247148751315899311E+02   -0.221573786525024232E+02
    0.246979514268599694E+02   -0.221495154364748963E+02
    0.246980507935362077E+02   -0.221457513390823415E+02
    0.247145180275383396E+02   -0.221437291678232633E+02
    0.247144700368156123E+02   -0.221419391411839896E+02
    0.246981973947981182E+02   -0.221402801389315940E+02
    0.247142271426232440E+02   -0.221330403590667508E+02
    0.246985621269347071E+02   -0.221270932978383321E+02
    0.246987339139657216E+02   -0.221210924252041039E+02
    0.247138440788514906E+02   -0.221195527637703222E+02
    0.247137289066916139E+02   -0.221156283614525329E+02
    0.247137002826635914E+02   -0.221146624009436827E+02
    0.247136797485776327E+02   -0.221139717482250333E+02
    0.246989815086975462E+02   -0.221126800958285052E+02
    0.246989856489362758E+02   -0.221125418016761692E+02
    0.247136118582352680E+02   -0.221117019760231983E+02
    0.246992339486070946E+02   -0.221043908422414752E+02
    0.246995202740378268E+02   -0.220953404949959662E+02
    0.247130693614433739E+02   -0.220943194338569455E+02
    0.247130134191008466E+02   -0.220926032459770845E+02
    0.246996809786696438E+02   -0.220904245809266904E+02
    0.247020988855275689E+02   -0.220306716808578038E+02
    0.247064004985976524E+02   -0.219902462642754308E+02
    0.247030444613693270E+02   -0.220145527233971698E+02
    0.247033882985420057E+02   -0.220097018960247901E+02
    0.247006782044717177E+02   -0.220625514934110321E+02
    0.247043496341777278E+02   -0.219989991438197379E+02
    0.247054541076581451E+02   -0.219919030313708106E+02
    0.246997476303009158E+02   -0.220884202621377455E+02
    0.247010683482464515E+02   -0.220528803838850287E+02
    0.247052964499448819E+02   -0.219925757457101909E+02
    0.247035059511983164E+02   -0.220081658103762621E+02
    0.247104741803609684E+02   -0.220297242252677137E+02
    0.247080560800880704E+02   -0.219971661296103456E+02
    0.247115130449964795E+02   -0.220518970616932037E+02
    0.247010663728978201E+02   -0.220529276023755436E+02
    0.247011958924117536E+02   -0.220498692344959721E+02
    0.247102916460545146E+02   -0.220263364686990215E+02
    0.247071578793296851E+02   -0.219918614299010287E+02
    0.247090690125891186E+02   -0.220075605525742617E+02
    0.247003430760385605E+02   -0.220714128241443390E+02
    0.247074134575572550E+02   -0.219929965224009507E+02
    0.247096770640061933E+02   -0.220160466456331534E+02
    0.247112316860944716E+02   -0.220454061627317408E+02
    0.247123936624747174E+02   -0.220745449225629962E+02
    0.247048322399296794E+02   -0.219952144412851567E+02
    0.247088716170862348E+02   -0.220051680282777902E+02
    0.247008874615089269E+02   -0.220572780382484126E+02
    0.247016989035584977E+02   -0.220387167037869709E+02
    0.247107600789735571E+02   -0.220353356141298633E+02
    0.247052960455714299E+02   -0.219925776168188030E+02
    0.247033434352320356E+02   -0.220103042536228415E+02
    0.247066291257701565E+02   -0.219904583042936892E+02
    0.247124504311847488E+02   -0.220761261934752824E+02
    0.247126890213535546E+02   -0.220829326446552585E+02
    0.247052261360826968E+02   -0.219929123040801429E+02
    0.247086425907836471E+02   -0.220026147119083504E+02
    0.247101225703005802E+02   -0.220233339906717127E+02
    0.247035329785476918E+02   -0.220078218506892007E+02
    0.247027139143260115E+02   -0.220197241172608429E+02
    0.247060328004425500E+02   -0.219904049912268569E+02
    0.247085902932741845E+02   -0.220020652016787430E+02
    0.247018692409173966E+02   -0.220352014750709628E+02
    0.247100939735086271E+02   -0.220228390473207938E+02
    0.247112950311205957E+02   -0.220468360454832748E+02
    0.247011690522620917E+02   -0.220504967346108103E+02
    0.247002838647804097E+02   -0.220730316814411580E+02
    0.247001821085301074E+02   -0.220758510658060310E+02
    0.247044236069800576E+02   -0.219983501384222322E+02
    0.247052569473722627E+02   -0.219927620513403284E+02
    0.247025432291404385E+02   -0.220225894689899846E+02
    0.247041390949207482E+02   -0.220009828486741483E+02
    0.247064481237967435E+02   -0.219902707871955485E+02
    0.247107227547189936E+02   -0.220345818977770378E+02
    0.247075002570683822E+02   -0.219934497555112856E+02
    0.247114783092139376E+02   -0.220510761886384401E+02
    0.247031237410274116E+02   -0.220133864489548081E+02
    0.247023103515211417E+02   -0.220267130647929790E+02
    0.247104685501628154E+02   -0.220296174611983204E+02
    0.247046004784453004E+02   -0.219968994649595508E+02
    0.247082255474779870E+02   -0.219985793713542570E+02
    0.247036528555043695E+02   -0.220063363909578307E+02
    0.247095570302243210E+02   -0.220142379184722508E+02
    0.247004959809727147E+02   -0.220673062694107323E+02
    0.247041586291616646E+02   -0.220007902927933152E+02
    0.247016784385603394E+02   -0.220391479367779652E+02
    0.247076661057152300E+02   -0.219944112525719113E+02
    0.247041079712347802E+02   -0.220012932392674614E+02
    0.247000616630866467E+02   -0.220792492738562842E+02
    0.247128612139944721E+02   -0.220880061350713959E+02
    0.247015450162741246E+02   -0.220420061715431608E+02
    0.247120657405668709E+02   -0.220656982957556203E+02
    0.247018984419685061E+02   -0.220346121370891908E+02
    0.247091822910801611E+02   -0.220090137500620067E+02
    0.247010435798543639E+02   -0.220534737311785598E+02
    0.247127982601492207E+02   -0.220861355867685418E+02
    0.247085266732707609E+02   -0.220014135297357676E+02
    0.247080345579633160E+02   -0.219969960183828839E+02
    0.247031339868809852E+02   -0.220132378139179323E+02
    0.247041299377936738E+02   -0.220010737125025351E+02
    0.247004192139360903E+02   -0.220693546736738355E+02
    0.247069866808839613E+02   -0.219912676150601243E+02
    0.247101076264194397E+02   -0.220230748821499525E+02
    0.247125641659225010E+02   -0.220793384295306652E+02
    0.247124269754329546E+02   -0.220754710614966001E+02
    0.247028902473657688E+02   -0.220169034171601652E+02
    0.247103231886712642E+02   -0.220269110308773932E+02
    0.247015633264011782E+02   -0.220416091195712802E+02
    0.247063341843753221E+02   -0.219902293390551549E+02
    0.247016522317182101E+02   -0.220397029480766875E+02
    0.247109300474294820E+02   -0.220388482156799519E+02
    0.247020239641466830E+02   -0.220321231024988577E+02
    0.247051263973056123E+02   -0.219934283618785500E+02
    0.247036415226040091E+02   -0.220064740193617148E+02
