    0.399913716316223145E+02   -0.532511238047880237E+06   -0.460515351937698814E+01    1
    0.399762225151062012E+02   -0.531456254421795253E+06   -0.461515351937698259E+01    1
    0.399016797542572021E+02   -0.526280338980293018E+06   -0.462515351937698149E+01    1
    0.397788739204406738E+02   -0.517808488853250630E+06   -0.463515351937698661E+01    1
    0.396540164947509766E+02   -0.509265585987456026E+06   -0.464515351937698728E+01    1
    0.395688736438751221E+02   -0.503480756115952041E+06   -0.465515351937698174E+01    1
    0.393749439716339111E+02   -0.490428012288059574E+06   -0.466515351937698153E+01    1
    0.392219340801239014E+02   -0.480250429238972371E+06   -0.467515351937698398E+01    1
    0.391300857067108154E+02   -0.474192314707340265E+06   -0.468515351937698377E+01    1
    0.390183639526367188E+02   -0.466875231789117213E+06   -0.469515351937698444E+01    1
    0.389262747764587402E+02   -0.460886738347574195E+06   -0.470515351937698423E+01    1
    0.386132550239562988E+02   -0.440820301917653880E+06   -0.471515351937698135E+01    1
    0.379543960094451904E+02   -0.400042925170474336E+06   -0.472515351937698025E+01    1
    0.377622222900390625E+02   -0.388521870166641369E+06   -0.473515351937698448E+01    1
    0.376597201824188232E+02   -0.382445582579572801E+06   -0.474515351937698782E+01    1
    0.370899391174316406E+02   -0.349542213992308185E+06   -0.475515351937698494E+01    1
    0.370778143405914307E+02   -0.348858120420091960E+06   -0.476515351937698117E+01    1
    0.370085620880126953E+02   -0.344963674646240601E+06   -0.477515351937698451E+01    1
    0.367239010334014893E+02   -0.329185189474887156E+06   -0.478515351937698341E+01    1
    0.365958487987518311E+02   -0.322207830234350753E+06   -0.479515351937697876E+01    1
    0.365847671031951904E+02   -0.321607520673165680E+06   -0.480515351937698032E+01    1
    0.364482140541076660E+02   -0.314256216088757617E+06   -0.481515351937698277E+01    1
    0.363773477077484131E+02   -0.310474642915568955E+06   -0.482515351937698345E+01    1
    0.363507914543151855E+02   -0.309063443539938540E+06   -0.483515351937698323E+01    1
    0.349596476554870605E+02   -0.239633091769613849E+06   -0.484515351937698480E+01    1
    0.347374093532562256E+02   -0.229358647462517867E+06   -0.485515351937698814E+01    1
    0.344148755073547363E+02   -0.214847841265600844E+06   -0.486515351937698437E+01    1
    0.343360042572021484E+02   -0.211371578595049155E+06   -0.487515351937698149E+01    1
    0.342478954792022705E+02   -0.207521702502022235E+06   -0.488515351937698572E+01    1
    0.341580581665039062E+02   -0.203632734058885311E+06   -0.489515351937698817E+01    1
    0.340886294841766357E+02   -0.200652437249633251E+06   -0.490515351937698973E+01    1
    0.340720069408416748E+02   -0.199942157770206628E+06   -0.491515351937698775E+01    1
    0.339515376091003418E+02   -0.194832157562072709E+06   -0.492515351937698220E+01    1
    0.339125227928161621E+02   -0.193191430624018132E+06   -0.493515351937698199E+01    1
    0.337840461730957031E+02   -0.187837526755579107E+06   -0.494515351937698799E+01    1
    0.334772968292236328E+02   -0.175358886705099954E+06   -0.495515351937699045E+01    1
    0.334666359424591064E+02   -0.174932911586360162E+06   -0.496515351937698846E+01    1
    0.332449066638946533E+02   -0.166190755366251426E+06   -0.497515351937698824E+01    1
    0.332149684429168701E+02   -0.165027548620148940E+06   -0.498515351937698359E+01    1
    0.332033812999725342E+02   -0.164578443403464218E+06   -0.499515351937698426E+01    1
    0.331860327720642090E+02   -0.163907177215926902E+06   -0.500515351937698583E+01    1
    0.326060855388641357E+02   -0.142256796587475779E+06   -0.501515351937698384E+01    1
    0.325639390945434570E+02   -0.140743158367267548E+06   -0.502515351937698451E+01    1
    0.325156521797180176E+02   -0.139018945183494448E+06   -0.503515351937698608E+01    1
    0.324388945102691650E+02   -0.136299983472703578E+06   -0.504515351937698409E+01    1
    0.324305582046508789E+02   -0.136006306029889645E+06   -0.505515351937698298E+01    1
    0.323825550079345703E+02   -0.134321378429957578E+06   -0.506515351937698455E+01    1
    0.323515355587005615E+02   -0.133238172601402242E+06   -0.507515351937697989E+01    1
    0.322391796112060547E+02   -0.129351394099500452E+06   -0.508515351937698501E+01    1
    0.322113537788391113E+02   -0.128397693190042759E+06   -0.509515351937699013E+01    1
    0.322107183933258057E+02   -0.128375957241212571E+06   -0.510515351937699080E+01    1
    0.321746766567230225E+02   -0.127146015725354300E+06   -0.511515351937698348E+01    1
    0.318625974655151367E+02   -0.116743775802135759E+06   -0.512515351937698238E+01    1
    0.316904389858245850E+02   -0.111195384693520318E+06   -0.513515351937698394E+01    1
    0.316877114772796631E+02   -0.111108568647266104E+06   -0.514515351937697751E+01    1
    0.316423785686492920E+02   -0.109670596986738470E+06   -0.515515351937698085E+01    1
    0.315544319152832031E+02   -0.106907621512175057E+06   -0.516515351937698330E+01    1
    0.314958274364471436E+02   -0.105086049039804988E+06   -0.517515351937698220E+01    1
    0.313997077941894531E+02   -0.102132308158265761E+06   -0.518515351937698643E+01    1
    0.313694620132446289E+02   -0.101211571289610030E+06   -0.519515351937698533E+01    1
    0.311504340171813965E+02   -0.946683965760121937E+05   -0.520515351937697623E+01    1
    0.310971343517303467E+02   -0.931092209076825675E+05   -0.521515351937698224E+01    1
    0.309268140792846680E+02   -0.882136469346780068E+05   -0.522515351937697670E+01    1
    0.309096884727478027E+02   -0.877287161716847913E+05   -0.523515351937698092E+01    1
    0.308166694641113281E+02   -0.851181299042919709E+05   -0.524515351937698071E+01    1
    0.307135903835296631E+02   -0.822712771104383137E+05   -0.525515351937698583E+01    1
    0.304561758041381836E+02   -0.753734629369904287E+05   -0.526515351937698739E+01    1
    0.304101407527923584E+02   -0.741717223370071879E+05   -0.527515351937698007E+01    1
    0.302504265308380127E+02   -0.700772938584919757E+05   -0.528515351937697542E+01    1
    0.301436746120452881E+02   -0.674054379427586828E+05   -0.529515351937697609E+01    1
    0.301258134841918945E+02   -0.669634709220257791E+05   -0.530515351937697677E+01    1
    0.300782394409179688E+02   -0.657933638575172663E+05   -0.531515351937698188E+01    1
    0.293821263313293457E+02   -0.498520223695207242E+05   -0.532515351937698078E+01    1
    0.292093718051910400E+02   -0.462379616738613986E+05   -0.533515351937697613E+01    1
    0.202586090564727783E+02   -0.451086385137821053E+05   -0.534515351937697680E+01    1
    0.289770829677581787E+02   -0.415928710698457580E+05   -0.535515351937698103E+01    1
    0.289746749401092529E+02   -0.415460057170738655E+05   -0.536515351937698171E+01    1
    0.289388954639434814E+02   -0.408527749114728504E+05   -0.537515351937698238E+01    1
    0.288549113273620605E+02   -0.392484985927758025E+05   -0.538515351937698128E+01    1
    0.288524484634399414E+02   -0.392019378850249268E+05   -0.539515351937698018E+01    1
    0.288507711887359619E+02   -0.391702446529587687E+05   -0.540515351937698263E+01    1
    0.288070595264434814E+02   -0.383488053655027616E+05   -0.541515351937698153E+01    1
    0.285786092281341553E+02   -0.341974249392320053E+05   -0.542515351937697865E+01    1
    0.208378148078918457E+02   -0.341303595730059824E+05   -0.543515351937697933E+01    1
    0.208561098575592041E+02   -0.338085090827007516E+05   -0.544515351937698178E+01    1
    0.284675443172454834E+02   -0.322651057425580075E+05   -0.545515351937698245E+01    1
    0.284100449085235596E+02   -0.312868153815663609E+05   -0.546515351937698401E+01    1
    0.210171163082122803E+02   -0.310418452491407734E+05   -0.547515351937698025E+01    1
    0.283411049842834473E+02   -0.301337438742347586E+05   -0.548515351937698004E+01    1
    0.210901439189910889E+02   -0.298259241553313732E+05   -0.549515351937697805E+01    1
    0.282673907279968262E+02   -0.289247850488505755E+05   -0.550515351937697694E+01    1
    0.211622953414916992E+02   -0.286484657404984318E+05   -0.551515351937698295E+01    1
    0.211729848384857178E+02   -0.284760392395526505E+05   -0.552515351937698185E+01    1
    0.213972938060760498E+02   -0.249779726238282456E+05   -0.553515351937698163E+01    1
    0.280074107646942139E+02   -0.248586814607653723E+05   -0.554515351937698142E+01    1
    0.279476261138916016E+02   -0.239672165316021419E+05   -0.555515351937698032E+01    1
    0.279260790348052979E+02   -0.236499164236792931E+05   -0.556515351937698544E+01    1
    0.278303766250610352E+02   -0.222661871036669108E+05   -0.557515351937698611E+01    1
    0.278209614753723145E+02   -0.221323122729964598E+05   -0.558515351937698146E+01    1
    0.216238975524902344E+02   -0.216770013511402831E+05   -0.559515351937697680E+01    1
    0.277789199352264404E+02   -0.215394505328692103E+05   -0.560515351937697748E+01    1
    0.277124011516571045E+02   -0.206178739627806790E+05   -0.561515351937697904E+01    1
    0.277024173736572266E+02   -0.204812956928919702E+05   -0.562515351937698060E+01    1
    0.276760458946228027E+02   -0.201227185009721870E+05   -0.563515351937698039E+01    1
    0.217802536487579346E+02   -0.195358106164269848E+05   -0.564515351937698284E+01    1
    0.276069927215576172E+02   -0.191988098308090448E+05   -0.565515351937698085E+01    1
    0.275813031196594238E+02   -0.188606387131599404E+05   -0.566515351937697975E+01    1
    0.218497622013092041E+02   -0.186197199838953384E+05   -0.567515351937697954E+01    1
    0.275595259666442871E+02   -0.185763259927257423E+05   -0.568515351937697666E+01    1
    0.219249892234802246E+02   -0.176530782139228540E+05   -0.569515351937697734E+01    1
    0.274837481975555420E+02   -0.176038542474061760E+05   -0.570515351937697890E+01    1
    0.219496417045593262E+02   -0.173419141238282864E+05   -0.571515351937697780E+01    1
    0.220510911941528320E+02   -0.160905740807741440E+05   -0.572515351937697403E+01    1
    0.273451983928680420E+02   -0.158934960408682073E+05   -0.573515351937697382E+01    1
    0.220840930938720703E+02   -0.156936214859702541E+05   -0.574515351937697805E+01    1
    0.220849537849426270E+02   -0.156833353708481336E+05   -0.575515351937698227E+01    1
    0.221184065721336900E+02   -0.152861574771474643E+05   -0.576515351937698384E+01    1
    0.272905349731445312E+02   -0.152427634529067982E+05   -0.577515351937697918E+01    1
    0.221454980434393960E+02   -0.149682445149199411E+05   -0.578515351937698075E+01    1
    0.221660411357879639E+02   -0.147294057680107981E+05   -0.579515351937698409E+01    1
    0.221743297576904297E+02   -0.146335849959631687E+05   -0.580515351937698565E+01    1
    0.221756017208099365E+02   -0.146189081583069856E+05   -0.581515351937698366E+01    1
    0.272181069850921631E+02   -0.144015348847386431E+05   -0.582515351937698256E+01    1
    0.222357606887817383E+02   -0.139331730794438699E+05   -0.583515351937698412E+01    1
    0.222397398948669434E+02   -0.138883969208098279E+05   -0.584515351937698391E+01    1
    0.271172165870666504E+02   -0.132695781879616716E+05   -0.585515351937697837E+01    1
    0.223133929138871636E+02   -0.130726456343725476E+05   -0.586515351937697371E+01    1
    0.223309063911437988E+02   -0.128823124050973984E+05   -0.587515351937697705E+01    1
    0.223451018333435059E+02   -0.127290648711065205E+05   -0.588515351937697684E+01    1
    0.223534262180328369E+02   -0.126396258636839921E+05   -0.589515351937697751E+01    1
    0.224231421947479248E+02   -0.119029823652939867E+05   -0.590515351937697286E+01    1
    0.224859869480133057E+02   -0.112579298064092782E+05   -0.591515351937697531E+01    1
    0.225339043140411377E+02   -0.107781918059492891E+05   -0.592515351937697687E+01    1
    0.225447886168533813E+02   -0.106706792921890956E+05   -0.593515351937697400E+01    1
    0.268651866912841797E+02   -0.106446106409676577E+05   -0.594515351937698000E+01    1
    0.226139187812805176E+02   -0.100004352540958389E+05   -0.595515351937698156E+01    1
    0.267780709266662598E+02   -0.980461151640753087E+04   -0.596515351937697336E+01    1
    0.267620897293090820E+02   -0.965427069404406029E+04   -0.597515351937696959E+01    1
    0.226627218723297119E+02   -0.954038793324157268E+04   -0.598515351937697559E+01    1
    0.266429686546325684E+02   -0.857033613641438933E+04   -0.599515351937697627E+01    1
    0.266267049312591553E+02   -0.842736384473275575E+04   -0.600515351937697517E+01    1
    0.228036069869995117E+02   -0.827322908475379882E+04   -0.601515351937697851E+01    1
    0.228245792766443110E+02   -0.809233532166353143E+04   -0.602515351937697829E+01    1
    0.265159070491790771E+02   -0.748544047178966957E+04   -0.603515351937697453E+01    1
    0.265155982971191406E+02   -0.748289387085079306E+04   -0.604515351937697520E+01    1
    0.229037810433056492E+02   -0.742727360092824438E+04   -0.605515351937697410E+01    1
    0.229315769672393799E+02   -0.720064812906068528E+04   -0.606515351937697478E+01    1
    0.264574360847473145E+02   -0.701092031506021067E+04   -0.607515351937697723E+01    1
    0.264329498390559152E+02   -0.681683228836649232E+04   -0.608515351937697790E+01    1
    0.229833269119262695E+02   -0.678810314131153427E+04   -0.609515351937697769E+01    1
    0.264139561812999695E+02   -0.666816300092090660E+04   -0.610515351937697481E+01    1
    0.230437348532494006E+02   -0.632197942388681622E+04   -0.611515351937697282E+01    1
    0.230579926687931724E+02   -0.621438866908319051E+04   -0.612515351937697528E+01    1
    0.263425874710083008E+02   -0.612423629530786002E+04   -0.613515351937697417E+01    1
    0.263187158107757568E+02   -0.594748354993189332E+04   -0.614515351937697485E+01    1
    0.231075370413940675E+02   -0.584772693305495250E+04   -0.615515351937697819E+01    1
    0.231355714797973633E+02   -0.564521011709791492E+04   -0.616515351937697620E+01    1
    0.231956970691680908E+02   -0.522295249873964895E+04   -0.617515351937697776E+01    1
    0.232042389110989546E+02   -0.516430060560476431E+04   -0.618515351937698288E+01    1
    0.232059061527252197E+02   -0.515289141443177141E+04   -0.619515351937698000E+01    1
    0.232127475738525391E+02   -0.510620718969868449E+04   -0.620515351937697535E+01    1
    0.261923968508276026E+02   -0.505542129097699126E+04   -0.621515351937697247E+01    1
    0.232351473762455925E+02   -0.495484913527340086E+04   -0.622515351937697314E+01    1
    0.261609540821498037E+02   -0.484467875453099987E+04   -0.623515351937697559E+01    1
    0.261599278450012207E+02   -0.483787642953755130E+04   -0.624515351937698071E+01    1
    0.261405158042907715E+02   -0.471010963855159389E+04   -0.625515351937697694E+01    1
    0.261392045021057129E+02   -0.470154080327723477E+04   -0.626515351937697407E+01    1
    0.232907211780548096E+02   -0.458920683095269396E+04   -0.627515351937697385E+01    1
    0.232912504673004150E+02   -0.458579210436173889E+04   -0.628515351937697986E+01    1
    0.261181223392486572E+02   -0.456485330340705150E+04   -0.629515351937697432E+01    1
    0.261047089099884033E+02   -0.447894109063489850E+04   -0.630515351937697766E+01    1
    0.260985207557678223E+02   -0.443958279046072857E+04   -0.631515351937697567E+01    1
    0.260949873924255371E+02   -0.441718795223131383E+04   -0.632515351937697190E+01    1
    0.233277662377757338E+02   -0.435329253450786018E+04   -0.633515351937697790E+01    1
    0.260534851885965466E+02   -0.415840244338570574E+04   -0.634515351937697858E+01    1
    0.260467981568120415E+02   -0.411744014180813883E+04   -0.635515351937697659E+01    1
    0.233938479423522949E+02   -0.394799604603852049E+04   -0.636515351937697371E+01    1
    0.234015214443206787E+02   -0.390222235875502656E+04   -0.637515351937697350E+01    1
    0.260053815593119637E+02   -0.386827803412326602E+04   -0.638515351937697861E+01    1
    0.234084379673004150E+02   -0.386119417031278363E+04   -0.639515351937698195E+01    1
    0.259935573342394939E+02   -0.379857834549270501E+04   -0.640515351937697730E+01    1
    0.234207748143905512E+02   -0.378855447136120483E+04   -0.641515351937697620E+01    1
    0.234428346157073975E+02   -0.366039514259461293E+04   -0.642515351937697776E+01    1
    0.259558248519897461E+02   -0.358042031681129902E+04   -0.643515351937697222E+01    1
    0.259233212471008301E+02   -0.339769728147017759E+04   -0.644515351937697556E+01    1
    0.235033297538757324E+02   -0.332032321209365182E+04   -0.645515351937697535E+01    1
    0.259032939203423567E+02   -0.328750899604030110E+04   -0.646515351937697513E+01    1
    0.258838096894715122E+02   -0.318206339167736132E+04   -0.647515351937697048E+01    1
    0.235311436653137207E+02   -0.316956613411063972E+04   -0.648515351937697559E+01    1
    0.258778924544928728E+02   -0.315038281696787317E+04   -0.649515351937697538E+01    1
    0.235524194133973843E+02   -0.305662764416331129E+04   -0.650515351937697694E+01    1
    0.235604843743118835E+02   -0.301435557028935864E+04   -0.651515351937697318E+01    1
    0.235933387279510498E+02   -0.284521524543027454E+04   -0.652515351937697652E+01    1
    0.236132103051844950E+02   -0.274530066228474288E+04   -0.653515351937697631E+01    1
    0.236157992864060660E+02   -0.273241576014901511E+04   -0.654515351937697609E+01    1
    0.257965251141253553E+02   -0.273093313826320491E+04   -0.655515351937696966E+01    1
    0.257731125534317371E+02   -0.261583226834654988E+04   -0.656515351937697567E+01    1
    0.236460053920745850E+02   -0.258434308070329098E+04   -0.657515351937698256E+01    1
    0.236470274882873817E+02   -0.257940543260212280E+04   -0.658515351937698501E+01    1
    0.257613646984100342E+02   -0.255901887623705716E+04   -0.659515351937696881E+01    1
    0.236555707454681396E+02   -0.253832003421299578E+04   -0.660515351937696948E+01    1
    0.257433446090992248E+02   -0.247309514470319255E+04   -0.661515351937697371E+01    1
    0.257257048324711945E+02   -0.239041849771407760E+04   -0.662515351937697705E+01    1
    0.257241752270296189E+02   -0.238331615137642348E+04   -0.663515351937697861E+01    1
    0.236893529029882970E+02   -0.237911703602444732E+04   -0.664515351937698107E+01    1
    0.257185806617489661E+02   -0.235743000467807724E+04   -0.665515351937697286E+01    1
    0.236968203115036644E+02   -0.234462790722664704E+04   -0.666515351937697353E+01    1
    0.237130305202251108E+02   -0.227063388759148256E+04   -0.667515351937697510E+01    1
    0.256698145512314468E+02   -0.213783038236869379E+04   -0.668515351937697488E+01    1
    0.237638258934020996E+02   -0.204652782349241966E+04   -0.669515351937697734E+01    1
    0.256454897532831083E+02   -0.203234509461118819E+04   -0.670515351937697446E+01    1
    0.256372012619294267E+02   -0.199701787226065994E+04   -0.671515351937697247E+01    1
    0.237757354924080033E+02   -0.199568546782702629E+04   -0.672515351937697314E+01    1
    0.237935444530915063E+02   -0.192086486507731092E+04   -0.673515351937697382E+01    1
    0.237988807214100717E+02   -0.189872715428747824E+04   -0.674515351937697183E+01    1
    0.238229387201435401E+02   -0.180053339098977085E+04   -0.675515351937697428E+01    1
    0.238281512395799204E+02   -0.177960600724454775E+04   -0.676515351937697584E+01    1
    0.255729888693739831E+02   -0.173394226961449249E+04   -0.677515351937697829E+01    1
    0.255614920680486364E+02   -0.168882415427682349E+04   -0.678515351937697098E+01    1
    0.255346284207294296E+02   -0.158574898456924620E+04   -0.679515351937697432E+01    1
    0.238867852378295922E+02   -0.155273266705917763E+04   -0.680515351937697410E+01    1
    0.238938390388461173E+02   -0.152649534716849712E+04   -0.681515351937697567E+01    1
    0.238973795766608390E+02   -0.151341145274328301E+04   -0.682515351937697723E+01    1
    0.255000140540728779E+02   -0.145778461384948014E+04   -0.683515351937697613E+01    1
    0.254973232746124268E+02   -0.144806596922302742E+04   -0.684515351937697059E+01    1
    0.254910944875536671E+02   -0.142569526012714300E+04   -0.685515351937697126E+01    1
    0.254901016896997561E+02   -0.142214596405826319E+04   -0.686515351937697371E+01    1
    0.239249908924102783E+02   -0.141333551989052876E+04   -0.687515351937697083E+01    1
    0.239313495159149170E+02   -0.139078128920673248E+04   -0.688515351937697062E+01    1
    0.254693876351124686E+02   -0.134911710482758622E+04   -0.689515351937697307E+01    1
    0.239468991756439209E+02   -0.133640261008778702E+04   -0.690515351937697019E+01    1
    0.239643302825609368E+02   -0.127675460071945827E+04   -0.691515351937697176E+01    1
    0.254480997931623456E+02   -0.127610319059565245E+04   -0.692515351937697421E+01    1
    0.254437065259457142E+02   -0.126129212725040270E+04   -0.693515351937697400E+01    1
    0.254340038727119300E+02   -0.122889319757300905E+04   -0.694515351937697556E+01    1
    0.254258966445922852E+02   -0.120215076989523300E+04   -0.695515351937697623E+01    1
    0.254248237609863281E+02   -0.119863421392931241E+04   -0.696515351937697869E+01    1
    0.254199385643005371E+02   -0.118268850082256290E+04   -0.697515351937697670E+01    1
    0.240011947934430410E+02   -0.115516880603200138E+04   -0.698515351937697471E+01    1
    0.254047834873199463E+02   -0.113391320283251343E+04   -0.699515351937697627E+01    1
    0.240206457246925673E+02   -0.109351270636183358E+04   -0.700515351937697339E+01    1
    0.240212526937411255E+02   -0.109161646688904648E+04   -0.701515351937697229E+01    1
    0.253865290480918766E+02   -0.107655287816825057E+04   -0.702515351937697385E+01    1
    0.253853652624496107E+02   -0.107294745892469427E+04   -0.703515351937696920E+01    1
    0.240400707721710205E+02   -0.103365980867813983E+04   -0.704515351937696899E+01    1
    0.240530202796688179E+02   -0.994714998302670210E+03   -0.705515351937697233E+01    1
    0.253554737567901611E+02   -0.982459012011103255E+03   -0.706515351937697300E+01    1
    0.240745329856872559E+02   -0.931706639491343253E+03   -0.707515351937697190E+01    1
    0.253325608428294160E+02   -0.915853937269258836E+03   -0.708515351937697524E+01    1
    0.240823185446401382E+02   -0.909423476501004757E+03   -0.709515351937697947E+01    1
    0.253196266760446989E+02   -0.879312617438128768E+03   -0.710515351937697481E+01    1
    0.240949141979217529E+02   -0.873958367810492859E+03   -0.711515351937697194E+01    1
    0.240981152366265512E+02   -0.865060571202883921E+03   -0.712515351937697261E+01    1
    0.253047851726279234E+02   -0.838322280653193957E+03   -0.713515351937696796E+01    1
    0.253019283366181327E+02   -0.830547302129425361E+03   -0.714515351937696508E+01    1
    0.252968143353276282E+02   -0.816722275294880319E+03   -0.715515351937696753E+01    1
    0.252759341106926527E+02   -0.761512400456698174E+03   -0.716515351937696821E+01    1
    0.252752564483013984E+02   -0.759753874290786371E+03   -0.717515351937696444E+01    1
    0.241412928482657847E+02   -0.749605606875167609E+03   -0.718515351937696511E+01    1
    0.252695187566766144E+02   -0.744948524721319245E+03   -0.719515351937696845E+01    1
    0.252639910746242684E+02   -0.730827003955869259E+03   -0.720515351937697446E+01    1
    0.252601003646850586E+02   -0.720970959859643926E+03   -0.721515351937697869E+01    1
    0.241682348637807358E+02   -0.681869610360836873E+03   -0.722515351937697670E+01    1
    0.241725861014876209E+02   -0.671240331618468531E+03   -0.723515351937696849E+01    1
    0.252382041333561702E+02   -0.666789779709097161E+03   -0.724515351937696384E+01    1
    0.252359712123870850E+02   -0.661387321448336024E+03   -0.725515351937697073E+01    1
    0.252355085252295090E+02   -0.660270711986040737E+03   -0.726515351937697051E+01    1
    0.241865255974831719E+02   -0.637769794818145670E+03   -0.727515351937696853E+01    1
    0.252243274944669089E+02   -0.633584094492000986E+03   -0.728515351937696742E+01    1
    0.241891534501154695E+02   -0.631559207168278363E+03   -0.729515351937696988E+01    1
    0.241911924569353936E+02   -0.626761967971914487E+03   -0.730515351937697766E+01    1
    0.252172899246215820E+02   -0.617079213582768944E+03   -0.731515351937697655E+01    1
    0.252142386112135952E+02   -0.609993274766218519E+03   -0.732515351937697723E+01    1
    0.252120983803003469E+02   -0.605048429195522203E+03   -0.733515351937697524E+01    1
    0.242026979330595182E+02   -0.600047827387372536E+03   -0.734515351937696614E+01    1
    0.242053773915207913E+02   -0.593913118155087432E+03   -0.735515351937696948E+01    1
    0.242082000553335561E+02   -0.587485932466011377E+03   -0.736515351937697105E+01    1
    0.242087719743751357E+02   -0.586188101661976702E+03   -0.737515351937696906E+01    1
    0.252031035649786190E+02   -0.584494848524976987E+03   -0.738515351937697240E+01    1
    0.242173027992248535E+02   -0.567006461276696086E+03   -0.739515351937697218E+01    1
    0.251942157745361328E+02   -0.564548068740978692E+03   -0.740515351937697464E+01    1
    0.242280973844075298E+02   -0.543210191321800494E+03   -0.741515351937697265E+01    1
    0.242298822929819906E+02   -0.539326600109169704E+03   -0.742515351937696799E+01    1
    0.242332954237263891E+02   -0.531940770910765082E+03   -0.743515351937697044E+01    1
    0.242345511913299561E+02   -0.529236721036605331E+03   -0.744515351937697023E+01    1
    0.251708898256233589E+02   -0.513910477503169318E+03   -0.745515351937696646E+01    1
    0.242445607433649961E+02   -0.507940109780398757E+03   -0.746515351937696536E+01    1
    0.242448258399963379E+02   -0.507382290493882294E+03   -0.747515351937696515E+01    1
    0.242459753443189356E+02   -0.504967196819283174E+03   -0.748515351937696671E+01    1
    0.242469953418066915E+02   -0.502829238867293043E+03   -0.749515351937696561E+01    1
    0.242486458279719557E+02   -0.499379795590166509E+03   -0.750515351937696362E+01    1
    0.251579206924905776E+02   -0.486829022593560353E+03   -0.751515351937696874E+01    1
    0.251561210730464317E+02   -0.483131728923057608E+03   -0.752515351937696853E+01    1
    0.251550341322958957E+02   -0.480905774873222356E+03   -0.753515351937696742E+01    1
    0.251515642675436837E+02   -0.473835850109515150E+03   -0.754515351937696721E+01    1
    0.242707805639185139E+02   -0.454319109909963004E+03   -0.755515351937696877E+01    1
    0.242848966706916620E+02   -0.426748609360520447E+03   -0.756515351937697211E+01    1
    0.251271536181469770E+02   -0.425649782169255218E+03   -0.757515351937696835E+01    1
    0.242898689604726918E+02   -0.417253435957443060E+03   -0.758515351937696991E+01    1
    0.251208066336456497E+02   -0.413565914130476415E+03   -0.759515351937697325E+01    1
    0.251174688355127174E+02   -0.407284838248014069E+03   -0.760515351937697126E+01    1
    0.243029122629773902E+02   -0.392881278017958721E+03   -0.761515351937696572E+01    1
    0.243051072172535001E+02   -0.388856112208005527E+03   -0.762515351937696639E+01    1
    0.243088639314178252E+02   -0.382017908673426973E+03   -0.763515351937696973E+01    1
    0.251007145190074539E+02   -0.376523764386189555E+03   -0.764515351937696952E+01    1
    0.250999460657565194E+02   -0.375143567383891252E+03   -0.765515351937697019E+01    1
    0.250925421714782715E+02   -0.361983549825134162E+03   -0.766515351937697087E+01    1
    0.250906740600319793E+02   -0.358702561601463458E+03   -0.767515351937697066E+01    1
    0.243257940546016087E+02   -0.351998886024404783E+03   -0.768515351937697044E+01    1
    0.250706247078215441E+02   -0.324491163164035129E+03   -0.769515351937697201E+01    1
    0.243443242413375387E+02   -0.320640380205448253E+03   -0.770515351937697446E+01    1
    0.250642479408415610E+02   -0.313994177649449171E+03   -0.771515351937697069E+01    1
    0.243545842170715332E+02   -0.303950730260950138E+03   -0.772515351937696959E+01    1
    0.243548136554712045E+02   -0.303582993682253857E+03   -0.773515351937697382E+01    1
    0.250389271979722210E+02   -0.274142222086252559E+03   -0.774515351937697538E+01    1
    0.250315804986845833E+02   -0.263126352722219167E+03   -0.775515351937697517E+01    1
    0.243846371350265905E+02   -0.257825647507859401E+03   -0.776515351937697407E+01    1
    0.243846568623588134E+02   -0.257796722211455233E+03   -0.777515351937697297E+01    1
    0.243861739709856629E+02   -0.255577568330402414E+03   -0.778515351937696565E+01    1
    0.250261550672550541E+02   -0.255149225593533629E+03   -0.779515351937696011E+01    1
    0.243904396822492480E+02   -0.249394112253971912E+03   -0.780515351937696522E+01    1
    0.243920352027179277E+02   -0.247102604421328408E+03   -0.781515351937697123E+01    1
    0.243957326749149743E+02   -0.241836850326297537E+03   -0.782515351937697279E+01    1
    0.250158007839960774E+02   -0.240297490910876036E+03   -0.783515351937697524E+01    1
    0.243976941747099261E+02   -0.239068679830035478E+03   -0.784515351937695993E+01    1
    0.243977230598268804E+02   -0.239028046686272035E+03   -0.785515351937696593E+01    1
    0.250104666192535952E+02   -0.232837128154471031E+03   -0.786515351937697016E+01    1
    0.250050248904630799E+02   -0.225359975630090815E+03   -0.787515351937697172E+01    1
    0.244091131244804878E+02   -0.223301899986658213E+03   -0.788515351937697417E+01    1
    0.244101093966766136E+02   -0.221954482391117551E+03   -0.789515351937696952E+01    1
    0.244102721004197498E+02   -0.221734861983073557E+03   -0.790515351937697019E+01    1
    0.244104791384230282E+02   -0.221455572873433624E+03   -0.791515351937696643E+01    1
    0.250020945072174072E+02   -0.221389428091744946E+03   -0.792515351937696444E+01    1
    0.250013352905638904E+02   -0.220367105493424788E+03   -0.793515351937696778E+01    1
    0.244131680154510455E+02   -0.217846092076346650E+03   -0.794515351937696490E+01    1
    0.249952165742086869E+02   -0.212223869536680354E+03   -0.795515351937696735E+01    1
    0.249932708625780187E+02   -0.209670136521911047E+03   -0.796515351937696447E+01    1
    0.249932256004844504E+02   -0.209610935726929227E+03   -0.797515351937695893E+01    1
    0.249913449324711365E+02   -0.207159361269526187E+03   -0.798515351937696582E+01    1
    0.244222710044161389E+02   -0.205871117764349492E+03   -0.799515351937696650E+01    1
    0.249875506810711947E+02   -0.202262380229354164E+03   -0.800515351937696096E+01    1
    0.244258488900418875E+02   -0.201267819775472333E+03   -0.801515351937696785E+01    1
    0.249791251199167945E+02   -0.191622744578780953E+03   -0.802515351937697652E+01    1
    0.249790642880845795E+02   -0.191547103922396161E+03   -0.803515351937696920E+01    1
    0.249783100801408118E+02   -0.190610693579047847E+03   -0.804515351937696543E+01    1
    0.249773733768948674E+02   -0.189451310448843287E+03   -0.805515351937697233E+01    1
    0.244360447326854775E+02   -0.188469950716908812E+03   -0.806515351937697034E+01    1
    0.244362005551350201E+02   -0.188278038003579780E+03   -0.807515351937696657E+01    1
    0.249761525189799833E+02   -0.187946224845947739E+03   -0.808515351937696636E+01    1
    0.249731765185462145E+02   -0.184305848828131218E+03   -0.809515351937696259E+01    1
    0.249682986736297607E+02   -0.178426366698768362E+03   -0.810515351937696593E+01    1
    0.249675924490819732E+02   -0.177584111175544507E+03   -0.811515351937696572E+01    1
    0.249657011032104492E+02   -0.175339656949065954E+03   -0.812515351937696728E+01    1
    0.244479483313411663E+02   -0.174128063140455424E+03   -0.813515351937696707E+01    1
    0.244509150162337932E+02   -0.170654240093508093E+03   -0.814515351937696508E+01    1
    0.244524814080241626E+02   -0.168836265814541918E+03   -0.815515351937696664E+01    1
    0.244528679985005049E+02   -0.168389304762269234E+03   -0.816515351937696643E+01    1
    0.244597360667546546E+02   -0.160562268898889613E+03   -0.817515351937696622E+01    1
    0.244698381199014321E+02   -0.149440421544681698E+03   -0.818515351937696600E+01    1
    0.249341517376155934E+02   -0.140304722582518366E+03   -0.819515351937696224E+01    1
    0.249310863018035889E+02   -0.137142459295670619E+03   -0.820515351937696558E+01    1
    0.244834738539910290E+02   -0.135165897310924265E+03   -0.821515351937696714E+01    1
    0.244894539756953193E+02   -0.129172984588517068E+03   -0.822515351937696693E+01    1
    0.244897044396001995E+02   -0.128925541687819305E+03   -0.823515351937696671E+01    1
    0.244920867034917933E+02   -0.126586306405125768E+03   -0.824515351937696295E+01    1
    0.244943640249132777E+02   -0.124374303228180665E+03   -0.825515351937696096E+01    1
    0.244978920490005727E+02   -0.120994150669936928E+03   -0.826515351937696252E+01    1
    0.249144852976811322E+02   -0.120761190811240539E+03   -0.827515351937696408E+01    1
    0.244987201690673828E+02   -0.120208961839088445E+03   -0.828515351937696565E+01    1
    0.249104886244689396E+02   -0.117005044882042810E+03   -0.829515351937696543E+01    1
    0.249100311667073449E+02   -0.116579761767602534E+03   -0.830515351937696344E+01    1
    0.245032978279374802E+02   -0.115925016938190353E+03   -0.831515351937696146E+01    1
    0.245046605038470737E+02   -0.114668223007235568E+03   -0.832515351937696302E+01    1
    0.249051495215537919E+02   -0.112100863611010965E+03   -0.833515351937696813E+01    1
    0.245081493651918549E+02   -0.111489029455728513E+03   -0.834515351937696437E+01    1
    0.245093747749566582E+02   -0.110385552381410122E+03   -0.835515351937696593E+01    1
    0.249003487317654617E+02   -0.107802093441453110E+03   -0.836515351937696927E+01    1
    0.248935068037213476E+02   -0.101857182779989301E+03   -0.837515351937696906E+01    1
    0.245200467109680176E+02   -0.101064893363024268E+03   -0.838515351937696174E+01    1
    0.245202275808392898E+02   -0.100911399059561091E+03   -0.839515351937695975E+01    1
    0.248920834170992045E+02   -0.100647224420723759E+03   -0.840515351937696487E+01    1
    0.248895901276648353E+02   -0.985500457539493482E+02   -0.841515351937696821E+01    1
    0.248883476963045922E+02   -0.975155788801829715E+02   -0.842515351937696266E+01    1
    0.245261787661212409E+02   -0.959441294101632423E+02   -0.843515351937695534E+01    1
    0.248838224421366618E+02   -0.938072716585483590E+02   -0.844515351937695691E+01    1
    0.248832804826486722E+02   -0.933694115634397974E+02   -0.845515351937696202E+01    1
    0.248811719181922228E+02   -0.916785972668775457E+02   -0.846515351937696536E+01    1
    0.245349649118789799E+02   -0.889057229313653181E+02   -0.847515351937696160E+01    1
    0.248749439794533842E+02   -0.868028744995562818E+02   -0.848515351937696316E+01    1
    0.248731469742986633E+02   -0.854289043998693103E+02   -0.849515351937696295E+01    1
    0.248717235751180397E+02   -0.843510367916709072E+02   -0.850515351937696629E+01    1
    0.248704002550976000E+02   -0.833572383249158122E+02   -0.851515351937696785E+01    1
    0.248689752478587494E+02   -0.822960000058209999E+02   -0.852515351937696408E+01    1
    0.248667418568401608E+02   -0.806513604434070714E+02   -0.853515351937696032E+01    1
    0.245459247867302963E+02   -0.806192292313026257E+02   -0.854515351937695655E+01    1
    0.245475808310556651E+02   -0.794147521499880611E+02   -0.855515351937696344E+01    1
    0.245485003787460414E+02   -0.787513430385972697E+02   -0.856515351937696323E+01    1
    0.245491240121492424E+02   -0.783036151749475238E+02   -0.857515351937696124E+01    1
    0.245491546337110194E+02   -0.782816765644083006E+02   -0.858515351937696103E+01    1
    0.245514680979652482E+02   -0.766365706077693716E+02   -0.859515351937696259E+01    1
    0.245540152896679942E+02   -0.748534793512196188E+02   -0.860515351937696771E+01    1
    0.245562148468910735E+02   -0.733375362429396631E+02   -0.861515351937696039E+01    1
    0.248560129332628748E+02   -0.730676911065829984E+02   -0.862515351937695662E+01    1
    0.248548990137465324E+02   -0.723103911330715903E+02   -0.863515351937696352E+01    1
    0.248543978206114211E+02   -0.719714991240514337E+02   -0.864515351937696508E+01    1
    0.248516790107899013E+02   -0.701530733054900253E+02   -0.865515351937695954E+01    1
    0.245614373683929443E+02   -0.698264998586983552E+02   -0.866515351937696288E+01    1
    0.248509946476265782E+02   -0.697006578210993553E+02   -0.867515351937696266E+01    1
    0.248507997234740223E+02   -0.695721889433574745E+02   -0.868515351937696423E+01    1
    0.245630883555286097E+02   -0.687424258786451929E+02   -0.869515351937696934E+01    1
    0.245653671759948935E+02   -0.672665136110634023E+02   -0.870515351937696735E+01    1
    0.248469872785525077E+02   -0.670943374908379582E+02   -0.871515351937696181E+01    1
    0.248447462558498522E+02   -0.656687315976162722E+02   -0.872515351937695982E+01    1
    0.245685647194578678E+02   -0.652354869369243744E+02   -0.873515351937696316E+01    1
    0.248415429261250829E+02   -0.636707118156484100E+02   -0.874515351937695762E+01    1
    0.245725112845998197E+02   -0.627929545556012201E+02   -0.875515351937695741E+01    1
    0.248372626556273914E+02   -0.610739753963080432E+02   -0.876515351937696252E+01    1
    0.245760083536059852E+02   -0.606879445246442160E+02   -0.877515351937696231E+01    1
    0.245768372500889214E+02   -0.601971748869766259E+02   -0.878515351937696209E+01    1
    0.248351657095489955E+02   -0.598322876062880198E+02   -0.879515351937696188E+01    1
    0.245821168053640449E+02   -0.571447803967728163E+02   -0.880515351937695812E+01    1
    0.245836563619895614E+02   -0.562786076641597859E+02   -0.881515351937695790E+01    1
    0.248281146149507883E+02   -0.558040600923810572E+02   -0.882515351937695769E+01    1
    0.245863418079587923E+02   -0.547936035475600676E+02   -0.883515351937695925E+01    1
    0.248258234643858096E+02   -0.545439306412443869E+02   -0.884515351937695904E+01    1
    0.248224495753698235E+02   -0.527318588766041643E+02   -0.885515351937696238E+01    1
    0.245906299645978628E+02   -0.524904848246908671E+02   -0.886515351937696394E+01    1
    0.248193923652159008E+02   -0.511346824435939666E+02   -0.887515351937696018E+01    1
    0.245937056321087333E+02   -0.508901999735978663E+02   -0.888515351937696174E+01    1
    0.245943043879353596E+02   -0.505836787476671503E+02   -0.889515351937696330E+01    1
    0.245963623943638723E+02   -0.495425846433937949E+02   -0.890515351937696309E+01    1
    0.248113570392927727E+02   -0.471399392479015944E+02   -0.891515351937696288E+01    1
    0.248109813494353801E+02   -0.469603679498008617E+02   -0.892515351937696089E+01    1
    0.246024973860235505E+02   -0.465536055267354172E+02   -0.893515351937696423E+01    1
    0.246033416567766352E+02   -0.461557050234289363E+02   -0.894515351937696579E+01    1
    0.248091028520289427E+02   -0.460721395660931492E+02   -0.895515351937696202E+01    1
    0.246040431268651290E+02   -0.458275770279599115E+02   -0.896515351937696181E+01    1
    0.248070247125587215E+02   -0.451082528018818039E+02   -0.897515351937695982E+01    1
    0.246074567549813210E+02   -0.442627941539489385E+02   -0.898515351937695428E+01    1
    0.246097363921831480E+02   -0.432474050338731146E+02   -0.899515351937695407E+01    1
    0.246105405244742208E+02   -0.428948826455228129E+02   -0.900515351937695741E+01    1
    0.246106966244197629E+02   -0.428267918465421289E+02   -0.901515351937696252E+01    1
    0.246113231374061705E+02   -0.425546243865811462E+02   -0.902515351937696408E+01    1
    0.248004188996229331E+02   -0.421750751042913947E+02   -0.903515351937696032E+01    1
    0.246134595602078647E+02   -0.416399809522466171E+02   -0.904515351937695833E+01    1
    0.247981646920051233E+02   -0.412196600864992106E+02   -0.905515351937695989E+01    1
    0.247974750986334911E+02   -0.409320121544140818E+02   -0.906515351937695790E+01    1
    0.247973922362098023E+02   -0.408975938941363069E+02   -0.907515351937695591E+01    1
    0.246189687374887924E+02   -0.393773976637123297E+02   -0.908515351937695925E+01    1
    0.246191090855037231E+02   -0.393215647988591925E+02   -0.909515351937696437E+01    1
    0.246194402722790251E+02   -0.391901689072934118E+02   -0.910515351937696060E+01    1
    0.246199602294021389E+02   -0.389848884485000653E+02   -0.911515351937695506E+01    1
    0.247921346707582124E+02   -0.387777719700220302E+02   -0.912515351937696195E+01    1
    0.246206830594570754E+02   -0.387015606472635056E+02   -0.913515351937696529E+01    1
    0.247901652579603677E+02   -0.380161545853690797E+02   -0.914515351937696153E+01    1
    0.247900864217199377E+02   -0.379860348232602689E+02   -0.915515351937696131E+01    1
    0.247888105794328482E+02   -0.375025324009544079E+02   -0.916515351937695577E+01    1
    0.247880374608385736E+02   -0.372131561941627211E+02   -0.917515351937695733E+01    1
    0.246249691841463587E+02   -0.370704592224942928E+02   -0.918515351937696067E+01    1
    0.246266936489238546E+02   -0.364378311431043471E+02   -0.919515351937696046E+01    1
    0.246270202651804020E+02   -0.363195372736064996E+02   -0.920515351937696202E+01    1
    0.247848464474477446E+02   -0.360475990519665217E+02   -0.921515351937696536E+01    1
    0.247832124439698518E+02   -0.354687282380211002E+02   -0.922515351937696337E+01    1
    0.247831126797779611E+02   -0.354337794648134974E+02   -0.923515351937695961E+01    1
    0.247826235319935222E+02   -0.352630807942715876E+02   -0.924515351937695584E+01    1
    0.246301872445155468E+02   -0.351977378155812133E+02   -0.925515351937695918E+01    1
    0.247820381744010305E+02   -0.350602411645759346E+02   -0.926515351937696607E+01    1
    0.246307576698564716E+02   -0.350005421693899095E+02   -0.927515351937695876E+01    1
    0.246313275458148730E+02   -0.348050175174292136E+02   -0.928515351937695499E+01    1
    0.246322429612393563E+02   -0.344940370387803839E+02   -0.929515351937696188E+01    1
    0.246333805977834146E+02   -0.341128879700448309E+02   -0.930515351937696522E+01    1
    0.246334600448608398E+02   -0.340864907293503379E+02   -0.931515351937695790E+01    1
    0.246336233435819985E+02   -0.340323231246188911E+02   -0.932515351937696657E+01    1
    0.247786559975365144E+02   -0.339188244222110455E+02   -0.933515351937696458E+01    1
    0.247783772203507127E+02   -0.338270688209235360E+02   -0.934515351937696082E+01    1
    0.247780597765670407E+02   -0.337230180218478282E+02   -0.935515351937695883E+01    1
    0.247778443968345670E+02   -0.336526830363196154E+02   -0.936515351937696394E+01    1
    0.246359604336218041E+02   -0.332704086799088259E+02   -0.937515351937696728E+01    1
    0.247761156933246518E+02   -0.330958126646209649E+02   -0.938515351937696352E+01    1
    0.247752629340476602E+02   -0.328261290704952486E+02   -0.939515351937695797E+01    1
    0.246373862976695790E+02   -0.328177917043277247E+02   -0.940515351937695776E+01    1
    0.247747832043848533E+02   -0.326758723471830947E+02   -0.941515351937695755E+01    1
    0.247746736616280465E+02   -0.326417094458741417E+02   -0.942515351937696089E+01    1
    0.247745522686954232E+02   -0.326039147458145351E+02   -0.943515351937695712E+01    1
    0.246387939348908311E+02   -0.323800510945622122E+02   -0.944515351937694980E+01    1
    0.247736121269391845E+02   -0.323134838683214483E+02   -0.945515351937695137E+01    1
    0.247727410871480771E+02   -0.320479957804818980E+02   -0.946515351937695826E+01    1
    0.247725148067852921E+02   -0.319795927056058638E+02   -0.947515351937695982E+01    1
    0.246410209544616414E+02   -0.317059513186125734E+02   -0.948515351937695605E+01    1
    0.247713068708159270E+02   -0.316183900831721303E+02   -0.949515351937695584E+01    1
    0.247707734744368615E+02   -0.314610083597574572E+02   -0.950515351937695741E+01    1
    0.246428895780397781E+02   -0.311577779154784089E+02   -0.951515351937695897E+01    1
    0.246432047597743136E+02   -0.310668859573812846E+02   -0.952515351937695876E+01    1
    0.247693376912421463E+02   -0.310438160536404908E+02   -0.953515351937695854E+01    1
    0.246441779758417070E+02   -0.307890881985626557E+02   -0.954515351937695833E+01    1
    0.246448908902737429E+02   -0.305883314447767205E+02   -0.955515351937695989E+01    1
    0.247664634266744486E+02   -0.302368822793616694E+02   -0.956515351937696323E+01    1
    0.247662455464620415E+02   -0.301772491381003718E+02   -0.957515351937696302E+01    1
    0.246471702191017457E+02   -0.299620169186405363E+02   -0.958515351937695215E+01    1
    0.247647310922947526E+02   -0.297687272029577983E+02   -0.959515351937695371E+01    1
    0.247641008581316804E+02   -0.296018030537260906E+02   -0.960515351937695527E+01    1
    0.247637752652091088E+02   -0.295162756437934739E+02   -0.961515351937695861E+01    1
    0.246489110805715264E+02   -0.294996135627593326E+02   -0.962515351937695662E+01    1
    0.247634386786336087E+02   -0.294283683816417181E+02   -0.963515351937695286E+01    1
    0.246510089992159998E+02   -0.289607247254174993E+02   -0.964515351937695797E+01    1
    0.246525127501123258E+02   -0.285868027700485499E+02   -0.965515351937696309E+01    1
    0.247597279993851132E+02   -0.284934686508719039E+02   -0.966515351937695755E+01    1
    0.246529576132561274E+02   -0.284781590557895186E+02   -0.967515351937695556E+01    1
    0.246531499853289553E+02   -0.284314576727901311E+02   -0.968515351937696067E+01    1
    0.246540610169559748E+02   -0.282125813448401672E+02   -0.969515351937696224E+01    1
    0.246545456260452482E+02   -0.280976949836516567E+02   -0.970515351937696025E+01    1
    0.247576713103146560E+02   -0.280023238941604475E+02   -0.971515351937696003E+01    1
    0.246552505593073796E+02   -0.279324875249813047E+02   -0.972515351937696160E+01    1
    0.247569821437116389E+02   -0.278420614175823751E+02   -0.973515351937696316E+01    1
    0.247569797401589682E+02   -0.278415062711207106E+02   -0.974515351937696295E+01    1
    0.247565595447953584E+02   -0.277448588362817681E+02   -0.975515351937696273E+01    1
    0.246565375068844972E+02   -0.276367222971056528E+02   -0.976515351937695542E+01    1
    0.246570180535301482E+02   -0.275282193071960144E+02   -0.977515351937695698E+01    1
    0.247551990578687580E+02   -0.274374602482721244E+02   -0.978515351937696209E+01    1
    0.247544794768460967E+02   -0.272782841407092889E+02   -0.979515351937696011E+01    1
    0.246585396166304278E+02   -0.271916075413977580E+02   -0.980515351937695812E+01    1
    0.246587013449265484E+02   -0.271564492487377862E+02   -0.981515351937695613E+01    1
    0.247537017084887303E+02   -0.271088909073955726E+02   -0.982515351937695769E+01    1
    0.246590049429933273E+02   -0.270907717133537354E+02   -0.983515351937696103E+01    1
    0.247530490031114390E+02   -0.269688636427279640E+02   -0.984515351937696082E+01    1
    0.246598031662859221E+02   -0.269200961610190710E+02   -0.985515351937696060E+01    1
    0.246607471165220922E+02   -0.267220095250761176E+02   -0.986515351937695506E+01    1
    0.246608662763767938E+02   -0.266972927215689886E+02   -0.987515351937695307E+01    1
    0.247509431947766956E+02   -0.265303363694062071E+02   -0.988515351937695641E+01    1
    0.247499983114462481E+02   -0.263401375103229398E+02   -0.989515351937695975E+01    1
    0.247489466252309072E+02   -0.261332256448280980E+02   -0.990515351937695954E+01    1
    0.247484513908591524E+02   -0.260375378101627142E+02   -0.991515351937695577E+01    1
    0.247470030743392009E+02   -0.257641136222635154E+02   -0.992515351937695911E+01    1
    0.246658483750220725E+02   -0.257218029753514195E+02   -0.993515351937696067E+01    1
    0.247453152942757271E+02   -0.254575454243471526E+02   -0.994515351937695513E+01    1
    0.246676822347758424E+02   -0.253912236379585430E+02   -0.995515351937695492E+01    1
    0.247447465645135871E+02   -0.253571663671339635E+02   -0.996515351937695826E+01    1
    0.246681336348419613E+02   -0.253122034617079805E+02   -0.997515351937695982E+01    1
    0.247444418372374244E+02   -0.253039895760173650E+02   -0.998515351937696138E+01    1
    0.246682581767025226E+02   -0.252905651753805465E+02   -0.999515351937695584E+01    1
    0.246683181520550505E+02   -0.252801700953532880E+02   -0.100051535193769503E+02    1
    0.247432152446250733E+02   -0.250942225680749686E+02   -0.100151535193769536E+02    1
    0.246697983613712069E+02   -0.250288125067681584E+02   -0.100251535193769570E+02    1
    0.247428066822307287E+02   -0.250258744745376305E+02   -0.100351535193769603E+02    1
    0.247426714730206783E+02   -0.250034229993664354E+02   -0.100451535193769637E+02    1
    0.247425244428013009E+02   -0.249791032271635913E+02   -0.100551535193769475E+02    1
    0.246701019543645046E+02   -0.249784929988121576E+02   -0.100651535193769543E+02    1
    0.246705220120241293E+02   -0.249095626782031800E+02   -0.100751535193769577E+02    1
    0.246709029944367160E+02   -0.248477400612274799E+02   -0.100851535193769539E+02    1
    0.247410902383026361E+02   -0.247470450342805499E+02   -0.100951535193769484E+02    1
    0.247409945530563071E+02   -0.247318965436091780E+02   -0.101051535193769499E+02    1
    0.246717250969974344E+02   -0.247165904152425213E+02   -0.101151535193769551E+02    1
    0.246720543855880052E+02   -0.246649232808724399E+02   -0.101251535193769566E+02    1
    0.247404745066598899E+02   -0.246502947691574015E+02   -0.101351535193769582E+02    1
    0.247403027214827489E+02   -0.246236104004939982E+02   -0.101451535193769562E+02    1
    0.246724673717805558E+02   -0.246008222243155146E+02   -0.101551535193769507E+02    1
    0.246725036631681611E+02   -0.245952264705407018E+02   -0.101651535193769487E+02    1
    0.246728323002412147E+02   -0.245448273971237398E+02   -0.101751535193769485E+02    1
    0.247396922580648209E+02   -0.245298720265662880E+02   -0.101851535193769500E+02    1
    0.246732683064757694E+02   -0.244787222708900138E+02   -0.101951535193769534E+02    1
    0.247388674788103273E+02   -0.244059228388776965E+02   -0.102051535193769531E+02    1
    0.247386419773101807E+02   -0.243725738993664400E+02   -0.102151535193769565E+02    1
    0.247386100491037695E+02   -0.243678708376092139E+02   -0.102251535193769545E+02    1
    0.246745649448551418E+02   -0.242872527330018961E+02   -0.102351535193769507E+02    1
    0.247378865149035683E+02   -0.242625392128836133E+02   -0.102451535193769541E+02    1
    0.247372451796056190E+02   -0.241711690948365217E+02   -0.102551535193769521E+02    1
    0.246758872515539807E+02   -0.240998857274758294E+02   -0.102651535193769536E+02    1
    0.247366677212279527E+02   -0.240905035149232276E+02   -0.102751535193769570E+02    1
    0.246763657528413347E+02   -0.240340474243180040E+02   -0.102851535193769532E+02    1
    0.247362375480733299E+02   -0.240314002342829980E+02   -0.102951535193769512E+02    1
    0.246765313935768589E+02   -0.240114996402611531E+02   -0.103051535193769492E+02    1
    0.246766011880285525E+02   -0.240020363477195673E+02   -0.103151535193769526E+02    1
    0.246766924335238613E+02   -0.239896980408271325E+02   -0.103251535193769541E+02    1
    0.246767886412591970E+02   -0.239767298384498488E+02   -0.103351535193769539E+02    1
    0.247352640803209844E+02   -0.239007657015978303E+02   -0.103451535193769555E+02    1
    0.247352013594444458E+02   -0.238924969964846952E+02   -0.103551535193769570E+02    1
    0.247350243424303748E+02   -0.238692569679658888E+02   -0.103651535193769533E+02    1
    0.247347442035827214E+02   -0.238327702723352814E+02   -0.103751535193769513E+02    1
    0.247344879038340366E+02   -0.237997018619659464E+02   -0.103851535193769564E+02    1
    0.247344020568524172E+02   -0.237886926221577539E+02   -0.103951535193769562E+02    1
    0.247338969480561062E+02   -0.237245964837246888E+02   -0.104051535193769507E+02    1
    0.247332193846602451E+02   -0.236404429755268204E+02   -0.104151535193769558E+02    1
    0.246794152511887681E+02   -0.236389793254016816E+02   -0.104251535193769538E+02    1
    0.246794482547804535E+02   -0.236349355177709057E+02   -0.104351535193769482E+02    1
    0.246796027186463576E+02   -0.236160756311923450E+02   -0.104451535193769534E+02    1
    0.247326030230677105E+02   -0.235657084392284055E+02   -0.104551535193769531E+02    1
    0.246803099913025008E+02   -0.235311074473757635E+02   -0.104651535193769529E+02    1
    0.247320392186434930E+02   -0.234988630386044619E+02   -0.104751535193769580E+02    1
    0.247318916684516488E+02   -0.234816085148229909E+02   -0.104851535193769543E+02    1
    0.246809333116957497E+02   -0.234581151770496135E+02   -0.104951535193769523E+02    1
    0.247315308061383448E+02   -0.234398274173750707E+02   -0.105051535193769539E+02    1
    0.247313011433280465E+02   -0.234135458698802736E+02   -0.105151535193769536E+02    1
    0.246814568575085396E+02   -0.233981752399631588E+02   -0.105251535193769499E+02    1
    0.247303860622746079E+02   -0.233112157413487324E+02   -0.105351535193769514E+02    1
    0.246823126509555202E+02   -0.233028871918691252E+02   -0.105451535193769512E+02    1
    0.247300199945045307E+02   -0.232713486383256978E+02   -0.105551535193769528E+02    1
    0.247300039658664410E+02   -0.232696169766654535E+02   -0.105651535193769543E+02    1
    0.247299757191423879E+02   -0.232665681785911040E+02   -0.105751535193769524E+02    1
    0.246826757842516926E+02   -0.232634630661140420E+02   -0.105851535193769575E+02    1
    0.246827373969974140E+02   -0.232568336287804946E+02   -0.105951535193769573E+02    1
    0.247297817188633466E+02   -0.232457271100892555E+02   -0.106051535193769570E+02    1
    0.247295710761794751E+02   -0.232232924459137990E+02   -0.106151535193769551E+02    1
    0.247294967845977602E+02   -0.232154282087084489E+02   -0.106251535193769495E+02    1
    0.247294123336612586E+02   -0.232065190935135348E+02   -0.106351535193769458E+02    1
    0.246834349415003516E+02   -0.231829858304341698E+02   -0.106451535193769526E+02    1
    0.246838563502878614E+02   -0.231394467420704011E+02   -0.106551535193769560E+02    1
    0.246840326236611496E+02   -0.231214746629174996E+02   -0.106651535193769540E+02    1
    0.247282611759600286E+02   -0.230883200526558596E+02   -0.106751535193769556E+02    1
    0.247282538425946257E+02   -0.230875864373618462E+02   -0.106851535193769500E+02    1
    0.247282020121536164E+02   -0.230824084121377879E+02   -0.106951535193769480E+02    1
    0.246845731433397013E+02   -0.230672486314489298E+02   -0.107051535193769549E+02    1
    0.246846860993756039E+02   -0.230560848872547659E+02   -0.107151535193769494E+02    1
    0.246850572814337461E+02   -0.230198095557281874E+02   -0.107251535193769456E+02    1
    0.246850649094756704E+02   -0.230190706590111382E+02   -0.107351535193769543E+02    1
    0.247275491827359915E+02   -0.230182371549993512E+02   -0.107451535193769505E+02    1
    0.246851597395696629E+02   -0.230099070066124831E+02   -0.107551535193769414E+02    1
    0.246854247399624001E+02   -0.229845167333777454E+02   -0.107651535193769483E+02    1
    0.247271919480573494E+02   -0.229839444042740624E+02   -0.107751535193769499E+02    1
    0.247271394260109929E+02   -0.229789515998874982E+02   -0.107851535193769426E+02    1
    0.246858092991341067E+02   -0.229482405922693786E+02   -0.107951535193769441E+02    1
    0.247266133585452295E+02   -0.229296367659424121E+02   -0.108051535193769528E+02    1
    0.247266067665537790E+02   -0.229290268195691347E+02   -0.108151535193769561E+02    1
    0.246860837301371312E+02   -0.229227652160965896E+02   -0.108251535193769524E+02    1
    0.246863651529489267E+02   -0.228969973219667047E+02   -0.108351535193769521E+02    1
    0.247261069161158424E+02   -0.228833534232921991E+02   -0.108451535193769519E+02    1
    0.247259215251135487E+02   -0.228667030228744927E+02   -0.108551535193769482E+02    1
    0.247258330742862213E+02   -0.228588142517447466E+02   -0.108651535193769480E+02    1
    0.247256264629316860E+02   -0.228405258999064955E+02   -0.108751535193769477E+02    1
    0.246870194594553993E+02   -0.228384825381375194E+02   -0.108851535193769493E+02    1
    0.246875093225670703E+02   -0.227959514089840098E+02   -0.108951535193769473E+02    1
    0.246877463437305025E+02   -0.227757653153685240E+02   -0.109051535193769453E+02    1
    0.246878584289781955E+02   -0.227663086703321085E+02   -0.109151535193769469E+02    1
    0.247246210808312625E+02   -0.227543109892285571E+02   -0.109251535193769485E+02    1
    0.246880638524133644E+02   -0.227491257277432268E+02   -0.109351535193769500E+02    1
    0.246885143857578413E+02   -0.227121137733360001E+02   -0.109451535193769498E+02    1
    0.247236936587277221E+02   -0.226788668797901245E+02   -0.109551535193769460E+02    1
    0.247235098318361679E+02   -0.226643784777289419E+02   -0.109651535193769440E+02    1
    0.246891478036715846E+02   -0.226616424558012746E+02   -0.109751535193769456E+02    1
    0.246891509393416761E+02   -0.226613971520177842E+02   -0.109851535193769454E+02    1
    0.247230715865857107E+02   -0.226304593216588330E+02   -0.109951535193769434E+02    1
    0.246896320973705876E+02   -0.226242872075745538E+02   -0.110051535193769485E+02    1
    0.246897790898308145E+02   -0.226131606645606702E+02   -0.110151535193769536E+02    1
    0.246900092691575175E+02   -0.225959351916531119E+02   -0.110251535193769499E+02    1
    0.247225637337175037E+02   -0.225922477910205792E+02   -0.110351535193769461E+02    1
    0.246902146959477946E+02   -0.225807660269490924E+02   -0.110451535193769441E+02    1
    0.246902187856799635E+02   -0.225804659851002612E+02   -0.110551535193769439E+02    1
    0.246902772953910912E+02   -0.225761817873382213E+02   -0.110651535193769455E+02    1
    0.246902817937101489E+02   -0.225758530574290965E+02   -0.110751535193769488E+02    1
    0.247222501574604294E+02   -0.225692409629356412E+02   -0.110851535193769504E+02    1
    0.247219477254351823E+02   -0.225474763884601295E+02   -0.110951535193769502E+02    1
    0.247218390962035031E+02   -0.225397606388316234E+02   -0.111051535193769553E+02    1
    0.246908676886768603E+02   -0.225338251810750947E+02   -0.111151535193769551E+02    1
    0.247216687787433358E+02   -0.225277715613814919E+02   -0.111251535193769460E+02    1
    0.247215927905100585E+02   -0.225224652148458375E+02   -0.111351535193769493E+02    1
    0.246911237134714838E+02   -0.225159510903066113E+02   -0.111451535193769491E+02    1
    0.247213199863670994E+02   -0.225036318523780494E+02   -0.111551535193769507E+02    1
    0.247210526295359792E+02   -0.224855036994896444E+02   -0.111651535193769469E+02    1
    0.246916767549592215E+02   -0.224783609120884229E+02   -0.111751535193769467E+02    1
    0.246917513598328817E+02   -0.224733967489776667E+02   -0.111851535193769482E+02    1
    0.246920101377907955E+02   -0.224563744491418831E+02   -0.111951535193769498E+02    1
    0.247205141575644376E+02   -0.224499815296388050E+02   -0.112051535193769514E+02    1
    0.247204461394876915E+02   -0.224455885024010158E+02   -0.112151535193769529E+02    1
    0.247204284674542762E+02   -0.224444505847902143E+02   -0.112251535193769527E+02    1
    0.246922202769908381E+02   -0.224427761698019346E+02   -0.112351535193769525E+02    1
    0.247201430849215527E+02   -0.224262716724564832E+02   -0.112451535193769505E+02    1
    0.246929572170183746E+02   -0.223966789030328535E+02   -0.112551535193769485E+02    1
    0.246930283719837220E+02   -0.223923590510452257E+02   -0.112651535193769465E+02    1
    0.247195086498085956E+02   -0.223871880981019054E+02   -0.112751535193769428E+02    1
    0.246934942342034063E+02   -0.223646465262409251E+02   -0.112851535193769514E+02    1
    0.246935182578065380E+02   -0.223632442686966826E+02   -0.112951535193769441E+02    1
    0.247190534136370701E+02   -0.223602744478785098E+02   -0.113051535193769475E+02    1
    0.246935722121644474E+02   -0.223601045422442510E+02   -0.113151535193769508E+02    1
    0.247188220534262015E+02   -0.223469584360765374E+02   -0.113251535193769524E+02    1
    0.247183976503787477E+02   -0.223231660921469128E+02   -0.113351535193769486E+02    1
    0.246944342194476398E+02   -0.223117419369072536E+02   -0.113451535193769519E+02    1
    0.246945079200702118E+02   -0.223077641668983908E+02   -0.113551535193769464E+02    1
    0.247179563891363188E+02   -0.222992992718524334E+02   -0.113651535193769444E+02    1
    0.247179292841257592E+02   -0.222978621574916502E+02   -0.113751535193769477E+02    1
    0.246948641807308071E+02   -0.222888851857021990E+02   -0.113851535193769493E+02    1
    0.247177210777708680E+02   -0.222869346691428518E+02   -0.113951535193769544E+02    1
    0.247176647855036720E+02   -0.222840141646364280E+02   -0.114051535193769453E+02    1
    0.246949891269059485E+02   -0.222824010672139075E+02   -0.114151535193769433E+02    1
    0.247172186521025878E+02   -0.222613791480844228E+02   -0.114251535193769502E+02    1
    0.247171182277471146E+02   -0.222564091180837558E+02   -0.114351535193769465E+02    1
    0.247171013892959692E+02   -0.222555802786070238E+02   -0.114451535193769427E+02    1
    0.247169573907104834E+02   -0.222485450190983087E+02   -0.114551535193769425E+02    1
    0.246956683478626324E+02   -0.222483975944538059E+02   -0.114651535193769476E+02    1
    0.247169405237560298E+02   -0.222477271436988673E+02   -0.114751535193769509E+02    1
    0.246957429332081766E+02   -0.222447918099890742E+02   -0.114851535193769489E+02    1
    0.246958046124340562E+02   -0.222418291199709515E+02   -0.114951535193769505E+02    1
    0.247168025986272397E+02   -0.222410878401666920E+02   -0.115051535193769467E+02    1
    0.246959049932134675E+02   -0.222370445226132247E+02   -0.115151535193769430E+02    1
    0.247166940529987968E+02   -0.222359237533304039E+02   -0.115251535193769428E+02    1
    0.247166399661899305E+02   -0.222333706073509347E+02   -0.115351535193769426E+02    1
    0.246960163248219722E+02   -0.222317916803666620E+02   -0.115451535193769423E+02    1
    0.247165864667978639E+02   -0.222308583085770302E+02   -0.115551535193769439E+02    1
    0.247162487407201468E+02   -0.222153000381139805E+02   -0.115651535193769455E+02    1
    0.246964034277779518E+02   -0.222139671639260605E+02   -0.115751535193769453E+02    1
    0.247161738948603258E+02   -0.222119224391300882E+02   -0.115851535193769433E+02    1
    0.247161441497853680E+02   -0.222105872119058674E+02   -0.115951535193769448E+02    1
    0.247158107999981524E+02   -0.221958993322296898E+02   -0.116051535193769446E+02    1
    0.247156616033966152E+02   -0.221894895986646894E+02   -0.116151535193769408E+02    1
    0.247156504563925878E+02   -0.221890147785499607E+02   -0.116251535193769424E+02    1
    0.246970703514067864E+02   -0.221848601975595194E+02   -0.116351535193769458E+02    1
    0.247155479072061901E+02   -0.221846731458212894E+02   -0.116451535193769455E+02    1
    0.247152107896803770E+02   -0.221707383923687757E+02   -0.116551535193769418E+02    1
    0.247152063562350506E+02   -0.221705585871254343E+02   -0.116651535193769451E+02    1
    0.246974642623668359E+02   -0.221686209007043367E+02   -0.116751535193769502E+02    1
    0.246975052883315911E+02   -0.221669702410606320E+02   -0.116851535193769465E+02    1
    0.246975077118262689E+02   -0.221668729729319942E+02   -0.116951535193769445E+02    1
    0.247150678743209440E+02   -0.221649873460405011E+02   -0.117051535193769460E+02    1
    0.246977087538621660E+02   -0.221588972834770281E+02   -0.117151535193769476E+02    1
    0.247148857141688154E+02   -0.221577920157608759E+02   -0.117251535193769456E+02    1
    0.247148751315899311E+02   -0.221573786525024232E+02   -0.117351535193769418E+02    1
    0.246979514268599694E+02   -0.221495154364748963E+02   -0.117451535193769399E+02    1
    0.246980507935362077E+02   -0.221457513390823415E+02   -0.117551535193769414E+02    1
    0.247145180275383396E+02   -0.221437291678232633E+02   -0.117651535193769430E+02    1
    0.247144700368156123E+02   -0.221419391411839896E+02   -0.117751535193769463E+02    1
    0.246981973947981182E+02   -0.221402801389315940E+02   -0.117851535193769479E+02    1
    0.247142271426232440E+02   -0.221330403590667508E+02   -0.117951535193769459E+02    1
    0.246985621269347071E+02   -0.221270932978383321E+02   -0.118051535193769439E+02    1
    0.246987339139657216E+02   -0.221210924252041039E+02   -0.118151535193769472E+02    1
    0.247138440788514906E+02   -0.221195527637703222E+02   -0.118251535193769470E+02    1
    0.247137289066916139E+02   -0.221156283614525329E+02   -0.118351535193769397E+02    1
    0.247137002826635914E+02   -0.221146624009436827E+02   -0.118451535193769431E+02    1
    0.247136797485776327E+02   -0.221139717482250333E+02   -0.118551535193769446E+02    1
    0.246989815086975462E+02   -0.221126800958285052E+02   -0.118651535193769391E+02    1
    0.246989856489362758E+02   -0.221125418016761692E+02   -0.118751535193769389E+02    1
    0.247136118582352680E+02   -0.221117019760231983E+02   -0.118851535193769422E+02    1
    0.246992339486070946E+02   -0.221043908422414752E+02   -0.118951535193769455E+02    1
    0.246995202740378268E+02   -0.220953404949959662E+02   -0.119051535193769453E+02    1
    0.247130693614433739E+02   -0.220943194338569455E+02   -0.119151535193769504E+02    1
    0.247130134191008466E+02   -0.220926032459770845E+02   -0.119251535193769467E+02    1
    0.246996809786696438E+02   -0.220904245809266904E+02   -0.119351535193769447E+02    1
