    0.398771870136260986E+02   -0.136131723321556958E+06   -0.460515351937698814E+01    1
    0.397472465038299561E+02   -0.133446624828293279E+06   -0.461515351937698259E+01    1
    0.396903455257415771E+02   -0.132279239868641394E+06   -0.462515351937698149E+01    1
    0.395304095745086670E+02   -0.129025448321735865E+06   -0.463515351937698661E+01    1
    0.384357428550720215E+02   -0.107842904716791614E+06   -0.464515351937698728E+01    1
    0.382963001728057861E+02   -0.105280889931921993E+06   -0.465515351937698174E+01    1
    0.380000185966491699E+02   -0.999394821489760361E+05   -0.466515351937698153E+01    1
    0.378377103805541992E+02   -0.970723176673623238E+05   -0.467515351937698398E+01    1
    0.378057801723480225E+02   -0.965131846655057743E+05   -0.468515351937698377E+01    1
    0.377729773521423340E+02   -0.959404530522960995E+05   -0.469515351937698444E+01    1
    0.377497565746307373E+02   -0.955360526006251603E+05   -0.470515351937698423E+01    1
    0.377225470542907715E+02   -0.950632731588003371E+05   -0.471515351937698135E+01    1
    0.374662709236145020E+02   -0.906678835722960794E+05   -0.472515351937698025E+01    1
    0.373438620567321777E+02   -0.886051635394195619E+05   -0.473515351937698448E+01    1
    0.373148620128631592E+02   -0.881199594795794692E+05   -0.474515351937698782E+01    1
    0.371634292602539062E+02   -0.856079560468479322E+05   -0.475515351937698494E+01    1
    0.371116364002227783E+02   -0.847571399027286534E+05   -0.476515351937698117E+01    1
    0.370483791828155518E+02   -0.837237595541476039E+05   -0.477515351937698451E+01    1
    0.366892898082733154E+02   -0.779777332027115917E+05   -0.478515351937698341E+01    1
    0.365090227127075195E+02   -0.751701663986070635E+05   -0.479515351937697876E+01    1
    0.362902545928955078E+02   -0.718321058393209096E+05   -0.480515351937698032E+01    1
    0.362887501716613770E+02   -0.718094131756126881E+05   -0.481515351937698277E+01    1
    0.360867381095886230E+02   -0.687948286440253432E+05   -0.482515351937698345E+01    1
    0.359741854667663574E+02   -0.671432699830617930E+05   -0.483515351937698323E+01    1
    0.359305214881896973E+02   -0.665079621790818201E+05   -0.484515351937698480E+01    1
    0.359103190898895264E+02   -0.662150406099347019E+05   -0.485515351937698814E+01    1
    0.358680415153503418E+02   -0.656041355217936944E+05   -0.486515351937698437E+01    1
    0.357940244674682617E+02   -0.645414169311352016E+05   -0.487515351937698149E+01    1
    0.357595562934875488E+02   -0.640494929241164136E+05   -0.488515351937698572E+01    1
    0.357130002975463867E+02   -0.633880411501470298E+05   -0.489515351937698817E+01    1
    0.356163501739501953E+02   -0.620258312052628462E+05   -0.490515351937698973E+01    1
    0.354511761665344238E+02   -0.597320811231921325E+05   -0.491515351937698775E+01    1
    0.352102327346801758E+02   -0.564636304538610857E+05   -0.492515351937698220E+01    1
    0.351424753665924072E+02   -0.555610532061556369E+05   -0.493515351937698199E+01    1
    0.350624155998229980E+02   -0.545039719472728902E+05   -0.494515351937698799E+01    1
    0.350489354133605957E+02   -0.543269829420220776E+05   -0.495515351937699045E+01    1
    0.348105633258819580E+02   -0.512448089552667225E+05   -0.496515351937698846E+01    1
    0.347098171710968018E+02   -0.499692105400000364E+05   -0.497515351937698824E+01    1
    0.343993782997131348E+02   -0.461396846038579606E+05   -0.498515351937698359E+01    1
    0.343328845500946045E+02   -0.453392787552570808E+05   -0.499515351937698426E+01    1
    0.342583394050598145E+02   -0.444502828153551673E+05   -0.500515351937698583E+01    1
    0.342278838157653809E+02   -0.440896142422244593E+05   -0.501515351937698384E+01    1
    0.341873133182525635E+02   -0.436114426858868246E+05   -0.502515351937698451E+01    1
    0.341153359413146973E+02   -0.427695197349407681E+05   -0.503515351937698608E+01    1
    0.340685701370239258E+02   -0.422268959491946734E+05   -0.504515351937698409E+01    1
    0.337668371200561523E+02   -0.388091698425456561E+05   -0.505515351937698298E+01    1
    0.336059355735778809E+02   -0.370455964577652994E+05   -0.506515351937698455E+01    1
    0.200634694099426270E+02   -0.355922605220865516E+05   -0.507515351937697989E+01    1
    0.334123766422271729E+02   -0.349784186476430041E+05   -0.508515351937698501E+01    1
    0.201385307312011719E+02   -0.347996839213610292E+05   -0.509515351937699013E+01    1
    0.333495771884918213E+02   -0.343204814901921345E+05   -0.510515351937699080E+01    1
    0.333106851577758789E+02   -0.339161499672248174E+05   -0.511515351937698348E+01    1
    0.202296841144561768E+02   -0.338491901852856099E+05   -0.512515351937698238E+01    1
    0.330565607547760010E+02   -0.313331829521429208E+05   -0.513515351937698394E+01    1
    0.204829490184783936E+02   -0.312773797230191631E+05   -0.514515351937697751E+01    1
    0.330113065242767334E+02   -0.308839409806146759E+05   -0.515515351937698085E+01    1
    0.206259620189666748E+02   -0.298700218607647730E+05   -0.516515351937698330E+01    1
    0.206528604030609131E+02   -0.296089408579494448E+05   -0.517515351937698220E+01    1
    0.207873272895812988E+02   -0.283209641718261410E+05   -0.518515351937698643E+01    1
    0.326761817932128906E+02   -0.276580953833726526E+05   -0.519515351937698533E+01    1
    0.209086775779724121E+02   -0.271832102911754228E+05   -0.520515351937697623E+01    1
    0.326192450523376465E+02   -0.271277132602589081E+05   -0.521515351937698224E+01    1
    0.209628450870513916E+02   -0.266828774833661810E+05   -0.522515351937697670E+01    1
    0.325391530990600586E+02   -0.263903259412695370E+05   -0.523515351937698092E+01    1
    0.210235691070556641E+02   -0.261275093178587995E+05   -0.524515351937698071E+01    1
    0.210236287117004395E+02   -0.261269670567017129E+05   -0.525515351937698583E+01    1
    0.210370910167694092E+02   -0.260046361268599976E+05   -0.526515351937698739E+01    1
    0.323165202140808105E+02   -0.243939775707406152E+05   -0.527515351937698007E+01    1
    0.213155543804168701E+02   -0.235386442644587005E+05   -0.528515351937697542E+01    1
    0.213161408901214600E+02   -0.235335799276690377E+05   -0.529515351937697609E+01    1
    0.321987406184096585E+02   -0.233696030346498155E+05   -0.530515351937697677E+01    1
    0.321953308582305908E+02   -0.233402743174806128E+05   -0.531515351937698188E+01    1
    0.321732079982757568E+02   -0.231504340838359749E+05   -0.532515351937698078E+01    1
    0.321616423130035400E+02   -0.230514954550368384E+05   -0.533515351937697613E+01    1
    0.321103584766387939E+02   -0.226153407826465627E+05   -0.534515351937697680E+01    1
    0.214854049682617188E+02   -0.220948050605925637E+05   -0.535515351937698103E+01    1
    0.215090608596801758E+02   -0.218973402713776522E+05   -0.536515351937698171E+01    1
    0.320144999027252197E+02   -0.218112616915135404E+05   -0.537515351937698238E+01    1
    0.319964373111724854E+02   -0.216613791360267751E+05   -0.538515351937698128E+01    1
    0.215431845188140869E+02   -0.216140585883463391E+05   -0.539515351937698018E+01    1
    0.318613624572753906E+02   -0.205569170210114571E+05   -0.540515351937698263E+01    1
    0.217844164371490479E+02   -0.196640518144740308E+05   -0.541515351937698153E+01    1
    0.218224334716796875E+02   -0.193651479578899525E+05   -0.542515351937697865E+01    1
    0.317065727710723877E+02   -0.193267893969356737E+05   -0.543515351937697933E+01    1
    0.316873395442962646E+02   -0.191765920937330375E+05   -0.544515351937698178E+01    1
    0.219008684158325195E+02   -0.187556978641462119E+05   -0.545515351937698245E+01    1
    0.314581739902496338E+02   -0.174320632365043566E+05   -0.546515351937698401E+01    1
    0.314186382293701172E+02   -0.171395100181998787E+05   -0.547515351937698025E+01    1
    0.221747398376464844E+02   -0.167040987457809824E+05   -0.548515351937698004E+01    1
    0.313355982303619385E+02   -0.165330996600954095E+05   -0.549515351937697805E+01    1
    0.222143292427062988E+02   -0.164173590985852352E+05   -0.550515351937697694E+01    1
    0.222917413711547852E+02   -0.158638491306147844E+05   -0.551515351937698295E+01    1
    0.311866879463195801E+02   -0.154730189935570997E+05   -0.552515351937698185E+01    1
    0.223646688461303711E+02   -0.153510887538598272E+05   -0.553515351937698163E+01    1
    0.311446106433868408E+02   -0.151798387803599071E+05   -0.554515351937698142E+01    1
    0.223944763605160944E+02   -0.151439345004885126E+05   -0.555515351937698032E+01    1
    0.311344575881958008E+02   -0.151095157777082186E+05   -0.556515351937698544E+01    1
    0.309792268276214600E+02   -0.140546756431631384E+05   -0.557515351937698611E+01    1
    0.309362058363954375E+02   -0.137690900258917482E+05   -0.558515351937698146E+01    1
    0.308568406792650940E+02   -0.132499344493494100E+05   -0.559515351937697680E+01    1
    0.308563017845153809E+02   -0.132464434521192597E+05   -0.560515351937697748E+01    1
    0.226847619294678964E+02   -0.132001200947157031E+05   -0.561515351937697904E+01    1
    0.308030045032501221E+02   -0.129034525433666513E+05   -0.562515351937698060E+01    1
    0.228183552996913406E+02   -0.123503999458166381E+05   -0.563515351937698039E+01    1
    0.306942319869995117E+02   -0.122174168643988160E+05   -0.564515351937698284E+01    1
    0.228552651405334473E+02   -0.121206193749641970E+05   -0.565515351937698085E+01    1
    0.306766700744628906E+02   -0.121084099049689594E+05   -0.566515351937697975E+01    1
    0.229085844942580756E+02   -0.117924924612437717E+05   -0.567515351937697954E+01    1
    0.229208804715595136E+02   -0.117174621071266884E+05   -0.568515351937697666E+01    1
    0.305801443007126821E+02   -0.115179954776769973E+05   -0.569515351937697734E+01    1
    0.229859685897827148E+02   -0.113242820221932670E+05   -0.570515351937697890E+01    1
    0.305116381034451081E+02   -0.111079212898757960E+05   -0.571515351937697780E+01    1
    0.304494321346282959E+02   -0.107419998359407073E+05   -0.572515351937697403E+01    1
    0.231322574615478516E+02   -0.104650804232354658E+05   -0.573515351937697382E+01    1
    0.303189070887338730E+02   -0.999412115480530520E+04   -0.574515351937697805E+01    1
    0.232526564598083496E+02   -0.978336911533012062E+04   -0.575515351937698227E+01    1
    0.232641398906707764E+02   -0.971954824364250089E+04   -0.576515351937698384E+01    1
    0.302413573241189724E+02   -0.956255878471731739E+04   -0.577515351937697918E+01    1
    0.233112020536410540E+02   -0.946017550857617971E+04   -0.578515351937698075E+01    1
    0.301919618423463092E+02   -0.929264058734032551E+04   -0.579515351937698409E+01    1
    0.301738139111389252E+02   -0.919444330052007899E+04   -0.580515351937698565E+01    1
    0.233620316107631680E+02   -0.918398050825594328E+04   -0.581515351937698366E+01    1
    0.234000146389007568E+02   -0.898026206471792830E+04   -0.582515351937698256E+01    1
    0.300755321979522705E+02   -0.867171022060324140E+04   -0.583515351937698412E+01    1
    0.234587264060974121E+02   -0.866986331425034405E+04   -0.584515351937698391E+01    1
    0.299958837032318115E+02   -0.825930636437233079E+04   -0.585515351937697837E+01    1
    0.299549281597137451E+02   -0.805115888923202874E+04   -0.586515351937697371E+01    1
    0.236313612954928018E+02   -0.778880497453701446E+04   -0.587515351937697705E+01    1
    0.236564600467681885E+02   -0.766464180476936144E+04   -0.588515351937697684E+01    1
    0.298194178389205931E+02   -0.738139709498027696E+04   -0.589515351937697751E+01    1
    0.298079597949981689E+02   -0.732609926854313107E+04   -0.590515351937697286E+01    1
    0.297884173092573974E+02   -0.723226482780963215E+04   -0.591515351937697531E+01    1
    0.237639522552490234E+02   -0.714416753440237153E+04   -0.592515351937697687E+01    1
    0.297593544743402987E+02   -0.709383665360960185E+04   -0.593515351937697400E+01    1
    0.237958273050387845E+02   -0.699334782746944893E+04   -0.594515351937698000E+01    1
    0.238248753547668457E+02   -0.685730595409561192E+04   -0.595515351937698156E+01    1
    0.238454258441925049E+02   -0.676186831835074008E+04   -0.596515351937697336E+01    1
    0.296542307919040198E+02   -0.660429800356730811E+04   -0.597515351937696959E+01    1
    0.239332881538584346E+02   -0.636137502880820193E+04   -0.598515351937697559E+01    1
    0.239523716058121394E+02   -0.627600540469488715E+04   -0.599515351937697627E+01    1
    0.239594626737451861E+02   -0.624443058791891781E+04   -0.600515351937697517E+01    1
    0.239773511886596680E+02   -0.616513125112553826E+04   -0.601515351937697851E+01    1
    0.240111768882381895E+02   -0.601656822119731078E+04   -0.602515351937697829E+01    1
    0.294732463359832764E+02   -0.580250322280526143E+04   -0.603515351937697453E+01    1
    0.294372833442624398E+02   -0.564935983989091073E+04   -0.604515351937697520E+01    1
    0.293874124943287036E+02   -0.544038208302211387E+04   -0.605515351937697410E+01    1
    0.293607762468391655E+02   -0.533038012878347308E+04   -0.606515351937697478E+01    1
    0.293198103064923323E+02   -0.516339302840098753E+04   -0.607515351937697723E+01    1
    0.242364978790283203E+02   -0.507320134951475757E+04   -0.608515351937697790E+01    1
    0.292781927594209535E+02   -0.499647191119896797E+04   -0.609515351937697769E+01    1
    0.242666149139404297E+02   -0.495320128171992292E+04   -0.610515351937697481E+01    1
    0.242744505768820140E+02   -0.492221594267144974E+04   -0.611515351937697282E+01    1
    0.292250104825881998E+02   -0.478715964337031437E+04   -0.612515351937697528E+01    1
    0.243109881877899170E+02   -0.477901573125178584E+04   -0.613515351937697417E+01    1
    0.243127369880676270E+02   -0.477221476667115803E+04   -0.614515351937697485E+01    1
    0.291928040981292725E+02   -0.466258137774349234E+04   -0.615515351937697819E+01    1
    0.291790962219238281E+02   -0.461005610586218700E+04   -0.616515351937697620E+01    1
    0.243830083091766063E+02   -0.450294275066883347E+04   -0.617515351937697776E+01    1
    0.243858011063723801E+02   -0.449240267031886560E+04   -0.618515351937698288E+01    1
    0.291453289985656738E+02   -0.448193793825870216E+04   -0.619515351937698000E+01    1
    0.244969061866945168E+02   -0.408311220666632471E+04   -0.620515351937697535E+01    1
    0.290146227604838316E+02   -0.400304435270788008E+04   -0.621515351937697247E+01    1
    0.245488730196718308E+02   -0.389838784134976731E+04   -0.622515351937697314E+01    1
    0.245573349476745157E+02   -0.386871356508008557E+04   -0.623515351937697559E+01    1
    0.289676403999328613E+02   -0.383751795534631674E+04   -0.624515351937698071E+01    1
    0.245761408057804260E+02   -0.380317135049486797E+04   -0.625515351937697694E+01    1
    0.289326152727374222E+02   -0.371639372981556880E+04   -0.626515351937697407E+01    1
    0.288684952259063721E+02   -0.349968816383313697E+04   -0.627515351937697385E+01    1
    0.246715619911948778E+02   -0.347924194057425757E+04   -0.628515351937697986E+01    1
    0.288230976343366692E+02   -0.335019636464038922E+04   -0.629515351937697432E+01    1
    0.247310221195220947E+02   -0.328468456791550898E+04   -0.630515351937697766E+01    1
    0.247459468936308582E+02   -0.323672902127664565E+04   -0.631515351937697567E+01    1
    0.247630928211982564E+02   -0.318207208822993152E+04   -0.632515351937697190E+01    1
    0.248101229237806322E+02   -0.303454233252223821E+04   -0.633515351937697790E+01    1
    0.248286497592926025E+02   -0.297738704812052401E+04   -0.634515351937697858E+01    1
    0.248343347252749886E+02   -0.295995794441213820E+04   -0.635515351937697659E+01    1
    0.286696366860713461E+02   -0.286902771477457827E+04   -0.636515351937697371E+01    1
    0.286497141602930014E+02   -0.280929749715215621E+04   -0.637515351937697350E+01    1
    0.286479115486145020E+02   -0.280392405930108089E+04   -0.638515351937697861E+01    1
    0.248905140881342533E+02   -0.279047456282434496E+04   -0.639515351937698195E+01    1
    0.249043343864238231E+02   -0.274954732999467979E+04   -0.640515351937697730E+01    1
    0.249256979251486825E+02   -0.268687697153779982E+04   -0.641515351937697620E+01    1
    0.285867372067157000E+02   -0.262461964572784200E+04   -0.642515351937697776E+01    1
    0.249589960123633041E+02   -0.259063794812263859E+04   -0.643515351937697222E+01    1
    0.249866615995270820E+02   -0.251201393453298851E+04   -0.644515351937697556E+01    1
    0.285142060406587667E+02   -0.241970873703272127E+04   -0.645515351937697535E+01    1
    0.285008618551257236E+02   -0.238291710376197625E+04   -0.646515351937697513E+01    1
    0.250429130776127309E+02   -0.235588912585877506E+04   -0.647515351937697048E+01    1
    0.250578595818657668E+02   -0.231524824410123665E+04   -0.648515351937697559E+01    1
    0.284444466825751476E+02   -0.223049018754678900E+04   -0.649515351937697538E+01    1
    0.250933372974395752E+02   -0.222019802487883589E+04   -0.650515351937697694E+01    1
    0.284335078763561917E+02   -0.220151840092012708E+04   -0.651515351937697318E+01    1
    0.284261669367454530E+02   -0.218218196261945559E+04   -0.652515351937697652E+01    1
    0.251107757104321436E+02   -0.217420870203741788E+04   -0.653515351937697631E+01    1
    0.284206244593025019E+02   -0.216763932707175491E+04   -0.654515351937697609E+01    1
    0.251222610473632812E+02   -0.214418219026988436E+04   -0.655515351937696966E+01    1
    0.283939442328690319E+02   -0.209831528703358663E+04   -0.656515351937697567E+01    1
    0.251447437225054671E+02   -0.208600981308716746E+04   -0.657515351937698256E+01    1
    0.251531413175399834E+02   -0.206448699796476058E+04   -0.658515351937698501E+01    1
    0.283640663608849550E+02   -0.202202108104257377E+04   -0.659515351937696881E+01    1
    0.283563831421887009E+02   -0.200263027689617138E+04   -0.660515351937696948E+01    1
    0.283345448970794678E+02   -0.194802581616418684E+04   -0.661515351937697371E+01    1
    0.252179507969325485E+02   -0.190213972720089441E+04   -0.662515351937697705E+01    1
    0.283158946037292480E+02   -0.190199059445523289E+04   -0.663515351937697861E+01    1
    0.252619876820857421E+02   -0.179562397714199869E+04   -0.664515351937698107E+01    1
    0.252645254708998479E+02   -0.178957922545740917E+04   -0.665515351937697286E+01    1
    0.282479655742645264E+02   -0.173897684304938502E+04   -0.666515351937697353E+01    1
    0.282131756831860585E+02   -0.165831958258298300E+04   -0.667515351937697510E+01    1
    0.282061433792114258E+02   -0.164224874918927253E+04   -0.668515351937697488E+01    1
    0.281986488941868174E+02   -0.162520792660264920E+04   -0.669515351937697734E+01    1
    0.253638787540962980E+02   -0.156094765843561754E+04   -0.670515351937697446E+01    1
    0.281227395987988871E+02   -0.145762109978021181E+04   -0.671515351937697247E+01    1
    0.281202018646674432E+02   -0.145217615374844195E+04   -0.672515351937697314E+01    1
    0.254246759414672852E+02   -0.142875289848384591E+04   -0.673515351937697382E+01    1
    0.280979190399185228E+02   -0.140480430910749419E+04   -0.674515351937697183E+01    1
    0.280810708316565432E+02   -0.136950827281269699E+04   -0.675515351937697428E+01    1
    0.280746126174926758E+02   -0.135609789437116478E+04   -0.676515351937697584E+01    1
    0.254737591104086007E+02   -0.132630014029637869E+04   -0.677515351937697829E+01    1
    0.254814780124042208E+02   -0.131053550480051013E+04   -0.678515351937697098E+01    1
    0.255108186097489771E+02   -0.125147317366434845E+04   -0.679515351937697432E+01    1
    0.279529743324510420E+02   -0.111585865622045822E+04   -0.680515351937697410E+01    1
    0.279482245445251465E+02   -0.110695314254833852E+04   -0.681515351937697567E+01    1
    0.279292997332500512E+02   -0.107182532264402334E+04   -0.682515351937697723E+01    1
    0.279026183143660376E+02   -0.102326361103503984E+04   -0.683515351937697613E+01    1
    0.278965375023168427E+02   -0.101235397035910637E+04   -0.684515351937697059E+01    1
    0.256496293734574223E+02   -0.990535054062544646E+03   -0.685515351937697126E+01    1
    0.256540741997964368E+02   -0.982683928654669103E+03   -0.686515351937697371E+01    1
    0.278720417487978978E+02   -0.968999129520010001E+03   -0.687515351937697083E+01    1
    0.278537178039550781E+02   -0.937189158674513351E+03   -0.688515351937697062E+01    1
    0.256964113990776575E+02   -0.909470234208509055E+03   -0.689515351937697307E+01    1
    0.278241622447967529E+02   -0.887002132184120683E+03   -0.690515351937697019E+01    1
    0.278208414753989217E+02   -0.881449744079455400E+03   -0.691515351937697176E+01    1
    0.278090233805105136E+02   -0.861831371159247396E+03   -0.692515351937697421E+01    1
    0.278089469966598521E+02   -0.861705291380444578E+03   -0.693515351937697400E+01    1
    0.257360518485559737E+02   -0.843493780412745537E+03   -0.694515351937697556E+01    1
    0.277713232327250807E+02   -0.800726623101349560E+03   -0.695515351937697623E+01    1
    0.277614158930216277E+02   -0.785042279402681515E+03   -0.696515351937697869E+01    1
    0.277496682803415666E+02   -0.766646076775392999E+03   -0.697515351937697670E+01    1
    0.277423567064125223E+02   -0.755306869047211421E+03   -0.698515351937697471E+01    1
    0.257935344437478946E+02   -0.752243081235137538E+03   -0.699515351937697627E+01    1
    0.257969176769256592E+02   -0.747035464573121658E+03   -0.700515351937697339E+01    1
    0.258034689050797965E+02   -0.737003081638435333E+03   -0.701515351937697229E+01    1
    0.276890173875395824E+02   -0.675147423699159503E+03   -0.702515351937697385E+01    1
    0.258466199099353204E+02   -0.672621371666090567E+03   -0.703515351937696920E+01    1
    0.276815736293792725E+02   -0.664319138329119824E+03   -0.704515351937696899E+01    1
    0.258862446257129690E+02   -0.616098695925052539E+03   -0.705515351937697233E+01    1
    0.276475664854808016E+02   -0.615966073668690569E+03   -0.706515351937697300E+01    1
    0.258884622377331191E+02   -0.613008874271004515E+03   -0.707515351937697190E+01    1
    0.259031490695066466E+02   -0.592742195830360856E+03   -0.708515351937697524E+01    1
    0.259034812171906346E+02   -0.592287808997208003E+03   -0.709515351937697947E+01    1
    0.259277653694152832E+02   -0.559539900051356540E+03   -0.710515351937697481E+01    1
    0.276031080650588834E+02   -0.555515764146951824E+03   -0.711515351937697194E+01    1
    0.275978887803288906E+02   -0.548624434789767292E+03   -0.712515351937697261E+01    1
    0.259426342711342350E+02   -0.539949820425578878E+03   -0.713515351937696796E+01    1
    0.275666069984436035E+02   -0.508225589832778155E+03   -0.714515351937696508E+01    1
    0.275630331039428711E+02   -0.503708746754540925E+03   -0.715515351937696753E+01    1
    0.275446706281539910E+02   -0.480820480401847988E+03   -0.716515351937696821E+01    1
    0.260039389133453369E+02   -0.462878250775437664E+03   -0.717515351937696444E+01    1
    0.275231695175170898E+02   -0.454698845500762104E+03   -0.718515351937696511E+01    1
    0.275182051396310499E+02   -0.448771696175058423E+03   -0.719515351937696845E+01    1
    0.260161864757537842E+02   -0.448194214489421938E+03   -0.720515351937697446E+01    1
    0.260240684996423752E+02   -0.438869839341328884E+03   -0.721515351937697869E+01    1
    0.260257434072779468E+02   -0.436901113918167368E+03   -0.722515351937697670E+01    1
    0.260309560906664466E+02   -0.430802440064123743E+03   -0.723515351937696849E+01    1
    0.260324442386627197E+02   -0.429069252043414167E+03   -0.724515351937696384E+01    1
    0.260396528244018555E+02   -0.420723345207512807E+03   -0.725515351937697073E+01    1
    0.274744672033229698E+02   -0.398238500221622019E+03   -0.726515351937697051E+01    1
    0.274725365638732910E+02   -0.396077742229613875E+03   -0.727515351937696853E+01    1
    0.260645031929016113E+02   -0.392583235531071864E+03   -0.728515351937696742E+01    1
    0.274627509176958640E+02   -0.385216521888205932E+03   -0.729515351937696988E+01    1
    0.260717319720525609E+02   -0.384581158762710231E+03   -0.730515351937697766E+01    1
    0.260745676145507730E+02   -0.381464777178139343E+03   -0.731515351937697655E+01    1
    0.260976726410294013E+02   -0.356546969014721071E+03   -0.732515351937697723E+01    1
    0.274304634990329888E+02   -0.350456177491417350E+03   -0.733515351937697524E+01    1
    0.261156203073631232E+02   -0.337774714695659554E+03   -0.734515351937696614E+01    1
    0.274060153084645535E+02   -0.325234064510810185E+03   -0.735515351937696948E+01    1
    0.261281865399187510E+02   -0.324934832436442036E+03   -0.736515351937697105E+01    1
    0.274017698096230902E+02   -0.320950654169040831E+03   -0.737515351937696906E+01    1
    0.274016476130325479E+02   -0.320827789097761411E+03   -0.738515351937697240E+01    1
    0.273898284303092723E+02   -0.309055731857338401E+03   -0.739515351937697218E+01    1
    0.273795853767807706E+02   -0.299032502459212708E+03   -0.740515351937697464E+01    1
    0.273723145325352988E+02   -0.292018552053359258E+03   -0.741515351937697265E+01    1
    0.261745382491386813E+02   -0.279736689209823908E+03   -0.742515351937696799E+01    1
    0.261805679089197341E+02   -0.274107242122625451E+03   -0.743515351937697044E+01    1
    0.261820199801185396E+02   -0.272760155154645076E+03   -0.744515351937697023E+01    1
    0.262105117742346820E+02   -0.247004017782043746E+03   -0.745515351937696646E+01    1
    0.262158110108989817E+02   -0.242355413801451647E+03   -0.746515351937696536E+01    1
    0.273125084988521465E+02   -0.237502832718922491E+03   -0.747515351937696515E+01    1
    0.262295556788210504E+02   -0.230505607844284725E+03   -0.748515351937696671E+01    1
    0.262325450062854131E+02   -0.227968013079992659E+03   -0.749515351937696561E+01    1
    0.262327968656159385E+02   -0.227754860051927437E+03   -0.750515351937696362E+01    1
    0.272986467148541010E+02   -0.225676011351719865E+03   -0.751515351937696874E+01    1
    0.272953088632139007E+02   -0.222873638416148566E+03   -0.752515351937696853E+01    1
    0.262388586997985840E+02   -0.222654934439438932E+03   -0.753515351937696742E+01    1
    0.272939598560333252E+02   -0.221746054862559930E+03   -0.754515351937696721E+01    1
    0.272917646842260382E+02   -0.219917356564229493E+03   -0.755515351937696877E+01    1
    0.272880377397802754E+02   -0.216830088649429996E+03   -0.756515351937697211E+01    1
    0.272840483307388588E+02   -0.213549785530671414E+03   -0.757515351937696835E+01    1
    0.262501513969347258E+02   -0.213309412095775343E+03   -0.758515351937696991E+01    1
    0.272823882410274834E+02   -0.212192200006391829E+03   -0.759515351937697325E+01    1
    0.272791229426726005E+02   -0.209534647359962094E+03   -0.760515351937697126E+01    1
    0.262573509740792552E+02   -0.207456688116719903E+03   -0.761515351937696572E+01    1
    0.262681035262703304E+02   -0.198868541481212389E+03   -0.762515351937696639E+01    1
    0.272624584674243486E+02   -0.196234850039526151E+03   -0.763515351937696973E+01    1
    0.262755475025343088E+02   -0.193030261905421099E+03   -0.764515351937696952E+01    1
    0.272565253306129200E+02   -0.191605845451636384E+03   -0.765515351937697019E+01    1
    0.262820816830836996E+02   -0.187977870541249587E+03   -0.766515351937697087E+01    1
    0.262828643549313057E+02   -0.187377224770224302E+03   -0.767515351937697066E+01    1
    0.262842061389655228E+02   -0.186349757278426949E+03   -0.768515351937697044E+01    1
    0.262876613007243947E+02   -0.183717103530535184E+03   -0.769515351937697201E+01    1
    0.272455228071977338E+02   -0.183169309908645602E+03   -0.770515351937697446E+01    1
    0.262904842921194799E+02   -0.181580167754181161E+03   -0.771515351937697069E+01    1
    0.272413256196290519E+02   -0.180001509899729285E+03   -0.772515351937696959E+01    1
    0.262996318767661350E+02   -0.174742395814852301E+03   -0.773515351937697382E+01    1
    0.263031118915797855E+02   -0.172175907287060170E+03   -0.774515351937697538E+01    1
    0.272253265201714143E+02   -0.168182211112905236E+03   -0.775515351937697517E+01    1
    0.263089657164488955E+02   -0.167902023700994619E+03   -0.776515351937697407E+01    1
    0.263093904032162342E+02   -0.167594071279780167E+03   -0.777515351937697297E+01    1
    0.263098248798853085E+02   -0.167279315571194502E+03   -0.778515351937696565E+01    1
    0.272199641637055407E+02   -0.164311505720820406E+03   -0.779515351937696011E+01    1
    0.272124434975617007E+02   -0.158959606779027695E+03   -0.780515351937696522E+01    1
    0.272097648796059666E+02   -0.157075071340040296E+03   -0.781515351937697123E+01    1
    0.272072940601384339E+02   -0.155346809098864071E+03   -0.782515351937697279E+01    1
    0.272034661048877169E+02   -0.152688368694205565E+03   -0.783515351937697524E+01    1
    0.271968507764651761E+02   -0.148148868756729428E+03   -0.784515351937695993E+01    1
    0.271952161303408033E+02   -0.147037840303407961E+03   -0.785515351937696593E+01    1
    0.271856732468457984E+02   -0.140636259772947113E+03   -0.786515351937697016E+01    1
    0.263503747837814473E+02   -0.139219280963122941E+03   -0.787515351937697172E+01    1
    0.271820759773254395E+02   -0.138260568047980797E+03   -0.788515351937697417E+01    1
    0.263519867481790158E+02   -0.138157649413097516E+03   -0.789515351937696952E+01    1
    0.271804215464700754E+02   -0.137174838118557602E+03   -0.790515351937697019E+01    1
    0.263558634217587766E+02   -0.135621344119805656E+03   -0.791515351937696643E+01    1
    0.263607570920508962E+02   -0.132453663509843921E+03   -0.792515351937696444E+01    1
    0.271645462512969971E+02   -0.126976991978461996E+03   -0.793515351937696778E+01    1
    0.263725247207474958E+02   -0.124991744021680432E+03   -0.794515351937696490E+01    1
    0.263766744477246284E+02   -0.122412693465021135E+03   -0.795515351937696735E+01    1
    0.263844128361784378E+02   -0.117676155119723902E+03   -0.796515351937696447E+01    1
    0.271473039104184579E+02   -0.116353254048100538E+03   -0.797515351937695893E+01    1
    0.271464821319330838E+02   -0.115858678661618299E+03   -0.798515351937696582E+01    1
    0.271423442423998793E+02   -0.113384604395285365E+03   -0.799515351937696650E+01    1
    0.271358418464660645E+02   -0.109551571885103670E+03   -0.800515351937696096E+01    1
    0.264124528534671477E+02   -0.101307898601047654E+03   -0.801515351937696785E+01    1
    0.264247278310367584E+02   -0.945343662597906871E+02   -0.802515351937697652E+01    1
    0.271066869871641956E+02   -0.931887283164969205E+02   -0.803515351937696920E+01    1
    0.271054887771606445E+02   -0.925450511846636061E+02   -0.804515351937696543E+01    1
    0.264296481300116781E+02   -0.918862742794915590E+02   -0.805515351937697233E+01    1
    0.270971832641603285E+02   -0.881458547536248886E+02   -0.806515351937697034E+01    1
    0.270932976552545952E+02   -0.861252747424456118E+02   -0.807515351937696657E+01    1
    0.270912392883602990E+02   -0.850645805795839323E+02   -0.808515351937696636E+01    1
    0.264474511146545410E+02   -0.826251578176595842E+02   -0.809515351937696259E+01    1
    0.270790797738742164E+02   -0.789356035600074080E+02   -0.810515351937696593E+01    1
    0.264559757638365234E+02   -0.783683881895108669E+02   -0.811515351937696572E+01    1
    0.264587753753687274E+02   -0.769955163860698093E+02   -0.812515351937696728E+01    1
    0.264648960689186019E+02   -0.740372971328283143E+02   -0.813515351937696707E+01    1
    0.270589196629505366E+02   -0.692899934807644513E+02   -0.814515351937696508E+01    1
    0.270571404009197884E+02   -0.684696220898210015E+02   -0.815515351937696664E+01    1
    0.264769885802910352E+02   -0.683672482292408148E+02   -0.816515351937696643E+01    1
    0.264772357598060459E+02   -0.682537641418414154E+02   -0.817515351937696622E+01    1
    0.270481837439509789E+02   -0.644160992170444757E+02   -0.818515351937696600E+01    1
    0.264873103891571162E+02   -0.637107001681754141E+02   -0.819515351937696224E+01    1
    0.270431441614103463E+02   -0.621911953531791752E+02   -0.820515351937696558E+01    1
    0.270380104462930930E+02   -0.599660976588417682E+02   -0.821515351937696714E+01    1
    0.270359616295331406E+02   -0.590897374146667076E+02   -0.822515351937696693E+01    1
    0.270325195169319699E+02   -0.576323786174196613E+02   -0.823515351937696671E+01    1
    0.265073857935701618E+02   -0.551372616621001015E+02   -0.824515351937696295E+01    1
    0.265140802864423151E+02   -0.524202369433042392E+02   -0.825515351937696096E+01    1
    0.265140870071738313E+02   -0.524175449393528652E+02   -0.826515351937696252E+01    1
    0.270135738087398636E+02   -0.499468752899331818E+02   -0.827515351937696408E+01    1
    0.270133174410748822E+02   -0.498467762733588842E+02   -0.828515351937696565E+01    1
    0.270098668885816338E+02   -0.485096351172860238E+02   -0.829515351937696543E+01    1
    0.270096077152095759E+02   -0.484099630163660919E+02   -0.830515351937696344E+01    1
    0.265249136155239071E+02   -0.481738167855285582E+02   -0.831515351937696146E+01    1
    0.265253460552488143E+02   -0.480081686931674056E+02   -0.832515351937696302E+01    1
    0.270080042046570732E+02   -0.477956554571890564E+02   -0.833515351937696813E+01    1
    0.265264772649009828E+02   -0.475762543846097117E+02   -0.834515351937696437E+01    1
    0.270073639570338599E+02   -0.475515133041908769E+02   -0.835515351937696593E+01    1
    0.270062340346767371E+02   -0.471222302915096591E+02   -0.836515351937696927E+01    1
    0.270054383996529417E+02   -0.468211639813202112E+02   -0.837515351937696906E+01    1
    0.265294973261475313E+02   -0.464330752591692146E+02   -0.838515351937696174E+01    1
    0.270041229331191701E+02   -0.463255942118979291E+02   -0.839515351937695975E+01    1
    0.265302851285572707E+02   -0.461372455463787361E+02   -0.840515351937696487E+01    1
    0.269937421801113437E+02   -0.425110628033805824E+02   -0.841515351937696821E+01    1
    0.265417908973655727E+02   -0.419287126338149392E+02   -0.842515351937696266E+01    1
    0.269862190425152697E+02   -0.398532753037118042E+02   -0.843515351937695534E+01    1
    0.269840180873870850E+02   -0.390926688535181768E+02   -0.844515351937695691E+01    1
    0.269836010263526092E+02   -0.389494056079947129E+02   -0.845515351937696202E+01    1
    0.269817052412403342E+02   -0.383016634954448847E+02   -0.846515351937696536E+01    1
    0.269816931450184185E+02   -0.382975487987371750E+02   -0.847515351937696160E+01    1
    0.269760463935227506E+02   -0.364020364976247564E+02   -0.848515351937696316E+01    1
    0.265585119164857772E+02   -0.361863820961264153E+02   -0.849515351937696295E+01    1
    0.269731238261228512E+02   -0.354408190264857907E+02   -0.850515351937696629E+01    1
    0.269716995397894657E+02   -0.349772820237320445E+02   -0.851515351937696785E+01    1
    0.265622755870319160E+02   -0.349549251615898697E+02   -0.852515351937696408E+01    1
    0.265626504781869457E+02   -0.348334911937875376E+02   -0.853515351937696032E+01    1
    0.269702875073452830E+02   -0.345209050703041100E+02   -0.854515351937695655E+01    1
    0.269688487052917480E+02   -0.340591246980894482E+02   -0.855515351937696344E+01    1
    0.269674422826152522E+02   -0.336109057298501526E+02   -0.856515351937696323E+01    1
    0.269660921537343157E+02   -0.331835749144838772E+02   -0.857515351937696124E+01    1
    0.265745496749877930E+02   -0.310948030138535891E+02   -0.858515351937696103E+01    1
    0.269583417691652443E+02   -0.307863546532777121E+02   -0.859515351937696259E+01    1
    0.269543610259899147E+02   -0.295920832188912932E+02   -0.860515351937696771E+01    1
    0.269535267736631781E+02   -0.293449788178265365E+02   -0.861515351937696039E+01    1
    0.269510161369239434E+02   -0.286079828160861993E+02   -0.862515351937695662E+01    1
    0.269489665918050250E+02   -0.280137423981704003E+02   -0.863515351937696352E+01    1
    0.269487996252429589E+02   -0.279656256066928854E+02   -0.864515351937696508E+01    1
    0.265854238389538757E+02   -0.278743120684590906E+02   -0.865515351937695954E+01    1
    0.265909516869992650E+02   -0.263089955115455929E+02   -0.866515351937696288E+01    1
    0.269427838808044484E+02   -0.262614529842972715E+02   -0.867515351937696266E+01    1
    0.265918214125631565E+02   -0.260671228512165953E+02   -0.868515351937696423E+01    1
    0.265920373043360421E+02   -0.260072684863608750E+02   -0.869515351937696934E+01    1
    0.265970832143531304E+02   -0.246293564387232031E+02   -0.870515351937696735E+01    1
    0.266027836126304038E+02   -0.231212373621626206E+02   -0.871515351937696181E+01    1
    0.269301377142529184E+02   -0.228658950955771374E+02   -0.872515351937695982E+01    1
    0.266051028971737580E+02   -0.225223700110934431E+02   -0.873515351937696316E+01    1
    0.266055686631725301E+02   -0.224031309767396749E+02   -0.874515351937695762E+01    1
    0.266089490968426148E+02   -0.215480162532381883E+02   -0.875515351937695741E+01    1
    0.269236608503716326E+02   -0.212249219768438984E+02   -0.876515351937696252E+01    1
    0.269226710466881372E+02   -0.209799995035704931E+02   -0.877515351937696231E+01    1
    0.266140386238556026E+02   -0.202947113742463721E+02   -0.878515351937696209E+01    1
    0.269182165150894299E+02   -0.198969535702327001E+02   -0.879515351937696188E+01    1
    0.269178216488069033E+02   -0.198024649409487665E+02   -0.880515351937695812E+01    1
    0.266161264458042837E+02   -0.197924499373732168E+02   -0.881515351937695790E+01    1
    0.266183640245565023E+02   -0.192618273754939828E+02   -0.882515351937695769E+01    1
    0.266207414263635371E+02   -0.187067366879714498E+02   -0.883515351937695925E+01    1
    0.266213561273552450E+02   -0.185646691547658520E+02   -0.884515351937695904E+01    1
    0.266241485465966932E+02   -0.179268303377180658E+02   -0.885515351937696238E+01    1
    0.266255726988760486E+02   -0.176062843980450978E+02   -0.886515351937696394E+01    1
    0.266260356631886808E+02   -0.175027730806349879E+02   -0.887515351937696018E+01    1
    0.266260536410950195E+02   -0.174987603601480259E+02   -0.888515351937696174E+01    1
    0.269055334300679050E+02   -0.169854209399393383E+02   -0.889515351937696330E+01    1
    0.269052680422699027E+02   -0.169272200911612920E+02   -0.890515351937696309E+01    1
    0.266297258499464107E+02   -0.166898454536299639E+02   -0.891515351937696288E+01    1
    0.266312566023735720E+02   -0.163589589517385612E+02   -0.892515351937696089E+01    1
    0.269021937496886387E+02   -0.162611443435769658E+02   -0.893515351937696423E+01    1
    0.269011478865115876E+02   -0.160379606742249301E+02   -0.894515351937696579E+01    1
    0.266331471407422171E+02   -0.159554241527200222E+02   -0.895515351937696202E+01    1
    0.266352051773777845E+02   -0.155225730551658074E+02   -0.896515351937696181E+01    1
    0.266385950168681660E+02   -0.148242405116459945E+02   -0.897515351937695982E+01    1
    0.266398876477047395E+02   -0.145627426209977493E+02   -0.898515351937695428E+01    1
    0.266402399689885101E+02   -0.144919274000913276E+02   -0.899515351937695407E+01    1
    0.266416899066250323E+02   -0.142025651816895486E+02   -0.900515351937695741E+01    1
    0.268909346361861950E+02   -0.139495629279335809E+02   -0.901515351937696252E+01    1
    0.268901969159322896E+02   -0.138051129295915658E+02   -0.902515351937696408E+01    1
    0.266439481306450645E+02   -0.137585264862800560E+02   -0.903515351937696032E+01    1
    0.268887643482717280E+02   -0.135270701284473471E+02   -0.904515351937695833E+01    1
    0.268871349447543864E+02   -0.132147755457383891E+02   -0.905515351937695989E+01    1
    0.268862500173255761E+02   -0.130469308998757860E+02   -0.906515351937695790E+01    1
    0.266478497184720808E+02   -0.130103846841657163E+02   -0.907515351937695591E+01    1
    0.268852585047652255E+02   -0.128603437494405242E+02   -0.908515351937695925E+01    1
    0.268850876717395408E+02   -0.128283529147300648E+02   -0.909515351937696437E+01    1
    0.266498351119596322E+02   -0.126389362434153671E+02   -0.910515351937696060E+01    1
    0.268824742977476916E+02   -0.123447255059353136E+02   -0.911515351937695506E+01    1
    0.266514695779554067E+02   -0.123378290141280047E+02   -0.912515351937696195E+01    1
    0.268819321363884747E+02   -0.122457488526906761E+02   -0.913515351937696529E+01    1
    0.268784429928897524E+02   -0.116199132137418548E+02   -0.914515351937696153E+01    1
    0.268777044576183854E+02   -0.114899175855108933E+02   -0.915515351937696131E+01    1
    0.268776039915264597E+02   -0.114723004874800196E+02   -0.916515351937695577E+01    1
    0.266588615261135580E+02   -0.110289029981795910E+02   -0.917515351937695733E+01    1
    0.268744584913367994E+02   -0.109288120924219232E+02   -0.918515351937696067E+01    1
    0.266602066115380580E+02   -0.108000303716757955E+02   -0.919515351937696046E+01    1
    0.268711585465514808E+02   -0.103754841530335096E+02   -0.920515351937696202E+01    1
    0.268691491785913712E+02   -0.100470069670204403E+02   -0.921515351937696536E+01    1
    0.268684063437202525E+02   -0.992719282312556928E+01   -0.922515351937696337E+01    1
    0.268683280752045519E+02   -0.991461955109087434E+01   -0.923515351937695961E+01    1
    0.268682576830095670E+02   -0.990331984119266906E+01   -0.924515351937695584E+01    1
    0.266669637316880674E+02   -0.969363536211482035E+01   -0.925515351937695918E+01    1
    0.266673265944570730E+02   -0.963626729178578145E+01   -0.926515351937696607E+01    1
    0.266683915294337588E+02   -0.946910690398216914E+01   -0.927515351937695876E+01    1
    0.268636070005307133E+02   -0.917415848200664819E+01   -0.928515351937695499E+01    1
    0.268629702334134564E+02   -0.907698899823605743E+01   -0.929515351937696188E+01    1
    0.266716219375923913E+02   -0.897302694010739366E+01   -0.930515351937696522E+01    1
    0.268614432782739421E+02   -0.884659520963072232E+01   -0.931515351937695790E+01    1
    0.268609477556215808E+02   -0.877262228934962884E+01   -0.932515351937696657E+01    1
    0.266736831848718268E+02   -0.866512883224517871E+01   -0.933515351937696458E+01    1
    0.266744549329062153E+02   -0.855158085972979087E+01   -0.934515351937696082E+01    1
    0.266749413967774984E+02   -0.848049177067070303E+01   -0.935515351937695883E+01    1
    0.266764069549373595E+02   -0.826858915397769856E+01   -0.936515351937696394E+01    1
    0.268562327740187357E+02   -0.808821522510369917E+01   -0.937515351937696728E+01    1
    0.268527155324931854E+02   -0.760059965298962048E+01   -0.938515351937696352E+01    1
    0.268520429036203012E+02   -0.750958129059123092E+01   -0.939515351937695797E+01    1
    0.268514168553378489E+02   -0.742551002534960425E+01   -0.940515351937695776E+01    1
    0.268512100242740459E+02   -0.739787136894431363E+01   -0.941515351937695755E+01    1
    0.266838751596204382E+02   -0.724161636950626786E+01   -0.942515351937696089E+01    1
    0.266840220563880521E+02   -0.722230217591229184E+01   -0.943515351937695712E+01    1
    0.266840820958428928E+02   -0.721441794420166538E+01   -0.944515351937694980E+01    1
    0.266842398626993607E+02   -0.719372760912187026E+01   -0.945515351937695137E+01    1
    0.266848905497105449E+02   -0.710880989744870995E+01   -0.946515351937695826E+01    1
    0.268489826079806946E+02   -0.710451801802786953E+01   -0.947515351937695982E+01    1
    0.266857583898962680E+02   -0.699659642311559971E+01   -0.948515351937695605E+01    1
    0.268454849027297193E+02   -0.665972602428676286E+01   -0.949515351937695584E+01    1
    0.268440305157308003E+02   -0.648048056849902832E+01   -0.950515351937695741E+01    1
    0.268432925990442897E+02   -0.639081753542746789E+01   -0.951515351937695897E+01    1
    0.266917854472577289E+02   -0.625019871787459813E+01   -0.952515351937695876E+01    1
    0.268411254067691303E+02   -0.613247205916260363E+01   -0.953515351937695854E+01    1
    0.266931921550934419E+02   -0.608427260076080678E+01   -0.954515351937695833E+01    1
    0.266931957711095862E+02   -0.608385011806503684E+01   -0.955515351937695989E+01    1
    0.268406306586078820E+02   -0.607453746432590957E+01   -0.956515351937696323E+01    1
    0.268405054062447554E+02   -0.605993202267865261E+01   -0.957515351937696302E+01    1
    0.266935037064951572E+02   -0.604794800720661474E+01   -0.958515351937695215E+01    1
    0.266937498654115046E+02   -0.601935642663401893E+01   -0.959515351937695371E+01    1
    0.266938558476877184E+02   -0.600707604801470740E+01   -0.960515351937695527E+01    1
    0.268400422820617592E+02   -0.600614380283691851E+01   -0.961515351937695861E+01    1
    0.266944041014171454E+02   -0.594383287562267348E+01   -0.962515351937695662E+01    1
    0.268393109295938004E+02   -0.592189487421959004E+01   -0.963515351937695286E+01    1
    0.266946205816870368E+02   -0.591899216319887156E+01   -0.964515351937695797E+01    1
    0.266947954909071790E+02   -0.589897587159446424E+01   -0.965515351937696309E+01    1
    0.266963558039880624E+02   -0.572256086294387067E+01   -0.966515351937695755E+01    1
    0.266972523618324189E+02   -0.562293716901441165E+01   -0.967515351937695556E+01    1
    0.266975861088414099E+02   -0.558617708581549266E+01   -0.968515351937696067E+01    1
    0.266976958056490830E+02   -0.557413321608311119E+01   -0.969515351937696224E+01    1
    0.268360595962809541E+02   -0.555760987958198704E+01   -0.970515351937696025E+01    1
    0.268359407490113249E+02   -0.554461125709569025E+01   -0.971515351937696003E+01    1
    0.268357353574943716E+02   -0.552219981916596403E+01   -0.972515351937696160E+01    1
    0.268348955450791742E+02   -0.543125831476820231E+01   -0.973515351937696316E+01    1
    0.268341520916850236E+02   -0.535168359143562711E+01   -0.974515351937696295E+01    1
    0.268335849155571537E+02   -0.529156526275921557E+01   -0.975515351937696273E+01    1
    0.267012543236107796E+02   -0.519377366557438780E+01   -0.976515351937695542E+01    1
    0.267020722975415268E+02   -0.510917812650094483E+01   -0.977515351937695698E+01    1
    0.268317215724188571E+02   -0.509764552547090588E+01   -0.978515351937696209E+01    1
    0.267021864926154606E+02   -0.509745228687042840E+01   -0.979515351937696011E+01    1
    0.267029654491609243E+02   -0.501801807933038191E+01   -0.980515351937695812E+01    1
    0.267050805877621471E+02   -0.480717475502853819E+01   -0.981515351937695613E+01    1
    0.267056828051140762E+02   -0.474844001557982409E+01   -0.982515351937695769E+01    1
    0.267057723982134831E+02   -0.473975101918154351E+01   -0.983515351937696103E+01    1
    0.268270087155430126E+02   -0.463172106139791406E+01   -0.984515351937696082E+01    1
    0.267082863454348178E+02   -0.450112504896754828E+01   -0.985515351937696060E+01    1
    0.267091172821889380E+02   -0.442445315129668426E+01   -0.986515351937695506E+01    1
    0.267093167593048264E+02   -0.440620986421194072E+01   -0.987515351937695307E+01    1
    0.268244141705652765E+02   -0.439023414505405629E+01   -0.988515351937695641E+01    1
    0.267098599910621459E+02   -0.435684785956319498E+01   -0.989515351937695975E+01    1
    0.267101215099254077E+02   -0.433325103103287468E+01   -0.990515351937695954E+01    1
    0.268237461226917873E+02   -0.432978192956728414E+01   -0.991515351937695577E+01    1
    0.268236419814355642E+02   -0.432042179064129073E+01   -0.992515351937695911E+01    1
    0.267105654878733674E+02   -0.429343901077013790E+01   -0.993515351937696067E+01    1
    0.268224304459821035E+02   -0.421279234341275988E+01   -0.994515351937695513E+01    1
    0.268219935548501134E+02   -0.417455054268492010E+01   -0.995515351937695492E+01    1
    0.267121153234982458E+02   -0.415691083210573176E+01   -0.996515351937695826E+01    1
    0.268216802608734781E+02   -0.414731355045592753E+01   -0.997515351937695982E+01    1
    0.267125420268986851E+02   -0.411998964125098510E+01   -0.998515351937696138E+01    1
    0.267127873379101963E+02   -0.409889428104582088E+01   -0.999515351937695584E+01    1
    0.268210440235332719E+02   -0.409247914970544624E+01   -0.100051535193769503E+02    1
    0.267132060410505296E+02   -0.406310837748856191E+01   -0.100151535193769536E+02    1
    0.268197220732793902E+02   -0.398059650190734882E+01   -0.100251535193769570E+02    1
    0.267142593719948174E+02   -0.397430987502715816E+01   -0.100351535193769603E+02    1
    0.268190494816812972E+02   -0.392473451955840513E+01   -0.100451535193769637E+02    1
    0.267157399414045926E+02   -0.385246540468555843E+01   -0.100551535193769475E+02    1
    0.268175968386703794E+02   -0.380653060895622808E+01   -0.100651535193769543E+02    1
    0.268173464946114102E+02   -0.378649736950831795E+01   -0.100751535193769577E+02    1
    0.267170685467492746E+02   -0.374608294205944370E+01   -0.100851535193769539E+02    1
    0.268167210917220160E+02   -0.373688464375590712E+01   -0.100951535193769484E+02    1
    0.268159663993825106E+02   -0.367784040621110364E+01   -0.101051535193769499E+02    1
    0.268156675986228379E+02   -0.365471269315561997E+01   -0.101151535193769551E+02    1
    0.268155236689899290E+02   -0.364362275094893029E+01   -0.101251535193769566E+02    1
    0.267186342908664436E+02   -0.362430185057180942E+01   -0.101351535193769582E+02    1
    0.268151708648169631E+02   -0.361657758768622539E+01   -0.101451535193769562E+02    1
    0.268150112807585721E+02   -0.360440899991017627E+01   -0.101551535193769507E+02    1
    0.267192408538912076E+02   -0.357816793167476588E+01   -0.101651535193769487E+02    1
    0.267192436293334978E+02   -0.357795817676236627E+01   -0.101751535193769485E+02    1
    0.267192801385070524E+02   -0.357520012058592540E+01   -0.101851535193769500E+02    1
    0.268143431502669287E+02   -0.355390078057066772E+01   -0.101951535193769534E+02    1
    0.267199102752611140E+02   -0.352792965358529464E+01   -0.102051535193769531E+02    1
    0.268133965204812164E+02   -0.348354969083248678E+01   -0.102151535193769565E+02    1
    0.268123595347711046E+02   -0.340811273876392695E+01   -0.102251535193769545E+02    1
    0.268120954131786533E+02   -0.338917102616247545E+01   -0.102351535193769507E+02    1
    0.268119850680400518E+02   -0.338129025384806958E+01   -0.102451535193769541E+02    1
    0.267219244526973831E+02   -0.338105206847202444E+01   -0.102551535193769521E+02    1
    0.268119218036374711E+02   -0.337678065356935297E+01   -0.102651535193769536E+02    1
    0.267223925020902797E+02   -0.334784119700799065E+01   -0.102751535193769570E+02    1
    0.267225395831500521E+02   -0.333747658299128558E+01   -0.102851535193769532E+02    1
    0.268100150996755531E+02   -0.324384228970612387E+01   -0.102951535193769512E+02    1
    0.268097943718200149E+02   -0.322882471715968755E+01   -0.103051535193769492E+02    1
    0.268096674826687789E+02   -0.322022654569128930E+01   -0.103151535193769526E+02    1
    0.268096086778973763E+02   -0.321625050758071573E+01   -0.103251535193769541E+02    1
    0.268089673136199771E+02   -0.317324083367220533E+01   -0.103351535193769539E+02    1
    0.267251578118897726E+02   -0.315870770478894913E+01   -0.103451535193769555E+02    1
    0.267258258258280996E+02   -0.311483535071829643E+01   -0.103551535193769570E+02    1
    0.267270296504727440E+02   -0.303755789315185121E+01   -0.103651535193769533E+02    1
    0.268059582978847750E+02   -0.298015676584072997E+01   -0.103751535193769513E+02    1
    0.267283366761698957E+02   -0.295625480943705554E+01   -0.103851535193769564E+02    1
    0.267283370326363396E+02   -0.295623300467304606E+01   -0.103951535193769562E+02    1
    0.267286080295169626E+02   -0.293971458617183323E+01   -0.104051535193769507E+02    1
    0.268052535755323262E+02   -0.293700860232702743E+01   -0.104151535193769558E+02    1
    0.268037821967192293E+02   -0.284945614924146939E+01   -0.104251535193769538E+02    1
    0.268037580441425582E+02   -0.284804759034737387E+01   -0.104351535193769482E+02    1
    0.267303019617076671E+02   -0.283909836072662447E+01   -0.104451535193769534E+02    1
    0.268030321598052979E+02   -0.280614580224768995E+01   -0.104551535193769531E+02    1
    0.267318302278911304E+02   -0.275222254363604613E+01   -0.104651535193769529E+02    1
    0.267319758674034382E+02   -0.274413660268448512E+01   -0.104751535193769580E+02    1
    0.268018992010147059E+02   -0.274241355242657603E+01   -0.104851535193769543E+02    1
    0.268007314830510808E+02   -0.267885377557070292E+01   -0.104951535193769523E+02    1
    0.268003115846093678E+02   -0.265652637032020200E+01   -0.105051535193769539E+02    1
    0.267999431523723075E+02   -0.263716563300316986E+01   -0.105151535193769536E+02    1
    0.267994699936728864E+02   -0.261261701191756668E+01   -0.105251535193769499E+02    1
    0.267346813674228514E+02   -0.260003599070056124E+01   -0.105351535193769514E+02    1
    0.267990372965280557E+02   -0.259047807317724921E+01   -0.105451535193769512E+02    1
    0.267349108017477803E+02   -0.258834915889264083E+01   -0.105551535193769528E+02    1
    0.267351976300698340E+02   -0.257385609555817263E+01   -0.105651535193769543E+02    1
    0.267986771259256997E+02   -0.257227612674163142E+01   -0.105751535193769524E+02    1
    0.267985475051159838E+02   -0.256577576090001225E+01   -0.105851535193769575E+02    1
    0.267354768008337302E+02   -0.255987510514104377E+01   -0.105951535193769573E+02    1
    0.267355961137325338E+02   -0.255393752019704268E+01   -0.106051535193769570E+02    1
    0.267357242891042368E+02   -0.254758402006982143E+01   -0.106151535193769551E+02    1
    0.267972611604928943E+02   -0.250270933630514625E+01   -0.106251535193769495E+02    1
    0.267371427482784725E+02   -0.247901024265240899E+01   -0.106351535193769458E+02    1
    0.267964740348305384E+02   -0.246541106414593036E+01   -0.106451535193769526E+02    1
    0.267374889981771098E+02   -0.246275513403654500E+01   -0.106551535193769560E+02    1
    0.267961251879588787E+02   -0.244919467176949190E+01   -0.106651535193769540E+02    1
    0.267378571595838856E+02   -0.244567967834797217E+01   -0.106751535193769556E+02    1
    0.267381100414428872E+02   -0.243407531491618068E+01   -0.106851535193769500E+02    1
    0.267385416015610957E+02   -0.241450562162112536E+01   -0.106951535193769480E+02    1
    0.267387216389034563E+02   -0.240642878708702179E+01   -0.107051535193769549E+02    1
    0.267946992232635637E+02   -0.238491214270510721E+01   -0.107151535193769494E+02    1
    0.267945592817271070E+02   -0.237877713247744182E+01   -0.107251535193769456E+02    1
    0.267940514797205935E+02   -0.235677570304977602E+01   -0.107351535193769543E+02    1
    0.267938851231079838E+02   -0.234965683045882123E+01   -0.107451535193769505E+02    1
    0.267406756766972507E+02   -0.232206949957061548E+01   -0.107551535193769414E+02    1
    0.267410480976104736E+02   -0.230667764442199541E+01   -0.107651535193769483E+02    1
    0.267927462791160451E+02   -0.230209972221937464E+01   -0.107751535193769499E+02    1
    0.267412507098695400E+02   -0.229839612018123685E+01   -0.107851535193769426E+02    1
    0.267923928600675900E+02   -0.228775896183916272E+01   -0.107951535193769441E+02    1
    0.267916503587899797E+02   -0.225827480787916324E+01   -0.108051535193769528E+02    1
    0.267913935849149567E+02   -0.224828173609867576E+01   -0.108151535193769561E+02    1
    0.267426953845620687E+02   -0.224123166758452896E+01   -0.108251535193769524E+02    1
    0.267908999276540811E+02   -0.222936309254313691E+01   -0.108351535193769521E+02    1
    0.267907993571859073E+02   -0.222555621856062302E+01   -0.108451535193769519E+02    1
    0.267899530220195423E+02   -0.219415478095262761E+01   -0.108551535193769482E+02    1
    0.267898120847503201E+02   -0.218903581168142169E+01   -0.108651535193769480E+02    1
    0.267892103706054314E+02   -0.216753493132426023E+01   -0.108751535193769477E+02    1
    0.267449234453472684E+02   -0.215955045712974680E+01   -0.108851535193769493E+02    1
    0.267887385936593603E+02   -0.215107817405254353E+01   -0.108951535193769473E+02    1
    0.267886419705464434E+02   -0.214775121660058010E+01   -0.109051535193769453E+02    1
    0.267457444828251312E+02   -0.213143378471571943E+01   -0.109151535193769469E+02    1
    0.267880044689398211E+02   -0.212617122752804288E+01   -0.109251535193769485E+02    1
    0.267460823100461234E+02   -0.212017486144369416E+01   -0.109351535193769500E+02    1
    0.267873983029385414E+02   -0.210624905094201997E+01   -0.109451535193769498E+02    1
    0.267873436793360256E+02   -0.210448238590991465E+01   -0.109551535193769460E+02    1
    0.267869430998643310E+02   -0.209167105556119193E+01   -0.109651535193769440E+02    1
    0.267474539964736522E+02   -0.207631724315343424E+01   -0.109751535193769456E+02    1
    0.267476518721076566E+02   -0.207023644839715892E+01   -0.109851535193769454E+02    1
    0.267476748451597679E+02   -0.206953449595815986E+01   -0.109951535193769434E+02    1
    0.267861537741414750E+02   -0.206717072233924792E+01   -0.110051535193769485E+02    1
    0.267857784866400408E+02   -0.205586812000665864E+01   -0.110151535193769536E+02    1
    0.267856279608356473E+02   -0.205139739350800854E+01   -0.110251535193769499E+02    1
    0.267485608294939148E+02   -0.204310065310153632E+01   -0.110351535193769461E+02    1
    0.267486535730732804E+02   -0.204040548772478703E+01   -0.110451535193769441E+02    1
    0.267486628434578506E+02   -0.204013683566912896E+01   -0.110551535193769439E+02    1
    0.267492684262502145E+02   -0.202288218935896191E+01   -0.110651535193769455E+02    1
    0.267846169697200516E+02   -0.202230026651720163E+01   -0.110751535193769488E+02    1
    0.267493170684191917E+02   -0.202152145024161189E+01   -0.110851535193769504E+02    1
    0.267845829628014265E+02   -0.202134966632588142E+01   -0.110951535193769502E+02    1
    0.267493952039263831E+02   -0.201934349604675045E+01   -0.111051535193769553E+02    1
    0.267843932103479965E+02   -0.201607911727040623E+01   -0.111151535193769551E+02    1
    0.267843534266977628E+02   -0.201498132226531412E+01   -0.111251535193769460E+02    1
    0.267497152530754434E+02   -0.201052335849837194E+01   -0.111351535193769493E+02    1
    0.267839052722582380E+02   -0.200278808374264594E+01   -0.111451535193769491E+02    1
    0.267837445511656185E+02   -0.199849274293956247E+01   -0.111551535193769507E+02    1
    0.267836609202937588E+02   -0.199627385676657809E+01   -0.111651535193769469E+02    1
    0.267503657156963364E+02   -0.199309743998828970E+01   -0.111751535193769467E+02    1
    0.267512851266204095E+02   -0.196960954642693720E+01   -0.111851535193769482E+02    1
    0.267514158057907565E+02   -0.196637981194920775E+01   -0.111951535193769498E+02    1
    0.267515024881254178E+02   -0.196425238150822112E+01   -0.112051535193769514E+02    1
    0.267823223887392174E+02   -0.196226775250261976E+01   -0.112151535193769529E+02    1
    0.267518107717893869E+02   -0.195678266253555000E+01   -0.112251535193769527E+02    1
    0.267520276835094535E+02   -0.195161711452238706E+01   -0.112351535193769525E+02    1
    0.267520457770733344E+02   -0.195118960107405548E+01   -0.112451535193769505E+02    1
    0.267520671545793007E+02   -0.195068516317007545E+01   -0.112551535193769485E+02    1
    0.267521112661839702E+02   -0.194964656428742700E+01   -0.112651535193769465E+02    1
    0.267816708614377461E+02   -0.194674226328657451E+01   -0.112751535193769428E+02    1
    0.267816446654844889E+02   -0.194613209116277774E+01   -0.112851535193769514E+02    1
    0.267815668102463782E+02   -0.194432505551134049E+01   -0.112951535193769441E+02    1
    0.267813969025149774E+02   -0.194041480436078340E+01   -0.113051535193769475E+02    1
    0.267525283539088079E+02   -0.193997866972897759E+01   -0.113151535193769508E+02    1
    0.267812490629228392E+02   -0.193704963402359231E+01   -0.113251535193769524E+02    1
    0.267811810404778754E+02   -0.193551291568455142E+01   -0.113351535193769486E+02    1
    0.267811269309458169E+02   -0.193429574275055627E+01   -0.113451535193769519E+02    1
    0.267810722606245619E+02   -0.193307066521110649E+01   -0.113551535193769464E+02    1
    0.267530674160639066E+02   -0.192789168918182607E+01   -0.113651535193769444E+02    1
    0.267804823133765595E+02   -0.192015205295819991E+01   -0.113751535193769477E+02    1
    0.267804082331983970E+02   -0.191856881198887730E+01   -0.113851535193769493E+02    1
    0.267804077645420833E+02   -0.191855882354113350E+01   -0.113951535193769544E+02    1
    0.267536396663089064E+02   -0.191556423762352601E+01   -0.114051535193769453E+02    1
    0.267537729287475088E+02   -0.191276795343754413E+01   -0.114151535193769433E+02    1
    0.267799331683730060E+02   -0.190862235054555041E+01   -0.114251535193769502E+02    1
    0.267796412897482412E+02   -0.190268856563555677E+01   -0.114351535193769465E+02    1
    0.267796156524050275E+02   -0.190217381509672712E+01   -0.114451535193769427E+02    1
    0.267544399706662830E+02   -0.189919402642676838E+01   -0.114551535193769425E+02    1
    0.267544468658442725E+02   -0.189905739386395012E+01   -0.114651535193769476E+02    1
    0.267789355825187769E+02   -0.188889937824018950E+01   -0.114751535193769509E+02    1
    0.267789313248210306E+02   -0.188881857894077676E+01   -0.114851535193769489E+02    1
    0.267551125005334143E+02   -0.188622194968508317E+01   -0.114951535193769505E+02    1
    0.267787506949084460E+02   -0.188541717424891253E+01   -0.115051535193769467E+02    1
    0.267552206198519826E+02   -0.188420334126949185E+01   -0.115151535193769430E+02    1
    0.267784435211496188E+02   -0.187975152419112845E+01   -0.115251535193769428E+02    1
    0.267783855368322392E+02   -0.187869880519306087E+01   -0.115351535193769426E+02    1
    0.267555785436498894E+02   -0.187765294950187478E+01   -0.115451535193769423E+02    1
    0.267782656052985821E+02   -0.187653831960131123E+01   -0.115551535193769439E+02    1
    0.267782427016301021E+02   -0.187612831651390866E+01   -0.115651535193769455E+02    1
    0.267556677555739206E+02   -0.187605186832171755E+01   -0.115751535193769453E+02    1
    0.267557313382892126E+02   -0.187491844754364267E+01   -0.115851535193769433E+02    1
    0.267779997876479534E+02   -0.187183100639208599E+01   -0.115951535193769448E+02    1
    0.267777091814453314E+02   -0.186681278634680892E+01   -0.116051535193769446E+02    1
    0.267776770241604645E+02   -0.186626571126392915E+01   -0.116151535193769408E+02    1
    0.267563038684030374E+02   -0.186500101460682299E+01   -0.116251535193769424E+02    1
    0.267775762812263949E+02   -0.186456242845452991E+01   -0.116351535193769458E+02    1
    0.267563542139546158E+02   -0.186415375991036836E+01   -0.116451535193769455E+02    1
