    0.763871791087497154E-98    0.475638468240841007E+03    0.275037915468918364E+02
    0.145799905226887151E-97    0.474325627640490325E+03    0.275042009353637695E+02
    0.536183107734437765E-97    0.471701146536316514E+03    0.275050211459322895E+02
    0.344625622776419543E-91    0.444934159510756501E+03    0.275135290196784155E+02
    0.612348884660661295E-86    0.420738621547612524E+03    0.275214576721191406E+02
    0.114339714804696892E-84    0.414864537618633904E+03    0.280424332527665534E+02
    0.878225388470129293E-84    0.410767079026996328E+03    0.280410562403076078E+02
    0.252056110630417075E-81    0.399428071555871043E+03    0.280372067285701405E+02
    0.242361694463025414E-80    0.394881342386668564E+03    0.280356466770172119E+02
    0.189159339341404245E-78    0.386146684995466273E+03    0.280326223373413086E+02
    0.925042525517795123E-78    0.382952185025845722E+03    0.280315070655205076E+02
    0.518580337859529766E-75    0.370274163970855511E+03    0.280270306485297667E+02
    0.625597148924347234E-73    0.360668600252132649E+03    0.275422687146971334E+02
    0.236431841319108986E-69    0.344174012833903873E+03    0.275483060156058208E+02
    0.203019741212905858E-66    0.330643215770629922E+03    0.275533770400324585E+02
    0.380625058945641948E-66    0.329366192627306361E+03    0.275538614357652776E+02
    0.127535155364114368E-64    0.322322697732112488E+03    0.280093005768679646E+02
    0.377284552191164465E-64    0.320133482475804328E+03    0.275573945032158818E+02
    0.141361474150423029E-62    0.312866500957414985E+03    0.280056375855123854E+02
    0.312657409173183957E-60    0.302048584994613577E+03    0.275644805500500283E+02
    0.322845185873326120E-59    0.297359285096809685E+03    0.279994965821901296E+02
    0.441492610127184746E-59    0.296713308348448493E+03    0.279992369868634654E+02
    0.141348247152780587E-58    0.294366007359452396E+03    0.279982910548669039E+02
    0.215604032517875359E-58    0.293501573640939455E+03    0.279979416507751822E+02
    0.224710309482180353E-56    0.284188496235615787E+03    0.275717116991546085E+02
    0.359664173503673685E-56    0.283227778864694869E+03    0.279937446472595326E+02
    0.520164374727466803E-55    0.277864660434356722E+03    0.275743321625603031E+02
    0.281275609770357415E-54    0.274469109969439444E+03    0.279900994661352591E+02
    0.816427878381868554E-54    0.272317902825514125E+03    0.279891943236402447E+02
    0.393084169970403530E-53    0.269154562272339945E+03    0.279878560539132764E+02
    0.458987620942647104E-52    0.264219393129986202E+03    0.279857505684402454E+02
    0.178954892312904228E-51    0.261478001872480263E+03    0.279845715143668663E+02
    0.229008821194189574E-50    0.256359578191534069E+03    0.279823514574522250E+02
    0.124221668976498863E-49    0.252957793806785247E+03    0.275849901495199532E+02
    0.784194741993416832E-48    0.244647444096369583E+03    0.279771760233483633E+02
    0.250483971358774958E-46    0.237699628630431704E+03    0.275918126907608112E+02
    0.653177692990759246E-46    0.235762720073879223E+03    0.279731560869003566E+02
    0.271268490756063049E-45    0.232895030165781122E+03    0.275940120220184326E+02
    0.749596526526900149E-45    0.230842178113926252E+03    0.279708927763564468E+02
    0.263543205658438735E-43    0.223702473290472795E+03    0.275982929643736199E+02
    0.127569367718658971E-40    0.211318076823895694E+03    0.279616299405332818E+02
    0.128498615637374188E-37    0.197468050558256380E+03    0.279547565825873967E+02
    0.162700931786006109E-37    0.196976059337855474E+03    0.276113449911343309E+02
    0.122766733626555696E-36    0.192914144473909175E+03    0.279524357401993697E+02
    0.201232320206488014E-36    0.191905796509254742E+03    0.276139348110383516E+02
    0.127318641652591642E-35    0.188196160581154601E+03    0.279499972780822610E+02
    0.168890286287475658E-35    0.187611047827253770E+03    0.279496923808926780E+02
    0.427353575477885669E-35    0.185734323015927373E+03    0.276171416967812533E+02
    0.193828989684165051E-34    0.182690423714659630E+03    0.279471058844064579E+02
    0.669138498332128745E-34    0.180192394139106739E+03    0.279457770897280895E+02
    0.107173054922717603E-33    0.179230316348939880E+03    0.276205899253173008E+02
    0.981037976595113640E-32    0.170176813548487246E+03    0.279403368249651614E+02
    0.333090497219529466E-31    0.167712037271419376E+03    0.276268834205429670E+02
    0.105095794728488067E-29    0.160788780802437543E+03    0.279350608951382391E+02
    0.192252324451616435E-29    0.159560907934229505E+03    0.276314950918544966E+02
    0.458115877955622975E-29    0.157804281010906863E+03    0.276325074574360023E+02
    0.529048551127583710E-29    0.157496364918974081E+03    0.279331667330734774E+02
    0.102689133932579049E-28    0.156149942531678477E+03    0.279323852062225342E+02
    0.405175647427508475E-28    0.153384713805540230E+03    0.279307671827372026E+02
    0.149881539250057503E-27    0.150748494472918509E+03    0.279292079837218239E+02
    0.206249407316156238E-27    0.150090012657245893E+03    0.279288159218756533E+02
    0.622406419001046906E-27    0.147860998388197885E+03    0.276383714801195310E+02
    0.747130120402208878E-27    0.147475706239238860E+03    0.276386035000907775E+02
    0.693792908822062504E-26    0.142998667747037246E+03    0.276413274106127460E+02
    0.155325654791185848E-25    0.141366796765331884E+03    0.279235189555899730E+02
    0.635275175283407570E-25    0.138529728084597650E+03    0.279217526647263021E+02
    0.873591332316559309E-25    0.137872619222168538E+03    0.279213403497395802E+02
    0.206150335044590004E-23    0.131530292847681153E+03    0.276485566299014707E+02
    0.222793488038247866E-23    0.131355013656896602E+03    0.276486701392738645E+02
    0.490635305151980241E-23    0.129756102031582515E+03    0.279161423024866089E+02
    0.977389446390443915E-23    0.128357733842194307E+03    0.276506262236205629E+02
    0.103758471872869905E-22    0.128218202405723332E+03    0.279151343593816321E+02
    0.425375220702510755E-21    0.120771220541175083E+03    0.279101406751819674E+02
    0.114821378667805471E-19    0.114160068088771226E+03    0.276603151844557757E+02
    0.235840942359845472E-18    0.108095338077032764E+03    0.279011566108236551E+02
    0.122196953501558730E-17    0.104785214868553865E+03    0.276671565414776524E+02
    0.884904560004564322E-17    0.100805523505769344E+03    0.276701861998281373E+02
    0.192788687357969779E-16    0.992281235047093730E+02    0.278944425311782283E+02
    0.246452624824278275E-16    0.987169733473021580E+02    0.278940431320835636E+02
    0.258116973292455905E-16    0.986044871805044352E+02    0.276718973034765590E+02
    0.306219573388577967E-16    0.982427081051156819E+02    0.276721810833676827E+02
    0.804380036423628838E-16    0.962911692353231246E+02    0.278921277588774394E+02
    0.215623506949322211E-15    0.942990750016355292E+02    0.278905293429126999E+02
    0.289598311847550570E-15    0.936891530660950878E+02    0.278900351843744545E+02
    0.308556789183958315E-15    0.935423309124966806E+02    0.278899158882759615E+02
    0.556782793115975961E-15    0.923417923178237174E+02    0.278889353886383553E+02
    0.609987065361506863E-15    0.921392672233385497E+02    0.278887690876834782E+02
    0.121638838534844275E-14    0.907388599138210736E+02    0.278876119318481592E+02
    0.382949203382306002E-14    0.884251678383045174E+02    0.276801807680789906E+02
    0.833095289716607842E-14    0.868506764845013208E+02    0.278843299241645113E+02
    0.110308611484575238E-13    0.862692383635803708E+02    0.278838299585053662E+02
    0.112412296698358135E-13    0.862114556911833461E+02    0.278837801370816649E+02
    0.274996342752649499E-13    0.844022867596029300E+02    0.278822075888069065E+02
    0.431964224899734441E-13    0.834791168124309451E+02    0.278813954835795599E+02
    0.550205241164454706E-13    0.829752196078545552E+02    0.276849029782172273E+02
    0.101103376443635990E-12    0.817383451255338258E+02    0.278798456289726957E+02
    0.104335145895541491E-12    0.816554156215648277E+02    0.278797711757186377E+02
    0.142147853345873306E-12    0.810168966973035367E+02    0.276866563574144564E+02
    0.173381803984903416E-12    0.805996399262279937E+02    0.278788182586598161E+02
    0.176787472390778365E-12    0.805407355902589472E+02    0.276870875349889545E+02
    0.179983898966867860E-12    0.804848973771980809E+02    0.278787141237498304E+02
    0.211764394922593076E-12    0.801396835466769062E+02    0.276874522098945164E+02
    0.237844009592974073E-12    0.798874020967877669E+02    0.278781700252354305E+02
    0.288702498833282952E-12    0.794798386864119806E+02    0.278777970946044213E+02
    0.729839618751016538E-12    0.776049825512811395E+02    0.276897900267765138E+02
    0.177309506312544787E-11    0.758096683271267580E+02    0.276914820405586184E+02
    0.176058185727475300E-11    0.758038329023683417E+02    0.276914875912686043E+02
    0.196001486927529486E-11    0.755692174934870735E+02    0.276917110394081831E+02
    0.585729447012566066E-11    0.733597460077294983E+02    0.276938428326043997E+02
    0.103461368713104456E-09    0.675967250248805271E+02    0.278661926636722654E+02
    0.136917084124485306E-09    0.670163705781710917E+02    0.278655842044506912E+02
    0.223099568880897767E-09    0.660198852745769784E+02    0.278645288803340350E+02
    0.365894766690646841E-09    0.650104300739329943E+02    0.277024066300103868E+02
    0.123332584340119462E-08    0.625601821385886367E+02    0.278607538853150061E+02
    0.468838759647722372E-08    0.598694336001070511E+02    0.277081660870313335E+02
    0.666964966053805385E-08    0.591444763868978143E+02    0.277090143532795317E+02
    0.148505437162749260E-07    0.575235380977420121E+02    0.277109471544560790E+02
    0.164227913459562016E-07    0.573022708821097311E+02    0.277112150335172309E+02
    0.199273988663236642E-07    0.568954198302278513E+02    0.277117102209412387E+02
    0.473887863750279134E-07    0.551428398019872219E+02    0.278519684346681089E+02
    0.630455264508939900E-07    0.545518968397017261E+02    0.277146324455714534E+02
    0.648819741259442932E-07    0.544744713813076444E+02    0.277147311270331329E+02
    0.659466033285869409E-07    0.544219203064788104E+02    0.277147981866525797E+02
    0.699400213759424046E-07    0.542843349801445001E+02    0.278508782783731803E+02
    0.150662670702511548E-06    0.527295243168271739E+02    0.277169942855834961E+02
    0.162634717595142931E-06    0.525565976753443351E+02    0.278486295359291205E+02
    0.174610320214219022E-06    0.523944975558503572E+02    0.278484145918714461E+02
    0.188317265073723352E-06    0.522233548133881911E+02    0.277176654599378693E+02
    0.189297219515076425E-06    0.521929743149567287E+02    0.277177059638149039E+02
    0.264014548732102567E-06    0.515076026337568038E+02    0.278472258541824829E+02
    0.302598429610139314E-06    0.512147978313101291E+02    0.278468285419244097E+02
    0.875178414597114443E-06    0.490707555187419047E+02    0.277220120091673827E+02
    0.900535124104695426E-06    0.489936327167423613E+02    0.278437301157819661E+02
    0.111317728093234817E-05    0.485496638133777907E+02    0.277227606813582526E+02
    0.145943308692376006E-05    0.479880043693436917E+02    0.277235782138030977E+02
    0.146998698306778382E-05    0.479535934053247246E+02    0.278422236813280435E+02
    0.153028322372679747E-05    0.478531948330759960E+02    0.277237761194861534E+02
    0.167943270867160737E-05    0.476471883707539305E+02    0.278417725182986366E+02
    0.225993303081173742E-05    0.470334301357938358E+02    0.277249941198025809E+02
    0.247387574916113844E-05    0.468325283965997698E+02    0.278405558035815091E+02
    0.250278189565849534E-05    0.467892947537537722E+02    0.278404905144612087E+02
    0.302744933829549131E-05    0.463886595717881249E+02    0.277259704123047968E+02
    0.336485691416577446E-05    0.461573296159169786E+02    0.277263247897977436E+02
    0.346518712315259581E-05    0.460785672267566113E+02    0.277264459543681880E+02
    0.419070993504484330E-05    0.456783601864096838E+02    0.277270656754256706E+02
    0.483933606436127897E-05    0.453705454276475564E+02    0.278383053039919588E+02
    0.587865510104250137E-05    0.449614444738424481E+02    0.278376589881604843E+02
    0.600739990160453909E-05    0.448981164442126115E+02    0.277282940926717032E+02
    0.614195905343893272E-05    0.448338129860218544E+02    0.278374557825293714E+02
    0.659354516418497123E-05    0.446719181666227101E+02    0.278371969306447014E+02
    0.671563640090809262E-05    0.446152232996832154E+02    0.278371059894561768E+02
    0.781352837728453334E-05    0.442923872193314025E+02    0.277292671410430067E+02
    0.804760777627449635E-05    0.442133507434809516E+02    0.278364569386146492E+02
    0.851416766200871719E-05    0.440806373772766307E+02    0.277296114867877179E+02
    0.849371227208051909E-05    0.440654481825904796E+02    0.278362160761410493E+02
    0.899929506399638174E-05    0.439298080006238649E+02    0.277298581267877928E+02
    0.929170593983180664E-05    0.438458561610925486E+02    0.278358564441744143E+02
    0.106667951633428421E-04    0.435498291754708404E+02    0.278353677293287909E+02
    0.107397996258682544E-04    0.435161876325209533E+02    0.278353119015550021E+02
    0.110589408092500833E-04    0.434376220490972074E+02    0.277306710584635532E+02
    0.110609362837069124E-04    0.434172612018006632E+02    0.278351473884245308E+02
    0.189408868673327511E-04    0.423214546731988648E+02    0.278332891467536783E+02
    0.194766859673282361E-04    0.422456641789936924E+02    0.278331580814934654E+02
    0.239102605549417883E-04    0.418154851392523028E+02    0.277334447572749418E+02
    0.241070033298077140E-04    0.417790957109557226E+02    0.278323435839298661E+02
    0.323369046282604065E-04    0.411716822244031775E+02    0.277345896989524547E+02
    0.325797638556169162E-04    0.411367177866993714E+02    0.278311996917067823E+02
    0.331774208769396273E-04    0.410803613957447737E+02    0.278310980409873281E+02
    0.352964117384527693E-04    0.409365378801082684E+02    0.277350147017471400E+02
    0.420242300246094093E-04    0.405676077821451528E+02    0.277356892160824273E+02
    0.465736739463556483E-04    0.403420296072733251E+02    0.278297459216284224E+02
    0.461761898771892481E-04    0.403391719074857420E+02    0.278297406124062867E+02
    0.626035118617772850E-04    0.397104577435939419E+02    0.277372948185050952E+02
    0.739028863064056663E-04    0.393585967284923441E+02    0.278278818304466995E+02
    0.745192384044250086E-04    0.393219858453849511E+02    0.277380414089018146E+02
    0.845600307843952324E-04    0.390491770854841818E+02    0.278272791275422726E+02
    0.982215462756931042E-04    0.387296492897773703E+02    0.277392043324230784E+02
    0.110652500149410328E-03    0.384713111740033185E+02    0.278261310242827307E+02
    0.112400078206190772E-03    0.384199712302278087E+02    0.277398248060473520E+02
    0.112480904995960706E-03    0.383985335489779303E+02    0.277398680896701393E+02
    0.138022316704546337E-03    0.379692697220496811E+02    0.278251082091658333E+02
    0.160306335457204908E-03    0.376499273340410454E+02    0.278244444997608475E+02
    0.186825707361537943E-03    0.373237482246468062E+02    0.278237554446644886E+02
    0.198764175715294213E-03    0.371798623460264253E+02    0.278234477607639796E+02
    0.200445228413887003E-03    0.371430184278468474E+02    0.277424837512815898E+02
    0.203100024650656167E-03    0.370967033167990650E+02    0.278232688644320127E+02
    0.210830685922696828E-03    0.370019897467830745E+02    0.278230641401153420E+02
    0.232436462654514968E-03    0.367868666791665078E+02    0.277432571244334483E+02
    0.263643329006564271E-03    0.365149061703219147E+02    0.278219943630367759E+02
    0.350697457449854709E-03    0.359242526823342914E+02    0.278206564466080621E+02
    0.376501982140668712E-03    0.357622538729638677E+02    0.278202811228196332E+02
    0.402817721549237164E-03    0.356071321851589602E+02    0.277459341856741162E+02
    0.444535223840504697E-03    0.353900419056157389E+02    0.278194041441536299E+02
    0.451959162869518152E-03    0.353369168404820968E+02    0.278192772494219760E+02
    0.468174020073091484E-03    0.352464203675834753E+02    0.277467922858864213E+02
    0.560338297293428659E-03    0.348670190894306629E+02    0.277477174062477943E+02
    0.556046600194758729E-03    0.348623962886390046E+02    0.278181235207093422E+02
    0.569296109633581028E-03    0.347952990920411267E+02    0.277478950316361974E+02
    0.576135809431501940E-03    0.347514136703815169E+02    0.278178481829431590E+02
    0.581842241043305599E-03    0.347117018017405172E+02    0.277481032164383379E+02
    0.643929046076438896E-03    0.344889234104467590E+02    0.278171881642051737E+02
    0.724376428022085431E-03    0.342334781257613940E+02    0.278165334169547727E+02
    0.804865724154644655E-03    0.340027495742894459E+02    0.278159308600543937E+02
    0.887019480106897556E-03    0.337883666090007750E+02    0.277504913896865553E+02
    0.888618316630370559E-03    0.337647648903202935E+02    0.277505547439284541E+02
    0.927853501146248274E-03    0.336583527863556426E+02    0.277508419401128776E+02
    0.943355609562742292E-03    0.336052138645801008E+02    0.278148660252074080E+02
    0.100076999256942475E-02    0.334670505461970080E+02    0.278144875307674191E+02
    0.102789469634584373E-02    0.333935644861017451E+02    0.278142843567520686E+02
    0.108853096165266450E-02    0.332589318475165925E+02    0.278139086685327790E+02
    0.112062345315830955E-02    0.331808195686755951E+02    0.277521637534989125E+02
    0.113775389939733116E-02    0.331304778283572716E+02    0.277523064241709072E+02
    0.129515561915170591E-02    0.328513282244297287E+02    0.277531099319458008E+02
    0.140001182079614356E-02    0.326756285787286984E+02    0.278122253836438595E+02
    0.144365815929459835E-02    0.325942293774418772E+02    0.278119827309589738E+02
    0.157404523617250824E-02    0.324012921603335045E+02    0.277544530263223450E+02
    0.167622401285331523E-02    0.322555026340541673E+02    0.278109504257819538E+02
    0.174154185970047475E-02    0.321590482445255077E+02    0.277552029084481866E+02
    0.180412106335939206E-02    0.320684428833892454E+02    0.278103636998240837E+02
    0.205014944279905591E-02    0.317927645599120936E+02    0.278094753904728158E+02
    0.234069653444211531E-02    0.315076928400157001E+02    0.277573279349265967E+02
    0.239925453865518380E-02    0.314382737783288881E+02    0.277575649097854651E+02
    0.268983083737119912E-02    0.311896333269499806E+02    0.277584324952797985E+02
    0.284393742335966020E-02    0.310582109214298114E+02    0.277589037242636927E+02
    0.288344437285448577E-02    0.310106188540499943E+02    0.278067756820791843E+02
    0.288123025191337843E-02    0.309921551912721966E+02    0.278067082492192057E+02
    0.295649298090487579E-02    0.309205824144459349E+02    0.278064450243211354E+02
    0.298221481616179002E-02    0.308832574360296732E+02    0.278063065776976543E+02
    0.303206458504974357E-02    0.308301024013694018E+02    0.277597443622663178E+02
    0.306232145196775555E-02    0.307902433932055395E+02    0.278059579472447922E+02
    0.312354539104026585E-02    0.307306525388430813E+02    0.278057317910613193E+02
    0.309833138505816045E-02    0.307268625313691395E+02    0.278057173315144937E+02
    0.313878496239024295E-02    0.306809183979892701E+02    0.277603110377713556E+02
    0.316208250456296094E-02    0.306461282768083976E+02    0.278054071070609865E+02
    0.321642807603821556E-02    0.305920470373925717E+02    0.277606554679278759E+02
    0.342128923814608759E-02    0.304485550382369716E+02    0.278046292282315548E+02
    0.343895280396610105E-02    0.304182559235730778E+02    0.277613448928950461E+02
    0.351691567428383256E-02    0.303534211855506229E+02    0.277616078002165452E+02
    0.348801528536552647E-02    0.303499241621327727E+02    0.277616220729973691E+02
    0.352559742172838713E-02    0.303084901322609177E+02    0.277617919158633697E+02
    0.367212386316282183E-02    0.302070495307764766E+02    0.278036387385140777E+02
    0.380819685710640345E-02    0.301142783162281908E+02    0.277626069261690489E+02
    0.399174610673264357E-02    0.300001324269339804E+02    0.277631015669509686E+02
    0.406986589834704583E-02    0.299413698385462794E+02    0.278024912643313300E+02
    0.411128634598264750E-02    0.299011180205553195E+02    0.277635408567332576E+02
    0.446549850964091891E-02    0.297158282259672823E+02    0.278014614808567551E+02
    0.444683554048760053E-02    0.297042044813132051E+02    0.278014068540935533E+02
    0.454604755872540633E-02    0.296400735646718516E+02    0.277647498348948147E+02
    0.472357911575938937E-02    0.295434563397912484E+02    0.278006341335777556E+02
    0.468376541274574329E-02    0.295403852151408408E+02    0.278006190420652040E+02
    0.469564664908901381E-02    0.295153182695285281E+02    0.278004953783394271E+02
    0.467851425881950569E-02    0.295026287518268227E+02    0.278004324436187744E+02
    0.464757611891368060E-02    0.294958983008638391E+02    0.277654533776073720E+02
    0.467621325106059964E-02    0.294636126427217384E+02    0.278002375068171403E+02
    0.463111228818096667E-02    0.294629957902022568E+02    0.277656179417962221E+02
    0.462569107415526475E-02    0.294453383762692873E+02    0.278001454439417870E+02
    0.458048737278778356E-02    0.294449791272773815E+02    0.278001436291681756E+02
    0.465997429603674101E-02    0.293905700742506824E+02    0.277998665334393635E+02
    0.478349230860126030E-02    0.293182481622856912E+02    0.277994910367272219E+02
    0.482242655353065652E-02    0.292820354673026451E+02    0.277992997846672907E+02
    0.487301800509842582E-02    0.292411630213036595E+02    0.277667711458588862E+02
    0.484433115070684490E-02    0.292329715659048368E+02    0.277990370393680486E+02
    0.493941771732031923E-02    0.291740950322220591E+02    0.277671363733290875E+02
    0.490934296522056810E-02    0.291663097043215629E+02    0.277986730309244976E+02
    0.488105043458776037E-02    0.291578690393699844E+02    0.277672260104353867E+02
    0.497875047601152934E-02    0.290982320365067793E+02    0.277675599545794931E+02
    0.511210074120998104E-02    0.290253690913704467E+02    0.277978742678923538E+02
    0.506948518050423947E-02    0.290221113984705497E+02    0.277679970489768913E+02
    0.508443179848545607E-02    0.289962233736590029E+02    0.277977037018587616E+02
    0.506603158140135883E-02    0.289834743676482098E+02    0.277976284702791077E+02
    0.502485681529664385E-02    0.289797960206098182E+02    0.277682456562152034E+02
    0.504941967637128827E-02    0.289500432965236421E+02    0.277974293410859445E+02
    0.510536696210292778E-02    0.289080052749249248E+02    0.277971749961379260E+02
    0.509971035930302345E-02    0.288902224471034650E+02    0.277687863222268660E+02
    0.505329295335746938E-02    0.288885097372439006E+02    0.277687968617156287E+02
    0.513349292008654159E-02    0.288370173215579086E+02    0.277691174861862180E+02
    0.512605196477976775E-02    0.288199184079881299E+02    0.277692256142730542E+02
    0.520729092934444065E-02    0.287684704480364957E+02    0.277962961212855646E+02
    0.515866427743983270E-02    0.287672345687076501E+02    0.277962880786986020E+02
    0.512419921415564403E-02    0.287606414149123530E+02    0.277696072578500832E+02
    0.514275924443873423E-02    0.287334104319194239E+02    0.277697862945068223E+02
    0.513527198620388967E-02    0.287163243205392398E+02    0.277698998875814063E+02
    0.508529440369554549E-02    0.287158840901050496E+02    0.277959495215483798E+02
    0.512043940445739733E-02    0.286821094256473295E+02    0.277701303885939375E+02
    0.510492391535334079E-02    0.286681788436332639E+02    0.277956269137097962E+02
    0.514287715264680374E-02    0.286333645783801458E+02    0.277953862104646170E+02
    0.511851424610991392E-02    0.286228615174863350E+02    0.277705396743182362E+02
    0.514009893330919735E-02    0.285944452847367643E+02    0.277951114979001943E+02
    0.510874922735626152E-02    0.285866807294373899E+02    0.277950559472271479E+02
    0.505846307801467113E-02    0.285864645434747047E+02    0.277707979520860171E+02
    0.500967678486673087E-02    0.285858471407174797E+02    0.277950499682767997E+02
    0.498338014526925662E-02    0.285763731291035228E+02    0.277708705418252855E+02
    0.494069470788693031E-02    0.285735780378727036E+02    0.277949616240431538E+02
    0.493344263443787345E-02    0.285565158437798310E+02    0.277948376778057415E+02
    0.489353920911388910E-02    0.285527583260706272E+02    0.277948102080842219E+02
    0.485183060010773055E-02    0.285498777846379532E+02    0.277947891065160206E+02
    0.484182530705880212E-02    0.285340063803701405E+02    0.277946721598052804E+02
    0.481760901772170218E-02    0.285240344376070141E+02    0.277712542657245258E+02
    0.478951646542008069E-02    0.285157310194495324E+02    0.277713163082617953E+02
    0.474554058685408217E-02    0.285141792322409664E+02    0.277713279399109467E+02
    0.472053305219369106E-02    0.285047464827362589E+02    0.277944534520127498E+02
    0.467745380528045672E-02    0.285030821324011647E+02    0.277944408866943427E+02
    0.465256609003415669E-02    0.284937521093380859E+02    0.277714821564658791E+02
    0.461581333231258530E-02    0.284896137605226691E+02    0.277715136531871565E+02
    0.460350562188266768E-02    0.284749537288230208E+02    0.277942264128773431E+02
    0.460667465691187456E-02    0.284535774104195340E+02    0.277717916889292837E+02
    0.458936922904369486E-02    0.284411047552259397E+02    0.277939627966746770E+02
    0.455965037570516072E-02    0.284340980415667417E+02    0.277719449112235282E+02
    0.454328606099646971E-02    0.284212888343184176E+02    0.277938055061314131E+02
    0.454796451712487226E-02    0.283992303907627388E+02    0.277722246523665888E+02
    0.454915448395671208E-02    0.283787071627656289E+02    0.277723927818491028E+02
    0.452494806661589768E-02    0.283693777385613615E+02    0.277933822452948576E+02
    0.448683120839171723E-02    0.283662965220194927E+02    0.277724957665978707E+02
    0.444409737831510769E-02    0.283654363710525921E+02    0.277725029419220775E+02
    0.441408661977370307E-02    0.283589880757222481E+02    0.277725568913208924E+02
    0.438226711889283093E-02    0.283534575436931142E+02    0.277726033869025954E+02
    0.436565568698973200E-02    0.283410531534110817E+02    0.277931439080666891E+02
    0.436734746341339679E-02    0.283202782646743145E+02    0.277929655014283128E+02
    0.432595678795700232E-02    0.283193232616180097E+02    0.277929572239514933E+02
    0.428654394834665671E-02    0.283176283351141613E+02    0.277729098326391579E+02
    0.425229271418971471E-02    0.283136733394690765E+02    0.277929081128968427E+02
    0.430458219613656917E-02    0.282692297740902845E+02    0.277733393239437660E+02
    0.427535497935048990E-02    0.282628556686578882E+02    0.277924550183852475E+02
    0.426516929452333809E-02    0.282476261906210802E+02    0.277923149736713277E+02
    0.423774052955730018E-02    0.282405294722853313E+02    0.277736033526745771E+02
    0.420838122290946755E-02    0.282344338064918361E+02    0.277921919505753650E+02
    0.417940094447316265E-02    0.282282540956579133E+02    0.277921337575401637E+02
    0.416908375411497844E-02    0.282131973618830827E+02    0.277919904075109656E+02
    0.414961034155163569E-02    0.282025610662868687E+02    0.277739645879735235E+02
    0.413394774629577931E-02    0.281901242963651271E+02    0.277740861215638546E+02
    0.410155837353358595E-02    0.281858559535521138E+02    0.277741282192748535E+02
    0.409135025959386864E-02    0.281708398339683725E+02    0.277742779483228546E+02
    0.411513003848967308E-02    0.281392490693099298E+02    0.277912506141182511E+02
    0.407429997352241717E-02    0.281391920461568716E+02    0.277912500182770970E+02
    0.406491547260997167E-02    0.281238040410761130E+02    0.277747647112670180E+02
    0.404206265339462911E-02    0.281150796998440242E+02    0.277748582256873178E+02
    0.401655414718032119E-02    0.281077412232993922E+02    0.277749377329352214E+02
    0.398501868687438018E-02    0.281035059356821613E+02    0.277749839815322694E+02
    0.396665207066768371E-02    0.280927450751935019E+02    0.277907496310652959E+02
    0.396945141340437381E-02    0.280713341344927301E+02    0.277753444971634167E+02
    0.394973741244612851E-02    0.280612917410684162E+02    0.277754605962122092E+02
    0.391178157071718925E-02    0.280606041089365661E+02    0.277754686119712630E+02
    0.388243480873154282E-02    0.280556649690606861E+02    0.277903259060710397E+02
    0.384706150240085283E-02    0.280539707172526356E+02    0.277903059641808703E+02
    0.383009576487843223E-02    0.280428103252221526E+02    0.277901732316222549E+02
    0.379258574214548592E-02    0.280424938580930636E+02    0.277901694323579278E+02
    0.377829833325271560E-02    0.280300424749844552E+02    0.277900183353226637E+02
    0.376102901511102348E-02    0.280192047503684947E+02    0.277759681993948355E+02
    0.373189920855390104E-02    0.280147553882192319E+02    0.277898283051584301E+02
    0.370089853956186111E-02    0.280114386613565394E+02    0.277760659681762974E+02
    0.367382915597555841E-02    0.280061209689744217E+02    0.277897186237175440E+02
    0.364622155212595243E-02    0.280012070583203752E+02    0.277896554050500058E+02
    0.361475176157542537E-02    0.279985435702399101E+02    0.277762314598523261E+02
    0.357939676363537573E-02    0.279982013698779610E+02    0.277896164416875529E+02
    0.354461058437081618E-02    0.279977333293724548E+02    0.277896103539440453E+02
    0.351199966516365291E-02    0.279962187778870479E+02    0.277762617327409345E+02
    0.347888688642590408E-02    0.279951651739559821E+02    0.277895768510981824E+02
    0.344646748725721021E-02    0.279938903592607211E+02    0.277895601576769131E+02
    0.342712289158388214E-02    0.279851477346236877E+02    0.277894445230759430E+02
    0.339432264134524901E-02    0.279843814896231784E+02    0.277764180586074900E+02
    0.336982966122568832E-02    0.279788655438386193E+02    0.277893601483836576E+02
    0.335730348788872883E-02    0.279663137019387769E+02    0.277891881633924740E+02
    0.332442855073458981E-02    0.279659943489580911E+02    0.277766686230288009E+02
    0.330158010094005897E-02    0.279597875940672225E+02    0.277767554999015829E+02
    0.326979956734129188E-02    0.279591325614724013E+02    0.277890876090425749E+02
    0.325949903761274268E-02    0.279454429104988620E+02    0.277769611239808896E+02
    0.323774316039829400E-02    0.279388368754231493E+02    0.277770582409960696E+02
    0.321873537715278374E-02    0.279306128539532956E+02    0.277771814382102633E+02
    0.319222852734310980E-02    0.279271513971434509E+02    0.277886182603096543E+02
    0.316480221284497383E-02    0.279244088154488495E+02    0.277772761530694865E+02
    0.313723408521443797E-02    0.279219068444523124E+02    0.277773148021222198E+02
    0.310608510945356575E-02    0.279218636867952732E+02    0.277885368778598618E+02
    0.307701944333752149E-02    0.279206671082581721E+02    0.277773340518451874E+02
    0.304975369586392301E-02    0.279184682749435567E+02    0.277884839912708657E+02
    0.331997620044354206E-02    0.277486413768060771E+02    0.277817658789795736E+02
    0.326837063384404370E-02    0.277799734382973682E+02    0.277855332423309491E+02
    0.333263969785232679E-02    0.277410272214737361E+02    0.277830735830085729E+02
    0.324712517647030496E-02    0.277930165179281445E+02    0.277799152322315486E+02
    0.320363548785728347E-02    0.278199840957307636E+02    0.277792171253032976E+02
    0.324644141660617369E-02    0.277934377101077317E+02    0.277859492596430186E+02
    0.326076806983631364E-02    0.277846310617841539E+02    0.277856842610841284E+02
    0.322356230662407955E-02    0.278075824966185898E+02    0.277863320028931433E+02
    0.331213473252753472E-02    0.277533707739161422E+02    0.277814534184616662E+02
    0.328958733488779768E-02    0.277670323519593296E+02    0.277807941391340343E+02
    0.318597502614559845E-02    0.278310398598619635E+02    0.277789663381769287E+02
    0.319878798052318719E-02    0.278230126415833325E+02    0.277867055780133576E+02
    0.329255848154830916E-02    0.277652267724749642E+02    0.277808691191582930E+02
    0.332538704665314268E-02    0.277453844608457914E+02    0.277820431606457774E+02
    0.330720252186624724E-02    0.277563512605627807E+02    0.277845655326013556E+02
    0.333046759274526665E-02    0.277423311807763717E+02    0.277824276108802231E+02
    0.329932181828397446E-02    0.277611227300462282E+02    0.277848016847061317E+02
    0.330422928047245656E-02    0.277581501093949932E+02    0.277846583471945650E+02
    0.331127335950039429E-02    0.277538909731972545E+02    0.277844293391801891E+02
    0.331604431508601737E-02    0.277510114031243766E+02    0.277842522871724817E+02
    0.331620411636514983E-02    0.277509150247810048E+02    0.277816063984253816E+02
    0.323129779613073572E-02    0.278027889035202698E+02    0.277796450504670034E+02
    0.325858485806387399E-02    0.277859705884998860E+02    0.277801261628302534E+02
    0.323962771311674851E-02    0.277976397658426535E+02    0.277797845137431878E+02
    0.315665108349896719E-02    0.278495332416730044E+02    0.277785790596587177E+02
    0.333223159105165570E-02    0.277412721515157408E+02    0.277831798223504549E+02
    0.321123956357007500E-02    0.278152425665733603E+02    0.277865223128114671E+02
    0.333248199395494958E-02    0.277411218657456367E+02    0.277827307427655441E+02
    0.333267101610312767E-02    0.277410084267005317E+02    0.277827903078867351E+02
    0.318355436735787492E-02    0.278325600091569711E+02    0.277869192620792305E+02
    0.324544780256510058E-02    0.277940499288411615E+02    0.277859668233104244E+02
    0.321709468135769746E-02    0.278115992467435618E+02    0.277864330847948722E+02
    0.333264175921427208E-02    0.277410259843995277E+02    0.277830728512442633E+02
    0.322009257929503807E-02    0.278097363845755439E+02    0.277794657761327031E+02
    0.329118518035645359E-02    0.277660611313335721E+02    0.277808341368516452E+02
    0.305417697699698681E-02    0.279155362968025784E+02    0.277884379147994451E+02
    0.310721462322082267E-02    0.278811031948469079E+02    0.277779876212679042E+02
    0.331423648785015039E-02    0.277521020521236501E+02    0.277815303579484763E+02
    0.318146469535754558E-02    0.278338732319799149E+02    0.277869477657652766E+02
    0.322586084957240992E-02    0.278061569160728652E+02    0.277795569500373105E+02
    0.333215503236004547E-02    0.277413181024462219E+02    0.277826572305521609E+02
    0.310958220105971451E-02    0.278795798521865166E+02    0.277780145242940293E+02
    0.317684589480861802E-02    0.278367789103332122E+02    0.277788422220779410E+02
    0.313191913228454523E-02    0.278652646896038831E+02    0.277782749331706142E+02
    0.329382407573651330E-02    0.277644581598456348E+02    0.277809018798001190E+02
    0.330382578665410322E-02    0.277583943530126760E+02    0.277846705686062379E+02
    0.332918835082982338E-02    0.277430995339417699E+02    0.277823079284372128E+02
    0.332520898296904868E-02    0.277454915572223229E+02    0.277820326735633856E+02
    0.329269470789042042E-02    0.277651440261700309E+02    0.277808726209570338E+02
    0.324034129187342895E-02    0.277971992830199639E+02    0.277797967326907909E+02
    0.333107282852748146E-02    0.277419677598583192E+02    0.277824956572794761E+02
    0.333026017276282296E-02    0.277424557437309396E+02    0.277824063335423546E+02
    0.332133200324984329E-02    0.277478247889992460E+02    0.277840235496791941E+02
    0.328593472094374037E-02    0.277692542983165822E+02    0.277851470085695169E+02
    0.332887045077659731E-02    0.277432905205719180E+02    0.277822816187016102E+02
    0.308040953727469011E-02    0.278984314959416224E+02    0.277776913168481840E+02
    0.327820631080409349E-02    0.277739637728225688E+02    0.277853243744257590E+02
    0.308631238524887698E-02    0.278946026547185681E+02    0.277777553263642432E+02
    0.331297636461195264E-02    0.277528626272139292E+02    0.277843686076058951E+02
    0.312299952904183942E-02    0.278709687505336667E+02    0.277781694610534124E+02
    0.325763436305629914E-02    0.277865540526112405E+02    0.277801080963231186E+02
    0.332838812425142972E-02    0.277435803254641726E+02    0.277836087186740919E+02
    0.323485512995494483E-02    0.278005883157990965E+02    0.277797039142264808E+02
    0.330829073589312701E-02    0.277556932814859074E+02    0.277813221068135618E+02
    0.327844517359679108E-02    0.277738180503949721E+02    0.277853190834095827E+02
    0.310681538479542618E-02    0.278813601864774121E+02    0.277779830970960617E+02
    0.328248210902596553E-02    0.277713568519913139E+02    0.277852278833513964E+02
    0.327944823352501651E-02    0.277732062320113648E+02    0.277805556088882177E+02
    0.327937999443876247E-02    0.277732478486440222E+02    0.277805540823984956E+02
    0.332039177591501910E-02    0.277483910440091606E+02    0.277840675499216410E+02
    0.309931925099735236E-02    0.278861916236816718E+02    0.277778988004597167E+02
    0.328798523817512046E-02    0.277680066303737796E+02    0.277850975933873343E+02
    0.327913059129417020E-02    0.277733999582679729E+02    0.277853038376080725E+02
    0.325325685205786648E-02    0.277892433997457005E+02    0.277858260715116501E+02
    0.309229817600748750E-02    0.278907274840329045E+02    0.277778209275137655E+02
    0.307017624062080798E-02    0.279050866708898653E+02    0.277882704674383731E+02
    0.321133450305400876E-02    0.278151834379542393E+02    0.277865208823819430E+02
    0.319316058587277652E-02    0.278265341943905007E+02    0.277867857728336602E+02
    0.312147826710869975E-02    0.278719432191844660E+02    0.277877006735369534E+02
    0.326955724580318356E-02    0.277792474517193533E+02    0.277803434413972994E+02
    0.330962352802668600E-02    0.277548877152011748E+02    0.277844859491718061E+02
    0.333154055301592257E-02    0.277416869544371281E+02    0.277825567205230683E+02
    0.326549532262375127E-02    0.277817336895330413E+02    0.277802610261846219E+02
    0.326698913705377510E-02    0.277808189904072904E+02    0.277802910474198761E+02
    0.333206231671836529E-02    0.277413737522768464E+02    0.277832125513023911E+02
    0.328254164855743729E-02    0.277713205751803400E+02    0.277806258369240808E+02
    0.311810882951975982E-02    0.278741032582154311E+02    0.277781124855893857E+02
    0.331644431469136454E-02    0.277507701666123126E+02    0.277816159800873521E+02
    0.310882598705359723E-02    0.278800662879346817E+02    0.277878464313949181E+02
    0.320567354118867030E-02    0.278187121624282270E+02    0.277866052750311248E+02
    0.323118377971050048E-02    0.278028594748133031E+02    0.277862091687794717E+02
    0.314925727718518445E-02    0.278542233254986655E+02    0.277784862090533835E+02
    0.333026412606187566E-02    0.277424533695640498E+02    0.277824067309402096E+02
    0.313114343103877354E-02    0.278657601029847299E+02    0.277782656779724846E+02
    0.312349554192034888E-02    0.278706511241694983E+02    0.277876770763672347E+02
    0.330959370617308355E-02    0.277549057365789515E+02    0.277844869537992096E+02
    0.321958564396899799E-02    0.278100512669715307E+02    0.277863944786491430E+02
    0.319463639786480820E-02    0.278256100497928855E+02    0.277867648898256299E+02
    0.332758338585613248E-02    0.277440639443606756E+02    0.277821845568272394E+02
    0.319657571459179904E-02    0.278243963102064775E+02    0.277791150600186505E+02
