    0.277459341856741162E+02   -0.178035660925794801E+02
    0.278194041441536299E+02   -0.176950209528078695E+02
    0.278148660252074080E+02   -0.168026069322900504E+02
    0.277523064241709072E+02   -0.165652389141786358E+02
    0.277544530263223450E+02   -0.162006460801667522E+02
    0.277552029084481866E+02   -0.160795241222627538E+02
    0.278103636998240837E+02   -0.160342214416946227E+02
    0.277573279349265967E+02   -0.157538464200078501E+02
    0.277575649097854651E+02   -0.157191368891644441E+02
    0.277589037242636927E+02   -0.155291054607149057E+02
    0.278067082492192057E+02   -0.154960775956360983E+02
    0.278064450243211354E+02   -0.154602912072229675E+02
    0.278063065776976543E+02   -0.154416287180148366E+02
    0.277597443622663178E+02   -0.154150512006847009E+02
    0.278059579472447922E+02   -0.153951216966027697E+02
    0.278057317910613193E+02   -0.153653262694215407E+02
    0.278057173315144937E+02   -0.153634312656845697E+02
    0.277603110377713556E+02   -0.153404591989946351E+02
    0.278054071070609865E+02   -0.153230641384041988E+02
    0.277606554679278759E+02   -0.152960235186962858E+02
    0.278046292282315548E+02   -0.152242775191184858E+02
    0.277613448928950461E+02   -0.152091279617865389E+02
    0.277616078002165452E+02   -0.151767105927753114E+02
    0.277616220729973691E+02   -0.151749620810663863E+02
    0.277617919158633697E+02   -0.151542450661304589E+02
    0.278036387385140777E+02   -0.151035247653882383E+02
    0.277626069261690489E+02   -0.150571391581140954E+02
    0.277631015669509686E+02   -0.150000662134669902E+02
    0.278024912643313300E+02   -0.149706849192731397E+02
    0.278024912643313300E+02   -0.149706849192731397E+02
    0.277635408567332576E+02   -0.149505590102776598E+02
    0.278014614808567551E+02   -0.148579141129836412E+02
    0.278014068540935533E+02   -0.148521022406566026E+02
    0.277647498348948147E+02   -0.148200367823359258E+02
    0.278006341335777556E+02   -0.147717281698956242E+02
    0.278006190420652040E+02   -0.147701926075704204E+02
    0.278004953783394271E+02   -0.147576591347642641E+02
    0.278004324436187744E+02   -0.147513143759134113E+02
    0.277654533776073720E+02   -0.147479491504319196E+02
    0.278002375068171403E+02   -0.147318063213608692E+02
    0.277656179417962221E+02   -0.147314978951011284E+02
    0.278001454439417870E+02   -0.147226691881346436E+02
    0.278001436291681756E+02   -0.147224895636386908E+02
    0.278001436291681756E+02   -0.147224895636386908E+02
    0.277998665334393635E+02   -0.146952850371253412E+02
    0.277994910367272219E+02   -0.146591240811428456E+02
    0.277992997846672907E+02   -0.146410177336513225E+02
    0.277667711458588862E+02   -0.146205815106518298E+02
    0.277990370393680486E+02   -0.146164857829524184E+02
    0.277990370393680486E+02   -0.146164857829524184E+02
    0.277671363733290875E+02   -0.145870475161110296E+02
    0.277986730309244976E+02   -0.145831548521607814E+02
    0.277672260104353867E+02   -0.145789345196849922E+02
    0.277675599545794931E+02   -0.145491160182533896E+02
    0.277675599545794931E+02   -0.145491160182533896E+02
    0.277978742678923538E+02   -0.145126845456852234E+02
    0.277978742678923538E+02   -0.145126845456852234E+02
    0.277679970489768913E+02   -0.145110556992352748E+02
    0.277977037018587616E+02   -0.144981116868295015E+02
    0.277976284702791077E+02   -0.144917371838241049E+02
    0.277682456562152034E+02   -0.144898980103049091E+02
    0.277974293410859445E+02   -0.144750216482618210E+02
    0.277971749961379260E+02   -0.144540026374624624E+02
    0.277971749961379260E+02   -0.144540026374624624E+02
    0.277687863222268660E+02   -0.144451112235517325E+02
    0.277687863222268660E+02   -0.144451112235517325E+02
    0.277687968617156287E+02   -0.144442548686219503E+02
    0.277691174861862180E+02   -0.144185086607789543E+02
    0.277692256142730542E+02   -0.144099592039940649E+02
    0.277692256142730542E+02   -0.144099592039940649E+02
    0.277962961212855646E+02   -0.143842352240182478E+02
    0.277962961212855646E+02   -0.143842352240182478E+02
    0.277962880786986020E+02   -0.143836172843538250E+02
    0.277696072578500832E+02   -0.143803207074561765E+02
    0.277697862945068223E+02   -0.143667052159597119E+02
    0.277697862945068223E+02   -0.143667052159597119E+02
    0.277698998875814063E+02   -0.143581621602696199E+02
    0.277698998875814063E+02   -0.143581621602696199E+02
    0.277959495215483798E+02   -0.143579420450525248E+02
    0.277701303885939375E+02   -0.143410547128236647E+02
    0.277956269137097962E+02   -0.143340894218166319E+02
    0.277956269137097962E+02   -0.143340894218166319E+02
    0.277953862104646170E+02   -0.143166822891900729E+02
    0.277705396743182362E+02   -0.143114307587431675E+02
    0.277705396743182362E+02   -0.143114307587431675E+02
    0.277951114979001943E+02   -0.142972226423683821E+02
    0.277951114979001943E+02   -0.142972226423683821E+02
    0.277950559472271479E+02   -0.142933403647186950E+02
    0.277707979520860171E+02   -0.142932322717373523E+02
    0.277950499682767997E+02   -0.142929235703587398E+02
    0.277708705418252855E+02   -0.142881865645517614E+02
    0.277708705418252855E+02   -0.142881865645517614E+02
    0.277949616240431538E+02   -0.142867890189363518E+02
    0.277948376778057415E+02   -0.142782579218899155E+02
    0.277948376778057415E+02   -0.142782579218899155E+02
    0.277948102080842219E+02   -0.142763791630353136E+02
    0.277948102080842219E+02   -0.142763791630353136E+02
    0.277947891065160206E+02   -0.142749388923189766E+02
    0.277946721598052804E+02   -0.142670031901850702E+02
    0.277946721598052804E+02   -0.142670031901850702E+02
    0.277712542657245258E+02   -0.142620172188035070E+02
    0.277712542657245258E+02   -0.142620172188035070E+02
    0.277713163082617953E+02   -0.142578655097247662E+02
    0.277713279399109467E+02   -0.142570896161204832E+02
    0.277944534520127498E+02   -0.142523732413681294E+02
    0.277944408866943427E+02   -0.142515410662005824E+02
    0.277714821564658791E+02   -0.142468760546690429E+02
    0.277715136531871565E+02   -0.142448068802613346E+02
    0.277942264128773431E+02   -0.142374768644115104E+02
    0.277942264128773431E+02   -0.142374768644115104E+02
    0.277717916889292837E+02   -0.142267887052097670E+02
    0.277717916889292837E+02   -0.142267887052097670E+02
    0.277939627966746770E+02   -0.142205523776129699E+02
    0.277719449112235282E+02   -0.142170490207833708E+02
    0.277938055061314131E+02   -0.142106444171592088E+02
    0.277722246523665888E+02   -0.141996151953813694E+02
    0.277723927818491028E+02   -0.141893535813828144E+02
    0.277933822452948576E+02   -0.141846888692806807E+02
    0.277933822452948576E+02   -0.141846888692806807E+02
    0.277724957665978707E+02   -0.141831482610097463E+02
    0.277725029419220775E+02   -0.141827181855262960E+02
    0.277725568913208924E+02   -0.141794940378611241E+02
    0.277726033869025954E+02   -0.141767287718465571E+02
    0.277931439080666891E+02   -0.141705265767055408E+02
    0.277931439080666891E+02   -0.141705265767055408E+02
    0.277929655014283128E+02   -0.141601391323371573E+02
    0.277929572239514933E+02   -0.141596616308090049E+02
    0.277729098326391579E+02   -0.141588141675570807E+02
    0.277929081128968427E+02   -0.141568366697345382E+02
    0.277733393239437660E+02   -0.141346148870451422E+02
    0.277924550183852475E+02   -0.141314278343289441E+02
    0.277923149736713277E+02   -0.141238130953105401E+02
    0.277736033526745771E+02   -0.141202647361426656E+02
    0.277921919505753650E+02   -0.141172169032459180E+02
    0.277921337575401637E+02   -0.141141270478289567E+02
    0.277919904075109656E+02   -0.141065986809415413E+02
    0.277739645879735235E+02   -0.141012805331434343E+02
    0.277740861215638546E+02   -0.140950621481825635E+02
    0.277741282192748535E+02   -0.140929279767760569E+02
    0.277742779483228546E+02   -0.140854199169841863E+02
    0.277912506141182511E+02   -0.140696245346549649E+02
    0.277912506141182511E+02   -0.140696245346549649E+02
    0.277912500182770970E+02   -0.140695960230784358E+02
    0.277747647112670180E+02   -0.140619020205380565E+02
    0.277748582256873178E+02   -0.140575398499220121E+02
    0.277749377329352214E+02   -0.140538706116496961E+02
    0.277749377329352214E+02   -0.140538706116496961E+02
    0.277749839815322694E+02   -0.140517529678410806E+02
    0.277907496310652959E+02   -0.140463725375967510E+02
    0.277753444971634167E+02   -0.140356670672463650E+02
    0.277754605962122092E+02   -0.140306458705342081E+02
    0.277754686119712630E+02   -0.140303020544682830E+02
    0.277903259060710397E+02   -0.140278324845303430E+02
    0.277903059641808703E+02   -0.140269853586263178E+02
    0.277901732316222549E+02   -0.140214051626110763E+02
    0.277901694323579278E+02   -0.140212469290465318E+02
    0.277900183353226637E+02   -0.140150212374922276E+02
    0.277759681993948355E+02   -0.140096023751842473E+02
    0.277898283051584301E+02   -0.140073776941096160E+02
    0.277760659681762974E+02   -0.140057193306782697E+02
    0.277897186237175440E+02   -0.140030604844872109E+02
    0.277896554050500058E+02   -0.140006035291601876E+02
    0.277762314598523261E+02   -0.139992717851199551E+02
    0.277896164416875529E+02   -0.139991006849389805E+02
    0.277896103539440453E+02   -0.139988666646862274E+02
    0.277762617327409345E+02   -0.139981093889435240E+02
    0.277895768510981824E+02   -0.139975825869779911E+02
    0.277895601576769131E+02   -0.139969451796303606E+02
    0.277894445230759430E+02   -0.139925738673118438E+02
    0.277764180586074900E+02   -0.139921907448115892E+02
    0.277893601483836576E+02   -0.139894327719193097E+02
    0.277766686230288009E+02   -0.139829971744790456E+02
    0.277767554999015829E+02   -0.139798937970336112E+02
    0.277890876090425749E+02   -0.139795662807362007E+02
    0.277770582409960696E+02   -0.139694184377115747E+02
    0.277771814382102633E+02   -0.139653064269766478E+02
    0.277886182603096543E+02   -0.139635756985717254E+02
    0.277772761530694865E+02   -0.139622044077244247E+02
    0.277773148021222198E+02   -0.139609534222261562E+02
    0.277885368778598618E+02   -0.139609318433976366E+02
    0.277884839912708657E+02   -0.139592341374717783E+02
    0.277817658789795736E+02   -0.138743206884030386E+02
    0.277855332423309491E+02   -0.138899867191486841E+02
    0.277830735830085729E+02   -0.138705136107368681E+02
    0.277799152322315486E+02   -0.138965082589640723E+02
    0.277792171253032976E+02   -0.139099920478653818E+02
    0.277859492596430186E+02   -0.138967188550538658E+02
    0.277856842610841284E+02   -0.138923155308920769E+02
    0.277863320028931433E+02   -0.139037912483092949E+02
    0.277814534184616662E+02   -0.138766853869580711E+02
    0.277807941391340343E+02   -0.138835161759796648E+02
    0.277789663381769287E+02   -0.139155199299309817E+02
    0.277867055780133576E+02   -0.139115063207916663E+02
    0.277808691191582930E+02   -0.138826133862374821E+02
    0.277820431606457774E+02   -0.138726922304228957E+02
    0.277845655326013556E+02   -0.138781756302813903E+02
    0.277824276108802231E+02   -0.138711655903881859E+02
    0.277848016847061317E+02   -0.138805613650231141E+02
    0.277846583471945650E+02   -0.138790750546974966E+02
    0.277844293391801891E+02   -0.138769454865986273E+02
    0.277842522871724817E+02   -0.138755057015621883E+02
    0.277816063984253816E+02   -0.138754575123905024E+02
    0.277796450504670034E+02   -0.139013944517601349E+02
    0.277801261628302534E+02   -0.138929852942499430E+02
    0.277797845137431878E+02   -0.138988198829213268E+02
    0.277785790596587177E+02   -0.139247666208365022E+02
    0.277831798223504549E+02   -0.138706360757578704E+02
    0.277865223128114671E+02   -0.139076212832866801E+02
    0.277827903078867351E+02   -0.138705042133502658E+02
    0.277869192620792305E+02   -0.139162800045784856E+02
    0.277859668233104244E+02   -0.138970249644205808E+02
    0.277864330847948722E+02   -0.139057996233717809E+02
    0.277830728512442633E+02   -0.138705129921997639E+02
    0.277794657761327031E+02   -0.139048681922877719E+02
    0.277808341368516452E+02   -0.138830305656667861E+02
    0.277779876212679042E+02   -0.139405515974234540E+02
    0.277815303579484763E+02   -0.138760510260618251E+02
    0.277869477657652766E+02   -0.139169366159899575E+02
    0.277795569500373105E+02   -0.139030784580364326E+02
    0.277826572305521609E+02   -0.138706590512231109E+02
    0.277780145242940293E+02   -0.139397899260932583E+02
    0.277788422220779410E+02   -0.139183894551666061E+02
    0.277782749331706142E+02   -0.139326323448019416E+02
    0.277809018798001190E+02   -0.138822290799228174E+02
    0.277846705686062379E+02   -0.138791971765063380E+02
    0.277823079284372128E+02   -0.138715497669708849E+02
    0.277820326735633856E+02   -0.138727457786111614E+02
    0.277808726209570338E+02   -0.138825720130850154E+02
    0.277824956572794761E+02   -0.138709838799291596E+02
    0.277824063335423546E+02   -0.138712278718654698E+02
    0.277840235496791941E+02   -0.138739123944996230E+02
    0.277851470085695169E+02   -0.138846271491582911E+02
    0.277822816187016102E+02   -0.138716452602859590E+02
    0.277776913168481840E+02   -0.139492157479708112E+02
    0.277853243744257590E+02   -0.138869818864112844E+02
    0.277777553263642432E+02   -0.139473013273592841E+02
    0.277843686076058951E+02   -0.138764313136069646E+02
    0.277781694610534124E+02   -0.139354843752668334E+02
    0.277801080963231186E+02   -0.138932770263056202E+02
    0.277836087186740919E+02   -0.138717901627320863E+02
    0.277797039142264808E+02   -0.139002941578995483E+02
    0.277813221068135618E+02   -0.138778466407429537E+02
    0.277853190834095827E+02   -0.138869090251974860E+02
    0.277779830970960617E+02   -0.139406800932387060E+02
    0.277852278833513964E+02   -0.138856784259956569E+02
    0.277805556088882177E+02   -0.138866031160056824E+02
    0.277805540823984956E+02   -0.138866239243220111E+02
    0.277840675499216410E+02   -0.138741955220045803E+02
    0.277850975933873343E+02   -0.138840033151868898E+02
    0.277853038376080725E+02   -0.138866999791339865E+02
    0.277778209275137655E+02   -0.139453637420164522E+02
    0.277882704674383731E+02   -0.139525433354449326E+02
    0.277865208823819430E+02   -0.139075917189771197E+02
    0.277867857728336602E+02   -0.139132670971952503E+02
    0.277877006735369534E+02   -0.139359716095922330E+02
    0.277803434413972994E+02   -0.138896237258596766E+02
    0.277825567205230683E+02   -0.138708434772185640E+02
    0.277802610261846219E+02   -0.138908668447665207E+02
    0.277802910474198761E+02   -0.138904094952036452E+02
    0.277832125513023911E+02   -0.138706868761384232E+02
    0.277806258369240808E+02   -0.138856602875901700E+02
    0.277781124855893857E+02   -0.139370516291077156E+02
    0.277816159800873521E+02   -0.138753850833061563E+02
    0.277878464313949181E+02   -0.139400331439673408E+02
    0.277824067309402096E+02   -0.138712266847820249E+02
    0.277876770763672347E+02   -0.139353255620847492E+02
    0.277844869537992096E+02   -0.138774528682894758E+02
    0.277863944786491430E+02   -0.139050256334857654E+02
    0.277867648898256299E+02   -0.139128050248964428E+02
    0.277821845568272394E+02   -0.138720319721803378E+02
    0.277791150600186505E+02   -0.139121981551032388E+02
