    0.891139338431255671E-98    0.543399509498485600E+03    0.291321838982422605E+02
    0.568498110728287533E-95    0.530463004559798378E+03    0.294009350224030506E+02
    0.720005476687957611E-94    0.525365312716681615E+03    0.294001513973627375E+02
    0.138373545901005725E-92    0.519433576216530355E+03    0.293992336920529667E+02
    0.247738831400262216E-91    0.513643569611553971E+03    0.291367554738721601E+02
    0.683299297740715207E-91    0.511594453847622674E+03    0.291370761865659276E+02
    0.217963100069424574E-88    0.500044157672286644E+03    0.293961882684170774E+02
    0.924163307859487570E-88    0.497135031645472225E+03    0.293957251006266631E+02
    0.147706694478572294E-86    0.491572011839064942E+03    0.293948347084189265E+02
    0.387364352039624833E-82    0.471203056665297424E+03    0.293915199831785543E+02
    0.994160706012473939E-81    0.464692820196506318E+03    0.291446454846234815E+02
    0.157423807622354118E-78    0.454543224217681370E+03    0.293887414803968703E+02
    0.443175351814060196E-78    0.452453176338359413E+03    0.293883883953094482E+02
    0.385286403801412891E-77    0.448107963264459386E+03    0.291474361689233348E+02
    0.284196346107430150E-75    0.439486266102261368E+03    0.291489128477435742E+02
    0.119863706768002195E-74    0.436587715993173617E+03    0.291494134421341897E+02
    0.145388414884375610E-74    0.436181608865152270E+03    0.291494837484362677E+02
    0.333466474614675821E-73    0.429896171779097017E+03    0.291505772878461968E+02
    0.805262273229013258E-73    0.428112920388698171E+03    0.293841977732211284E+02
    0.945079083792680643E-73    0.427772719226825529E+03    0.291509490435555456E+02
    0.730165065191508536E-72    0.423663545011362885E+03    0.293834153481515727E+02
    0.216709086793427307E-67    0.403047123651470486E+03    0.293797187330984961E+02
    0.310480843891550025E-66    0.397702820735841101E+03    0.291563467567830656E+02
    0.738584182335812478E-66    0.395949594973097533E+03    0.291566695775223899E+02
    0.284848309688815518E-64    0.388624811190284959E+03    0.293770585984421970E+02
    0.721376331798899931E-62    0.377536062483598357E+03    0.293749685415551909E+02
    0.157802834471358745E-60    0.371345351288711299E+03    0.293737838045873687E+02
    0.312441082386014808E-60    0.369959212199997978E+03    0.293735167197447602E+02
    0.312009701628936781E-60    0.369941975465489804E+03    0.293735133942890272E+02
    0.347600887984124302E-60    0.369705934134065330E+03    0.291616193328941335E+02
    0.162677003754589769E-58    0.361994170332419571E+03    0.291631184222525945E+02
    0.182447776174379054E-58    0.361744775709848909E+03    0.293719199161409001E+02
    0.658441222073135553E-58    0.359157953144354678E+03    0.291636751960251281E+02
    0.531547476147783057E-57    0.354960948434858778E+03    0.293705825536608032E+02
    0.104417652202289545E-55    0.348985395613024252E+03    0.293693899880556692E+02
    0.920030354915683324E-53    0.335403039400209650E+03    0.293666259234208660E+02
    0.191873923895051854E-52    0.333913005522243850E+03    0.293663179874420166E+02
    0.392479501726865312E-52    0.332461713920248258E+03    0.293660171323773866E+02
    0.210418547957087974E-51    0.329083315090842859E+03    0.291697739785540193E+02
    0.278679238195827185E-50    0.323896219297106200E+03    0.293642224246958179E+02
    0.255901528645095794E-49    0.319441586550699469E+03    0.293632757579470614E+02
    0.173027644308610824E-48    0.315599099047366849E+03    0.293624515948565552E+02
    0.590171488496142753E-48    0.313125175491944276E+03    0.293619171621229853E+02
    0.244197942203800894E-45    0.301054532970335117E+03    0.293592649332333764E+02
    0.271292685285376227E-42    0.287008584167122422E+03    0.291790084612931579E+02
    0.358566859029509316E-42    0.286430750403791535E+03    0.291791419978185615E+02
    0.981869305882882433E-42    0.284396064262755488E+03    0.291796138250566415E+02
    0.114932829547916238E-41    0.284061114762641182E+03    0.293553954375551172E+02
    0.471458529023317615E-41    0.281218148210710467E+03    0.291803558662787097E+02
    0.111994473468411977E-40    0.279467741258217927E+03    0.293543198824835514E+02
    0.598331993704249251E-40    0.276096348763674428E+03    0.293535218973223238E+02
    0.278809872649737867E-39    0.272998409945350772E+03    0.291823051268429978E+02
    0.344924220286520474E-39    0.272552820641198934E+03    0.291824120709384260E+02
    0.462883387195956004E-39    0.271944519806609776E+03    0.291825582840352240E+02
    0.242283062673701938E-38    0.268614086492166393E+03    0.291833632987667038E+02
    0.882533804670055621E-38    0.266008705751035052E+03    0.291839984650736533E+02
    0.121167141996471221E-37    0.265354787889865349E+03    0.293509285342007828E+02
    0.453402128038494956E-37    0.262695570889195380E+03    0.293502739594824682E+02
    0.471247132997292324E-37    0.262598364442508171E+03    0.293502499336582900E+02
    0.653077930832418172E-37    0.261925736822482520E+03    0.291850036841359923E+02
    0.220461872821238702E-36    0.259472510031235799E+03    0.291856135950438542E+02
    0.280030979175558574E-36    0.258974159092433183E+03    0.293493491289565469E+02
    0.229803981094421703E-35    0.254744336001498141E+03    0.293482850881949062E+02
    0.367222621067396830E-35    0.253786852858242895E+03    0.291870449029874166E+02
    0.284269715404040403E-34    0.249673772215167901E+03    0.293469907745201013E+02
    0.345782869059084775E-34    0.249261997130388096E+03    0.291882024398771520E+02
    0.173605835244516846E-33    0.246014874178750517E+03    0.293460435484297264E+02
    0.197183210148783304E-33    0.245740182413771606E+03    0.291891152038443344E+02
    0.799447786739611359E-33    0.242920606562894960E+03    0.293452334828485704E+02
    0.156008392204195025E-32    0.241563459218437828E+03    0.291902116669578646E+02
    0.242579977807103022E-31    0.236055445713628757E+03    0.291916818428876823E+02
    0.568821817005758442E-31    0.234330974168512284E+03    0.291921480241185414E+02
    0.110264705451528927E-30    0.232987170674003124E+03    0.293425738713533093E+02
    0.165317839570162066E-30    0.232157198607651623E+03    0.291927398061605885E+02
    0.382482209333679180E-30    0.230459574169150329E+03    0.291932052383265876E+02
    0.176254343216433455E-29    0.227383912096937166E+03    0.291940559905012265E+02
    0.602305450996352927E-29    0.224906238843820546E+03    0.291947485648807579E+02
    0.107209725637517930E-28    0.223733024140947890E+03    0.291950788182046246E+02
    0.144732455235070217E-27    0.218507654088964216E+03    0.291965683919177366E+02
    0.915850454973939681E-27    0.214797721707296176E+03    0.291976452330921425E+02
    0.102039337575923779E-26    0.214561540903586604E+03    0.293373728286776476E+02
    0.288882133605878114E-25    0.207855049995031834E+03    0.291997063159942627E+02
    0.552917861932624963E-25    0.206536668603041818E+03    0.293349823551967681E+02
    0.893642653075796613E-25    0.205556475563791878E+03    0.292004026377882688E+02
    0.212956566013671637E-24    0.203799740875525572E+03    0.292009397244253535E+02
    0.220874660134115874E-24    0.203706726550672357E+03    0.293341188951186638E+02
    0.535127716544293366E-24    0.201916906452661664E+03    0.293335669634644134E+02
    0.167725204992315139E-23    0.199612093237229260E+03    0.292022378262652182E+02
    0.199361855476938780E-23    0.199246504063064805E+03    0.293327347979265483E+02
    0.205247378935380189E-23    0.199168315192225151E+03    0.292023769054493982E+02
    0.457558468018807861E-21    0.188334597425539016E+03    0.292058693808689078E+02
    0.133618413978555207E-20    0.186171260428975785E+03    0.293284964351530313E+02
    0.136670906242832451E-20    0.186106084806871110E+03    0.293284745699141070E+02
    0.143347655142392265E-19    0.181385520735307352E+03    0.293268694809278614E+02
    0.185807427250850883E-19    0.180846644804518775E+03    0.293266834817712905E+02
    0.260883856293390932E-19    0.180147915778082165E+03    0.292086457446866277E+02
    0.909234708682026671E-19    0.177630859872121306E+03    0.293255611214578025E+02
    0.310018043681455094E-18    0.175157635216152414E+03    0.292104042468230709E+02
    0.502926191711196875E-18    0.174170009372226588E+03    0.292107587266855653E+02
    0.339849754933452605E-17    0.170328718787202490E+03    0.293229281616635475E+02
    0.393302038312554972E-17    0.170016570308554861E+03    0.292122743639258218E+02
    0.434981157051939048E-17    0.169795120606526098E+03    0.292123563422546368E+02
    0.553420178284727957E-17    0.169293490974433752E+03    0.292125424920896464E+02
    0.440402385176449801E-16    0.165125178205063293E+03    0.292141143916402797E+02
    0.150137361134875111E-15    0.162652284428685846E+03    0.292150691860428040E+02
    0.735187898004545579E-15    0.159455133440436498E+03    0.292163299964805319E+02
    0.878598942408378373E-14    0.154473558418984226E+03    0.293167283055995505E+02
    0.107228003161359397E-13    0.154055130412542866E+03    0.293165540664926283E+02
    0.201547951481055988E-13    0.152772990637257806E+03    0.292190709112617100E+02
    0.242595849938769701E-13    0.152382251509104037E+03    0.293158511784511759E+02
    0.962926129795662831E-13    0.149605091887750376E+03    0.293146611617420874E+02
    0.100163674957369717E-12    0.149506263907548600E+03    0.293146182595084639E+02
    0.191398662287855267E-12    0.148191158122837095E+03    0.292210435867309570E+02
    0.375852169168249911E-12    0.146821483304695164E+03    0.292216497499427241E+02
    0.493972282977384722E-12    0.146254916286081368E+03    0.292219028435657187E+02
    0.571286316776341785E-12    0.145944094073816188E+03    0.293130448872811016E+02
    0.723298469946246632E-12    0.145452231185694956E+03    0.292222638363516580E+02
    0.854492453361074873E-12    0.145098859760895294E+03    0.292224236742360581E+02
    0.108026851259618857E-11    0.144609945278660632E+03    0.292226457595825195E+02
    0.129602226612104095E-11    0.144225764987815438E+03    0.292228210440586622E+02
    0.435010444816255434E-11    0.141783964832909959E+03    0.293111355749465687E+02
    0.449518097257613866E-11    0.141698352688727425E+03    0.293110954038210210E+02
    0.447820674112827861E-11    0.141685919174088525E+03    0.292239976109439752E+02
    0.706333389624658778E-11    0.140754530218063906E+03    0.292244371175100213E+02
    0.749591945236202223E-11    0.140615646945753468E+03    0.292245030386638547E+02
    0.131898026604095843E-10    0.139465476534050310E+03    0.292250528991984027E+02
    0.141813333041330923E-10    0.139300511457131336E+03    0.292251323484072572E+02
    0.178876641535259346E-10    0.138816141901004329E+03    0.293097206860342752E+02
    0.477365932461319073E-10    0.136832968029100300E+03    0.292263390268925178E+02
    0.655516119662350003E-10    0.136178688942064724E+03    0.292266649565774870E+02
    0.719915778499074394E-10    0.135971266268943964E+03    0.293083183493527244E+02
    0.724261315401670587E-10    0.135939230210385745E+03    0.292267848946404385E+02
    0.267021558090988427E-09    0.133309705750569123E+03    0.293069612293419866E+02
    0.294402383675865211E-09    0.133094469577584277E+03    0.292282377442102117E+02
    0.502217437068654219E-09    0.132006298209710309E+03    0.293062792867428179E+02
    0.868110107599190564E-09    0.130891727427302129E+03    0.292294007034343508E+02
    0.106723248107786155E-08    0.130458716323696734E+03    0.292296335114997987E+02
    0.176483581427668385E-08    0.129432738660742785E+03    0.293048962583977257E+02
    0.180812853009311025E-08    0.129364269288521086E+03    0.293048587630089123E+02
    0.194369838734754226E-08    0.129199668899794545E+03    0.292303187080477187E+02
    0.372807490041098576E-08    0.127877070010847120E+03    0.292310523442938717E+02
    0.490771865170211071E-08    0.127307235585161095E+03    0.292313730137088506E+02
    0.871908255556477737E-08    0.126137825944978132E+03    0.293030470190686962E+02
    0.429110397352923563E-07    0.122930595728082821E+03    0.293011493995565502E+02
    0.448170004200700523E-07    0.122823678904511468E+03    0.293010842910536589E+02
    0.667686654702415469E-07    0.122006386205307166E+03    0.292345048272940033E+02
    0.933333681620287646E-07    0.121316498611382741E+03    0.293001526425600645E+02
    0.167529539532017252E-06    0.120126534604451351E+03    0.292993978346904598E+02
    0.220912923218907089E-06    0.119553316764133541E+03    0.292990277786557911E+02
    0.228515893021582335E-06    0.119465642463473117E+03    0.292361163836262250E+02
    0.264952738526131530E-06    0.119149751056921247E+03    0.292363225624803675E+02
    0.271861805774484877E-06    0.119078266246352769E+03    0.292363694090368469E+02
    0.289670211729634972E-06    0.118931367836824862E+03    0.292986212791173379E+02
    0.317060975364890410E-06    0.118730665773336199E+03    0.292365982149047028E+02
    0.365666621612704925E-06    0.118425409889920786E+03    0.292982866255654031E+02
    0.641573219860415509E-06    0.117281007354589818E+03    0.292375712698427606E+02
    0.729150300161437244E-06    0.117005094219076341E+03    0.292377600720982542E+02
    0.850654635874809952E-06    0.116676841560881741E+03    0.292379862601441474E+02
    0.928819207654693163E-06    0.116481025766222160E+03    0.292381220183793289E+02
    0.121715525514545818E-05    0.115920310672976996E+03    0.292965729062343030E+02
    0.191933618835783920E-05    0.114989384646691420E+03    0.292959096932108487E+02
    0.203284680028972824E-05    0.114854469078082900E+03    0.292392748922082788E+02
    0.298249241362605998E-05    0.114067824766034718E+03    0.292952375135514202E+02
    0.298928700550103110E-05    0.114043273630213974E+03    0.292398677947423877E+02
    0.332654951079658162E-05    0.113809472261070397E+03    0.292400410528728258E+02
    0.333230311519650976E-05    0.113786016046521155E+03    0.292950286822554986E+02
    0.363625668621990545E-05    0.113591433889562751E+03    0.292948835583358402E+02
    0.362892911108574126E-05    0.113575468240685083E+03    0.292948716165704326E+02
    0.366369620926102154E-05    0.113536398366640043E+03    0.292948423715928783E+02
    0.389762961743763644E-05    0.113392606272838734E+03    0.292403527096294695E+02
    0.494806605645361474E-05    0.112895349819603339E+03    0.292407292048500409E+02
    0.566259893662624212E-05    0.112605577502933031E+03    0.292409510625804607E+02
    0.823284472646710311E-05    0.111837080212267139E+03    0.292415486135137925E+02
    0.849662529752555161E-05    0.111754005307067942E+03    0.292416140337945407E+02
    0.855857308882991303E-05    0.111719476466693209E+03    0.292934459042372097E+02
    0.887303335827747920E-05    0.111627309994004790E+03    0.292417141235499116E+02
    0.102373459385545006E-04    0.111321258628091996E+03    0.292931296571185698E+02
    0.155906011309120410E-04    0.110460006946597218E+03    0.292924319489646763E+02
    0.182194842721369275E-04    0.110128360257068863E+03    0.292921580053180897E+02
    0.197533391296126286E-04    0.109946698334929323E+03    0.292430805272904166E+02
    0.253774575099403205E-04    0.109425620868040014E+03    0.292435199625505291E+02
    0.267621254623323319E-04    0.109299368110851006E+03    0.292436276492088894E+02
    0.344588524018004310E-04    0.108773811572313932E+03    0.292440812304812887E+02
    0.718360313995879888E-04    0.107284571068234996E+03    0.292896702128535651E+02
    0.814209694072384185E-04    0.107014077730232984E+03    0.292456683272035214E+02
    0.892185696952051664E-04    0.106811165032031923E+03    0.292892283762707564E+02
    0.980427848018789816E-04    0.106602535502732934E+03    0.292890307753348864E+02
    0.107106132223482503E-03    0.106405702963143369E+03    0.292462445104308522E+02
    0.111000597004522493E-03    0.106314272269315822E+03    0.292463324559827704E+02
    0.201184707966127160E-03    0.105104896566364545E+03    0.292875551107045808E+02
    0.232231885474998669E-03    0.104797870671049452E+03    0.292872389379325071E+02
    0.253275570431405958E-03    0.104604387214432350E+03    0.292870370562972440E+02
    0.284011574647971598E-03    0.104355313442482938E+03    0.292867740514848904E+02
    0.282058772842865349E-03    0.104349112501631282E+03    0.292867674578112656E+02
    0.293959509944866331E-03    0.104246459355593274E+03    0.292484292049030365E+02
    0.368168599221521187E-03    0.103776261462132368E+03    0.292489389289599799E+02
    0.373394747456492462E-03    0.103728071100334517E+03    0.292860952160309438E+02
    0.459109961114374527E-03    0.103294763932615808E+03    0.292494757991244896E+02
    0.467132879032085822E-03    0.103240115919274402E+03    0.292855494344270575E+02
    0.519862742480672055E-03    0.103006213788820176E+03    0.292852818599203744E+02
    0.514834204281947082E-03    0.103005653597951962E+03    0.292498059633613963E+02
    0.515884889467488252E-03    0.102981576112414558E+03    0.292498337375212358E+02
    0.663482788615983457E-03    0.102458337602463018E+03    0.292846387257535348E+02
    0.667733997582322194E-03    0.102425563654711780E+03    0.292845994847559723E+02
    0.712350451358920449E-03    0.102276203434184524E+03    0.292506676806669148E+02
    0.776916519229752618E-03    0.102082677619276154E+03    0.292509037858892391E+02
    0.902338851747985326E-03    0.101763363195462276E+03    0.292513008570780997E+02
    0.903387080595319551E-03    0.101741041184250491E+03    0.292837581992164999E+02
    0.972322917739671766E-03    0.101573967490380994E+03    0.292835461504336010E+02
    0.970003448432190133E-03    0.101558744175598122E+03    0.292835266892608139E+02
    0.982543300919315942E-03    0.101513054598840256E+03    0.292516190397624598E+02
    0.104291157110478574E-02    0.101373800092370644E+03    0.292832883393962256E+02
    0.104500000492945976E-02    0.101349799090517621E+03    0.292832571426582646E+02
    0.104884925292401455E-02    0.101322445643622842E+03    0.292832215126907620E+02
    0.105273357820205257E-02    0.101295052492815401E+03    0.292519014279303562E+02
    0.106398919972968222E-02    0.101253782390309652E+03    0.292831317147273680E+02
    0.114846784523782745E-02    0.101080975379636996E+03    0.292521837833481513E+02
    0.113973295223162977E-02    0.101076244905712286E+03    0.292521900812097506E+02
    0.120684677262283694E-02    0.100941810900563055E+03    0.292523701510229159E+02
    0.138190715235843851E-02    0.100650903791672903E+03    0.292527673214548791E+02
    0.137221390706099029E-02    0.100644982018610065E+03    0.292527755172786215E+02
    0.136695012130515453E-02    0.100632668732046398E+03    0.292822946039686940E+02
    0.135620483064521338E-02    0.100628452404468277E+03    0.292822887589807834E+02
    0.145162066730296509E-02    0.100472471603070815E+03    0.292530163035131245E+02
    0.144779072087483163E-02    0.100457755363314504E+03    0.292820501484729618E+02
    0.148991196251163876E-02    0.100380398805487360E+03    0.292531464648400288E+02
    0.148685866417281459E-02    0.100364501640125980E+03    0.292531690576355459E+02
    0.147902842823147184E-02    0.100355062061193991E+03    0.292531824898316302E+02
    0.150847223042888568E-02    0.100295638129353009E+03    0.292532673382379329E+02
    0.151351006745837702E-02    0.100268969868324589E+03    0.292533055808669715E+02
    0.161160655397442169E-02    0.100123369788631805E+03    0.292535162116449250E+02
    0.167898068058661815E-02    0.100021459127726985E+03    0.292536655413159181E+02
    0.173452203461098883E-02    0.999363690886415981E+02    0.292537914658303251E+02
    0.181211272312101429E-02    0.998288460409579130E+02    0.292811349201871991E+02
    0.185044419866547353E-02    0.997669814354739231E+02    0.292540456387079075E+02
    0.199620675023042069E-02    0.995953353611759979E+02    0.292543081786897616E+02
    0.198630131562872649E-02    0.995852843228494891E+02    0.292807634638272809E+02
    0.209988749430466441E-02    0.994540653324783364E+02    0.292805589480244386E+02
    0.211872077601290253E-02    0.994162078727470515E+02    0.292545878336595990E+02
    0.246652935152479394E-02    0.990922087874021003E+02    0.292799775475112121E+02
    0.248866416046575637E-02    0.990543407012292647E+02    0.292551720525074828E+02
    0.255053637034621025E-02    0.989852255140576460E+02    0.292552868027959434E+02
    0.253522203857833688E-02    0.989772704260051057E+02    0.292553000794548268E+02
    0.268465898487268767E-02    0.988427254459885489E+02    0.292795603272103158E+02
    0.273141814336158584E-02    0.987881909892781209E+02    0.292794671829845470E+02
    0.277048413740496819E-02    0.987397887032380055E+02    0.292557032789299072E+02
    0.279490537160091354E-02    0.987022363713467286E+02    0.292793188777566513E+02
    0.279508498529944987E-02    0.986821078461170771E+02    0.292792838774837314E+02
    0.279568247738324737E-02    0.986616803612752875E+02    0.292792482503644962E+02
    0.277295701858212926E-02    0.986580043376992819E+02    0.292558453500267461E+02
    0.276636862808065861E-02    0.986427618797023484E+02    0.292558720195337472E+02
    0.280027227832486654E-02    0.985983995613609068E+02    0.292559499887452290E+02
    0.289091234046395546E-02    0.985146885886915555E+02    0.292789886155027368E+02
    0.324766527509452643E-02    0.982619601482028742E+02    0.292565592992236674E+02
    0.326692670840706377E-02    0.982301334738764353E+02    0.292784684792230436E+02
    0.323575318357977211E-02    0.982293094223518182E+02    0.292566202406219844E+02
    0.327955831764875552E-02    0.981824153626350267E+02    0.292783788112759709E+02
    0.326091466238891473E-02    0.981738174161639421E+02    0.292567246018947955E+02
    0.324274952753256848E-02    0.981649896917075040E+02    0.292567412967445328E+02
    0.362892092682223777E-02    0.979199621932926760E+02    0.292778717244039299E+02
    0.362463859341319306E-02    0.979023237008502321E+02    0.292778367491695484E+02
    0.361601122421181462E-02    0.978870897776535429E+02    0.292778064460103700E+02
    0.376348418604783826E-02    0.977871425236722445E+02    0.292574818089594650E+02
    0.373795427148399494E-02    0.977807559197042053E+02    0.292574947945182657E+02
    0.375429341473110549E-02    0.977520326794515881E+02    0.292575534046880712E+02
    0.378813734943476066E-02    0.977140840032715943E+02    0.292774558067321777E+02
    0.378035862978980510E-02    0.976981951093118255E+02    0.292774229799973398E+02
    0.376853209058187729E-02    0.976844617512976754E+02    0.292576926590994546E+02
    0.373605005651592029E-02    0.976817750333817969E+02    0.292773889408299510E+02
    0.371782145445719633E-02    0.976715571383570023E+02    0.292773676993844489E+02
    0.369525661271469415E-02    0.976637328695335611E+02    0.292773514028217576E+02
    0.368815362542845382E-02    0.976475809501620944E+02    0.292773176753005657E+02
    0.372489303183400717E-02    0.976077566005194797E+02    0.292772340148332297E+02
    0.371967841711274292E-02    0.975905584357143567E+02    0.292578895157249335E+02
    0.371662463529826665E-02    0.975722010702141205E+02    0.292771587069852046E+02
    0.385125011061653510E-02    0.974810372714835864E+02    0.292581243092628114E+02
    0.381647597196449776E-02    0.974791779179725637E+02    0.292581283459256980E+02
    0.379629727031625995E-02    0.974697804924951186E+02    0.292581487743042032E+02
    0.380532182632371688E-02    0.974450317356145064E+02    0.292768843900176350E+02
    0.381990372223070355E-02    0.974173824333928593E+02    0.292582635029940690E+02
    0.381298035333576613E-02    0.974010106141565615E+02    0.292767875355738099E+02
    0.385669020342341079E-02    0.973582141599967201E+02    0.292766923927078153E+02
    0.421538259104910999E-02    0.971603521582520671E+02    0.292588481835393708E+02
    0.431539240272563879E-02    0.970934563515482267E+02    0.292590069199173861E+02
    0.438015006715645333E-02    0.970436668993669542E+02    0.292591270078899193E+02
    0.438371327479708528E-02    0.970220405810651130E+02    0.292759074717571366E+02
    0.439216383775535655E-02    0.969981888564058892E+02    0.292758489632982659E+02
    0.438109128640828786E-02    0.969832371797793087E+02    0.292758120756200384E+02
    0.437320332745946058E-02    0.969668413358793231E+02    0.292757714348911655E+02
    0.439534627659490459E-02    0.969367402372010076E+02    0.292756962952831152E+02
    0.444118391397678013E-02    0.968959908944012795E+02    0.292594937198588703E+02
    0.439764775151075919E-02    0.968956932786969816E+02    0.292755927018279607E+02
    0.435918728883115478E-02    0.968932615941020003E+02    0.292595006546718253E+02
    0.439735244393976016E-02    0.968558275857189415E+02    0.292595963804987953E+02
    0.441463419258577173E-02    0.968279829207120457E+02    0.292754188384247200E+02
    0.445771517292210557E-02    0.967885601873890380E+02    0.292753158193969938E+02
    0.460908919270708144E-02    0.967017723399700913E+02    0.292600031094006070E+02
    0.456368262617667508E-02    0.967015730886696332E+02    0.292750835279404136E+02
    0.462136694838129625E-02    0.966564517955777376E+02    0.292749601702900293E+02
    0.462534210481563984E-02    0.966347321971102673E+02    0.292601871242511109E+02
    0.459773240701562801E-02    0.966267064168731622E+02    0.292602094632212442E+02
    0.460720131867281644E-02    0.966025917039249578E+02    0.292748101802922456E+02
    0.458272453127902234E-02    0.965932454766200976E+02    0.292747838364771980E+02
    0.465171283301452770E-02    0.965433618648644511E+02    0.292746415782944993E+02
    0.462608842886756428E-02    0.965344095122883630E+02    0.292746157451076670E+02
    0.458524386745538717E-02    0.965321462859902084E+02    0.292746091993142912E+02
    0.467233478553122101E-02    0.964745150691443172E+02    0.292744404230195627E+02
    0.464812016995922676E-02    0.964649071241106810E+02    0.292606752953322093E+02
    0.460970312871721282E-02    0.964615059553983940E+02    0.292744017505086518E+02
    0.462797200917091072E-02    0.964335953484553414E+02    0.292743180350887862E+02
    0.464140041133358824E-02    0.964078006038070328E+02    0.292608474421307498E+02
    0.461252004413199683E-02    0.964002841608485852E+02    0.292742167465445107E+02
    0.462122673033885101E-02    0.963765124789951102E+02    0.292741435141521720E+02
    0.462687834541934163E-02    0.963540680362740289E+02    0.292740736167927018E+02
    0.467990529039375835E-02    0.963112771255266722E+02    0.292611489384399874E+02
    0.463370323843721732E-02    0.963111201029539927E+02    0.292739377371105647E+02
    0.465492075523987921E-02    0.962819830967752353E+02    0.292738438844977864E+02
    0.462805273701893775E-02    0.962735604618381302E+02    0.292738164929050271E+02
    0.460428283568053986E-02    0.962638590276443580E+02    0.292613023841033453E+02
    0.466125417445931427E-02    0.962192637746315711E+02    0.292614502199039386E+02
    0.464678977202280866E-02    0.962054796516354429E+02    0.292735905313583196E+02
    0.462659617517208795E-02    0.961941900100242009E+02    0.292615349381233258E+02
    0.461210445139338589E-02    0.961804643709976688E+02    0.292735053539876624E+02
    0.456755784158269923E-02    0.961798755249476471E+02    0.292615838433075730E+02
    0.459390909326921372E-02    0.961483702389301129E+02    0.292616929203700913E+02
    0.463465008316401011E-02    0.961107114673756087E+02    0.292732611460544661E+02
    0.478048312790767694E-02    0.960287496424257654E+02    0.292729601428015478E+02
    0.473715406753201160E-02    0.960269597753926547E+02    0.292621337949119642E+02
    0.471020604093295384E-02    0.960183695658004694E+02    0.292729208202305919E+02
    0.467119931845066255E-02    0.960150011666202801E+02    0.292729079978676516E+02
    0.463219619595208430E-02    0.960117706787600724E+02    0.292728956716282234E+02
    0.461206760685204612E-02    0.960004803483845137E+02    0.292622348101185175E+02
    0.456889100823375596E-02    0.959992918554356010E+02    0.292622393891587365E+02
    0.452917201795947477E-02    0.959967545801921176E+02    0.292622491780562228E+02
    0.449754963035776337E-02    0.959907674270242097E+02    0.292728148288402039E+02
    0.448478359352425492E-02    0.959764523844226147E+02    0.292727590113278922E+02
    0.444533097899496663E-02    0.959741242164654835E+02    0.292727498767090317E+02
    0.441764144084883653E-02    0.959666209847833755E+02    0.292727203279329231E+02
    0.437830641493912147E-02    0.959645088980676775E+02    0.292623751978310800E+02
    0.433684043370372203E-02    0.959635407261525160E+02    0.292727081484957061E+02
    0.430075539078940416E-02    0.959602515116904442E+02    0.292623920665517474E+02
    0.428047001612269582E-02    0.959497072299547966E+02    0.292726530924721757E+02
    0.425659147898770508E-02    0.959408954353670822E+02    0.292624694666955847E+02
    0.424045425734877711E-02    0.959284920714408287E+02    0.292625196915182642E+02
    0.420353979446717440E-02    0.959259789137207832E+02    0.292725572482777814E+02
    0.416344924321650819E-02    0.959251451193329387E+02    0.292725538470430884E+02
    0.416334001052097533E-02    0.959051975922332076E+02    0.292626154007967116E+02
    0.416821458829319449E-02    0.958828572951034772E+02    0.292627089692264519E+02
    0.413266583840349311E-02    0.958799875103995021E+02    0.292723660572002586E+02
    0.411650799124456401E-02    0.958678224127334175E+02    0.292723142043683673E+02
    0.408720723469872815E-02    0.958621090525462023E+02    0.292722896560846806E+02
    0.408138927329598604E-02    0.958449579935513469E+02    0.292628719883180608E+02
    0.405700383586742215E-02    0.958369434113506742E+02    0.292629071962050631E+02
    0.403160813145986546E-02    0.958295021979300259E+02    0.292629401263565576E+02
    0.399677718853912265E-02    0.958268562037822136E+02    0.292721352848126131E+02
    0.395758759135443009E-02    0.958265635797258568E+02    0.292629531959062525E+02
    0.394429114280074773E-02    0.958132943644166915E+02    0.292720744972293119E+02
    0.390951516796090876E-02    0.958110061340956918E+02    0.292720641602112899E+02
    0.388950075639492082E-02    0.958012712525142263E+02    0.292720199163568040E+02
    0.385520932036156070E-02    0.957989822628878329E+02    0.292630777280735899E+02
    0.382639465182446018E-02    0.957939868394281007E+02    0.292719865214019990E+02
    0.382854787265537620E-02    0.957728616992296935E+02    0.292631989545160849E+02
    0.379063086822252916E-02    0.957727679483106300E+02    0.292718877818911452E+02
    0.376432289564585442E-02    0.957666968642166410E+02    0.292718591152011491E+02
    0.372895730809405480E-02    0.957655755657643084E+02    0.292718537997501542E+02
    0.370086540516932237E-02    0.957606994996047121E+02    0.292718306083941613E+02
    0.367567868451491820E-02    0.957543572874400297E+02    0.292632869228369614E+02
    0.365228505973927333E-02    0.957471268398356870E+02    0.292633217937470000E+02
    0.361911748926209680E-02    0.957453724535455137E+02    0.292633302982875882E+02
    0.360862764492985875E-02    0.957311777781675772E+02    0.292633997500822893E+02
    0.357780291368906380E-02    0.957283350692760990E+02    0.292716733783215517E+02
    0.357032059975293404E-02    0.957125220795619782E+02    0.292634928393275331E+02
    0.355299686815611221E-02    0.957022499996378428E+02    0.292715421570273975E+02
    0.353986513318143344E-02    0.956896556138883767E+02    0.292714772341563183E+02
    0.351465455563475856E-02    0.956839503843234667E+02    0.292714474689234763E+02
    0.348694864498529707E-02    0.956797787907428727E+02    0.292636616170937955E+02
    0.349302615490871236E-02    0.956562959635788843E+02    0.292637873279047227E+02
    0.348790679244556992E-02    0.956392293041048163E+02    0.292712057798661576E+02
    0.345422706033361769E-02    0.956386354389158129E+02    0.292712024629941254E+02
    0.343667697433536591E-02    0.956288228534297389E+02    0.292711472155261632E+02
    0.341071711633939576E-02    0.956239877363202737E+02    0.292639674989607492E+02
    0.338155873669072817E-02    0.956211593350004136E+02    0.292639837059737005E+02
    0.336826792165587866E-02    0.956090355859826673E+02    0.292640540289559397E+02
    0.334080548211981507E-02    0.956054089903356044E+02    0.292710118357771876E+02
    0.334604382157685032E-02    0.955822754724166685E+02    0.292642145030602840E+02
    0.332300699152444055E-02    0.955760926840857223E+02    0.292708344851536282E+02
    0.329865375027928046E-02    0.955708040092344362E+02    0.292642857143584969E+02
    0.326802559511168685E-02    0.955694608527683442E+02    0.292642941543169393E+02
    0.324869965214520098E-02    0.955613232522951108E+02    0.292643457646182981E+02
    0.322275770434581792E-02    0.955573580248844934E+02    0.292707159604832015E+02
    0.321061476433285621E-02    0.955449080024381772E+02    0.292706346829436619E+02
    0.319481238638044457E-02    0.955347761405902105E+02    0.292705669268669837E+02
    0.316667755711607822E-02    0.955324669727420428E+02    0.292705512709017945E+02
    0.314272890244911155E-02    0.955276498713769371E+02    0.292705183461431737E+02
    0.311488465668516333E-02    0.955254486243808003E+02    0.292705031787500474E+02
    0.310244246015355845E-02    0.955134534875044920E+02    0.292704191224490771E+02
    0.307468492404406506E-02    0.955114280062191341E+02    0.292704046851310764E+02
    0.304484082834952617E-02    0.955109356174344555E+02    0.292646860131625246E+02
    0.301898762530342047E-02    0.955079897672307681E+02    0.292647071679462520E+02
    0.313052316187888450E-02    0.954353992676528406E+02    0.292697968245405420E+02
    0.329461669600932374E-02    0.953332198731488347E+02    0.292665954459037252E+02
    0.311244733816207035E-02    0.954469808531999604E+02    0.292651876091383585E+02
    0.303053937701955366E-02    0.955003183057700227E+02    0.292647630135656165E+02
    0.318749355256528737E-02    0.953993297620475715E+02    0.292656456436074635E+02
    0.320119856211118978E-02    0.953907489568856590E+02    0.292693467328426209E+02
    0.323486394671273223E-02    0.953698257967415799E+02    0.292659957566623703E+02
    0.330760898367486776E-02    0.953253484036979160E+02    0.292683032677050363E+02
    0.313410302211438070E-02    0.954331135059680946E+02    0.292697759881671118E+02
    0.314529218091945915E-02    0.954259859592629738E+02    0.292653774487130036E+02
    0.333012464477955598E-02    0.953117800692502044E+02    0.292676929386510416E+02
    0.327120543048562773E-02    0.953474824372499796E+02    0.292687610322422387E+02
    0.328743052085039454E-02    0.953375870116864093E+02    0.292665055394609155E+02
    0.333052446000384498E-02    0.953115399633875597E+02    0.292674318413442833E+02
    0.305304996843080469E-02    0.954855173763389615E+02    0.292702131189836798E+02
    0.324701578005664494E-02    0.953623268315693480E+02    0.292660981985268123E+02
    0.325521333542190365E-02    0.953572839088652415E+02    0.292689157946438812E+02
    0.332006242258114405E-02    0.953178323680955089E+02    0.292670241826525057E+02
    0.329573400476990781E-02    0.953325417248547495E+02    0.292666101834246390E+02
    0.324194191544901686E-02    0.953654545237996132E+02    0.292660546147261478E+02
    0.331767706375449929E-02    0.953192698206705842E+02    0.292669703873404998E+02
    0.322154631616105268E-02    0.953780766041699337E+02    0.292658903621669921E+02
    0.331947928761922766E-02    0.953181836784653314E+02    0.292670105336795743E+02
    0.332220414849505093E-02    0.953165426119767432E+02    0.292670777080647966E+02
    0.328155751808986013E-02    0.953411632120329671E+02    0.292664373444354098E+02
    0.306004105267926492E-02    0.954809428739982309E+02    0.292701778516676079E+02
    0.306627427633615179E-02    0.954768730699003214E+02    0.292701460736369548E+02
    0.332993660077564790E-02    0.953118930075533370E+02    0.292673795052732046E+02
    0.313450523813402042E-02    0.954328568518570108E+02    0.292697736364218315E+02
    0.324078451251106833E-02    0.953661686695918860E+02    0.292690423366386803E+02
    0.326926133345293961E-02    0.953486714026006865E+02    0.292663063397938146E+02
    0.333004897596777399E-02    0.953118255147992812E+02    0.292673881422250162E+02
    0.329990551452892912E-02    0.953300118653601345E+02    0.292666673467599026E+02
    0.323336929624191971E-02    0.953707500989064982E+02    0.292691035820283716E+02
    0.325642694602669034E-02    0.953565384066161101E+02    0.292661825357417911E+02
    0.305836957818651344E-02    0.954820356248024353E+02    0.292649008585402264E+02
    0.303518495673110733E-02    0.954972548097294833E+02    0.292647856307050560E+02
    0.325848389529891005E-02    0.953552754887400766E+02    0.292662016406075089E+02
    0.302935931242093301E-02    0.955010972393291553E+02    0.292703298854618765E+02
    0.323257248073073773E-02    0.953712430297386646E+02    0.292659771486579352E+02
    0.330067444798718681E-02    0.953295458860273470E+02    0.292684088900810266E+02
    0.333011948718292192E-02    0.953117831667922957E+02    0.292673938155193767E+02
    0.329665817107636363E-02    0.953319809776856744E+02    0.292684646299227929E+02
    0.304888205198758366E-02    0.954882495713732311E+02    0.292702339624443084E+02
    0.319754948068011512E-02    0.953930300792566328E+02    0.292693724144084015E+02
    0.320191129516830082E-02    0.953903037150728892E+02    0.292693416773917860E+02
    0.323254875769322459E-02    0.953712577072901837E+02    0.292691102205003446E+02
    0.310680382056502868E-02    0.954506105629524768E+02    0.292699308588569664E+02
    0.302902543551986656E-02    0.955013176788788343E+02    0.292703315025038258E+02
    0.324216288191162254E-02    0.953653182110967208E+02    0.292660564875957583E+02
    0.333102834567690050E-02    0.953112373998930025E+02    0.292675543465526964E+02
    0.309794312841072794E-02    0.954563227689460234E+02    0.292699792877470344E+02
    0.312436102480199420E-02    0.954393399571278565E+02    0.292698323013985444E+02
    0.323654440682988103E-02    0.953687870984780091E+02    0.292660095379050169E+02
    0.329290533755990586E-02    0.953342590247322050E+02    0.292685138803376148E+02
    0.316154024310593600E-02    0.954156808824566980E+02    0.292696101778293745E+02
    0.327308017311427535E-02    0.953463365565268646E+02    0.292663455430230357E+02
    0.324132283035854845E-02    0.953658364826531368E+02    0.292660493793037304E+02
    0.324384438757551212E-02    0.953642812059675578E+02    0.292660708135130925E+02
    0.325386886817950272E-02    0.953581101189019051E+02    0.292689280498691531E+02
    0.331366002841210249E-02    0.953216928830351833E+02    0.292668896480684531E+02
    0.326258820173463580E-02    0.953527579229676974E+02    0.292688466168734962E+02
    0.318854683161568344E-02    0.953986689889052997E+02    0.292694344026638724E+02
    0.329237913619903838E-02    0.953345786472870600E+02    0.292685205918575768E+02
    0.332238015838691014E-02    0.953164366550748383E+02    0.292680047962398291E+02
    0.326900648799807779E-02    0.953488273126747004E+02    0.292687834114646890E+02
    0.324739892870571419E-02    0.953620908450075433E+02    0.292689856372037127E+02
    0.331697521251053326E-02    0.953196929634170971E+02    0.292681316892525665E+02
    0.323341739688360252E-02    0.953707203464844895E+02    0.292691031920513396E+02
    0.328759673907799048E-02    0.953374858907504432E+02    0.292665075330031428E+02
    0.332878171354603503E-02    0.953125867670347731E+02    0.292673084482053767E+02
    0.327142579728727971E-02    0.953473477105358711E+02    0.292687587676283556E+02
    0.312481294850100108E-02    0.954390506877289084E+02    0.292698297159152467E+02
    0.321270789939298888E-02    0.953835712097799018E+02    0.292658237540124020E+02
    0.313917445540985111E-02    0.954298798314377166E+02    0.292653410033687322E+02
    0.332635256282222099E-02    0.953140467831551490E+02    0.292678826918613453E+02
    0.329102588716949666E-02    0.953354008656034466E+02    0.292665495287788673E+02
    0.319823853107192857E-02    0.953925991391484160E+02    0.292693675904571933E+02
    0.309606664180115928E-02    0.954575345763125540E+02    0.292650977392682670E+02
    0.319439919681069068E-02    0.953950014869029985E+02    0.292656928555420492E+02
    0.332779842517983522E-02    0.953131776340282499E+02    0.292678254602969048E+02
    0.306246032614696483E-02    0.954793622954445169E+02    0.292701655558657627E+02
    0.323235327803601423E-02    0.953713786555465930E+02    0.292659753794923461E+02
    0.332141464056522409E-02    0.953170179601016798E+02    0.292680298826993059E+02
    0.330895406113954765E-02    0.953245352458852580E+02    0.292682810589131073E+02
    0.332730173881588863E-02    0.953134761637889625E+02    0.292678463401285214E+02
    0.306146333780307322E-02    0.954800135043147833E+02    0.292701706287888399E+02
    0.306986940648322102E-02    0.954745294933843383E+02    0.292701275971050876E+02
    0.333038288101955961E-02    0.953116249842275494E+02    0.292676699374461542E+02
    0.331275463665247141E-02    0.953222394179630612E+02    0.292668727786991312E+02
    0.327780187863506304E-02    0.953434534599904566E+02    0.292663957977017830E+02
    0.313143675006033505E-02    0.954348156879424749E+02    0.292652956544521814E+02
    0.330211198782102370E-02    0.953286750174202666E+02    0.292683880629868867E+02
    0.332499040989288385E-02    0.953148659578415050E+02    0.292671582489691389E+02
    0.330811768238698043E-02    0.953250408343324978E+02    0.292682949446310623E+02
    0.312830299767339086E-02    0.954368181690519322E+02    0.292652775151228113E+02
    0.320608950420317104E-02    0.953876955945324596E+02    0.292657754041324978E+02
    0.317561102924437044E-02    0.954067994095949246E+02    0.292655668165707965E+02
    0.320014053073257483E-02    0.953914100881726625E+02    0.292693542135466629E+02
    0.332082610251433537E-02    0.953173723814936125E+02    0.292680445618342091E+02
