    0.292484292049030365E+02   -0.521232296777966368E+02
    0.292855494344270575E+02   -0.516200579596372009E+02
    0.292521837833481513E+02   -0.505404876898184980E+02
    0.292523701510229159E+02   -0.504709054502815277E+02
    0.292530163035131245E+02   -0.502362358015354076E+02
    0.292820501484729618E+02   -0.502288776816572522E+02
    0.292531464648400288E+02   -0.501901994027436800E+02
    0.292536655413159181E+02   -0.500107295638634923E+02
    0.292811349201871991E+02   -0.499144230204789565E+02
    0.292540456387079075E+02   -0.498834907177369615E+02
    0.292543081786897616E+02   -0.497976676805879990E+02
    0.292805589480244386E+02   -0.497270326662391682E+02
    0.292545878336595990E+02   -0.497081039363735258E+02
    0.292551720525074828E+02   -0.495271703506146324E+02
    0.292552868027959434E+02   -0.494926127570288230E+02
    0.292553000794548268E+02   -0.494886352130025529E+02
    0.292795603272103158E+02   -0.494213627229942745E+02
    0.292794671829845470E+02   -0.493940954946390605E+02
    0.292557032789299072E+02   -0.493698943516190027E+02
    0.292792838774837314E+02   -0.493410539230585385E+02
    0.292792482503644962E+02   -0.493308401806376438E+02
    0.292558453500267461E+02   -0.493290021688496410E+02
    0.292558720195337472E+02   -0.493213809398511742E+02
    0.292559499887452290E+02   -0.492991997806804534E+02
    0.292789886155027368E+02   -0.492573442943457778E+02
    0.292565592992236674E+02   -0.491309800741014371E+02
    0.292784684792230436E+02   -0.491150667369382177E+02
    0.292566202406219844E+02   -0.491146547111759091E+02
    0.292783788112759709E+02   -0.490912076813175133E+02
    0.292567246018947955E+02   -0.490869087080819710E+02
    0.292778717244039299E+02   -0.489599810966463380E+02
    0.292778367491695484E+02   -0.489511618504251160E+02
    0.292778064460103700E+02   -0.489435448888267715E+02
    0.292574818089594650E+02   -0.488935712618361222E+02
    0.292574947945182657E+02   -0.488903779598521027E+02
    0.292575534046880712E+02   -0.488760163397257941E+02
    0.292575534046880712E+02   -0.488760163397257941E+02
    0.292774558067321777E+02   -0.488570420016357971E+02
    0.292774229799973398E+02   -0.488490975546559127E+02
    0.292576926590994546E+02   -0.488422308756488377E+02
    0.292576926590994546E+02   -0.488422308756488377E+02
    0.292773889408299510E+02   -0.488408875166908985E+02
    0.292773676993844489E+02   -0.488357785691785011E+02
    0.292773514028217576E+02   -0.488318664347667806E+02
    0.292773176753005657E+02   -0.488237904750810472E+02
    0.292772340148332297E+02   -0.488038783002597398E+02
    0.292578895157249335E+02   -0.487952792178571784E+02
    0.292771587069852046E+02   -0.487861005351070602E+02
    0.292581243092628114E+02   -0.487405186357417932E+02
    0.292581243092628114E+02   -0.487405186357417932E+02
    0.292581283459256980E+02   -0.487395889589862819E+02
    0.292581487743042032E+02   -0.487348902462475593E+02
    0.292768843900176350E+02   -0.487225158678072532E+02
    0.292768843900176350E+02   -0.487225158678072532E+02
    0.292582635029940690E+02   -0.487086912166964296E+02
    0.292767875355738099E+02   -0.487005053070782807E+02
    0.292766923927078153E+02   -0.486791070799983601E+02
    0.292588481835393708E+02   -0.485801760791260335E+02
    0.292590069199173861E+02   -0.485467281757741134E+02
    0.292591270078899193E+02   -0.485218334496834771E+02
    0.292759074717571366E+02   -0.485110202905325565E+02
    0.292759074717571366E+02   -0.485110202905325565E+02
    0.292758489632982659E+02   -0.484990944282029446E+02
    0.292758120756200384E+02   -0.484916185898896543E+02
    0.292757714348911655E+02   -0.484834206679396615E+02
    0.292756962952831152E+02   -0.484683701186005038E+02
    0.292756962952831152E+02   -0.484683701186005038E+02
    0.292594937198588703E+02   -0.484479954472006398E+02
    0.292755927018279607E+02   -0.484478466393484908E+02
    0.292595006546718253E+02   -0.484466307970510002E+02
    0.292595963804987953E+02   -0.484279137928594707E+02
    0.292754188384247200E+02   -0.484139914603560229E+02
    0.292753158193969938E+02   -0.483942800936945190E+02
    0.292600031094006070E+02   -0.483508861699850456E+02
    0.292750835279404136E+02   -0.483507865443348166E+02
    0.292749601702900293E+02   -0.483282258977888688E+02
    0.292601871242511109E+02   -0.483173660985551336E+02
    0.292601871242511109E+02   -0.483173660985551336E+02
    0.292602094632212442E+02   -0.483133532084365811E+02
    0.292602094632212442E+02   -0.483133532084365811E+02
    0.292748101802922456E+02   -0.483012958519624789E+02
    0.292747838364771980E+02   -0.482966227383100488E+02
    0.292746415782944993E+02   -0.482716809324322256E+02
    0.292746157451076670E+02   -0.482672047561441815E+02
    0.292746091993142912E+02   -0.482660731429951042E+02
    0.292746091993142912E+02   -0.482660731429951042E+02
    0.292744404230195627E+02   -0.482372575345721586E+02
    0.292606752953322093E+02   -0.482324535620553405E+02
    0.292606752953322093E+02   -0.482324535620553405E+02
    0.292744017505086518E+02   -0.482307529776991970E+02
    0.292744017505086518E+02   -0.482307529776991970E+02
    0.292743180350887862E+02   -0.482167976742276707E+02
    0.292608474421307498E+02   -0.482039003019035164E+02
    0.292742167465445107E+02   -0.482001420804242926E+02
    0.292741435141521720E+02   -0.481882562394975551E+02
    0.292740736167927018E+02   -0.481770340181370145E+02
    0.292740736167927018E+02   -0.481770340181370145E+02
    0.292611489384399874E+02   -0.481556385627633361E+02
    0.292739377371105647E+02   -0.481555600514769964E+02
    0.292739377371105647E+02   -0.481555600514769964E+02
    0.292738438844977864E+02   -0.481409915483876176E+02
    0.292738438844977864E+02   -0.481409915483876176E+02
    0.292738164929050271E+02   -0.481367802309190651E+02
    0.292613023841033453E+02   -0.481319295138221790E+02
    0.292614502199039386E+02   -0.481096318873157855E+02
    0.292735905313583196E+02   -0.481027398258177215E+02
    0.292735905313583196E+02   -0.481027398258177215E+02
    0.292615349381233258E+02   -0.480970950050121004E+02
    0.292735053539876624E+02   -0.480902321854988344E+02
    0.292615838433075730E+02   -0.480899377624738236E+02
    0.292615838433075730E+02   -0.480899377624738236E+02
    0.292616929203700913E+02   -0.480741851194650565E+02
    0.292732611460544661E+02   -0.480553557336878043E+02
    0.292729601428015478E+02   -0.480143748212128827E+02
    0.292621337949119642E+02   -0.480134798876963274E+02
    0.292621337949119642E+02   -0.480134798876963274E+02
    0.292729208202305919E+02   -0.480091847829002347E+02
    0.292729079978676516E+02   -0.480075005833101400E+02
    0.292728956716282234E+02   -0.480058853393800362E+02
    0.292622348101185175E+02   -0.480002401741922569E+02
    0.292622393891587365E+02   -0.479996459277178005E+02
    0.292622491780562228E+02   -0.479983772900960588E+02
    0.292728148288402039E+02   -0.479953837135121049E+02
    0.292727590113278922E+02   -0.479882261922113074E+02
    0.292727498767090317E+02   -0.479870621082327418E+02
    0.292727498767090317E+02   -0.479870621082327418E+02
    0.292727203279329231E+02   -0.479833104923916878E+02
    0.292623751978310800E+02   -0.479822544490338387E+02
    0.292727081484957061E+02   -0.479817703630762580E+02
    0.292727081484957061E+02   -0.479817703630762580E+02
    0.292623920665517474E+02   -0.479801257558452221E+02
    0.292726530924721757E+02   -0.479748536149773983E+02
    0.292624694666955847E+02   -0.479704477176835411E+02
    0.292625196915182642E+02   -0.479642460357204143E+02
    0.292725572482777814E+02   -0.479629894568603916E+02
    0.292725572482777814E+02   -0.479629894568603916E+02
    0.292725538470430884E+02   -0.479625725596664694E+02
    0.292626154007967116E+02   -0.479525987961166038E+02
    0.292627089692264519E+02   -0.479414286475517386E+02
    0.292723660572002586E+02   -0.479399937551997510E+02
    0.292723142043683673E+02   -0.479339112063667088E+02
    0.292722896560846806E+02   -0.479310545262731011E+02
    0.292628719883180608E+02   -0.479224789967756735E+02
    0.292629071962050631E+02   -0.479184717056753371E+02
    0.292629401263565576E+02   -0.479147510989650129E+02
    0.292721352848126131E+02   -0.479134281018911068E+02
    0.292721352848126131E+02   -0.479134281018911068E+02
    0.292629531959062525E+02   -0.479132817898629284E+02
    0.292629531959062525E+02   -0.479132817898629284E+02
    0.292720744972293119E+02   -0.479066471822083457E+02
    0.292720641602112899E+02   -0.479055030670478459E+02
    0.292720199163568040E+02   -0.479006356262571131E+02
    0.292630777280735899E+02   -0.478994911314439165E+02
    0.292719865214019990E+02   -0.478969934197140503E+02
    0.292631989545160849E+02   -0.478864308496148467E+02
    0.292718877818911452E+02   -0.478863839741553150E+02
    0.292718591152011491E+02   -0.478833484321083205E+02
    0.292718591152011491E+02   -0.478833484321083205E+02
    0.292718537997501542E+02   -0.478827877828821542E+02
    0.292718306083941613E+02   -0.478803497498023560E+02
    0.292632869228369614E+02   -0.478771786437200149E+02
    0.292633217937470000E+02   -0.478735634199178435E+02
    0.292633302982875882E+02   -0.478726862267727569E+02
    0.292633997500822893E+02   -0.478655888890837886E+02
    0.292716733783215517E+02   -0.478641675346380495E+02
    0.292634928393275331E+02   -0.478562610397809891E+02
    0.292715421570273975E+02   -0.478511249998189214E+02
    0.292714772341563183E+02   -0.478448278069441884E+02
    0.292714474689234763E+02   -0.478419751921617333E+02
    0.292636616170937955E+02   -0.478398893953714364E+02
    0.292637873279047227E+02   -0.478281479817894422E+02
    0.292712057798661576E+02   -0.478196146520524081E+02
    0.292712024629941254E+02   -0.478193177194579064E+02
    0.292711472155261632E+02   -0.478144114267148694E+02
    0.292639674989607492E+02   -0.478119938681601369E+02
    0.292639837059737005E+02   -0.478105796675002068E+02
    0.292640540289559397E+02   -0.478045177929913336E+02
    0.292710118357771876E+02   -0.478027044951678022E+02
    0.292642145030602840E+02   -0.477911377362083343E+02
    0.292708344851536282E+02   -0.477880463420428612E+02
    0.292642857143584969E+02   -0.477854020046172181E+02
    0.292642941543169393E+02   -0.477847304263841721E+02
    0.292643457646182981E+02   -0.477806616261475554E+02
    0.292707159604832015E+02   -0.477786790124422467E+02
    0.292706346829436619E+02   -0.477724540012190886E+02
    0.292705669268669837E+02   -0.477673880702951053E+02
    0.292705183461431737E+02   -0.477638249356884685E+02
    0.292705031787500474E+02   -0.477627243121904002E+02
    0.292704191224490771E+02   -0.477567267437522460E+02
    0.292704046851310764E+02   -0.477557140031095670E+02
    0.292646860131625246E+02   -0.477554678087172277E+02
    0.292647071679462520E+02   -0.477539948836153840E+02
    0.292697968245405420E+02   -0.477176996338264203E+02
    0.292665954459037252E+02   -0.476666099365744174E+02
    0.292651876091383585E+02   -0.477234904265999802E+02
    0.292647630135656165E+02   -0.477501591528850113E+02
    0.292656456436074635E+02   -0.476996648810237858E+02
    0.292693467328426209E+02   -0.476953744784428295E+02
    0.292659957566623703E+02   -0.476849128983707899E+02
    0.292683032677050363E+02   -0.476626742018489580E+02
    0.292697759881671118E+02   -0.477165567529840473E+02
    0.292653774487130036E+02   -0.477129929796314869E+02
    0.292687610322422387E+02   -0.476737412186249898E+02
    0.292665055394609155E+02   -0.476687935058432046E+02
    0.292674318413442833E+02   -0.476557699816937799E+02
    0.292660981985268123E+02   -0.476811634157846740E+02
    0.292689157946438812E+02   -0.476786419544326208E+02
    0.292670241826525057E+02   -0.476589161840477544E+02
    0.292666101834246390E+02   -0.476662708624273748E+02
    0.292660546147261478E+02   -0.476827272618998066E+02
    0.292669703873404998E+02   -0.476596349103352921E+02
    0.292658903621669921E+02   -0.476890383020849669E+02
    0.292670105336795743E+02   -0.476590918392326657E+02
    0.292670777080647966E+02   -0.476582713059883716E+02
    0.292664373444354098E+02   -0.476705816060164835E+02
    0.292701778516676079E+02   -0.477404714369991154E+02
    0.292701460736369548E+02   -0.477384365349501607E+02
    0.292673795052732046E+02   -0.476559465037766685E+02
    0.292697736364218315E+02   -0.477164284259285054E+02
    0.292690423366386803E+02   -0.476830843347959430E+02
    0.292663063397938146E+02   -0.476743357013003433E+02
    0.292673881422250162E+02   -0.476559127573996406E+02
    0.292666673467599026E+02   -0.476650059326800672E+02
    0.292691035820283716E+02   -0.476853750494532491E+02
    0.292661825357417911E+02   -0.476782692033080551E+02
    0.292649008585402264E+02   -0.477410178124012177E+02
    0.292647856307050560E+02   -0.477486274048647417E+02
    0.292662016406075089E+02   -0.476776377443700383E+02
    0.292703298854618765E+02   -0.477505486196645776E+02
    0.292659771486579352E+02   -0.476856215148693323E+02
    0.292684088900810266E+02   -0.476647729430136735E+02
    0.292673938155193767E+02   -0.476558915833961478E+02
    0.292684646299227929E+02   -0.476659904888428372E+02
    0.292693724144084015E+02   -0.476965150396283164E+02
    0.292693416773917860E+02   -0.476951518575364446E+02
    0.292691102205003446E+02   -0.476856288536450919E+02
    0.292699308588569664E+02   -0.477253052814762384E+02
    0.292703315025038258E+02   -0.477506588394394171E+02
    0.292660564875957583E+02   -0.476826591055483604E+02
    0.292675543465526964E+02   -0.476556186999465012E+02
    0.292699792877470344E+02   -0.477281613844730117E+02
    0.292698323013985444E+02   -0.477196699785639282E+02
    0.292660095379050169E+02   -0.476843935492390045E+02
    0.292685138803376148E+02   -0.476671295123661025E+02
    0.292696101778293745E+02   -0.477078404412283490E+02
    0.292663455430230357E+02   -0.476731682782634323E+02
    0.292660493793037304E+02   -0.476829182413265684E+02
    0.292660708135130925E+02   -0.476821406029837789E+02
    0.292689280498691531E+02   -0.476790550594509526E+02
    0.292668896480684531E+02   -0.476608464415175916E+02
    0.292688466168734962E+02   -0.476763789614838487E+02
    0.292694344026638724E+02   -0.476993344944526498E+02
    0.292685205918575768E+02   -0.476672893236435300E+02
    0.292680047962398291E+02   -0.476582183275374192E+02
    0.292687834114646890E+02   -0.476744136563373502E+02
    0.292689856372037127E+02   -0.476810454225037716E+02
    0.292681316892525665E+02   -0.476598464817085485E+02
    0.292691031920513396E+02   -0.476853601732422447E+02
    0.292665075330031428E+02   -0.476687429453752216E+02
    0.292673084482053767E+02   -0.476562933835173865E+02
    0.292687587676283556E+02   -0.476736738552679356E+02
    0.292698297159152467E+02   -0.477195253438644542E+02
    0.292658237540124020E+02   -0.476917856048899509E+02
    0.292653410033687322E+02   -0.477149399157188583E+02
    0.292678826918613453E+02   -0.476570233915775745E+02
    0.292665495287788673E+02   -0.476677004328017233E+02
    0.292693675904571933E+02   -0.476962995695742080E+02
    0.292650977392682670E+02   -0.477287672881562770E+02
    0.292656928555420492E+02   -0.476975007434514993E+02
    0.292678254602969048E+02   -0.476565888170141250E+02
    0.292659753794923461E+02   -0.476856893277732965E+02
    0.292680298826993059E+02   -0.476585089800508399E+02
    0.292682810589131073E+02   -0.476622676229426290E+02
    0.292678463401285214E+02   -0.476567380818944812E+02
    0.292701706287888399E+02   -0.477400067521573916E+02
    0.292701275971050876E+02   -0.477372647466921691E+02
    0.292676699374461542E+02   -0.476558124921137747E+02
    0.292668727786991312E+02   -0.476611197089815306E+02
    0.292663957977017830E+02   -0.476717267299952283E+02
    0.292683880629868867E+02   -0.476643375087101333E+02
    0.292671582489691389E+02   -0.476574329789207525E+02
    0.292682949446310623E+02   -0.476625204171662489E+02
    0.292652775151228113E+02   -0.477184090845259661E+02
    0.292657754041324978E+02   -0.476938477972662298E+02
    0.292655668165707965E+02   -0.477033997047974623E+02
    0.292693542135466629E+02   -0.476957050440863313E+02
    0.292680445618342091E+02   -0.476586861907468062E+02
