    0.395042657852172852E+02   -0.169070085950216162E+06   -0.460515351937698814E+01    1
    0.393944680690765381E+02   -0.165976404810446955E+06   -0.461515351937698259E+01    1
    0.388255989551544189E+02   -0.150405256299394416E+06   -0.462515351937698149E+01    1
    0.388056743144989014E+02   -0.149873776189509837E+06   -0.463515351937698661E+01    1
    0.387290418148040771E+02   -0.147838408239742945E+06   -0.464515351937698728E+01    1
    0.386205017566680908E+02   -0.144979384553141397E+06   -0.465515351937698174E+01    1
    0.380146586894989014E+02   -0.129533821485107546E+06   -0.466515351937698153E+01    1
    0.379920899868011475E+02   -0.128975250738349554E+06   -0.467515351937698398E+01    1
    0.378127551078796387E+02   -0.124579648680430255E+06   -0.468515351937698377E+01    1
    0.376696217060089111E+02   -0.121126050986553644E+06   -0.469515351937698444E+01    1
    0.369846510887145996E+02   -0.105270765757504967E+06   -0.470515351937698423E+01    1
    0.369211304187774658E+02   -0.103856758172498608E+06   -0.471515351937698135E+01    1
    0.367432141304016113E+02   -0.999471299505569332E+05   -0.472515351937698025E+01    1
    0.364827525615692139E+02   -0.943588873151518055E+05   -0.473515351937698448E+01    1
    0.362261772155761719E+02   -0.890111971111023449E+05   -0.474515351937698782E+01    1
    0.361772096157073975E+02   -0.880083128432098893E+05   -0.475515351937698494E+01    1
    0.361600816249847412E+02   -0.876588631436167925E+05   -0.476515351937698117E+01    1
    0.361248958110809326E+02   -0.869431739088603354E+05   -0.477515351937698451E+01    1
    0.360395050048828125E+02   -0.852184999307418475E+05   -0.478515351937698341E+01    1
    0.358153784275054932E+02   -0.807739114425324951E+05   -0.479515351937697876E+01    1
    0.357416224479675293E+02   -0.793373087863938999E+05   -0.480515351937698032E+01    1
    0.356176328659057617E+02   -0.769513162663228723E+05   -0.481515351937698277E+01    1
    0.355296707153320312E+02   -0.752807062323837017E+05   -0.482515351937698345E+01    1
    0.354813826084136963E+02   -0.743713955089689989E+05   -0.483515351937698323E+01    1
    0.354777073860168457E+02   -0.743024138626037748E+05   -0.484515351937698480E+01    1
    0.354591166973114014E+02   -0.739539685889385000E+05   -0.485515351937698814E+01    1
    0.200695371627807617E+02   -0.664506503428213182E+05   -0.486515351937698437E+01    1
    0.349543190002441406E+02   -0.648055731426180282E+05   -0.487515351937698149E+01    1
    0.203938889503479004E+02   -0.608193946297434741E+05   -0.488515351937698572E+01    1
    0.204265284538269043E+02   -0.602665268523030390E+05   -0.489515351937698817E+01    1
    0.345866680145263672E+02   -0.585227022251027374E+05   -0.490515351937698973E+01    1
    0.205524909496307373E+02   -0.581565670400945019E+05   -0.491515351937698775E+01    1
    0.345341718196868896E+02   -0.576517147418730165E+05   -0.492515351937698220E+01    1
    0.345244681835174561E+02   -0.574914325386074051E+05   -0.493515351937698199E+01    1
    0.205943369865417480E+02   -0.574639364227231417E+05   -0.494515351937698799E+01    1
    0.344965457916259766E+02   -0.570314622954750230E+05   -0.495515351937699045E+01    1
    0.206886339187622070E+02   -0.559183550046767923E+05   -0.496515351937698846E+01    1
    0.343459689617156982E+02   -0.545828295267005742E+05   -0.497515351937698824E+01    1
    0.207723391056060791E+02   -0.545640314491693935E+05   -0.498515351937698359E+01    1
    0.342498826980590820E+02   -0.530483857304395788E+05   -0.499515351937698426E+01    1
    0.209374356269836426E+02   -0.519414885127191155E+05   -0.500515351937698583E+01    1
    0.210119855403900146E+02   -0.507784370532733665E+05   -0.501515351937698384E+01    1
    0.210385262966156006E+02   -0.503675541525229346E+05   -0.502515351937698451E+01    1
    0.211548304557800293E+02   -0.485867090198559163E+05   -0.503515351937698608E+01    1
    0.338818359375000000E+02   -0.473732740936175614E+05   -0.504515351937698409E+01    1
    0.338478600978851318E+02   -0.468655653938844916E+05   -0.505515351937698298E+01    1
    0.338169455528259277E+02   -0.464059790703798644E+05   -0.506515351937698455E+01    1
    0.214124941825866699E+02   -0.447555351520725235E+05   -0.507515351937697989E+01    1
    0.214537572860717773E+02   -0.441566125289263146E+05   -0.508515351937698501E+01    1
    0.336024582386016846E+02   -0.432796985427768959E+05   -0.509515351937699013E+01    1
    0.335763025283813477E+02   -0.429059207572906234E+05   -0.510515351937699080E+01    1
    0.335573756694793701E+02   -0.426364577105858334E+05   -0.511515351937698348E+01    1
    0.215604734420776367E+02   -0.426263667465075850E+05   -0.512515351937698238E+01    1
    0.216268420219421387E+02   -0.416882911875689315E+05   -0.513515351937698394E+01    1
    0.334047663211822510E+02   -0.404947629400128499E+05   -0.514515351937697751E+01    1
    0.218443751335144043E+02   -0.386867761766713375E+05   -0.515515351937698085E+01    1
    0.219204413890838623E+02   -0.376636762957081955E+05   -0.516515351937698330E+01    1
    0.331574952602386475E+02   -0.371417517384813909E+05   -0.517515351937698220E+01    1
    0.331384408473968506E+02   -0.368893851203600207E+05   -0.518515351937698643E+01    1
    0.220438992977142334E+02   -0.360323379639874329E+05   -0.519515351937698533E+01    1
    0.220502400398254395E+02   -0.359495282735909423E+05   -0.520515351937697623E+01    1
    0.221112179756164551E+02   -0.351580238012942573E+05   -0.521515351937698224E+01    1
    0.330043303966522217E+02   -0.351374928834504390E+05   -0.522515351937697670E+01    1
    0.222814619541168213E+02   -0.329948648503636941E+05   -0.523515351937698092E+01    1
    0.223698401451110840E+02   -0.318989915466274942E+05   -0.524515351937698071E+01    1
    0.327255475521087646E+02   -0.316321154234546157E+05   -0.525515351937698583E+01    1
    0.224161374568939209E+02   -0.313323006993406962E+05   -0.526515351937698739E+01    1
    0.224615252017974854E+02   -0.307816735392709088E+05   -0.527515351937698007E+01    1
    0.326248788833618164E+02   -0.304115789523503554E+05   -0.528515351937697542E+01    1
    0.225201082229614258E+02   -0.300781826797610447E+05   -0.529515351937697609E+01    1
    0.324957811832427979E+02   -0.288815041643347504E+05   -0.530515351937697677E+01    1
    0.324929380416870117E+02   -0.288482515017955011E+05   -0.531515351937698188E+01    1
    0.324142181873321533E+02   -0.279351711436615224E+05   -0.532515351937698078E+01    1
    0.323863399028778076E+02   -0.276153287436359278E+05   -0.533515351937697613E+01    1
    0.228111660480499268E+02   -0.267036023899164647E+05   -0.534515351937697680E+01    1
    0.323050928115844727E+02   -0.266937003829509922E+05   -0.535515351937698103E+01    1
    0.323034155368804932E+02   -0.266748389652343176E+05   -0.536515351937698171E+01    1
    0.322515618801116943E+02   -0.260950189693953289E+05   -0.537515351937698238E+01    1
    0.229438078403472900E+02   -0.252323134996141271E+05   -0.538515351937698128E+01    1
    0.320376563072204590E+02   -0.237705103711749180E+05   -0.539515351937698018E+01    1
    0.230805420875549316E+02   -0.237592695693077039E+05   -0.540515351937698263E+01    1
    0.319566116389937847E+02   -0.229181205817296359E+05   -0.541515351937698153E+01    1
    0.231852018833160400E+02   -0.226616979095882125E+05   -0.542515351937697865E+01    1
    0.232365238666534424E+02   -0.221329667119342994E+05   -0.543515351937697933E+01    1
    0.232379364967346191E+02   -0.221185017234083643E+05   -0.544515351937698178E+01    1
    0.318552136421203613E+02   -0.218735818372933609E+05   -0.545515351937698245E+01    1
    0.234286332130432129E+02   -0.202092180418540920E+05   -0.546515351937698401E+01    1
    0.234287261962890625E+02   -0.202083080983271284E+05   -0.547515351937698025E+01    1
    0.234367073138054423E+02   -0.201302804166014830E+05   -0.548515351937698004E+01    1
    0.316640639305114746E+02   -0.199707309887684605E+05   -0.549515351937697805E+01    1
    0.316097640991210938E+02   -0.194459795387319318E+05   -0.550515351937697694E+01    1
    0.316013276576995850E+02   -0.193650771729946355E+05   -0.551515351937698295E+01    1
    0.235231804847717285E+02   -0.192945494384768936E+05   -0.552515351937698185E+01    1
    0.235341739654541016E+02   -0.191895710432718734E+05   -0.553515351937698163E+01    1
    0.235574924945831299E+02   -0.189678468695231131E+05   -0.554515351937698142E+01    1
    0.315530180931091309E+02   -0.189050541956876114E+05   -0.555515351937698032E+01    1
    0.315495700200571285E+02   -0.188724317087699164E+05   -0.556515351937698544E+01    1
    0.315438568592071533E+02   -0.188184410617143149E+05   -0.557515351937698611E+01    1
    0.236133933067321777E+02   -0.184415608951165341E+05   -0.558515351937698146E+01    1
    0.314907932281494141E+02   -0.183206731397167314E+05   -0.559515351937697680E+01    1
    0.314203131198883057E+02   -0.176698448757449733E+05   -0.560515351937697748E+01    1
    0.237267660220131660E+02   -0.173969349900933667E+05   -0.561515351937697904E+01    1
    0.237345981597900391E+02   -0.173258937147647302E+05   -0.562515351937698060E+01    1
    0.313172936439514160E+02   -0.167397179282315774E+05   -0.563515351937698039E+01    1
    0.313017620696588494E+02   -0.166016702913059489E+05   -0.564515351937698284E+01    1
    0.313008499145507812E+02   -0.165935806511825649E+05   -0.565515351937698085E+01    1
    0.238629662990570068E+02   -0.161822472422858009E+05   -0.566515351937697975E+01    1
    0.238789931542291960E+02   -0.160422039893412639E+05   -0.567515351937697954E+01    1
    0.239278554916381836E+02   -0.156189996176103596E+05   -0.568515351937697666E+01    1
    0.239355885982513428E+02   -0.155525405011664043E+05   -0.569515351937697734E+01    1
    0.311608672142028809E+02   -0.153754819445513931E+05   -0.570515351937697890E+01    1
    0.311066517943333452E+02   -0.149161853680565564E+05   -0.571515351937697780E+01    1
    0.310485208034515381E+02   -0.144314548970380711E+05   -0.572515351937697403E+01    1
    0.241176621215262657E+02   -0.140287267136164683E+05   -0.573515351937697382E+01    1
    0.241674504375113450E+02   -0.136257144549621844E+05   -0.574515351937697805E+01    1
    0.242015850543975830E+02   -0.133528053347192272E+05   -0.575515351937698227E+01    1
    0.309012997298991721E+02   -0.132396575384138487E+05   -0.576515351937698384E+01    1
    0.308943569660186768E+02   -0.131847219557160133E+05   -0.577515351937697918E+01    1
    0.308508157730102539E+02   -0.128428005473471167E+05   -0.578515351937698075E+01    1
    0.243045067787170410E+02   -0.125466502630385839E+05   -0.579515351937698409E+01    1
    0.308115136623382568E+02   -0.125380254911195916E+05   -0.580515351937698565E+01    1
    0.307311117649078369E+02   -0.119259379114373296E+05   -0.581515351937698366E+01    1
    0.244135265098320353E+02   -0.117201068431232943E+05   -0.582515351937698256E+01    1
    0.244206668018139830E+02   -0.116669547270994808E+05   -0.583515351937698412E+01    1
    0.306909586598306312E+02   -0.116259935093980057E+05   -0.584515351937698391E+01    1
    0.306861233711242676E+02   -0.115901315471319176E+05   -0.585515351937697837E+01    1
    0.306829023361206055E+02   -0.115662727907860171E+05   -0.586515351937697371E+01    1
    0.306346386541454478E+02   -0.112117194713592398E+05   -0.587515351937697705E+01    1
    0.306241929531097412E+02   -0.111357101375815691E+05   -0.588515351937697684E+01    1
    0.245006433399696810E+02   -0.110798666013424590E+05   -0.589515351937697751E+01    1
    0.305808982537950413E+02   -0.108234279449389833E+05   -0.590515351937697286E+01    1
    0.305762803554534912E+02   -0.107903814492750607E+05   -0.591515351937697531E+01    1
    0.245624935626983643E+02   -0.106362323007228224E+05   -0.592515351937697687E+01    1
    0.305536819153818868E+02   -0.106293917242470525E+05   -0.593515351937697400E+01    1
    0.305322730541229248E+02   -0.104779927215786120E+05   -0.594515351937698000E+01    1
    0.245866897424664401E+02   -0.104651466148140134E+05   -0.595515351937698156E+01    1
    0.246256465513522400E+02   -0.101926067421030457E+05   -0.596515351937697336E+01    1
    0.246403050422668457E+02   -0.100909878272050501E+05   -0.597515351937696959E+01    1
    0.304683070466259522E+02   -0.100321086972751145E+05   -0.598515351937697559E+01    1
    0.247315574672103473E+02   -0.946983762483216924E+04   -0.599515351937697627E+01    1
    0.303766536712646484E+02   -0.941012469797861559E+04   -0.600515351937697517E+01    1
    0.247557437419891357E+02   -0.930851096291174326E+04   -0.601515351937697851E+01    1
    0.303599918825879058E+02   -0.929919162059131122E+04   -0.602515351937697829E+01    1
    0.248039343255906495E+02   -0.899120379157213756E+04   -0.603515351937697453E+01    1
    0.303099204819263335E+02   -0.896977846064201913E+04   -0.604515351937697520E+01    1
    0.303066481723857457E+02   -0.894845718001520436E+04   -0.605515351937697410E+01    1
    0.302900850772857666E+02   -0.884092680678050237E+04   -0.606515351937697478E+01    1
    0.302436017636351977E+02   -0.854262154101821216E+04   -0.607515351937697723E+01    1
    0.249430251121520996E+02   -0.810623398367240770E+04   -0.608515351937697790E+01    1
    0.249533820152282715E+02   -0.804217167503962992E+04   -0.609515351937697769E+01    1
    0.249557125568389893E+02   -0.802779121346018474E+04   -0.610515351937697481E+01    1
    0.301601085087524652E+02   -0.801966362715840660E+04   -0.611515351937697282E+01    1
    0.249586880207061768E+02   -0.800945000459686526E+04   -0.612515351937697528E+01    1
    0.300932656874583735E+02   -0.761290110604482652E+04   -0.613515351937697417E+01    1
    0.250323462486267090E+02   -0.756209734281478450E+04   -0.614515351937697485E+01    1
    0.250927375160575785E+02   -0.720491102791770481E+04   -0.615515351937697819E+01    1
    0.251193368434906006E+02   -0.705032982742271088E+04   -0.616515351937697620E+01    1
    0.251857900619506836E+02   -0.667146523856266049E+04   -0.617515351937697776E+01    1
    0.251904439926147461E+02   -0.664532422380658045E+04   -0.618515351937698288E+01    1
    0.299190945651459543E+02   -0.660274212140290456E+04   -0.619515351937698000E+01    1
    0.298777207897887394E+02   -0.637334803141368684E+04   -0.620515351937697535E+01    1
    0.297952494556512306E+02   -0.592819236818641548E+04   -0.621515351937697247E+01    1
    0.253340816497802734E+02   -0.586375133952541728E+04   -0.622515351937697314E+01    1
    0.253416383266448975E+02   -0.582398698962602430E+04   -0.623515351937697559E+01    1
    0.253520429005305949E+02   -0.576945799742797681E+04   -0.624515351937698071E+01    1
    0.253542517371749057E+02   -0.575791478682607521E+04   -0.625515351937697694E+01    1
    0.297420932428653870E+02   -0.564981266453918943E+04   -0.626515351937697407E+01    1
    0.297189068794250488E+02   -0.553048261415373599E+04   -0.627515351937697385E+01    1
    0.297091920502230558E+02   -0.548086333981824191E+04   -0.628515351937697986E+01    1
    0.254124391078948975E+02   -0.545799576018894186E+04   -0.629515351937697432E+01    1
    0.296340847015380859E+02   -0.510479451506768874E+04   -0.630515351937697766E+01    1
    0.254992910424485224E+02   -0.502525379959670136E+04   -0.631515351937697567E+01    1
    0.255074481684986267E+02   -0.498552892580428852E+04   -0.632515351937697190E+01    1
    0.255441951826093216E+02   -0.480852746730000763E+04   -0.633515351937697790E+01    1
    0.295611051129861764E+02   -0.475218397049141095E+04   -0.634515351937697858E+01    1
    0.295370879357902538E+02   -0.463890187147108281E+04   -0.635515351937697659E+01    1
    0.255860092923061977E+02   -0.461101102861732306E+04   -0.636515351937697371E+01    1
    0.295213523819963015E+02   -0.456542292483987876E+04   -0.637515351937697350E+01    1
    0.295126760005950928E+02   -0.452515852847637507E+04   -0.638515351937697861E+01    1
    0.295054822839850530E+02   -0.449190998127705916E+04   -0.639515351937698195E+01    1
    0.256129789352416992E+02   -0.448581295993462663E+04   -0.640515351937697730E+01    1
    0.294740927219390869E+02   -0.434826587743655273E+04   -0.641515351937697620E+01    1
    0.256607615947723389E+02   -0.426822892774669708E+04   -0.642515351937697776E+01    1
    0.257074125274474454E+02   -0.406101783910764289E+04   -0.643515351937697222E+01    1
    0.257162072822622001E+02   -0.402253160774114167E+04   -0.644515351937697556E+01    1
    0.293706035614013672E+02   -0.389121932165346107E+04   -0.645515351937697535E+01    1
    0.257809174060821533E+02   -0.374499274213754597E+04   -0.646515351937697513E+01    1
    0.257965760704192490E+02   -0.367932444154340101E+04   -0.647515351937697048E+01    1
    0.258046432338612348E+02   -0.364571965863313653E+04   -0.648515351937697559E+01    1
    0.292845929235987583E+02   -0.353067529716047284E+04   -0.649515351937697538E+01    1
    0.292592543717950377E+02   -0.342780258874902029E+04   -0.650515351937697694E+01    1
    0.292539298534393311E+02   -0.340637886094089754E+04   -0.651515351937697318E+01    1
    0.258712553312399436E+02   -0.337413238392991934E+04   -0.652515351937697652E+01    1
    0.258819806575775146E+02   -0.333138640444865359E+04   -0.653515351937697631E+01    1
    0.258850497470696048E+02   -0.331920465312701663E+04   -0.654515351937697609E+01    1
    0.258886366600351678E+02   -0.330499585641477233E+04   -0.655515351937696966E+01    1
    0.292198050022125244E+02   -0.327066910524666855E+04   -0.656515351937697567E+01    1
    0.259515380859375000E+02   -0.306078020871741091E+04   -0.657515351937698256E+01    1
    0.259688627719879150E+02   -0.299516360777702175E+04   -0.658515351937698501E+01    1
    0.259879698639840342E+02   -0.292362094936196536E+04   -0.659515351937696881E+01    1
    0.259992312978381186E+02   -0.288185996794804669E+04   -0.660515351937696948E+01    1
    0.290937563708254778E+02   -0.279331183292199376E+04   -0.661515351937697371E+01    1
    0.290752858473081695E+02   -0.272652494486338128E+04   -0.662515351937697705E+01    1
    0.290430749741280607E+02   -0.261198899053062678E+04   -0.663515351937697861E+01    1
    0.260764979673476169E+02   -0.260343484573176647E+04   -0.664515351937698107E+01    1
    0.290237116914434310E+02   -0.254431989472859323E+04   -0.665515351937697286E+01    1
    0.261010241508483887E+02   -0.251801436695187476E+04   -0.666515351937697353E+01    1
    0.290138456339863211E+02   -0.251018253332147378E+04   -0.667515351937697510E+01    1
    0.261227409590255810E+02   -0.244356828449812338E+04   -0.668515351937697488E+01    1
    0.261363069923240374E+02   -0.239763048007456291E+04   -0.669515351937697734E+01    1
    0.261519598960876465E+02   -0.234516791443768625E+04   -0.670515351937697446E+01    1
    0.261583066795726040E+02   -0.232406134488126645E+04   -0.671515351937697247E+01    1
    0.289516978621941945E+02   -0.230044871233779122E+04   -0.672515351937697314E+01    1
    0.261725473403930664E+02   -0.227705061726354870E+04   -0.673515351937697382E+01    1
    0.261836061419171280E+02   -0.224087520499487755E+04   -0.674515351937697183E+01    1
    0.288984751701354980E+02   -0.212810989018505916E+04   -0.675515351937697428E+01    1
    0.288755790924887705E+02   -0.205603565625402780E+04   -0.676515351937697584E+01    1
    0.262434828281402588E+02   -0.205003959749875230E+04   -0.677515351937697829E+01    1
    0.262449164701428472E+02   -0.204557451385445302E+04   -0.678515351937697098E+01    1
    0.262471530281248775E+02   -0.203861847072321871E+04   -0.679515351937697432E+01    1
    0.262483000755310059E+02   -0.203505557326622056E+04   -0.680515351937697410E+01    1
    0.288669049739837646E+02   -0.202905497031597747E+04   -0.681515351937697567E+01    1
    0.288541784600840536E+02   -0.198979206702546526E+04   -0.682515351937697723E+01    1
    0.288198316036075148E+02   -0.188574326970333186E+04   -0.683515351937697613E+01    1
    0.287882876396179199E+02   -0.179264796202334560E+04   -0.684515351937697059E+01    1
    0.287634050846099854E+02   -0.172087587497404729E+04   -0.685515351937697126E+01    1
    0.287473473918782787E+02   -0.167533740826001667E+04   -0.686515351937697371E+01    1
    0.263804079727616525E+02   -0.164556614500852356E+04   -0.687515351937697083E+01    1
    0.263949203030712951E+02   -0.160530090920187058E+04   -0.688515351937697062E+01    1
    0.287021471858924819E+02   -0.155043338905056521E+04   -0.689515351937697307E+01    1
    0.286949052734333812E+02   -0.153087140634112984E+04   -0.690515351937697019E+01    1
    0.264374073976585251E+02   -0.149028744783326647E+04   -0.691515351937697176E+01    1
    0.264385042502498493E+02   -0.148737488379659362E+04   -0.692515351937697421E+01    1
    0.286513306365698952E+02   -0.141579031726623884E+04   -0.693515351937697400E+01    1
    0.265075635492404835E+02   -0.130973620427986407E+04   -0.694515351937697556E+01    1
    0.265210988478724019E+02   -0.127624438324304333E+04   -0.695515351937697623E+01    1
    0.285841034821073201E+02   -0.124706803953245253E+04   -0.696515351937697869E+01    1
    0.265743664719510164E+02   -0.114865466159240532E+04   -0.697515351937697670E+01    1
    0.285401976476578305E+02   -0.114265711941472091E+04   -0.698515351937697471E+01    1
    0.285378746338147558E+02   -0.113726007679509257E+04   -0.699515351937697627E+01    1
    0.265867413405483646E+02   -0.111997607926374167E+04   -0.700515351937697339E+01    1
    0.265910802120813088E+02   -0.111000672556422592E+04   -0.701515351937697229E+01    1
    0.285202920936485285E+02   -0.109682534289252567E+04   -0.702515351937697385E+01    1
    0.284945788960965309E+02   -0.103901145233614579E+04   -0.703515351937696920E+01    1
    0.284870415788859930E+02   -0.102236138109434910E+04   -0.704515351937696899E+01    1
    0.266320586204528809E+02   -0.101805150120992187E+04   -0.705515351937697233E+01    1
    0.284815786235707904E+02   -0.101037775678293883E+04   -0.706515351937697300E+01    1
    0.266439430288876551E+02   -0.992127318854815030E+03   -0.707515351937697190E+01    1
    0.284715588724983490E+02   -0.988582073773305638E+03   -0.708515351937697524E+01    1
    0.284690943725149381E+02   -0.983257569139771590E+03   -0.709515351937697947E+01    1
    0.266526947458085139E+02   -0.973250641707735667E+03   -0.710515351937697481E+01    1
    0.284597765517786669E+02   -0.963256670124265156E+03   -0.711515351937697194E+01    1
    0.284559341894567979E+02   -0.955068868547337502E+03   -0.712515351937697261E+01    1
    0.266695261001586914E+02   -0.937457071030205611E+03   -0.713515351937696796E+01    1
    0.266721553038341241E+02   -0.931926425216965754E+03   -0.714515351937696508E+01    1
    0.266751653093679479E+02   -0.925614856591492980E+03   -0.715515351937696753E+01    1
    0.266952792520995672E+02   -0.883989740363103010E+03   -0.716515351937696821E+01    1
    0.283861139992014060E+02   -0.812380526839016966E+03   -0.717515351937696444E+01    1
    0.283776051486196224E+02   -0.795781027192839247E+03   -0.718515351937696511E+01    1
    0.283743548117548308E+02   -0.789485388504325215E+03   -0.719515351937696845E+01    1
    0.267441105842590332E+02   -0.786923788543803084E+03   -0.720515351937697446E+01    1
    0.267453526455773769E+02   -0.784528530811492260E+03   -0.721515351937697869E+01    1
    0.283706650464887460E+02   -0.782368951991293443E+03   -0.722515351937697670E+01    1
    0.267470612708524982E+02   -0.781239499351923087E+03   -0.723515351937696849E+01    1
    0.267500138282775879E+02   -0.775572256625024238E+03   -0.724515351937696384E+01    1
    0.267582304594129496E+02   -0.759909697215808364E+03   -0.725515351937697073E+01    1
    0.283495721889487555E+02   -0.742306568911795239E+03   -0.726515351937697051E+01    1
    0.283487660149663263E+02   -0.740796291982207777E+03   -0.727515351937696853E+01    1
    0.283486821238122282E+02   -0.740639219739817122E+03   -0.728515351937696742E+01    1
    0.283434524891268680E+02   -0.730880520713956912E+03   -0.729515351937696988E+01    1
    0.267917036990253585E+02   -0.697756306186847951E+03   -0.730515351937697766E+01    1
    0.268118693981207663E+02   -0.661594015155899569E+03   -0.731515351937697655E+01    1
    0.268214684636429546E+02   -0.644718929886321121E+03   -0.732515351937697723E+01    1
    0.268291184808952679E+02   -0.631426596722446902E+03   -0.733515351937697524E+01    1
    0.268316155948230417E+02   -0.627117742348369347E+03   -0.734515351937696614E+01    1
    0.282786870263144898E+02   -0.615396647079266245E+03   -0.735515351937696948E+01    1
    0.268447065805776361E+02   -0.604770576974745836E+03   -0.736515351937697105E+01    1
    0.268512800692005200E+02   -0.593702354617794754E+03   -0.737515351937696906E+01    1
    0.268517947196960449E+02   -0.592840125175617459E+03   -0.738515351937697240E+01    1
    0.268534583970978353E+02   -0.590057145491658275E+03   -0.739515351937697218E+01    1
    0.268671227499423182E+02   -0.567447730658814976E+03   -0.740515351937697464E+01    1
    0.268689943882924105E+02   -0.564385317285639985E+03   -0.741515351937697265E+01    1
    0.268709359757368951E+02   -0.561217223598622013E+03   -0.742515351937696799E+01    1
    0.268754147620441408E+02   -0.553943244599285663E+03   -0.743515351937697044E+01    1
    0.268844552190001025E+02   -0.539405479631054277E+03   -0.744515351937697023E+01    1
    0.268910208249520792E+02   -0.528968866906396897E+03   -0.745515351937696646E+01    1
    0.282166307386955353E+02   -0.514067925905997754E+03   -0.746515351937696536E+01    1
    0.282165130454368480E+02   -0.513884419905621598E+03   -0.747515351937696515E+01    1
    0.282146883010864258E+02   -0.511043498543179624E+03   -0.748515351937696671E+01    1
    0.269030526237708223E+02   -0.510108364841926686E+03   -0.749515351937696561E+01    1
    0.269032266225766854E+02   -0.509838128455968615E+03   -0.750515351937696362E+01    1
    0.269254018929429151E+02   -0.475985046875961302E+03   -0.751515351937696874E+01    1
    0.281876275187371732E+02   -0.469839017905529772E+03   -0.752515351937696853E+01    1
    0.281795008063416255E+02   -0.457803565902068726E+03   -0.753515351937696742E+01    1
    0.269387892545811880E+02   -0.456111777441997333E+03   -0.754515351937696721E+01    1
    0.269445174775546050E+02   -0.447738077998058770E+03   -0.755515351937696877E+01    1
    0.269461137416789143E+02   -0.445418460420062388E+03   -0.756515351937697211E+01    1
    0.281508690405325375E+02   -0.416647601205290982E+03   -0.757515351937696835E+01    1
    0.281418499617320208E+02   -0.404085694080621920E+03   -0.758515351937696991E+01    1
    0.281402120842421013E+02   -0.401825114200974213E+03   -0.759515351937697325E+01    1
    0.269792579142684019E+02   -0.398619091688327785E+03   -0.760515351937697126E+01    1
    0.281353912009656071E+02   -0.395208276659542378E+03   -0.761515351937696572E+01    1
    0.269895977740128679E+02   -0.384551976765103404E+03   -0.762515351937696639E+01    1
    0.269938848692277240E+02   -0.378793788075769498E+03   -0.763515351937696973E+01    1
    0.281222341800886397E+02   -0.377430032247649876E+03   -0.764515351937696952E+01    1
    0.269991549544213960E+02   -0.371774976213477771E+03   -0.765515351937697019E+01    1
    0.281138007572693880E+02   -0.366250213167735865E+03   -0.766515351937697087E+01    1
    0.280878821679453381E+02   -0.332945959307470901E+03   -0.767515351937697066E+01    1
    0.270331056253190773E+02   -0.328136380190751424E+03   -0.768515351937697044E+01    1
    0.280837513600035535E+02   -0.327785117660862397E+03   -0.769515351937697201E+01    1
    0.280790039283516748E+02   -0.321903832188882348E+03   -0.770515351937697446E+01    1
    0.280681231467124306E+02   -0.308625806960189891E+03   -0.771515351937697069E+01    1
    0.280580503659594953E+02   -0.296583863086400982E+03   -0.772515351937696959E+01    1
    0.280545559851896513E+02   -0.292462523096038126E+03   -0.773515351937697382E+01    1
    0.270695273606981210E+02   -0.284358310969878289E+03   -0.774515351937697538E+01    1
    0.280468237001271739E+02   -0.283445766114686990E+03   -0.775515351937697517E+01    1
    0.270718929369256927E+02   -0.281623653586612932E+03   -0.776515351937697407E+01    1
    0.280433678627014160E+02   -0.279461660905841200E+03   -0.777515351937697297E+01    1
    0.280352544840159332E+02   -0.270219262055712306E+03   -0.778515351937696565E+01    1
    0.280293649444499806E+02   -0.263607871951978041E+03   -0.779515351937696011E+01    1
    0.280010879039764404E+02   -0.233009720830194425E+03   -0.780515351937696522E+01    1
    0.271199488639831543E+02   -0.228940767644602090E+03   -0.781515351937697123E+01    1
    0.279904869241190752E+02   -0.222026868654134262E+03   -0.782515351937697279E+01    1
    0.279887327271435709E+02   -0.220235159800163956E+03   -0.783515351937697524E+01    1
    0.271317620770751908E+02   -0.216828084254703413E+03   -0.784515351937695993E+01    1
    0.279804669617187045E+02   -0.211890766066333015E+03   -0.785515351937696593E+01    1
    0.279754156213066594E+02   -0.206871074543640333E+03   -0.786515351937697016E+01    1
    0.279748619601487043E+02   -0.206324559042841372E+03   -0.787515351937697172E+01    1
    0.271434970569177310E+02   -0.205123019268599847E+03   -0.788515351937697417E+01    1
    0.279701108340902138E+02   -0.201664613028343808E+03   -0.789515351937696952E+01    1
    0.279614779147753971E+02   -0.193334264830169047E+03   -0.790515351937697019E+01    1
    0.271580449968740893E+02   -0.191065183938706070E+03   -0.791515351937696643E+01    1
    0.279440583125383526E+02   -0.177062880682137688E+03   -0.792515351937696444E+01    1
    0.271779059564501395E+02   -0.172682996861289553E+03   -0.793515351937696778E+01    1
    0.279309400143410329E+02   -0.165283911896155075E+03   -0.794515351937696490E+01    1
    0.279278833441674195E+02   -0.162597894199763061E+03   -0.795515351937696735E+01    1
    0.272001160671396036E+02   -0.153233638845634005E+03   -0.796515351937696447E+01    1
    0.272041648195300922E+02   -0.149814114593285922E+03   -0.797515351937695893E+01    1
    0.272046641226069710E+02   -0.149395100118662981E+03   -0.798515351937696582E+01    1
    0.279122287608109225E+02   -0.149188633860277719E+03   -0.799515351937696650E+01    1
    0.272067844013093492E+02   -0.147622345676562134E+03   -0.800515351937696096E+01    1
    0.279069674015045166E+02   -0.144812288366772293E+03   -0.801515351937696785E+01    1
    0.279059946537017822E+02   -0.144010351394483621E+03   -0.802515351937697652E+01    1
    0.272129376865414727E+02   -0.142537931769372108E+03   -0.803515351937696920E+01    1
    0.278960481098549309E+02   -0.135939062057519692E+03   -0.804515351937696543E+01    1
    0.278952551593481246E+02   -0.135305698644335564E+03   -0.805515351937697233E+01    1
    0.278950860076571772E+02   -0.135170782783437687E+03   -0.806515351937697034E+01    1
    0.278903685958755396E+02   -0.131435473669153396E+03   -0.807515351937696657E+01    1
    0.272309479772339955E+02   -0.128171774488528769E+03   -0.808515351937696636E+01    1
    0.278840737352248489E+02   -0.126533250128122290E+03   -0.809515351937696259E+01    1
    0.278761797270188687E+02   -0.120518369614652642E+03   -0.810515351937696593E+01    1
    0.278709511922279631E+02   -0.116615750803588810E+03   -0.811515351937696572E+01    1
    0.272465124197622259E+02   -0.116375719728467701E+03   -0.812515351937696728E+01    1
    0.278697583737322816E+02   -0.115734496759199601E+03   -0.813515351937696707E+01    1
    0.272478591322440877E+02   -0.115382049728255438E+03   -0.814515351937696508E+01    1
    0.272573244901600802E+02   -0.108519299588567293E+03   -0.815515351937696664E+01    1
    0.278550496023475951E+02   -0.105144773508867331E+03   -0.816515351937696643E+01    1
    0.272646387521613462E+02   -0.103361586960132897E+03   -0.817515351937696622E+01    1
    0.272798437424596010E+02   -0.930453396370454868E+02   -0.818515351937696600E+01    1
    0.278360509872436523E+02   -0.922252672963432616E+02   -0.819515351937696224E+01    1
    0.278344145596465822E+02   -0.911524656336510759E+02   -0.820515351937696558E+01    1
    0.278316523799612554E+02   -0.893560434960831174E+02   -0.821515351937696714E+01    1
    0.272863213325355360E+02   -0.888168437587107462E+02   -0.822515351937696693E+01    1
    0.272906809953179135E+02   -0.860268838045763715E+02   -0.823515351937696671E+01    1
    0.272919485376046929E+02   -0.852241727070343416E+02   -0.824515351937696295E+01    1
    0.272971969600729665E+02   -0.819409618568986673E+02   -0.825515351937696096E+01    1
    0.278150876856804601E+02   -0.789622662402028368E+02   -0.826515351937696252E+01    1
    0.278099390745663335E+02   -0.758641410648691021E+02   -0.827515351937696408E+01    1
    0.273077285289764404E+02   -0.755497160903919109E+02   -0.828515351937696565E+01    1
    0.273104260021102156E+02   -0.739549919274269598E+02   -0.829515351937696543E+01    1
    0.278054738044738770E+02   -0.732280708407186864E+02   -0.830515351937696344E+01    1
    0.277964402375785369E+02   -0.680395850115918677E+02   -0.831515351937696146E+01    1
    0.277953707874423941E+02   -0.674381408806483336E+02   -0.832515351937696302E+01    1
    0.277932584115919354E+02   -0.662581328140472294E+02   -0.833515351937696813E+01    1
    0.277925050190621867E+02   -0.658398333121340045E+02   -0.834515351937696437E+01    1
    0.273250843086552884E+02   -0.655905384063906212E+02   -0.835515351937696593E+01    1
    0.273258127588241635E+02   -0.651881433770147112E+02   -0.836515351937696927E+01    1
    0.273258949568038219E+02   -0.651428162551283236E+02   -0.837515351937696906E+01    1
    0.277884492930759812E+02   -0.636111169683274014E+02   -0.838515351937696174E+01    1
    0.277856742318583230E+02   -0.621086145846612894E+02   -0.839515351937695975E+01    1
    0.273342408373869716E+02   -0.606239150666808939E+02   -0.840515351937696487E+01    1
    0.277821273643299094E+02   -0.602147994265392867E+02   -0.841515351937696821E+01    1
    0.273356462624178889E+02   -0.598791808392040252E+02   -0.842515351937696266E+01    1
    0.277805231238564971E+02   -0.593680215940851355E+02   -0.843515351937695534E+01    1
    0.273377804301790377E+02   -0.587572360982689332E+02   -0.844515351937695691E+01    1
    0.273387690854100889E+02   -0.582411520515020698E+02   -0.845515351937696202E+01    1
    0.273397411629073375E+02   -0.577359798730643021E+02   -0.846515351937696536E+01    1
    0.273405713970491071E+02   -0.573062941282792622E+02   -0.847515351937696160E+01    1
    0.273408493054277599E+02   -0.571628281650296231E+02   -0.848515351937696316E+01    1
    0.273420378573638132E+02   -0.565513213958126784E+02   -0.849515351937696295E+01    1
    0.273459228983339848E+02   -0.545758318102893014E+02   -0.850515351937696629E+01    1
    0.277709266225710607E+02   -0.544299816248692991E+02   -0.851515351937696785E+01    1
    0.273465063995897495E+02   -0.542822187148771746E+02   -0.852515351937696408E+01    1
    0.273469122185644089E+02   -0.540784895762063087E+02   -0.853515351937696032E+01    1
    0.273481744731841800E+02   -0.534473074468438938E+02   -0.854515351937695655E+01    1
    0.277687760984819327E+02   -0.533533240141930349E+02   -0.855515351937696344E+01    1
    0.273486868486717185E+02   -0.531921747526896382E+02   -0.856515351937696323E+01    1
    0.277579320235594267E+02   -0.480912033096702700E+02   -0.857515351937696124E+01    1
    0.277572249444069499E+02   -0.477577678414130276E+02   -0.858515351937696103E+01    1
    0.273652691510619590E+02   -0.452710200257787250E+02   -0.859515351937696259E+01    1
    0.277516209425969294E+02   -0.451570061753290588E+02   -0.860515351937696771E+01    1
    0.273667173897294376E+02   -0.446101527059602390E+02   -0.861515351937696039E+01    1
    0.273671626008013931E+02   -0.444079905816900435E+02   -0.862515351937695662E+01    1
    0.277493477491764722E+02   -0.441232549562809311E+02   -0.863515351937696352E+01    1
    0.273682487342171612E+02   -0.439167680544438497E+02   -0.864515351937696508E+01    1
    0.277483300197778107E+02   -0.436644032993698517E+02   -0.865515351937695954E+01    1
    0.273705982114632604E+02   -0.428637400316031716E+02   -0.866515351937696288E+01    1
    0.273712647220070409E+02   -0.425673938338927442E+02   -0.867515351937696266E+01    1
    0.273721661451946403E+02   -0.421682745213689003E+02   -0.868515351937696423E+01    1
    0.277439654606931434E+02   -0.417244382639403497E+02   -0.869515351937696934E+01    1
    0.277437647980649231E+02   -0.416363328212464765E+02   -0.870515351937696735E+01    1
    0.273802522235531498E+02   -0.386741389653980079E+02   -0.871515351937696181E+01    1
    0.273813376095761463E+02   -0.382169188084858433E+02   -0.872515351937695982E+01    1
    0.277357924726871445E+02   -0.382131021476398729E+02   -0.873515351937696316E+01    1
    0.277336312313103761E+02   -0.373110365505221253E+02   -0.874515351937695762E+01    1
    0.273838871746241672E+02   -0.371538915816227728E+02   -0.875515351937695741E+01    1
    0.273839884818402339E+02   -0.371119702692159024E+02   -0.876515351937696252E+01    1
    0.277329921722412109E+02   -0.370464243527686961E+02   -0.877515351937696231E+01    1
    0.277327916018046210E+02   -0.369635746151678859E+02   -0.878515351937696209E+01    1
    0.273846079719106612E+02   -0.368561519555682651E+02   -0.879515351937696188E+01    1
    0.277324383281762721E+02   -0.368178795025886672E+02   -0.880515351937695812E+01    1
    0.273853067952393054E+02   -0.365686644961709533E+02   -0.881515351937695790E+01    1
    0.277314932111060770E+02   -0.364295535561186412E+02   -0.882515351937695769E+01    1
    0.277303451639830314E+02   -0.359606956260844157E+02   -0.883515351937695925E+01    1
    0.277281758786238726E+02   -0.350832940486899147E+02   -0.884515351937695904E+01    1
    0.273892583925183857E+02   -0.349647975964466937E+02   -0.885515351937696238E+01    1
    0.273900974764198537E+02   -0.346289943927033832E+02   -0.886515351937696394E+01    1
    0.273904934217586948E+02   -0.344711155732590839E+02   -0.887515351937696018E+01    1
    0.273915573572158699E+02   -0.340487233287839501E+02   -0.888515351937696174E+01    1
    0.273973965126702410E+02   -0.317782812203801086E+02   -0.889515351937696330E+01    1
    0.274005818367004395E+02   -0.305737877173148647E+02   -0.890515351937696309E+01    1
    0.274015239369059174E+02   -0.302221503946748058E+02   -0.891515351937696288E+01    1
    0.274017689379187779E+02   -0.301310487626931405E+02   -0.892515351937696089E+01    1
    0.274030414221114853E+02   -0.296601736758350896E+02   -0.893515351937696423E+01    1
    0.274044244332771925E+02   -0.291527499850874712E+02   -0.894515351937696579E+01    1
    0.277116183083396947E+02   -0.287536935630573574E+02   -0.895515351937696202E+01    1
    0.274067759533430362E+02   -0.283003871699057257E+02   -0.896515351937696181E+01    1
    0.274100848795681529E+02   -0.271231814671055034E+02   -0.897515351937695982E+01    1
    0.274104539534174449E+02   -0.269934855855713103E+02   -0.898515351937695428E+01    1
    0.277025222727147664E+02   -0.255529422337180137E+02   -0.899515351937695407E+01    1
    0.277000419949648879E+02   -0.247141898935229669E+02   -0.900515351937695741E+01    1
    0.276995353263258295E+02   -0.245446434621109759E+02   -0.901515351937696252E+01    1
    0.276971040295461322E+02   -0.237395221087727819E+02   -0.902515351937696408E+01    1
    0.274204725144222436E+02   -0.235961728920847094E+02   -0.903515351937696032E+01    1
    0.274218087769673602E+02   -0.231610206188554137E+02   -0.904515351937695833E+01    1
    0.274229054195653141E+02   -0.228070613414999741E+02   -0.905515351937695989E+01    1
    0.276905544326428661E+02   -0.216403208232170705E+02   -0.906515351937695790E+01    1
    0.276835391185833508E+02   -0.195046003327273709E+02   -0.907515351937695591E+01    1
    0.276827492564873090E+02   -0.192714414055539329E+02   -0.908515351937695925E+01    1
    0.276819130107318720E+02   -0.190262016208561562E+02   -0.909515351937696437E+01    1
    0.274354899839377993E+02   -0.189491756682509163E+02   -0.910515351937696060E+01    1
    0.274377494042827479E+02   -0.182962710842164427E+02   -0.911515351937695506E+01    1
    0.274384425218586543E+02   -0.180984055528890373E+02   -0.912515351937696195E+01    1
    0.276782474064045374E+02   -0.179707675762646346E+02   -0.913515351937696529E+01    1
    0.274422047861910272E+02   -0.170442449606004232E+02   -0.914515351937696153E+01    1
    0.276720603200780353E+02   -0.162615496905567483E+02   -0.915515351937696131E+01    1
    0.276704361633487252E+02   -0.158278981820326550E+02   -0.916515351937695577E+01    1
    0.274473147772512789E+02   -0.156661755909837037E+02   -0.917515351937695733E+01    1
    0.276697846902091840E+02   -0.156557106518375591E+02   -0.918515351937696067E+01    1
    0.276680374310249917E+02   -0.151988672212095466E+02   -0.919515351937696046E+01    1
    0.276676460375612407E+02   -0.150975240899748435E+02   -0.920515351937696202E+01    1
    0.274499825211817523E+02   -0.149713179713356865E+02   -0.921515351937696536E+01    1
    0.274501218710860400E+02   -0.149354854575349538E+02   -0.922515351937696337E+01    1
    0.276665581669631742E+02   -0.148177494279032818E+02   -0.923515351937695961E+01    1
    0.274513352680317091E+02   -0.146254166116411568E+02   -0.924515351937695584E+01    1
    0.276655617849581361E+02   -0.145639639410775423E+02   -0.925515351937695918E+01    1
    0.276650653566500395E+02   -0.144383981843109197E+02   -0.926515351937696607E+01    1
    0.276632280858547617E+02   -0.139787618906457460E+02   -0.927515351937695876E+01    1
    0.276608874512535792E+02   -0.134047833580656395E+02   -0.928515351937695499E+01    1
    0.276601368189329158E+02   -0.132234598895088240E+02   -0.929515351937696188E+01    1
    0.276601297775189501E+02   -0.132217652797135585E+02   -0.930515351937696522E+01    1
    0.276587871089769166E+02   -0.129007813530941498E+02   -0.931515351937695790E+01    1
    0.274586574049199328E+02   -0.128283808966181567E+02   -0.932515351937696657E+01    1
    0.276576782727229542E+02   -0.126389189803601738E+02   -0.933515351937696458E+01    1
    0.274603510176236014E+02   -0.124308167132695253E+02   -0.934515351937696082E+01    1
    0.274608820081784692E+02   -0.123075697792564220E+02   -0.935515351937695883E+01    1
    0.276554306344984155E+02   -0.121170557617542336E+02   -0.936515351937696394E+01    1
    0.274634746169312294E+02   -0.117154003772797495E+02   -0.937515351937696728E+01    1
    0.276535370989895846E+02   -0.116866996280998414E+02   -0.938515351937696352E+01    1
    0.274641382369453524E+02   -0.115663852809414287E+02   -0.939515351937695797E+01    1
    0.276517678634951949E+02   -0.112922717653585281E+02   -0.940515351937695776E+01    1
    0.276515813405542090E+02   -0.112511211245206084E+02   -0.941515351937695755E+01    1
    0.274659775981002667E+02   -0.111588135266408255E+02   -0.942515351937696089E+01    1
    0.274664645616926961E+02   -0.110522526881197187E+02   -0.943515351937695712E+01    1
    0.274667468935238688E+02   -0.109907281600309972E+02   -0.944515351937694980E+01    1
    0.276496703998972464E+02   -0.108342787024808302E+02   -0.945515351937695137E+01    1
    0.274686997067575618E+02   -0.105703509648996015E+02   -0.946515351937695826E+01    1
    0.274687543329211792E+02   -0.105587216505102841E+02   -0.947515351937695982E+01    1
    0.274704043737472254E+02   -0.102107784978421936E+02   -0.948515351937695605E+01    1
    0.276467164407113444E+02   -0.102069440468378456E+02   -0.949515351937695584E+01    1
    0.274714060723944193E+02   -0.100026979750130707E+02   -0.950515351937695741E+01    1
    0.276456260816019821E+02   -0.998060825520885508E+01   -0.951515351937695897E+01    1
    0.276452033535880872E+02   -0.989361656358442509E+01   -0.952515351937695876E+01    1
    0.274738345969695530E+02   -0.950809598130171452E+01   -0.953515351937695854E+01    1
    0.274778892211075600E+02   -0.871346098792788304E+01   -0.954515351937695833E+01    1
    0.276390101129298955E+02   -0.866767754984758909E+01   -0.955515351937695989E+01    1
    0.276389093229313332E+02   -0.864847798215244268E+01   -0.956515351937696323E+01    1
    0.276384766177441250E+02   -0.856632512798166701E+01   -0.957515351937696302E+01    1
    0.276371750389164532E+02   -0.832188346870536222E+01   -0.958515351937695215E+01    1
    0.276359749825890226E+02   -0.810006499792408441E+01   -0.959515351937695371E+01    1
    0.274821220288291919E+02   -0.792546651012170233E+01   -0.960515351937695527E+01    1
    0.276342746302148612E+02   -0.779161482847176856E+01   -0.961515351937695861E+01    1
    0.274852529056508459E+02   -0.736992646848119737E+01   -0.962515351937695662E+01    1
    0.276316294398140414E+02   -0.732538647518197994E+01   -0.963515351937695286E+01    1
    0.276307618134110626E+02   -0.717607389581492505E+01   -0.964515351937695797E+01    1
    0.274864425974163922E+02   -0.716491859407230169E+01   -0.965515351937696309E+01    1
    0.276304996456838410E+02   -0.713130754961996249E+01   -0.966515351937695755E+01    1
    0.276297864730954359E+02   -0.701035417048049325E+01   -0.967515351937695556E+01    1
    0.276281037970500805E+02   -0.672975035072294414E+01   -0.968515351937696067E+01    1
    0.276256570611005507E+02   -0.633370217358480581E+01   -0.969515351937696224E+01    1
    0.274915253462267088E+02   -0.632683107466169758E+01   -0.970515351937696025E+01    1
    0.274917679019387293E+02   -0.628836676685747342E+01   -0.971515351937696003E+01    1
    0.276252787802684985E+02   -0.627373674900652745E+01   -0.972515351937696160E+01    1
    0.274921490048585468E+02   -0.622821334254243375E+01   -0.973515351937696316E+01    1
    0.276246241369840391E+02   -0.617076324595064207E+01   -0.974515351937696295E+01    1
    0.274929511547088623E+02   -0.610272625509368982E+01   -0.975515351937696273E+01    1
    0.274932068283143138E+02   -0.606304950524207520E+01   -0.976515351937695542E+01    1
    0.276238981485189257E+02   -0.605775489311620863E+01   -0.977515351937695698E+01    1
    0.276237746280121890E+02   -0.603865184496834928E+01   -0.978515351937696209E+01    1
    0.274947177289621685E+02   -0.583174248734598422E+01   -0.979515351937696011E+01    1
    0.274951585236988869E+02   -0.576527954760840267E+01   -0.980515351937695812E+01    1
    0.276213611211401684E+02   -0.567264587374434992E+01   -0.981515351937695613E+01    1
    0.276208311210751560E+02   -0.559412022072141824E+01   -0.982515351937695769E+01    1
    0.274970588504101485E+02   -0.548401968266296969E+01   -0.983515351937696103E+01    1
    0.274975350173136910E+02   -0.541488481348106632E+01   -0.984515351937696082E+01    1
    0.274977824513038769E+02   -0.537917189920292582E+01   -0.985515351937696060E+01    1
    0.276185480586176446E+02   -0.526346724430485491E+01   -0.986515351937695506E+01    1
    0.276182845474335217E+02   -0.522609831495300270E+01   -0.987515351937695307E+01    1
    0.276173704425561439E+02   -0.509774306996792337E+01   -0.988515351937695641E+01    1
    0.276171936347159139E+02   -0.507314488782089246E+01   -0.989515351937695975E+01    1
    0.276170243599680099E+02   -0.504966414684079812E+01   -0.990515351937695954E+01    1
    0.275001220235992960E+02   -0.504866510824772874E+01   -0.991515351937695577E+01    1
    0.276169260930610641E+02   -0.503606432094476553E+01   -0.992515351937695911E+01    1
    0.275003553076051084E+02   -0.501642065230106837E+01   -0.993515351937696067E+01    1
    0.276167283612974508E+02   -0.500876822051283987E+01   -0.994515351937695513E+01    1
    0.276165572765543601E+02   -0.498522539645877227E+01   -0.995515351937695492E+01    1
    0.276164112221217941E+02   -0.496518185082870112E+01   -0.996515351937695826E+01    1
    0.276163618690558685E+02   -0.495842038810349806E+01   -0.997515351937695982E+01    1
    0.275011093728075373E+02   -0.491307605817873316E+01   -0.998515351937696138E+01    1
    0.276148766002155952E+02   -0.475763628948546202E+01   -0.999515351937695584E+01    1
    0.275022754843657680E+02   -0.475591344425508566E+01   -0.100051535193769503E+02    1
    0.276127468140426728E+02   -0.447884601436631513E+01   -0.100151535193769536E+02    1
    0.276125747766406597E+02   -0.445679539267572444E+01   -0.100251535193769570E+02    1
    0.275045743762098880E+02   -0.445551807807299038E+01   -0.100351535193769603E+02    1
    0.275049167766827978E+02   -0.441184823186071817E+01   -0.100451535193769637E+02    1
    0.276097289945998305E+02   -0.410221682482407779E+01   -0.100551535193769475E+02    1
    0.276091282307779906E+02   -0.402981607099406869E+01   -0.100651535193769543E+02    1
    0.275080852099599689E+02   -0.402092483381918342E+01   -0.100751535193769577E+02    1
    0.276088214403693364E+02   -0.399317325688750691E+01   -0.100851535193769539E+02    1
    0.276086932193112453E+02   -0.397792471556085481E+01   -0.100951535193769484E+02    1
    0.275086365703271696E+02   -0.395532756685796549E+01   -0.101051535193769499E+02    1
    0.275091587518682630E+02   -0.389386598053826027E+01   -0.101151535193769551E+02    1
    0.276077548035877527E+02   -0.386751062260927458E+01   -0.101251535193769566E+02    1
    0.276069898292353813E+02   -0.377904749955480668E+01   -0.101351535193769582E+02    1
    0.276064505168989243E+02   -0.371751377353398205E+01   -0.101451535193769562E+02    1
    0.276063426937422740E+02   -0.370529418365510832E+01   -0.101551535193769507E+02    1
    0.275108536463001698E+02   -0.369882634358848872E+01   -0.101651535193769487E+02    1
    0.276062515324108375E+02   -0.369498436883863501E+01   -0.101751535193769485E+02    1
    0.275114084377941772E+02   -0.363646256750653363E+01   -0.101851535193769500E+02    1
    0.276056154423202429E+02   -0.362359437074197688E+01   -0.101951535193769534E+02    1
    0.275115571191808321E+02   -0.361987330390676210E+01   -0.102051535193769531E+02    1
    0.275119831075812229E+02   -0.357263329275527353E+01   -0.102151535193769565E+02    1
    0.276047453214908813E+02   -0.352749127969607645E+01   -0.102251535193769545E+02    1
    0.275126807725655098E+02   -0.349619448578036929E+01   -0.102351535193769507E+02    1
    0.276040934723952915E+02   -0.345667128511554189E+01   -0.102451535193769541E+02    1
    0.275133193041057176E+02   -0.342724542883188654E+01   -0.102551535193769521E+02    1
    0.275140864909191123E+02   -0.334568182538606429E+01   -0.102651535193769536E+02    1
    0.275148951535322013E+02   -0.326121852853757410E+01   -0.102751535193769570E+02    1
    0.276015948160105040E+02   -0.319453203955315201E+01   -0.102851535193769532E+02    1
    0.275178789921784457E+02   -0.296296949621171013E+01   -0.102951535193769512E+02    1
    0.275989923795095926E+02   -0.293723340939637545E+01   -0.103051535193769492E+02    1
    0.275181692481290661E+02   -0.293508295289188226E+01   -0.103151535193769526E+02    1
    0.275185697861754974E+02   -0.289692879874610876E+01   -0.103251535193769541E+02    1
    0.275192060684211910E+02   -0.283709991771738190E+01   -0.103351535193769539E+02    1
    0.275975591581353967E+02   -0.280238597500415576E+01   -0.103451535193769555E+02    1
    0.275196881338896873E+02   -0.279241060129820706E+01   -0.103551535193769570E+02    1
    0.275965903065322280E+02   -0.271398698268630056E+01   -0.103651535193769533E+02    1
    0.275211190686309948E+02   -0.266300068460512485E+01   -0.103751535193769513E+02    1
    0.275954174828671803E+02   -0.260995333837901411E+01   -0.103851535193769564E+02    1
    0.275941551524081810E+02   -0.250162212911779136E+01   -0.103951535193769562E+02    1
    0.275940183678260880E+02   -0.249011023392796549E+01   -0.104051535193769507E+02    1
    0.275237101210455677E+02   -0.244101972980873372E+01   -0.104151535193769558E+02    1
    0.275930875304511183E+02   -0.241294767071413396E+01   -0.104251535193769538E+02    1
    0.275927814109876977E+02   -0.238802026342240747E+01   -0.104351535193769482E+02    1
    0.275923495165700814E+02   -0.235322860547363710E+01   -0.104451535193769534E+02    1
    0.275914350192513034E+02   -0.228101921830078336E+01   -0.104551535193769531E+02    1
    0.275257525681686630E+02   -0.227725142165880889E+01   -0.104651535193769529E+02    1
    0.275910264816915074E+02   -0.224940117931751526E+01   -0.104751535193769580E+02    1
    0.275267145310457657E+02   -0.220354312867875191E+01   -0.104851535193769543E+02    1
    0.275270209674069122E+02   -0.218052362382418741E+01   -0.104951535193769523E+02    1
    0.275899994026774209E+02   -0.217165918537545766E+01   -0.105051535193769539E+02    1
    0.275895466001146801E+02   -0.213817942933188965E+01   -0.105151535193769536E+02    1
    0.275894122119542615E+02   -0.212833640040105543E+01   -0.105251535193769499E+02    1
    0.275279601852998077E+02   -0.211135569290971636E+01   -0.105351535193769514E+02    1
    0.275890621732226826E+02   -0.210289932010521330E+01   -0.105451535193769512E+02    1
    0.275872824163001091E+02   -0.197805654331971947E+01   -0.105551535193769528E+02    1
    0.275872331572187264E+02   -0.197470796164072837E+01   -0.105651535193769543E+02    1
    0.275307767369616840E+02   -0.191646614066406973E+01   -0.105751535193769524E+02    1
    0.275310127671132463E+02   -0.190098782271665456E+01   -0.105851535193769575E+02    1
    0.275859645715009876E+02   -0.189045153990126980E+01   -0.105951535193769573E+02    1
    0.275312741039177382E+02   -0.188400395161253553E+01   -0.106051535193769570E+02    1
    0.275314964030552538E+02   -0.186968445650219461E+01   -0.106151535193769551E+02    1
    0.275316342316159712E+02   -0.186086497822066765E+01   -0.106251535193769495E+02    1
    0.275850667251892183E+02   -0.183312330230534237E+01   -0.106351535193769458E+02    1
    0.275320835288579744E+02   -0.183242754659320606E+01   -0.106451535193769526E+02    1
    0.275324750573122792E+02   -0.180803652400814285E+01   -0.106551535193769560E+02    1
    0.275326556923320815E+02   -0.179690596724537222E+01   -0.106651535193769540E+02    1
    0.275843058337408067E+02   -0.178603509326567278E+01   -0.106751535193769556E+02    1
    0.275331928554535175E+02   -0.176426331555069948E+01   -0.106851535193769500E+02    1
    0.275836984800473211E+02   -0.174943322792635847E+01   -0.106951535193769480E+02    1
    0.275835103220185189E+02   -0.173827132040331511E+01   -0.107051535193769549E+02    1
    0.275338265715653634E+02   -0.172663239357634590E+01   -0.107151535193769494E+02    1
    0.275338875501927269E+02   -0.172306158950920518E+01   -0.107251535193769456E+02    1
    0.275831758806133607E+02   -0.171863866903581064E+01   -0.107351535193769543E+02    1
    0.275826309853977492E+02   -0.168721947454649079E+01   -0.107451535193769505E+02    1
    0.275346535335098217E+02   -0.167895740933516824E+01   -0.107551535193769414E+02    1
    0.275350784778582280E+02   -0.165508934174022726E+01   -0.107651535193769483E+02    1
    0.275819390790641350E+02   -0.164833735904934953E+01   -0.107751535193769499E+02    1
    0.275352222789355174E+02   -0.164710929218624980E+01   -0.107851535193769426E+02    1
    0.275352586193144333E+02   -0.164510038730233288E+01   -0.107951535193769441E+02    1
    0.275355610924678871E+02   -0.162850101826987426E+01   -0.108051535193769528E+02    1
    0.275359958694308737E+02   -0.160502074433967845E+01   -0.108151535193769561E+02    1
    0.275796648367603794E+02   -0.152852715368278158E+01   -0.108251535193769524E+02    1
    0.275796597239326751E+02   -0.152827161038329740E+01   -0.108351535193769521E+02    1
    0.275796479948729392E+02   -0.152768561645240997E+01   -0.108451535193769519E+02    1
    0.275376087024988720E+02   -0.152183187266080444E+01   -0.108551535193769482E+02    1
    0.275379245876408660E+02   -0.150626056143110620E+01   -0.108651535193769480E+02    1
    0.275790488250963719E+02   -0.149818424921828308E+01   -0.108751535193769477E+02    1
    0.275790090573278590E+02   -0.149625630508105534E+01   -0.108851535193769493E+02    1
    0.275788428610852741E+02   -0.148823965575273021E+01   -0.108951535193769473E+02    1
    0.275382967056503105E+02   -0.148822062286276369E+01   -0.109051535193769453E+02    1
    0.275785010769604000E+02   -0.147195904429064073E+01   -0.109151535193769469E+02    1
    0.275782117191975438E+02   -0.145839209352326882E+01   -0.109251535193769485E+02    1
    0.275780564580890513E+02   -0.145119424377908057E+01   -0.109351535193769500E+02    1
    0.275391613591394169E+02   -0.144757000659028479E+01   -0.109451535193769498E+02    1
    0.275392810089223516E+02   -0.144208435443249150E+01   -0.109551535193769460E+02    1
    0.275394905258244798E+02   -0.143256022315465836E+01   -0.109651535193769440E+02    1
    0.275396621540361330E+02   -0.142483592336344800E+01   -0.109751535193769456E+02    1
    0.275399266934262030E+02   -0.141306676800286435E+01   -0.109851535193769454E+02    1
    0.275400965128814441E+02   -0.140559902332638020E+01   -0.109951535193769434E+02    1
    0.275768583791825037E+02   -0.139757275962275385E+01   -0.110051535193769485E+02    1
    0.275767680027404332E+02   -0.139366581565384573E+01   -0.110151535193769536E+02    1
    0.275404064779317643E+02   -0.139214462815708528E+01   -0.110251535193769499E+02    1
    0.275404574591750730E+02   -0.138995352962207042E+01   -0.110351535193769461E+02    1
    0.275405265248363662E+02   -0.138699501274608750E+01   -0.110451535193769441E+02    1
    0.275764504496688012E+02   -0.138009157724142661E+01   -0.110551535193769439E+02    1
    0.275408164470466339E+02   -0.137469913131747390E+01   -0.110651535193769455E+02    1
    0.275761337797068506E+02   -0.136679304098819232E+01   -0.110751535193769488E+02    1
    0.275411014924058222E+02   -0.136280425922219428E+01   -0.110851535193769504E+02    1
    0.275411044790920343E+02   -0.136268064477658291E+01   -0.110951535193769502E+02    1
    0.275757369321450483E+02   -0.135046293350304047E+01   -0.111051535193769553E+02    1
    0.275756337380694028E+02   -0.134627767814337718E+01   -0.111151535193769551E+02    1
    0.275753507900992503E+02   -0.133493156891346043E+01   -0.111251535193769460E+02    1
    0.275417898877468907E+02   -0.133487163433435052E+01   -0.111351535193769493E+02    1
    0.275418141108472483E+02   -0.133390919905129568E+01   -0.111451535193769491E+02    1
    0.275418731943864223E+02   -0.133156751600536705E+01   -0.111551535193769507E+02    1
    0.275420854422915546E+02   -0.132322363596044168E+01   -0.111651535193769469E+02    1
    0.275747014479748032E+02   -0.130961043158896473E+01   -0.111751535193769467E+02    1
    0.275424471558318800E+02   -0.130924994337338463E+01   -0.111851535193769482E+02    1
    0.275424572420061011E+02   -0.130886473799012615E+01   -0.111951535193769498E+02    1
    0.275424632671771796E+02   -0.130863474312245653E+01   -0.112051535193769514E+02    1
    0.275428080456743842E+02   -0.129561704154372381E+01   -0.112151535193769529E+02    1
    0.275742605625902044E+02   -0.129298756544040860E+01   -0.112251535193769527E+02    1
    0.275429758234162207E+02   -0.128938419269216253E+01   -0.112351535193769525E+02    1
    0.275739509345790950E+02   -0.128158886641127223E+01   -0.112451535193769505E+02    1
    0.275434234855108322E+02   -0.127308021770200752E+01   -0.112551535193769485E+02    1
    0.275434792325778872E+02   -0.127108314383461862E+01   -0.112651535193769465E+02    1
    0.275435608030677379E+02   -0.126817424676807855E+01   -0.112751535193769428E+02    1
    0.275436511543822462E+02   -0.126497061920631859E+01   -0.112851535193769514E+02    1
    0.275728379618920769E+02   -0.124249159402038512E+01   -0.112951535193769441E+02    1
    0.275728205479221984E+02   -0.124190318608816597E+01   -0.113051535193769475E+02    1
    0.275728186197930540E+02   -0.124183807990941064E+01   -0.113151535193769508E+02    1
    0.275726640023480343E+02   -0.123664586692244116E+01   -0.113251535193769524E+02    1
    0.275725283823531839E+02   -0.123213824356289270E+01   -0.113351535193769486E+02    1
    0.275446718916914648E+02   -0.123012157828536739E+01   -0.113451535193769519E+02    1
    0.275724661596751943E+02   -0.123008472362644139E+01   -0.113551535193769464E+02    1
    0.275723140911319149E+02   -0.122510465109619249E+01   -0.113651535193769444E+02    1
    0.275721389369173302E+02   -0.121943645454626193E+01   -0.113751535193769477E+02    1
    0.275719915420938619E+02   -0.121472291190842641E+01   -0.113851535193769493E+02    1
    0.275718705470008025E+02   -0.121089208158853423E+01   -0.113951535193769544E+02    1
    0.275718582270200585E+02   -0.121050396414679762E+01   -0.114051535193769453E+02    1
    0.275452898035819267E+02   -0.121022506704558186E+01   -0.114151535193769433E+02    1
    0.275717945230819375E+02   -0.120850283132030567E+01   -0.114251535193769502E+02    1
    0.275453839625350625E+02   -0.120727262469548902E+01   -0.114351535193769465E+02    1
    0.275456089279465637E+02   -0.120030368142849841E+01   -0.114451535193769427E+02    1
    0.275713840839127791E+02   -0.119584026739301730E+01   -0.114551535193769425E+02    1
    0.275713809523469422E+02   -0.119574518910290117E+01   -0.114651535193769476E+02    1
    0.275459925675629833E+02   -0.118869598412718647E+01   -0.114751535193769509E+02    1
    0.275464117672823470E+02   -0.117641109381797992E+01   -0.114851535193769489E+02    1
    0.275467231483128359E+02   -0.116755541917450545E+01   -0.114951535193769505E+02    1
    0.275468967479963922E+02   -0.116271799561820832E+01   -0.115051535193769467E+02    1
    0.275471611477872607E+02   -0.115548759821371583E+01   -0.115151535193769430E+02    1
    0.275473018527607110E+02   -0.115170734907983285E+01   -0.115251535193769428E+02    1
    0.275474359670856472E+02   -0.114814783559224431E+01   -0.115351535193769426E+02    1
    0.275476189237532978E+02   -0.114336073282977124E+01   -0.115451535193769423E+02    1
    0.275694484623199756E+02   -0.114150414165707415E+01   -0.115551535193769439E+02    1
    0.275479474062990306E+02   -0.113496495572802880E+01   -0.115651535193769455E+02    1
    0.275691875875065904E+02   -0.113485984768491921E+01   -0.115751535193769453E+02    1
    0.275480216743489272E+02   -0.113310215674309167E+01   -0.115851535193769433E+02    1
    0.275482521147517048E+02   -0.112740541903326341E+01   -0.115951535193769448E+02    1
    0.275687360889279098E+02   -0.112374157395216390E+01   -0.116051535193769446E+02    1
    0.275484076637281419E+02   -0.112363121401367061E+01   -0.116151535193769408E+02    1
    0.275484338363587895E+02   -0.112300180226752455E+01   -0.116251535193769424E+02    1
    0.275686509994239017E+02   -0.112170031721291563E+01   -0.116351535193769458E+02    1
    0.275485321514232702E+02   -0.112065197596151234E+01   -0.116451535193769455E+02    1
    0.275486198609220025E+02   -0.111857496423362934E+01   -0.116551535193769418E+02    1
    0.275684035600173516E+02   -0.111586184890516193E+01   -0.116651535193769451E+02    1
    0.275683051498804801E+02   -0.111358013226835983E+01   -0.116751535193769502E+02    1
    0.275680239203666879E+02   -0.110718609930120016E+01   -0.116851535193769465E+02    1
    0.275679617335116234E+02   -0.110579752159254996E+01   -0.116951535193769445E+02    1
    0.275678586699250765E+02   -0.110351638098065186E+01   -0.117051535193769460E+02    1
    0.275677699091190505E+02   -0.110157198137048518E+01   -0.117151535193769476E+02    1
    0.275495226877185502E+02   -0.109825503975378447E+01   -0.117251535193769456E+02    1
    0.275495412141957594E+02   -0.109785828798027518E+01   -0.117351535193769418E+02    1
    0.275675188812376071E+02   -0.109617400768330131E+01   -0.117451535193769399E+02    1
    0.275496513709615769E+02   -0.109551603243358886E+01   -0.117551535193769414E+02    1
    0.275674342321274679E+02   -0.109438742252750298E+01   -0.117651535193769430E+02    1
    0.275497198350566777E+02   -0.109407477413567489E+01   -0.117751535193769463E+02    1
    0.275673354618398037E+02   -0.109232426307058583E+01   -0.117851535193769479E+02    1
    0.275672327881079795E+02   -0.109020407168274946E+01   -0.117951535193769459E+02    1
    0.275672204259187694E+02   -0.108995047990948968E+01   -0.118051535193769439E+02    1
    0.275500168845574827E+02   -0.108795013486662873E+01   -0.118151535193769472E+02    1
