    0.184503936151896464E-96    0.444053737308268524E+03    0.279904869241190752E+02
    0.109595307452828801E-95    0.440470319600327912E+03    0.279887327271435709E+02
    0.327433509767458030E-94    0.433656168509406825E+03    0.271317620770751908E+02
    0.451887390727743902E-92    0.423781532132666030E+03    0.279804669617187045E+02
    0.677191670274738456E-90    0.413742149087280666E+03    0.279754156213066594E+02
    0.115802338327304965E-89    0.412649118085682744E+03    0.279748619601487043E+02
    0.381238259230224284E-89    0.410246038537199695E+03    0.271434970569177310E+02
    0.119900302654385513E-87    0.403329226056687617E+03    0.279701108340902138E+02
    0.492381343876806181E-84    0.386668529660338095E+03    0.279614779147753971E+02
    0.471419946965002975E-83    0.382130367877412141E+03    0.271580449968740893E+02
    0.562584869899865918E-77    0.354125761364275377E+03    0.279440583125383526E+02
    0.444635852144063701E-75    0.345365993722579105E+03    0.271779059564501395E+02
    0.719520719886846932E-72    0.330567823792310151E+03    0.279309400143410329E+02
    0.104525685340584791E-70    0.325195788399526123E+03    0.279278833441674195E+02
    0.120704790434855883E-66    0.306467277691268009E+03    0.272001160671396036E+02
    0.365142239686978239E-65    0.299628229186571843E+03    0.272041648195300922E+02
    0.549660849121100842E-65    0.298790200237325962E+03    0.272046641226069710E+02
    0.668989060817218726E-65    0.298377267720555437E+03    0.279122287608109225E+02
    0.317180432348944353E-64    0.295244691353124267E+03    0.272067844013093492E+02
    0.521621910453683330E-63    0.289624576733544586E+03    0.279069674015045166E+02
    0.115156825027147932E-62    0.288020702788967242E+03    0.279059946537017822E+02
    0.497061877507597508E-62    0.285075863538744215E+03    0.272129376865414727E+02
    0.361343472457503015E-59    0.271878124115039384E+03    0.278960481098549309E+02
    0.673974560698114841E-59    0.270611397288671128E+03    0.278952551593481246E+02
    0.763648975419180930E-59    0.270341565566875374E+03    0.278950860076571772E+02
    0.316792553919715708E-57    0.262870947338306792E+03    0.278903685958755396E+02
    0.820046661783491935E-56    0.256343548977057537E+03    0.272309479772339955E+02
    0.417924381503660631E-55    0.253066500256244581E+03    0.278840737352248489E+02
    0.169427608170735660E-52    0.241036739229305283E+03    0.278761797270188687E+02
    0.830858466467626846E-51    0.233231501607177620E+03    0.278709511922279631E+02
    0.104575097047928208E-50    0.232751439456935401E+03    0.272465124197622259E+02
    0.196591587057556425E-50    0.231468993518399202E+03    0.278697583737322816E+02
    0.276877576268234508E-50    0.230764099456510877E+03    0.272478591322440877E+02
    0.262059166936677777E-47    0.217038599177134586E+03    0.272573244901600802E+02
    0.757869564981360132E-46    0.210289547017734662E+03    0.278550496023475951E+02
    0.446354173878231509E-45    0.206723173920265793E+03    0.272646387521613462E+02
    0.133544480128772085E-40    0.186090679274090974E+03    0.272798437424596010E+02
    0.300217420611523292E-40    0.184450534592686523E+03    0.278360509872436523E+02
    0.868970006948606860E-40    0.182304931267302152E+03    0.278344145596465822E+02
    0.518606628629712308E-39    0.178712086992166235E+03    0.278316523799612554E+02
    0.880372745456705080E-39    0.177633687517421492E+03    0.272863213325355360E+02
    0.141901784567310588E-37    0.172053767609152743E+03    0.272906809953179135E+02
    0.313514702801266640E-37    0.170448345414068683E+03    0.272919485376046929E+02
    0.827552057801594503E-36    0.163881923713797335E+03    0.272971969600729665E+02
    0.161095514317898798E-34    0.157924532480405674E+03    0.278150876856804601E+02
    0.353377725251290485E-33    0.151728282129738204E+03    0.278099390745663335E+02
    0.479125468980431501E-33    0.151099432180783822E+03    0.273077285289764404E+02
    0.233714800912435714E-32    0.147909983854853920E+03    0.273104260021102156E+02
    0.478675377649366342E-32    0.146456141681437373E+03    0.278054738044738770E+02
    0.849237002586669446E-30    0.136079170023183735E+03    0.277964402375785369E+02
    0.153422774129215759E-29    0.134876281761296667E+03    0.277953707874423941E+02
    0.494331036382152314E-29    0.132516265628094459E+03    0.277932584115919354E+02
    0.743601229143230427E-29    0.131679666624268009E+03    0.277925050190621867E+02
    0.944636138338680448E-29    0.131181076812781242E+03    0.273250843086552884E+02
    0.139855500588535173E-28    0.130376286754029422E+03    0.273258127588241635E+02
    0.144884499933342275E-28    0.130285632510256647E+03    0.273258949568038219E+02
    0.663571201250984033E-28    0.127222233936654803E+03    0.277884492930759812E+02
    0.295170587019239332E-27    0.124217229169322579E+03    0.277856742318583230E+02
    0.128981357095693314E-26    0.121247830133361788E+03    0.273342408373869716E+02
    0.192247482894083844E-26    0.120429598853078573E+03    0.277821273643299094E+02
    0.266241050351843078E-26    0.119758361678408050E+03    0.273356462624178889E+02
    0.439466436996386265E-26    0.118736043188170271E+03    0.277805231238564971E+02
    0.801389297766935774E-26    0.117514472196537866E+03    0.273377804301790377E+02
    0.132933073853704432E-25    0.116482304103004140E+03    0.273387690854100889E+02
    0.218114024868644846E-25    0.115471959746128604E+03    0.273397411629073375E+02
    0.331856856455362451E-25    0.114612588256558524E+03    0.273405713970491071E+02
    0.379240164547447650E-25    0.114325656330059246E+03    0.273408493054277599E+02
    0.692062627128892737E-25    0.113102642791625357E+03    0.273420378573638132E+02
    0.494022442186475345E-24    0.109151663620578603E+03    0.273459228983339848E+02
    0.565907779455214013E-24    0.108859963249738598E+03    0.277709266225710607E+02
    0.649494287662739490E-24    0.108564437429754349E+03    0.273465063995897495E+02
    0.788335042054296094E-24    0.108156979152412617E+03    0.273469122185644089E+02
    0.146719150145426295E-23    0.106894614893687788E+03    0.273481744731841800E+02
    0.159573343244048243E-23    0.106706648028386070E+03    0.277687760984819327E+02
    0.185610967416304996E-23    0.106384349505379276E+03    0.273486868486717185E+02
    0.301706342149182261E-21    0.961824066193405400E+02    0.277579320235594267E+02
    0.416918031602891878E-21    0.955155356828260551E+02    0.277572249444069499E+02
    0.496236366322128131E-20    0.905420400515574499E+02    0.273652691510619590E+02
    0.550631724260852721E-20    0.903140123506581176E+02    0.277516209425969294E+02
    0.941919371509973904E-20    0.892203054119204779E+02    0.273667173897294376E+02
    0.114148097858665026E-19    0.888159811633800871E+02    0.273671626008013931E+02
    0.150239747486060642E-19    0.882465099125618622E+02    0.277493477491764722E+02
    0.182859708123171445E-19    0.878335361088876994E+02    0.273682487342171612E+02
    0.233010610611165283E-19    0.873288065987397033E+02    0.277483300197778107E+02
    0.513755391109517249E-19    0.857274800632063432E+02    0.273705982114632604E+02
    0.684092715292322360E-19    0.851347876677854885E+02    0.273712647220070409E+02
    0.100950235403620200E-18    0.843365490427378006E+02    0.273721661451946403E+02
    0.155782987667248128E-18    0.834488765278806994E+02    0.277439654606931434E+02
    0.168438277451779979E-18    0.832726656424929530E+02    0.277437647980649231E+02
    0.322524189497335237E-17    0.773482779307960158E+02    0.273802522235531498E+02
    0.504414472673199457E-17    0.764338376169716867E+02    0.273813376095761463E+02
    0.501305129881766203E-17    0.764262042952797458E+02    0.277357924726871445E+02
    0.122326715537334028E-16    0.746220731010442506E+02    0.277336312313103761E+02
    0.141718178966417533E-16    0.743077831632455457E+02    0.273838871746241672E+02
    0.146314986975641242E-16    0.742239405384318047E+02    0.273839884818402339E+02
    0.154672141297469234E-16    0.740928487055373921E+02    0.277329921722412109E+02
    0.166360545990698813E-16    0.739271492303357718E+02    0.277327916018046210E+02
    0.183383585816446605E-16    0.737123039111365301E+02    0.273846079719106612E+02
    0.188642277397033700E-16    0.736357590051773343E+02    0.277324383281762721E+02
    0.239623158365184927E-16    0.731373289923419065E+02    0.273853067952393054E+02
    0.272647146604410694E-16    0.728591071122372824E+02    0.277314932111060770E+02
    0.431400281264601857E-16    0.719213912521688314E+02    0.277303451639830314E+02
    0.102704185459648562E-15    0.701665880973798295E+02    0.277281758786238726E+02
    0.114474183113476271E-15    0.699295951928933874E+02    0.273892583925183857E+02
    0.158563084932324997E-15    0.692579887854067664E+02    0.273900974764198537E+02
    0.183833663450808456E-15    0.689422311465181679E+02    0.273904934217586948E+02
    0.277667287736479327E-15    0.680974466575679003E+02    0.273915573572158699E+02
    0.266208704800076769E-14    0.635565624407602172E+02    0.273973965126702410E+02
    0.878990516548393951E-14    0.611475754346297293E+02    0.274005818367004395E+02
    0.123695925261067248E-13    0.604443007893496116E+02    0.274015239369059174E+02
    0.134145894197281272E-13    0.602620975253862809E+02    0.274017689379187779E+02
    0.212683055928760743E-13    0.593203473516701791E+02    0.274030414221114853E+02
    0.349752845019736351E-13    0.583054999701749423E+02    0.274044244332771925E+02
    0.516091032750643223E-13    0.575073871261147147E+02    0.277116183083396947E+02
    0.803992196376424152E-13    0.566007743398114513E+02    0.274067759533430362E+02
    0.258322853544682822E-12    0.542463629342110067E+02    0.274100848795681529E+02
    0.291169640532043564E-12    0.539869711711426206E+02    0.274104539534174449E+02
    0.121737162306084956E-11    0.511058844674360273E+02    0.277025222727147664E+02
    0.278834008603876754E-11    0.494283797870459338E+02    0.277000419949648879E+02
    0.327066359624090091E-11    0.490892869242219518E+02    0.276995353263258295E+02
    0.724357053240046859E-11    0.474790442175455638E+02    0.276971040295461322E+02
    0.827685834096945296E-11    0.471923457841694187E+02    0.274204725144222436E+02
    0.126621311800705959E-10    0.463220412377108275E+02    0.274218087769673602E+02
    0.178602043930386179E-10    0.456141226829999482E+02    0.274229054195653141E+02
    0.567874606326098504E-10    0.432806416464341410E+02    0.276905544326428661E+02
    0.475818285566945278E-09    0.390092006654547419E+02    0.276835391185833508E+02
    0.594782002172707550E-09    0.385428828111078658E+02    0.276827492564873090E+02
    0.752525392474428833E-09    0.380524032417123124E+02    0.276819130107318720E+02
    0.804692882990213089E-09    0.378983513365018325E+02    0.274354899839377993E+02
    0.153052375118736934E-08    0.365925421684328853E+02    0.274377494042827479E+02
    0.184683900028478019E-08    0.361968111057780746E+02    0.274384425218586543E+02
    0.207739250891655575E-08    0.359415351525292692E+02    0.276782474064045374E+02
    0.519468569605018223E-08    0.340884899212008463E+02    0.274422047861910272E+02
    0.112495867149084884E-07    0.325230993811134965E+02    0.276720603200780353E+02
    0.171840718588386076E-07    0.316557963640653099E+02    0.276704361633487252E+02
    0.199994643580150568E-07    0.313323511819674074E+02    0.274473147772512789E+02
    0.200087650538582047E-07    0.313114213036751181E+02    0.276697846902091840E+02
    0.312810931047407596E-07    0.303977344424190932E+02    0.276680374310249917E+02
    0.342729698372814063E-07    0.301950481799496870E+02    0.276676460375612407E+02
    0.384963376480426941E-07    0.299426359426713731E+02    0.274499825211817523E+02
    0.395037508072633349E-07    0.298709709150699076E+02    0.274501218710860400E+02
    0.439974489653181245E-07    0.296354988558065635E+02    0.276665581669631742E+02
    0.527975332271800804E-07    0.292508332232823136E+02    0.274513352680317091E+02
    0.555852090175956420E-07    0.291279278821550847E+02    0.276655617849581361E+02
    0.623948598490733721E-07    0.288767963686218394E+02    0.276650653566500395E+02
    0.978190351398587899E-07    0.279575237812914921E+02    0.276632280858547617E+02
    0.171931772054231444E-06    0.268095667161312790E+02    0.276608874512535792E+02
    0.204061453794696309E-06    0.264469197790176480E+02    0.276601368189329158E+02
    0.202373662380232641E-06    0.264435305594271171E+02    0.276601297775189501E+02
    0.276192953678371434E-06    0.258015627061882995E+02    0.276587871089769166E+02
    0.293976603859114445E-06    0.256567617932363135E+02    0.274586574049199328E+02
    0.351764564765341020E-06    0.252778379607203476E+02    0.276576782727229542E+02
    0.428831629048667855E-06    0.248616334265390506E+02    0.274603510176236014E+02
    0.480252161694020131E-06    0.246151395585128441E+02    0.274608820081784692E+02
    0.575261845330607124E-06    0.242341115235084672E+02    0.276554306344984155E+02
    0.851058360369939342E-06    0.234308007545594990E+02    0.274634746169312294E+02
    0.867123536532250160E-06    0.233733992561996828E+02    0.276535370989895846E+02
    0.968255308680956457E-06    0.231327705618828574E+02    0.274641382369453524E+02
    0.126093566637489897E-05    0.225845435307170561E+02    0.276517678634951949E+02
    0.130083280498400102E-05    0.225022422490412168E+02    0.276515813405542090E+02
    0.141243091973024389E-05    0.223176270532816510E+02    0.274659775981002667E+02
    0.155561834324320764E-05    0.221045053762394375E+02    0.274664645616926961E+02
    0.163787168023393398E-05    0.219814563200619943E+02    0.274667468935238688E+02
    0.189619093071537827E-05    0.216685574049616605E+02    0.276496703998972464E+02
    0.244433924313841894E-05    0.211407019297992029E+02    0.274686997067575618E+02
    0.244832508645380179E-05    0.211174433010205682E+02    0.274687543329211792E+02
    0.343270062380182511E-05    0.204215569956843872E+02    0.274704043737472254E+02
    0.341160125136487603E-05    0.204138880936756912E+02    0.276467164407113444E+02
    0.414303175617249188E-05    0.200053959500261413E+02    0.274714060723944193E+02
    0.419342384860373677E-05    0.199612165104177102E+02    0.276456260816019821E+02
    0.452903657154711379E-05    0.197872331271688502E+02    0.276452033535880872E+02
    0.659314070709738591E-05    0.190161919626034290E+02    0.274738345969695530E+02
    0.144495722951637735E-04    0.174269219758557661E+02    0.274778892211075600E+02
    0.149759900187215334E-04    0.173353550996951782E+02    0.276390101129298955E+02
    0.151143983248445994E-04    0.172969559643048854E+02    0.276389093229313332E+02
    0.162452518968405151E-04    0.171326502559633340E+02    0.276384766177441250E+02
    0.205372915665641426E-04    0.166437669374107244E+02    0.276371750389164532E+02
    0.253825214477226428E-04    0.162001299958481688E+02    0.276359749825890226E+02
    0.299239538861283034E-04    0.158509330202434047E+02    0.274821220288291919E+02
    0.338693669009748361E-04    0.155832296569435371E+02    0.276342746302148612E+02
    0.511212025889973092E-04    0.147398529369623947E+02    0.274852529056508459E+02
    0.529177768070599694E-04    0.146507729503639599E+02    0.276316294398140414E+02
    0.608281032863068494E-04    0.143521477916298501E+02    0.276307618134110626E+02
    0.608984187099786343E-04    0.143298371881446034E+02    0.274864425974163922E+02
    0.623534032401516552E-04    0.142626150992399250E+02    0.276304996456838410E+02
    0.696701270485961736E-04    0.140207083409609865E+02    0.276297864730954359E+02
    0.913205141981698150E-04    0.134595007014458883E+02    0.276281037970500805E+02
    0.134346680850539878E-03    0.126674043471696116E+02    0.276256570611005507E+02
    0.133926980319278802E-03    0.126536621493233952E+02    0.274915253462267088E+02
    0.137793892516984703E-03    0.125767335337149468E+02    0.274917679019387293E+02
    0.138433359929498648E-03    0.125474734980130549E+02    0.276252787802684985E+02
    0.143439373349066079E-03    0.124564266850848675E+02    0.274921490048585468E+02
    0.150409647812373192E-03    0.123415264919012841E+02    0.276246241369840391E+02
    0.159397255418296409E-03    0.122054525101873796E+02    0.274929511547088623E+02
    0.164198538763980398E-03    0.121260990104841504E+02    0.274932068283143138E+02
    0.163427735836278742E-03    0.121155097862324173E+02    0.276238981485189257E+02
    0.164922218236845388E-03    0.120773036899366986E+02    0.276237746280121890E+02
    0.200814845277901390E-03    0.116634849746919684E+02    0.274947177289621685E+02
    0.212479657737744759E-03    0.115305590952168053E+02    0.274951585236988869E+02
    0.230783474092908678E-03    0.113452917474886998E+02    0.276213611211401684E+02
    0.247152506762055382E-03    0.111882404414428365E+02    0.276208311210751560E+02
    0.273173225728094672E-03    0.109680393653259394E+02    0.274970588504101485E+02
    0.289814478691430191E-03    0.108297696269621326E+02    0.274975350173136910E+02
    0.297363085990063518E-03    0.107583437984058516E+02    0.274977824513038769E+02
    0.330517153230222138E-03    0.105269344886097098E+02    0.276185480586176446E+02
    0.339687979241360446E-03    0.104521966299060054E+02    0.276182845474335217E+02
    0.382367708430133614E-03    0.101954861399358467E+02    0.276173704425561439E+02
    0.387990523469285338E-03    0.101462897756417849E+02    0.276171936347159139E+02
    0.393256337006799234E-03    0.100993282936815962E+02    0.276170243599680099E+02
    0.389732534490316374E-03    0.100973302164954575E+02    0.275001220235992960E+02
    0.390747465154871480E-03    0.100721286418895311E+02    0.276169260930610641E+02
    0.394533932605716040E-03    0.100328413046021367E+02    0.275003553076051084E+02
    0.393608823590188659E-03    0.100175364410256797E+02    0.276167283612974508E+02
    0.398975657652437372E-03    0.997045079291754455E+01    0.276165572765543601E+02
    0.403002978310883599E-03    0.993036370165740223E+01    0.276164112221217941E+02
    0.401699949236743019E-03    0.991684077620699611E+01    0.276163618690558685E+02
    0.416151653253551046E-03    0.982615211635746633E+01    0.275011093728075373E+02
    0.481299392264385119E-03    0.951527257897092404E+01    0.276148766002155952E+02
    0.477332044530349422E-03    0.951182688851017133E+01    0.275022754843657680E+02
    0.623456994704813298E-03    0.895769202873263026E+01    0.276127468140426728E+02
    0.631015489902859777E-03    0.891359078535144889E+01    0.276125747766406597E+02
    0.625535276140816356E-03    0.891103615614598077E+01    0.275045743762098880E+02
    0.646955537576035934E-03    0.882369646372143634E+01    0.275049167766827978E+02
    0.872976798093202879E-03    0.820443364964815558E+01    0.276097289945998305E+02
    0.929186741532456130E-03    0.805963214198813738E+01    0.276091282307779906E+02
    0.928157064755004402E-03    0.804184966763836684E+01    0.275080852099599689E+02
    0.944780425200539048E-03    0.798634651377501381E+01    0.276088214403693364E+02
    0.949752180124263700E-03    0.795584943112170961E+01    0.276086932193112453E+02
    0.961792024206680764E-03    0.791065513371593099E+01    0.275086365703271696E+02
    0.101258305227952148E-02    0.778773196107652055E+01    0.275091587518682630E+02
    0.102928038374210671E-02    0.773502124521854917E+01    0.276077548035877527E+02
    0.111329381764872890E-02    0.755809499910961335E+01    0.276069898292353813E+02
    0.117217002197946875E-02    0.743502754706796409E+01    0.276064505168989243E+02
    0.117477464822828654E-02    0.741058836731021664E+01    0.276063426937422740E+02
    0.117063247599898915E-02    0.739765268717697744E+01    0.275108536463001698E+02
    0.116344584210016297E-02    0.738996873767727003E+01    0.276062515324108375E+02
    0.122129034128222653E-02    0.727292513501306725E+01    0.275114084377941772E+02
    0.122479827059858459E-02    0.724718874148395376E+01    0.276056154423202429E+02
    0.121713193750080549E-02    0.723974660781352419E+01    0.275115571191808321E+02
    0.126331248968527318E-02    0.714526658551054705E+01    0.275119831075812229E+02
    0.130849712317613449E-02    0.705498255939215291E+01    0.276047453214908813E+02
    0.133666277120435273E-02    0.699238897156073858E+01    0.275126807725655098E+02
    0.137671364029171364E-02    0.691334257023108378E+01    0.276040934723952915E+02
    0.140371893284796747E-02    0.685449085766377308E+01    0.275133193041057176E+02
    0.150785588603535945E-02    0.669136365077212858E+01    0.275140864909191123E+02
    0.162442189502572392E-02    0.652243705707514820E+01    0.275148951535322013E+02
    0.171916461616144871E-02    0.638906407910630403E+01    0.276015948160105040E+02
    0.214556093833126590E-02    0.592593899242342026E+01    0.275178789921784457E+02
    0.217959071708670070E-02    0.587446681879275090E+01    0.275989923795095926E+02
    0.216254889770478402E-02    0.587016590578376452E+01    0.275181692481290661E+02
    0.222429881220604243E-02    0.579385759749221751E+01    0.275185697861754974E+02
    0.233794095069395687E-02    0.567419983543476381E+01    0.275192060684211910E+02
    0.239644059028835217E-02    0.560477195000831152E+01    0.275975591581353967E+02
    0.239638157556435567E-02    0.558482120259641412E+01    0.275196881338896873E+02
    0.256609051785153513E-02    0.542797396537260113E+01    0.275965903065322280E+02
    0.267345017739564457E-02    0.532600136921024969E+01    0.275211190686309948E+02
    0.279104809264422256E-02    0.521990667675802822E+01    0.275954174828671803E+02
    0.307944194843929328E-02    0.500324425823558272E+01    0.275941551524081810E+02
    0.308410126321876981E-02    0.498022046785593098E+01    0.275940183678260880E+02
    0.320704769997639128E-02    0.488203945961746744E+01    0.275237101210455677E+02
    0.326553253447187325E-02    0.482589534142826793E+01    0.275930875304511183E+02
    0.331464411094332077E-02    0.477604052684481495E+01    0.275927814109876977E+02
    0.339784673799897394E-02    0.470645721094727421E+01    0.275923495165700814E+02
    0.361593803416884350E-02    0.456203843660156672E+01    0.275914350192513034E+02
    0.359347284952242279E-02    0.455450284331761779E+01    0.275257525681686630E+02
    0.365819312858376745E-02    0.449880235863503053E+01    0.275910264816915074E+02
    0.379174901978500444E-02    0.440708625735750381E+01    0.275267145310457657E+02
    0.384143847873872095E-02    0.436104724764837481E+01    0.275270209674069122E+02
    0.383707876473098107E-02    0.434331837075091531E+01    0.275899994026774209E+02
    0.392823845369420863E-02    0.427635885866377929E+01    0.275895466001146801E+02
    0.392762188229741228E-02    0.425667280080211086E+01    0.275894122119542615E+02
    0.395513538191246197E-02    0.422271138581943273E+01    0.275279601852998077E+02
    0.394903483706988967E-02    0.420579864021042660E+01    0.275890621732226826E+02
    0.442962079378362000E-02    0.395611308663943895E+01    0.275872824163001091E+02
    0.440025530222902094E-02    0.394941592328145674E+01    0.275872331572187264E+02
    0.461773526928171453E-02    0.383293228132813946E+01    0.275307767369616840E+02
    0.464310211165536255E-02    0.380197564543330913E+01    0.275310127671132463E+02
    0.464559279532365550E-02    0.378090307980253959E+01    0.275859645715009876E+02
    0.462911901522086635E-02    0.376800790322507106E+01    0.275312741039177382E+02
    0.464915771955811720E-02    0.373936891300438923E+01    0.275314964030552538E+02
    0.464367252622954665E-02    0.372172995644133531E+01    0.275316342316159712E+02
    0.472679423816416925E-02    0.366624660461068475E+01    0.275850667251892183E+02
    0.468301895364223002E-02    0.366485509318641212E+01    0.275320835288579744E+02
    0.475089964997506102E-02    0.361607304801628571E+01    0.275324750573122792E+02
    0.475627384904972472E-02    0.359381193449074443E+01    0.275326556923320815E+02
    0.476041776833902031E-02    0.357207018653134556E+01    0.275843058337408067E+02
    0.481678748306404655E-02    0.352852663110139897E+01    0.275331928554535175E+02
    0.484010926646284961E-02    0.349886645585271694E+01    0.275836984800473211E+02
    0.484573629424176876E-02    0.347654264080663022E+01    0.275835103220185189E+02
    0.485368461302814434E-02    0.345326478715269181E+01    0.275338265715653634E+02
    0.482257942148339204E-02    0.344612317901841037E+01    0.275338875501927269E+02
    0.479575837360458196E-02    0.343727733807162128E+01    0.275831758806133607E+02
    0.489958765516786306E-02    0.337443894909298159E+01    0.275826309853977492E+02
    0.489107988644684345E-02    0.335791481867033648E+01    0.275346535335098217E+02
    0.495938222900189213E-02    0.331017868348045452E+01    0.275350784778582280E+02
    0.494330020117017890E-02    0.329667471809869905E+01    0.275819390790641350E+02
    0.490012753304191855E-02    0.329421858437249959E+01    0.275352222789355174E+02
    0.486112618712102734E-02    0.329020077460466576E+01    0.275352586193144333E+02
    0.489331264107247931E-02    0.325700203653974851E+01    0.275355610924678871E+02
    0.495972244139979666E-02    0.321004148867935690E+01    0.275359958694308737E+02
    0.530072376374956643E-02    0.305705430736556316E+01    0.275796648367603794E+02
    0.524932193871679737E-02    0.305654322076659479E+01    0.275796597239326751E+02
    0.520013666858980435E-02    0.305537123290481993E+01    0.275796479948729392E+02
    0.517862020684962954E-02    0.304366374532160888E+01    0.275376087024988720E+02
    0.520755243214142492E-02    0.301252112286221241E+01    0.275379245876408660E+02
    0.519754435641945657E-02    0.299636849843656616E+01    0.275790488250963719E+02
    0.515575836434736985E-02    0.299251261016211068E+01    0.275790090573278590E+02
    0.514554282138317536E-02    0.297647931150546041E+01    0.275788428610852741E+02
    0.509444077586764747E-02    0.297644124572552737E+01    0.275382967056503105E+02
    0.512644009564359581E-02    0.294391808858128146E+01    0.275785010769604000E+02
    0.514475850608842305E-02    0.291678418704653764E+01    0.275782117191975438E+02
    0.513036229931170939E-02    0.290238848755816115E+01    0.275780564580890513E+02
    0.509775638041176475E-02    0.289514001318056957E+01    0.275391613591394169E+02
    0.507479520126499512E-02    0.288416870886498300E+01    0.275392810089223516E+02
    0.507238083946251819E-02    0.286512044630931673E+01    0.275394905258244798E+02
    0.506085074582135128E-02    0.284967184672689600E+01    0.275396621540361330E+02
    0.506981210172550295E-02    0.282613353600572870E+01    0.275399266934262030E+02
    0.505699028395131377E-02    0.281119804665276041E+01    0.275400965128814441E+02
    0.504701896229422988E-02    0.279514551924550769E+01    0.275768583791825037E+02
    0.501636068910496762E-02    0.278733163130769146E+01    0.275767680027404332E+02
    0.497400771257714997E-02    0.278428925631417057E+01    0.275404064779317643E+02
    0.493531743734451980E-02    0.277990705924414083E+01    0.275404574591750730E+02
    0.490068754887164511E-02    0.277399002549217499E+01    0.275405265248363662E+02
    0.488553572521185659E-02    0.276018315448285323E+01    0.275764504496688012E+02
    0.486307713448523842E-02    0.274939826263494780E+01    0.275408164470466339E+02
    0.485290494378474383E-02    0.273358608197638464E+01    0.275761337797068506E+02
    0.482382057691662508E-02    0.272560851844438856E+01    0.275411014924058222E+02
    0.477641315738502013E-02    0.272536128955316581E+01    0.275411044790920343E+02
    0.478701761715994746E-02    0.270092586700608095E+01    0.275757369321450483E+02
    0.475926310303470285E-02    0.269255535628675435E+01    0.275756337380694028E+02
    0.476567390487707496E-02    0.266986313782692086E+01    0.275753507900992503E+02
    0.471853745230781021E-02    0.266974326866870104E+01    0.275417898877468907E+02
    0.467608548486224233E-02    0.266781839810259136E+01    0.275418141108472483E+02
    0.464041131651575858E-02    0.266313503201073409E+01    0.275418731943864223E+02
    0.463273259892850280E-02    0.264644727192088336E+01    0.275420854422915546E+02
    0.464950188579321515E-02    0.261922086317792946E+01    0.275747014479748032E+02
    0.460489828143906179E-02    0.261849988674676926E+01    0.275424471558318800E+02
    0.456083529794729450E-02    0.261772947598025230E+01    0.275424572420061011E+02
    0.451649287922539170E-02    0.261726948624491307E+01    0.275424632671771796E+02
    0.453014289239182018E-02    0.259123408308744763E+01    0.275428080456743842E+02
    0.449687611334331425E-02    0.258597513088081721E+01    0.275742605625902044E+02
    0.446820307618183300E-02    0.257876838538432507E+01    0.275429758234162207E+02
    0.445836299735544086E-02    0.256317773282254446E+01    0.275739509345790950E+02
    0.445171896746748407E-02    0.254616043540401504E+01    0.275434234855108322E+02
    0.441623436910693144E-02    0.254216628766923725E+01    0.275434792325778872E+02
    0.438502916702674609E-02    0.253634849353615710E+01    0.275435608030677379E+02
    0.435532792034884052E-02    0.252994123841263718E+01    0.275436511543822462E+02
    0.441001870124618084E-02    0.248498318804077023E+01    0.275728379618920769E+02
    0.436870810837674661E-02    0.248380637217633193E+01    0.275728205479221984E+02
    0.432552034533050054E-02    0.248367615981882128E+01    0.275728186197930540E+02
    0.430477407657253296E-02    0.247329173384488232E+01    0.275726640023480343E+02
    0.428119544662324165E-02    0.246427648712578540E+01    0.275725283823531839E+02
    0.424715329610394175E-02    0.246024315657073478E+01    0.275446718916914648E+02
    0.420504838748329227E-02    0.246016944725288278E+01    0.275724661596751943E+02
    0.418399224394532931E-02    0.245020930219238497E+01    0.275723140911319149E+02
    0.416590721059260406E-02    0.243887290909252386E+01    0.275721389369173302E+02
    0.414394242884360761E-02    0.242944582381685281E+01    0.275719915420938619E+02
    0.411845643938233037E-02    0.242178416317706846E+01    0.275718705470008025E+02
    0.407905996024500797E-02    0.242100792829359523E+01    0.275718582270200585E+02
    0.403959911088290491E-02    0.242045013409116372E+01    0.275452898035819267E+02
    0.400629828004387886E-02    0.241700566264061134E+01    0.275717945230819375E+02
    0.397131748330366904E-02    0.241454524939097803E+01    0.275453839625350625E+02
    0.395929841914157386E-02    0.240060736285699683E+01    0.275456089279465637E+02
    0.393743799498563144E-02    0.239168053478603460E+01    0.275713840839127791E+02
    0.389863048983290833E-02    0.239149037820580235E+01    0.275713809523469422E+02
    0.388714338676029785E-02    0.237739196825437293E+01    0.275459925675629833E+02
    0.389603523759861955E-02    0.235282218763595985E+01    0.275464117672823470E+02
    0.389157945560470722E-02    0.233511083834901090E+01    0.275467231483128359E+02
    0.387154064961878078E-02    0.232543599123641664E+01    0.275468967479963922E+02
    0.386083285559874357E-02    0.231097519642743165E+01    0.275471611477872607E+02
    0.383689396125417616E-02    0.230341469815966571E+01    0.275473018527607110E+02
    0.381226190380852493E-02    0.229629567118448863E+01    0.275474359670856472E+02
    0.379244068214289144E-02    0.228672146565954248E+01    0.275476189237532978E+02
    0.376168269462484692E-02    0.228300828331414829E+01    0.275694484623199756E+02
    0.374868671153671474E-02    0.226992991145605760E+01    0.275479474062990306E+02
    0.371177677262508453E-02    0.226971969536983842E+01    0.275691875875065904E+02
    0.368130889662308817E-02    0.226620431348618334E+01    0.275480216743489272E+02
    0.366550129539075942E-02    0.225481083806652682E+01    0.275482521147517048E+02
    0.364234953535267671E-02    0.224748314790432779E+01    0.275687360889279098E+02
    0.360650554370068937E-02    0.224726242802734122E+01    0.275484076637281419E+02
    0.357286831167534557E-02    0.224600360453504910E+01    0.275484338363587895E+02
    0.354192444123962438E-02    0.224340063442583126E+01    0.275686509994239017E+02
    0.351035983091658099E-02    0.224130395192302467E+01    0.275485321514232702E+02
    0.348265717995112876E-02    0.223714992846725869E+01    0.275486198609220025E+02
    0.345737169681546285E-02    0.223172369781032387E+01    0.275684035600173516E+02
    0.343078943902936587E-02    0.222716026453671967E+01    0.275683051498804801E+02
    0.341844040390360199E-02    0.221437219860240031E+01    0.275680239203666879E+02
    0.338912915690564110E-02    0.221159504318509992E+01    0.275679617335116234E+02
    0.336306964971825380E-02    0.220703276196130371E+01    0.275678586699250765E+02
    0.333608693144980123E-02    0.220314396274097035E+01    0.275677699091190505E+02
    0.331386600230345989E-02    0.219651007950756894E+01    0.275495226877185502E+02
    0.328219444281957918E-02    0.219571657596055037E+01    0.275495412141957594E+02
    0.325501380374118836E-02    0.219234801536660262E+01    0.275675188812376071E+02
    0.322474698105123646E-02    0.219103206486717772E+01    0.275496513709615769E+02
    0.319626551452258014E-02    0.218877484505500597E+01    0.275674342321274679E+02
    0.316545165994838468E-02    0.218814954827134978E+01    0.275497198350566777E+02
    0.313944571685953727E-02    0.218464852614117166E+01    0.275673354618398037E+02
    0.311480469622517527E-02    0.218040814336549893E+01    0.275672327881079795E+02
    0.308459400014628269E-02    0.217990095981897936E+01    0.275672204259187694E+02
    0.306001674829676574E-02    0.217590026973325745E+01    0.275500168845574827E+02
    0.311127555860112644E-02    0.214264213588120134E+01    0.275508810723606601E+02
    0.333276889706644831E-02    0.200510079679331055E+01    0.275575358496327745E+02
    0.326817955180103582E-02    0.204424147920875665E+01    0.275627632229077406E+02
    0.317022516009503449E-02    0.210510248743299488E+01    0.275651476476808455E+02
    0.333465635799240316E-02    0.200396844905536486E+01    0.275593381818473269E+02
    0.322928298665983585E-02    0.206818746093307881E+01    0.275533072493011382E+02
    0.313142873087339773E-02    0.212972898712466918E+01    0.275658951349152233E+02
    0.307947234543043185E-02    0.216319118322795267E+01    0.275503364052112403E+02
    0.333090731613635638E-02    0.200621824663268589E+01    0.275573285409993574E+02
    0.311068973108498403E-02    0.214301875483717330E+01    0.275508707431547428E+02
    0.320088628287877206E-02    0.208585224529283897E+01    0.275644980756605094E+02
    0.323466410352661474E-02    0.206485753385614768E+01    0.275636966602543403E+02
    0.329527409271060650E-02    0.202772901715084508E+01    0.275553110462713846E+02
    0.311099131083008348E-02    0.214282486528011873E+01    0.275508760590658000E+02
    0.315817612968641304E-02    0.211271834136920322E+01    0.275653875700121489E+02
    0.331946917483850069E-02    0.201309794891235638E+01    0.275564616160809095E+02
    0.308533301729080204E-02    0.215938851743002003E+01    0.275504344473643101E+02
    0.330751619243652584E-02    0.202031268967404909E+01    0.275613060554126434E+02
    0.311845526902520057E-02    0.213803216874039270E+01    0.275510086493701749E+02
    0.319778564255442793E-02    0.208779054786760065E+01    0.275645666672825911E+02
    0.311393413564932863E-02    0.214093387072040686E+01    0.275509280987765379E+02
    0.325161028063521672E-02    0.205440702580662737E+01    0.275632468299872535E+02
    0.332389560715162184E-02    0.201043277359026495E+01    0.275567478311853336E+02
    0.310786822858649626E-02    0.214483364678504751E+01    0.275663180098179659E+02
    0.326965690209198414E-02    0.204333760201543235E+01    0.275627174939188890E+02
    0.331914546258726267E-02    0.201329299698740050E+01    0.275564421813412466E+02
    0.332084504033518767E-02    0.201226915348383129E+01    0.275605928917969294E+02
    0.324655218571826085E-02    0.205752058042438213E+01    0.275537539246201568E+02
    0.332279352496704997E-02    0.201109601038245600E+01    0.275604666051305642E+02
    0.326925570413055160E-02    0.204358302383774193E+01    0.275627299600189524E+02
    0.306165014375625686E-02    0.217479964844912166E+01    0.275500440817727785E+02
    0.329698839554531595E-02    0.202668882624436275E+01    0.275617600553544762E+02
    0.322333111960561259E-02    0.207187704697940500E+01    0.275531613282919778E+02
    0.331328501230261120E-02    0.201682741884499084E+01    0.275561165403407031E+02
    0.307045815196289092E-02    0.216905414374544536E+01    0.275501874903059409E+02
    0.328850593743154011E-02    0.203184103646635172E+01    0.275620843275925651E+02
    0.333522496105264623E-02    0.200362745164661327E+01    0.275592380419979044E+02
    0.322112564592228054E-02    0.207324595911563492E+01    0.275640309904079146E+02
    0.319251196652305331E-02    0.209109160052662624E+01    0.275524574588670887E+02
    0.319797196756552420E-02    0.208767401749074555E+01    0.275525766047887757E+02
    0.324520986145666141E-02    0.205834767437574673E+01    0.275537178191762067E+02
    0.331786500335312000E-02    0.201406470542848082E+01    0.275563669684969383E+02
    0.307619284153675060E-02    0.216532223103796273E+01    0.275668572019184701E+02
    0.332611458051002310E-02    0.200909805476840653E+01    0.275602295598090166E+02
    0.318000499426630617E-02    0.209894218037917080E+01    0.275521921909681744E+02
    0.313154142552576811E-02    0.212965701191190604E+01    0.275512461091157732E+02
    0.331255319484016634E-02    0.201726921500272427E+01    0.275610603430613885E+02
    0.328868770578732289E-02    0.203173049183854193E+01    0.275620776847571882E+02
    0.327421874682483566E-02    0.204054913492554402E+01    0.275545660407207862E+02
    0.332021774206879778E-02    0.201264698353230909E+01    0.275606319187930993E+02
    0.332345531696535577E-02    0.201069771533438768E+01    0.275567173980350759E+02
    0.332127305739255644E-02    0.201201139410547558E+01    0.275565733411013056E+02
    0.332158067044325709E-02    0.201182616464625497E+01    0.275565930172801856E+02
    0.323534408116450678E-02    0.206443714635679054E+01    0.275534598408774229E+02
    0.333137974047514537E-02    0.200593460569343129E+01    0.275597614283419503E+02
    0.311327639817913539E-02    0.214135636324354506E+01    0.275509164411867147E+02
    0.310500524818806698E-02    0.214667690376543696E+01    0.275507711260218286E+02
    0.317608284610893096E-02    0.210141045882572142E+01    0.275521110397185289E+02
    0.306201131537107377E-02    0.217456372971478373E+01    0.275670892477267984E+02
    0.328369950194978616E-02    0.203476634754067920E+01    0.275622557677333262E+02
    0.327713426221834612E-02    0.203876903510069640E+01    0.275624781833096506E+02
    0.314296787920930387E-02    0.212237263905655027E+01    0.275514590872299436E+02
    0.331999819324701930E-02    0.201277923755778065E+01    0.275606454062766879E+02
    0.315228784246907078E-02    0.211645073819596563E+01    0.275655021206259185E+02
    0.319175876715209689E-02    0.209156350994643248E+01    0.275524411888723080E+02
    0.316354841654674151E-02    0.210931908655238942E+01    0.275652815430042715E+02
    0.313553219822098207E-02    0.212710987525820228E+01    0.275513198700334598E+02
    0.328502679131004909E-02    0.203395809990235676E+01    0.275549299633268987E+02
    0.326295133914185744E-02    0.204744350584900969E+01    0.275542178152191113E+02
    0.318134354428501430E-02    0.209810050347349542E+01    0.275522201004791611E+02
    0.320618412445745687E-02    0.208254474751348750E+01    0.275643791620114271E+02
    0.325864106369053944E-02    0.205008720132255950E+01    0.275540914624605620E+02
    0.333588996818226253E-02    0.200322871342136732E+01    0.275580417969019358E+02
    0.321108817686566531E-02    0.207948796380066625E+01    0.275642670558334792E+02
    0.315300600153012832E-02    0.211599514701691271E+01    0.275516509307890090E+02
    0.319980389734410764E-02    0.208652866331308395E+01    0.275526170683684981E+02
    0.329951273863094297E-02    0.202515810978877431E+01    0.275616571592037012E+02
    0.323042443592243744E-02    0.206748064918461250E+01    0.275638035029296411E+02
    0.312694610246417671E-02    0.213259403071516562E+01    0.275511619695005194E+02
    0.333694625197451583E-02    0.200259552911039362E+01    0.275584630640891035E+02
    0.309159334114809253E-02    0.215533451021833145E+01    0.275665988824680639E+02
    0.325035849301480830E-02    0.205517712340595704E+01    0.275632814438753542E+02
    0.328820666230716582E-02    0.203202305757190516E+01    0.275550439322230716E+02
    0.317581956559198110E-02    0.210157625514942659E+01    0.275521056252366776E+02
    0.306835584570513660E-02    0.217042398902222944E+01    0.275501530769459961E+02
    0.327889198681044058E-02    0.203769660215583359E+01    0.275547193183969767E+02
    0.330921138307166754E-02    0.201928789870124170E+01    0.275612258591332235E+02
    0.333697109973765237E-02    0.200258063664959307E+01    0.275584984381846816E+02
    0.310584359807302302E-02    0.214613697763887901E+01    0.275663534216774444E+02
    0.324969601465911187E-02    0.205558479897680435E+01    0.275538395052395941E+02
    0.333091648619554060E-02    0.200621274059742571E+01    0.275573294775135160E+02
    0.326315719285157589E-02    0.204731733343935662E+01    0.275542239373525391E+02
    0.311056910022883054E-02    0.214309631525344280E+01    0.275662705528442835E+02
    0.333534167765270600E-02    0.200355746262984979E+01    0.275579235992565472E+02
    0.324812225852689693E-02    0.205655358948267741E+01    0.275537964833418485E+02
    0.318490919918636498E-02    0.209586015555274852E+01    0.275522949940611639E+02
    0.329660380585033736E-02    0.202692213742507699E+01    0.275617754487059159E+02
    0.333636257160511507E-02    0.200294538875952410E+01    0.275589683246180783E+02
    0.320703923464206670E-02    0.208201140560923870E+01    0.275643597582546462E+02
    0.329696956745522893E-02    0.202670024766390799E+01    0.275617608106427525E+02
