    0.274951585236988869E+02   -0.576527954760840267E+01
    0.276173704425561439E+02   -0.509774306996792337E+01
    0.275003553076051084E+02   -0.501642065230106837E+01
    0.276127468140426728E+02   -0.447884601436631513E+01
    0.275080852099599689E+02   -0.402092483381918342E+01
    0.275086365703271696E+02   -0.395532756685796549E+01
    0.276064505168989243E+02   -0.371751377353398205E+01
    0.276063426937422740E+02   -0.370529418365510832E+01
    0.275133193041057176E+02   -0.342724542883188654E+01
    0.276015948160105040E+02   -0.319453203955315201E+01
    0.275178789921784457E+02   -0.296296949621171013E+01
    0.275185697861754974E+02   -0.289692879874610876E+01
    0.275975591581353967E+02   -0.280238597500415576E+01
    0.275196881338896873E+02   -0.279241060129820706E+01
    0.275965903065322280E+02   -0.271398698268630056E+01
    0.275211190686309948E+02   -0.266300068460512485E+01
    0.275941551524081810E+02   -0.250162212911779136E+01
    0.275940183678260880E+02   -0.249011023392796549E+01
    0.275237101210455677E+02   -0.244101972980873372E+01
    0.275930875304511183E+02   -0.241294767071413396E+01
    0.275927814109876977E+02   -0.238802026342240747E+01
    0.275923495165700814E+02   -0.235322860547363710E+01
    0.275914350192513034E+02   -0.228101921830078336E+01
    0.275257525681686630E+02   -0.227725142165880889E+01
    0.275910264816915074E+02   -0.224940117931751526E+01
    0.275267145310457657E+02   -0.220354312867875191E+01
    0.275270209674069122E+02   -0.218052362382418741E+01
    0.275899994026774209E+02   -0.217165918537545766E+01
    0.275895466001146801E+02   -0.213817942933188965E+01
    0.275894122119542615E+02   -0.212833640040105543E+01
    0.275279601852998077E+02   -0.211135569290971636E+01
    0.275890621732226826E+02   -0.210289932010521330E+01
    0.275872824163001091E+02   -0.197805654331971947E+01
    0.275872331572187264E+02   -0.197470796164072837E+01
    0.275307767369616840E+02   -0.191646614066406973E+01
    0.275310127671132463E+02   -0.190098782271665456E+01
    0.275859645715009876E+02   -0.189045153990126980E+01
    0.275312741039177382E+02   -0.188400395161253553E+01
    0.275314964030552538E+02   -0.186968445650219461E+01
    0.275316342316159712E+02   -0.186086497822066765E+01
    0.275850667251892183E+02   -0.183312330230534237E+01
    0.275320835288579744E+02   -0.183242754659320606E+01
    0.275320835288579744E+02   -0.183242754659320606E+01
    0.275324750573122792E+02   -0.180803652400814285E+01
    0.275326556923320815E+02   -0.179690596724537222E+01
    0.275843058337408067E+02   -0.178603509326567278E+01
    0.275331928554535175E+02   -0.176426331555069948E+01
    0.275836984800473211E+02   -0.174943322792635847E+01
    0.275835103220185189E+02   -0.173827132040331511E+01
    0.275835103220185189E+02   -0.173827132040331511E+01
    0.275338265715653634E+02   -0.172663239357634590E+01
    0.275338875501927269E+02   -0.172306158950920518E+01
    0.275338875501927269E+02   -0.172306158950920518E+01
    0.275831758806133607E+02   -0.171863866903581064E+01
    0.275826309853977492E+02   -0.168721947454649079E+01
    0.275346535335098217E+02   -0.167895740933516824E+01
    0.275350784778582280E+02   -0.165508934174022726E+01
    0.275819390790641350E+02   -0.164833735904934953E+01
    0.275352222789355174E+02   -0.164710929218624980E+01
    0.275352222789355174E+02   -0.164710929218624980E+01
    0.275352586193144333E+02   -0.164510038730233288E+01
    0.275355610924678871E+02   -0.162850101826987426E+01
    0.275355610924678871E+02   -0.162850101826987426E+01
    0.275359958694308737E+02   -0.160502074433967845E+01
    0.275359958694308737E+02   -0.160502074433967845E+01
    0.275796648367603794E+02   -0.152852715368278158E+01
    0.275796597239326751E+02   -0.152827161038329740E+01
    0.275796479948729392E+02   -0.152768561645240997E+01
    0.275796479948729392E+02   -0.152768561645240997E+01
    0.275376087024988720E+02   -0.152183187266080444E+01
    0.275379245876408660E+02   -0.150626056143110620E+01
    0.275790488250963719E+02   -0.149818424921828308E+01
    0.275790090573278590E+02   -0.149625630508105534E+01
    0.275790090573278590E+02   -0.149625630508105534E+01
    0.275788428610852741E+02   -0.148823965575273021E+01
    0.275382967056503105E+02   -0.148822062286276369E+01
    0.275785010769604000E+02   -0.147195904429064073E+01
    0.275785010769604000E+02   -0.147195904429064073E+01
    0.275782117191975438E+02   -0.145839209352326882E+01
    0.275782117191975438E+02   -0.145839209352326882E+01
    0.275780564580890513E+02   -0.145119424377908057E+01
    0.275391613591394169E+02   -0.144757000659028479E+01
    0.275392810089223516E+02   -0.144208435443249150E+01
    0.275394905258244798E+02   -0.143256022315465836E+01
    0.275396621540361330E+02   -0.142483592336344800E+01
    0.275399266934262030E+02   -0.141306676800286435E+01
    0.275400965128814441E+02   -0.140559902332638020E+01
    0.275768583791825037E+02   -0.139757275962275385E+01
    0.275767680027404332E+02   -0.139366581565384573E+01
    0.275404064779317643E+02   -0.139214462815708528E+01
    0.275404574591750730E+02   -0.138995352962207042E+01
    0.275404574591750730E+02   -0.138995352962207042E+01
    0.275405265248363662E+02   -0.138699501274608750E+01
    0.275405265248363662E+02   -0.138699501274608750E+01
    0.275764504496688012E+02   -0.138009157724142661E+01
    0.275764504496688012E+02   -0.138009157724142661E+01
    0.275408164470466339E+02   -0.137469913131747390E+01
    0.275761337797068506E+02   -0.136679304098819232E+01
    0.275761337797068506E+02   -0.136679304098819232E+01
    0.275411014924058222E+02   -0.136280425922219428E+01
    0.275411044790920343E+02   -0.136268064477658291E+01
    0.275757369321450483E+02   -0.135046293350304047E+01
    0.275756337380694028E+02   -0.134627767814337718E+01
    0.275753507900992503E+02   -0.133493156891346043E+01
    0.275417898877468907E+02   -0.133487163433435052E+01
    0.275418141108472483E+02   -0.133390919905129568E+01
    0.275418731943864223E+02   -0.133156751600536705E+01
    0.275420854422915546E+02   -0.132322363596044168E+01
    0.275420854422915546E+02   -0.132322363596044168E+01
    0.275747014479748032E+02   -0.130961043158896473E+01
    0.275747014479748032E+02   -0.130961043158896473E+01
    0.275424471558318800E+02   -0.130924994337338463E+01
    0.275424572420061011E+02   -0.130886473799012615E+01
    0.275424632671771796E+02   -0.130863474312245653E+01
    0.275428080456743842E+02   -0.129561704154372381E+01
    0.275742605625902044E+02   -0.129298756544040860E+01
    0.275742605625902044E+02   -0.129298756544040860E+01
    0.275429758234162207E+02   -0.128938419269216253E+01
    0.275739509345790950E+02   -0.128158886641127223E+01
    0.275434234855108322E+02   -0.127308021770200752E+01
    0.275434792325778872E+02   -0.127108314383461862E+01
    0.275434792325778872E+02   -0.127108314383461862E+01
    0.275435608030677379E+02   -0.126817424676807855E+01
    0.275435608030677379E+02   -0.126817424676807855E+01
    0.275436511543822462E+02   -0.126497061920631859E+01
    0.275728379618920769E+02   -0.124249159402038512E+01
    0.275728205479221984E+02   -0.124190318608816597E+01
    0.275728186197930540E+02   -0.124183807990941064E+01
    0.275728186197930540E+02   -0.124183807990941064E+01
    0.275726640023480343E+02   -0.123664586692244116E+01
    0.275725283823531839E+02   -0.123213824356289270E+01
    0.275725283823531839E+02   -0.123213824356289270E+01
    0.275446718916914648E+02   -0.123012157828536739E+01
    0.275724661596751943E+02   -0.123008472362644139E+01
    0.275724661596751943E+02   -0.123008472362644139E+01
    0.275723140911319149E+02   -0.122510465109619249E+01
    0.275721389369173302E+02   -0.121943645454626193E+01
    0.275719915420938619E+02   -0.121472291190842641E+01
    0.275719915420938619E+02   -0.121472291190842641E+01
    0.275718705470008025E+02   -0.121089208158853423E+01
    0.275718705470008025E+02   -0.121089208158853423E+01
    0.275718582270200585E+02   -0.121050396414679762E+01
    0.275718582270200585E+02   -0.121050396414679762E+01
    0.275452898035819267E+02   -0.121022506704558186E+01
    0.275717945230819375E+02   -0.120850283132030567E+01
    0.275453839625350625E+02   -0.120727262469548902E+01
    0.275453839625350625E+02   -0.120727262469548902E+01
    0.275456089279465637E+02   -0.120030368142849841E+01
    0.275713840839127791E+02   -0.119584026739301730E+01
    0.275713840839127791E+02   -0.119584026739301730E+01
    0.275713809523469422E+02   -0.119574518910290117E+01
    0.275459925675629833E+02   -0.118869598412718647E+01
    0.275459925675629833E+02   -0.118869598412718647E+01
    0.275464117672823470E+02   -0.117641109381797992E+01
    0.275467231483128359E+02   -0.116755541917450545E+01
    0.275468967479963922E+02   -0.116271799561820832E+01
    0.275471611477872607E+02   -0.115548759821371583E+01
    0.275473018527607110E+02   -0.115170734907983285E+01
    0.275474359670856472E+02   -0.114814783559224431E+01
    0.275476189237532978E+02   -0.114336073282977124E+01
    0.275694484623199756E+02   -0.114150414165707415E+01
    0.275479474062990306E+02   -0.113496495572802880E+01
    0.275691875875065904E+02   -0.113485984768491921E+01
    0.275480216743489272E+02   -0.113310215674309167E+01
    0.275482521147517048E+02   -0.112740541903326341E+01
    0.275687360889279098E+02   -0.112374157395216390E+01
    0.275484076637281419E+02   -0.112363121401367061E+01
    0.275484338363587895E+02   -0.112300180226752455E+01
    0.275686509994239017E+02   -0.112170031721291563E+01
    0.275486198609220025E+02   -0.111857496423362934E+01
    0.275684035600173516E+02   -0.111586184890516193E+01
    0.275683051498804801E+02   -0.111358013226835983E+01
    0.275680239203666879E+02   -0.110718609930120016E+01
    0.275679617335116234E+02   -0.110579752159254996E+01
    0.275678586699250765E+02   -0.110351638098065186E+01
    0.275677699091190505E+02   -0.110157198137048518E+01
    0.275495226877185502E+02   -0.109825503975378447E+01
    0.275495412141957594E+02   -0.109785828798027518E+01
    0.275675188812376071E+02   -0.109617400768330131E+01
    0.275496513709615769E+02   -0.109551603243358886E+01
    0.275674342321274679E+02   -0.109438742252750298E+01
    0.275497198350566777E+02   -0.109407477413567489E+01
    0.275673354618398037E+02   -0.109232426307058583E+01
    0.275672327881079795E+02   -0.109020407168274946E+01
    0.275500168845574827E+02   -0.108795013486662873E+01
    0.275575358496327745E+02   -0.100255039839665527E+01
    0.275627632229077406E+02   -0.102212073960437833E+01
    0.275651476476808455E+02   -0.105255124371649744E+01
    0.275593381818473269E+02   -0.100198422452768243E+01
    0.275533072493011382E+02   -0.103409373046653941E+01
    0.275503364052112403E+02   -0.108159559161397634E+01
    0.275573285409993574E+02   -0.100310912331634294E+01
    0.275508707431547428E+02   -0.107150937741858665E+01
    0.275644980756605094E+02   -0.104292612264641948E+01
    0.275636966602543403E+02   -0.103242876692807384E+01
    0.275553110462713846E+02   -0.101386450857542254E+01
    0.275508760590658000E+02   -0.107141243264005936E+01
    0.275564616160809095E+02   -0.100654897445617819E+01
    0.275504344473643101E+02   -0.107969425871501001E+01
    0.275613060554126434E+02   -0.101015634483702454E+01
    0.275510086493701749E+02   -0.106901608437019635E+01
    0.275645666672825911E+02   -0.104389527393380033E+01
    0.275509280987765379E+02   -0.107046693536020343E+01
    0.275567478311853336E+02   -0.100521638679513248E+01
    0.275663180098179659E+02   -0.107241682339252375E+01
    0.275564421813412466E+02   -0.100664649849370025E+01
    0.275605928917969294E+02   -0.100613457674191564E+01
    0.275537539246201568E+02   -0.102876029021219106E+01
    0.275604666051305642E+02   -0.100554800519122800E+01
    0.275627299600189524E+02   -0.102179151191887096E+01
    0.275500440817727785E+02   -0.108739982422456083E+01
    0.275617600553544762E+02   -0.101334441312218138E+01
    0.275531613282919778E+02   -0.103593852348970250E+01
    0.275561165403407031E+02   -0.100841370942249542E+01
    0.275501874903059409E+02   -0.108452707187272268E+01
    0.275620843275925651E+02   -0.101592051823317586E+01
    0.275592380419979044E+02   -0.100181372582330663E+01
    0.275640309904079146E+02   -0.103662297955781746E+01
    0.275524574588670887E+02   -0.104554580026331312E+01
    0.275525766047887757E+02   -0.104383700874537277E+01
    0.275537178191762067E+02   -0.102917383718787336E+01
    0.275563669684969383E+02   -0.100703235271424041E+01
    0.275668572019184701E+02   -0.108266111551898137E+01
    0.275521921909681744E+02   -0.104947109018958540E+01
    0.275512461091157732E+02   -0.106482850595595302E+01
    0.275610603430613885E+02   -0.100863460750136213E+01
    0.275620776847571882E+02   -0.101586524591927096E+01
    0.275545660407207862E+02   -0.102027456746277201E+01
    0.275606319187930993E+02   -0.100632349176615454E+01
    0.275567173980350759E+02   -0.100534885766719384E+01
    0.275565733411013056E+02   -0.100600569705273779E+01
    0.275565930172801856E+02   -0.100591308232312748E+01
    0.275534598408774229E+02   -0.103221857317839527E+01
    0.275597614283419503E+02   -0.100296730284671565E+01
    0.275509164411867147E+02   -0.107067818162177253E+01
    0.275507711260218286E+02   -0.107333845188271848E+01
    0.275521110397185289E+02   -0.105070522941286071E+01
    0.275670892477267984E+02   -0.108728186485739187E+01
    0.275622557677333262E+02   -0.101738317377033960E+01
    0.275624781833096506E+02   -0.101938451755034820E+01
    0.275514590872299436E+02   -0.106118631952827513E+01
    0.275606454062766879E+02   -0.100638961877889033E+01
    0.275524411888723080E+02   -0.104578175497321624E+01
    0.275652815430042715E+02   -0.105465954327619471E+01
    0.275513198700334598E+02   -0.106355493762910114E+01
    0.275542178152191113E+02   -0.102372175292450485E+01
    0.275522201004791611E+02   -0.104905025173674771E+01
    0.275643791620114271E+02   -0.104127237375674375E+01
    0.275540914624605620E+02   -0.102504360066127975E+01
    0.275642670558334792E+02   -0.103974398190033313E+01
    0.275516509307890090E+02   -0.105799757350845636E+01
    0.275526170683684981E+02   -0.104326433165654198E+01
    0.275616571592037012E+02   -0.101257905489438715E+01
    0.275638035029296411E+02   -0.103374032459230625E+01
    0.275511619695005194E+02   -0.106629701535758281E+01
    0.275584630640891035E+02   -0.100129776455519681E+01
    0.275665988824680639E+02   -0.107766725510916572E+01
    0.275632814438753542E+02   -0.102758856170297852E+01
    0.275521056252366776E+02   -0.105078812757471329E+01
    0.275501530769459961E+02   -0.108521199451111472E+01
    0.275547193183969767E+02   -0.101884830107791680E+01
    0.275612258591332235E+02   -0.100964394935062085E+01
    0.275584984381846816E+02   -0.100129031832479654E+01
    0.275663534216774444E+02   -0.107306848881943950E+01
    0.275573294775135160E+02   -0.100310637029871286E+01
    0.275542239373525391E+02   -0.102365866671967831E+01
    0.275662705528442835E+02   -0.107154815762672140E+01
    0.275537964833418485E+02   -0.102827679474133871E+01
    0.275522949940611639E+02   -0.104793007777637426E+01
    0.275617754487059159E+02   -0.101346106871253849E+01
    0.275589683246180783E+02   -0.100147269437976205E+01
    0.275643597582546462E+02   -0.104100570280461935E+01
    0.275617608106427525E+02   -0.101335012383195400E+01
