    0.273989646663616249E+02   -0.728077347989844803E+01
    0.275627060068772849E+02   -0.547454881767293688E+01
    0.275608529779860305E+02   -0.526768413924041123E+01
    0.275588644342573659E+02   -0.505147949941168051E+01
    0.274278177508290995E+02   -0.401347153320503836E+01
    0.274300604425428176E+02   -0.381235323814432947E+01
    0.274335876263593761E+02   -0.351146608583653430E+01
    0.275421535752581370E+02   -0.347136594189634362E+01
    0.275414505702780730E+02   -0.341416863981766250E+01
    0.274370038657531268E+02   -0.323801662414760427E+01
    0.274371212525647401E+02   -0.322893481981002850E+01
    0.275379081777373429E+02   -0.313735080045353154E+01
    0.274398216994216142E+02   -0.302577659933257204E+01
    0.274399530851006226E+02   -0.301617420050134699E+01
    0.275351547007347932E+02   -0.293531780361534400E+01
    0.275346839041355196E+02   -0.290192389097306336E+01
    0.274420167731369489E+02   -0.286878081658640793E+01
    0.275331801790621782E+02   -0.279751347380226401E+01
    0.275330926881968381E+02   -0.279154407642407332E+01
    0.275325686279192539E+02   -0.275603091206420503E+01
    0.274438589148858298E+02   -0.274266268831031956E+01
    0.275314489475851829E+02   -0.268154987182496551E+01
    0.275311972831465397E+02   -0.266507068016615190E+01
    0.274453451657725083E+02   -0.264465817210110110E+01
    0.274456987000601060E+02   -0.262183869708884920E+01
    0.275304763854244072E+02   -0.261839696734587513E+01
    0.274457966058753797E+02   -0.261555268928096485E+01
    0.274461184757924457E+02   -0.259498952525117987E+01
    0.275299070673347899E+02   -0.258209368973335796E+01
    0.275297928772013414E+02   -0.257487135395246103E+01
    0.274464943086226434E+02   -0.257117754648186736E+01
    0.274472205000044198E+02   -0.252577397882000243E+01
    0.275288144280406541E+02   -0.251379615241921472E+01
    0.274479135715104121E+02   -0.248318649815361381E+01
    0.274483526187407989E+02   -0.245658479319200973E+01
    0.275277350638064462E+02   -0.244810479764135858E+01
    0.275273724731853662E+02   -0.242643328215201759E+01
    0.275268180575803569E+02   -0.239368189529674780E+01
    0.275266935700633972E+02   -0.238639199493932308E+01
    0.274502082320361893E+02   -0.234738028625259432E+01
    0.274504611252093653E+02   -0.233290133587986404E+01
    0.275244729851283587E+02   -0.226030192766270321E+01
    0.275244729851283587E+02   -0.226030192766270321E+01
    0.275243784604893165E+02   -0.225510041180435872E+01
    0.275229832313725566E+02   -0.217989850609670865E+01
    0.275229832313725566E+02   -0.217989850609670865E+01
    0.274535863649689738E+02   -0.216197094332903461E+01
    0.275225629814807533E+02   -0.215782543167008667E+01
    0.274537833417856341E+02   -0.215169344144947328E+01
    0.274538316362227093E+02   -0.214918259665822031E+01
    0.275223548031589829E+02   -0.214699026789947922E+01
    0.274544266151720251E+02   -0.211853943903083186E+01
    0.274544266151720251E+02   -0.211853943903083186E+01
    0.274548890933355203E+02   -0.209509102613003018E+01
    0.274548890933355203E+02   -0.209509102613003018E+01
    0.274554474001947781E+02   -0.206721577522273225E+01
    0.274556720404754842E+02   -0.205613316252752920E+01
    0.274557766290541068E+02   -0.205099938344972132E+01
    0.274557766290541068E+02   -0.205099938344972132E+01
    0.274559557437467525E+02   -0.204224595951857824E+01
    0.275200506971359324E+02   -0.203145342907644277E+01
    0.275200506971359324E+02   -0.203145342907644277E+01
    0.275195629949187648E+02   -0.200802984016029118E+01
    0.274572828696037448E+02   -0.197890333170616417E+01
    0.274572828696037448E+02   -0.197890333170616417E+01
    0.275178469793732674E+02   -0.192847767347104915E+01
    0.275178469793732674E+02   -0.192847767347104915E+01
    0.275176261180465538E+02   -0.191856298099362776E+01
    0.275176261180465538E+02   -0.191856298099362776E+01
    0.275175974756292696E+02   -0.191728260837922182E+01
    0.275175974756292696E+02   -0.191728260837922182E+01
    0.274586833724495563E+02   -0.191495303182039023E+01
    0.275173894323421209E+02   -0.190801997368272414E+01
    0.275173894323421209E+02   -0.190801997368272414E+01
    0.275171177973339809E+02   -0.189602479790084288E+01
    0.274592206522469340E+02   -0.189120844701997126E+01
    0.274592206522469340E+02   -0.189120844701997126E+01
    0.275168786617507948E+02   -0.188555732087438521E+01
    0.275166929605153676E+02   -0.187748855882027477E+01
    0.274595435737584879E+02   -0.187714770798893027E+01
    0.274595435737584879E+02   -0.187714770798893027E+01
    0.274599035461554273E+02   -0.186165995528505390E+01
    0.275160743292982986E+02   -0.185098592100700277E+01
    0.275158823133837096E+02   -0.184287775675640786E+01
    0.274606935133979349E+02   -0.182836007475152718E+01
    0.275154839497549872E+02   -0.182623445248183303E+01
    0.274610535368807192E+02   -0.181349754289128184E+01
    0.275149318781271823E+02   -0.180356693960607606E+01
    0.275149318781271823E+02   -0.180356693960607606E+01
    0.275148103654550162E+02   -0.179863976905081491E+01
    0.275145950296852178E+02   -0.178996316386237009E+01
    0.275145950296852178E+02   -0.178996316386237009E+01
    0.274616647992579210E+02   -0.178871320707632342E+01
    0.274617575872731550E+02   -0.178500051060463893E+01
    0.274617575872731550E+02   -0.178500051060463893E+01
    0.274620075089041791E+02   -0.177506537784042351E+01
    0.274627499997315141E+02   -0.174610748102327373E+01
    0.274632429797970588E+02   -0.172734225980175871E+01
    0.274633872610844243E+02   -0.172191988061847678E+01
    0.275128388800924384E+02   -0.172182538309406641E+01
    0.274637077646929626E+02   -0.170998758914160409E+01
    0.275118601971658236E+02   -0.168588102293423292E+01
    0.275116764083961201E+02   -0.167929284917187349E+01
    0.275116764083961201E+02   -0.167929284917187349E+01
    0.274651850850145465E+02   -0.165699971082829300E+01
    0.275109139118051225E+02   -0.165250678706265663E+01
    0.275108854226604969E+02   -0.165152305494369034E+01
    0.275108854226604969E+02   -0.165152305494369034E+01
    0.275104279553622035E+02   -0.163589512711888752E+01
    0.275104279553622035E+02   -0.163589512711888752E+01
    0.274663603144669359E+02   -0.161720919520581918E+01
    0.274663603144669359E+02   -0.161720919520581918E+01
    0.274663850468996529E+02   -0.161639430074906421E+01
    0.275098317305933548E+02   -0.161600301937442015E+01
    0.275095744653844783E+02   -0.160758614400013222E+01
    0.275087147309257674E+02   -0.158018610868569320E+01
    0.275085598182295641E+02   -0.157536808797412320E+01
    0.274679441055592974E+02   -0.156689678292192314E+01
    0.274680773096115942E+02   -0.156283857962750816E+01
    0.274684532367172309E+02   -0.155153058587205162E+01
    0.274685887265205793E+02   -0.154750751839212741E+01
    0.274690352722675470E+02   -0.153444527559892308E+01
    0.274692739466008611E+02   -0.152758755643925226E+01
    0.275069263247589646E+02   -0.152677753579430808E+01
    0.275069259710044633E+02   -0.152676745082188847E+01
    0.275069259710044633E+02   -0.152676745082188847E+01
    0.274693137829868732E+02   -0.152645136285730043E+01
    0.274693137829868732E+02   -0.152645136285730043E+01
    0.275065220501001697E+02   -0.151537604766514544E+01
    0.274697190292036844E+02   -0.151502980138356236E+01
    0.274697190292036844E+02   -0.151502980138356236E+01
    0.274698028061443900E+02   -0.151269965414064256E+01
    0.274698513743877371E+02   -0.151135366176225983E+01
    0.274702794540541255E+02   -0.149964471678909894E+01
    0.275054412167159619E+02   -0.148611029246952220E+01
    0.275054412167159619E+02   -0.148611029246952220E+01
    0.275052338538283152E+02   -0.148069792866520622E+01
    0.274709995336952204E+02   -0.148057537546636242E+01
    0.275050722889402941E+02   -0.147652609997961570E+01
    0.275048879518214449E+02   -0.147181457536835358E+01
    0.274714637873367131E+02   -0.146869750767875473E+01
    0.274716299749046016E+02   -0.146452500886683135E+01
    0.274716526425053118E+02   -0.146395913340177319E+01
    0.275044811592838485E+02   -0.146159945785180412E+01
    0.274724539802224044E+02   -0.144445481751073501E+01
    0.274724539802224044E+02   -0.144445481751073501E+01
    0.274724750851984787E+02   -0.144395428114791691E+01
    0.275035879107659262E+02   -0.144004868106033168E+01
    0.275035253915789184E+02   -0.143858560174829719E+01
    0.275034320758120252E+02   -0.143641283700380851E+01
    0.275034320758120252E+02   -0.143641283700380851E+01
    0.275034304039372905E+02   -0.143637402939729242E+01
    0.274728479104573360E+02   -0.143522345240991656E+01
    0.274728479104573360E+02   -0.143522345240991656E+01
    0.275032642841104433E+02   -0.143253917147969290E+01
    0.274729920716873686E+02   -0.143190395493310274E+01
    0.274730909507838206E+02   -0.142964534610743987E+01
    0.274733526318956223E+02   -0.142373948583906840E+01
    0.274733719989466429E+02   -0.142330651675694897E+01
    0.274733719989466429E+02   -0.142330651675694897E+01
    0.275027695728310029E+02   -0.142136653218799447E+01
    0.274734770835575404E+02   -0.142096715855298616E+01
    0.275026727767900212E+02   -0.141922385880724766E+01
    0.275026727767900212E+02   -0.141922385880724766E+01
    0.275025952716150925E+02   -0.141751844358661683E+01
    0.275021852586059552E+02   -0.140864802396332434E+01
    0.274740974048719622E+02   -0.140749873945503068E+01
    0.274742912061509514E+02   -0.140341047768058158E+01
    0.274743868297515448E+02   -0.140141425678773879E+01
    0.275018229689278471E+02   -0.140102208354839219E+01
    0.274744337862563839E+02   -0.140043907435529014E+01
    0.274745313702649270E+02   -0.139842315858980948E+01
    0.275016813861745568E+02   -0.139809592303096419E+01
    0.274745919829601597E+02   -0.139717827143248896E+01
    0.274747748657046387E+02   -0.139345589672084524E+01
    0.274748112201877461E+02   -0.139272198094830246E+01
    0.274749478204280067E+02   -0.138998222912530567E+01
    0.274750769742607197E+02   -0.138741783529986162E+01
    0.274751603826597375E+02   -0.138577516689296099E+01
    0.275006814767848411E+02   -0.137829516259151452E+01
    0.275003669401777771E+02   -0.137237980936761383E+01
    0.275002211229360611E+02   -0.136968835214998230E+01
    0.275001445207765443E+02   -0.136828735913642419E+01
    0.274761251163309907E+02   -0.136754162686913094E+01
    0.274762022703989501E+02   -0.136614431954041127E+01
    0.274764055649255319E+02   -0.136250573212503201E+01
    0.274997180239421226E+02   -0.136064965409033878E+01
    0.274765825571655924E+02   -0.135938890673197599E+01
    0.274988980177515110E+02   -0.134673948562856372E+01
    0.274774833896958519E+02   -0.134426099225350359E+01
    0.274775237473332226E+02   -0.134361203758793057E+01
    0.274781641910492311E+02   -0.133364402116222069E+01
    0.274860146674788552E+02   -0.126196566596643134E+01
    0.274817442844234137E+02   -0.128937177923597290E+01
    0.274857782425863313E+02   -0.126276030989730348E+01
    0.274777227049054069E+02   -0.134044885884216769E+01
    0.274791678198877634E+02   -0.131927358284885532E+01
    0.274903414242266848E+02   -0.126238344005723491E+01
    0.274917580324755946E+02   -0.126868515268885118E+01
    0.274943386832883512E+02   -0.128798139384954236E+01
    0.274933350605836750E+02   -0.127927774512156267E+01
    0.274964796770344790E+02   -0.131165005504286380E+01
    0.274986886947345184E+02   -0.134335189761977647E+01
    0.274869598417157981E+02   -0.125963509691080988E+01
    0.274937677869308459E+02   -0.128284325831555446E+01
    0.274966030084293962E+02   -0.131322508647200409E+01
    0.274945744759904365E+02   -0.129024768444442706E+01
    0.274943257246074282E+02   -0.128785928571046360E+01
    0.274921202884745810E+02   -0.127078491246794978E+01
    0.274854352648969069E+02   -0.126406366361811262E+01
    0.274958100747112262E+02   -0.130350106202041682E+01
    0.274932676145031536E+02   -0.127874757472084410E+01
    0.274933890829991370E+02   -0.127970736892865533E+01
    0.274886747655023385E+02   -0.125886315588599618E+01
    0.274830456502270408E+02   -0.127809229727159623E+01
    0.274790849401068016E+02   -0.132040247207159900E+01
    0.274841505643074377E+02   -0.127053013454486607E+01
    0.274910670020290340E+02   -0.126523121658619986E+01
    0.274945676725655765E+02   -0.129018111375026945E+01
    0.274908621090029293E+02   -0.126434620659018848E+01
    0.274967236670429926E+02   -0.131478829160639910E+01
    0.274984014270399761E+02   -0.133881098154070854E+01
    0.274980295795471363E+02   -0.133311880156233986E+01
    0.274866762701974885E+02   -0.126019215689030961E+01
    0.274974444556510171E+02   -0.132458610774196539E+01
    0.274858140271609130E+02   -0.126263459459463223E+01
    0.274937286632884295E+02   -0.128250922488832719E+01
    0.274930810364011045E+02   -0.127731686121971322E+01
    0.274870140388753583E+02   -0.125954250070464591E+01
    0.274786345543378872E+02   -0.132671907512651033E+01
    0.274871641635192780E+02   -0.125930925403535765E+01
    0.274828225792086513E+02   -0.127984348658297797E+01
    0.274776712342768548E+02   -0.134126142594499131E+01
    0.274980914297463528E+02   -0.133405106601859891E+01
    0.274962402394539538E+02   -0.130865807980385007E+01
    0.274869714742308595E+02   -0.125961484750610797E+01
    0.274845804172422170E+02   -0.126808806009462516E+01
    0.274885206265067552E+02   -0.125875024670549185E+01
    0.274883342370868213E+02   -0.125866180712117504E+01
    0.274897213125155417E+02   -0.126058190631580325E+01
    0.274912993508953143E+02   -0.126631179804349792E+01
    0.274877457064027055E+02   -0.125872812785108179E+01
    0.274900100384327644E+02   -0.126134820701641148E+01
    0.274983031471739849E+02   -0.133728615723457067E+01
    0.274802576598721586E+02   -0.130539751811494353E+01
    0.274823142127920015E+02   -0.128411610078953986E+01
    0.274800500454758208E+02   -0.130790211980112958E+01
    0.274854308676044354E+02   -0.126408153125623812E+01
    0.274951576184487827E+02   -0.129621433795988050E+01
    0.274891472400731267E+02   -0.125943358225526514E+01
    0.274968393027598950E+02   -0.131630712622933044E+01
    0.274830998976432035E+02   -0.127767783423835102E+01
    0.274945919426821135E+02   -0.129041891513620333E+01
    0.274950833610024290E+02   -0.129542591010574371E+01
    0.274803710449820606E+02   -0.130405725065043043E+01
    0.274979487317209177E+02   -0.133190892872782873E+01
    0.274949229241846140E+02   -0.129375100455205638E+01
    0.274978213218557777E+02   -0.133002236911087746E+01
    0.274877390648694231E+02   -0.125873187145714627E+01
    0.274897199870581375E+02   -0.126057867975852833E+01
    0.274792904029770142E+02   -0.131762298694626101E+01
    0.274917729428287778E+02   -0.126876765390365454E+01
    0.274944776038527188E+02   -0.128930641349492014E+01
    0.274804963419563180E+02   -0.130259883977515689E+01
    0.274852462876132577E+02   -0.126485797070804140E+01
    0.274916955276550716E+02   -0.126834297066537038E+01
    0.274967093822630773E+02   -0.131460207227985926E+01
    0.274834155687875992E+02   -0.127535451397441890E+01
    0.274884868428493903E+02   -0.125873031024196491E+01
    0.274831004103021428E+02   -0.127767393867515455E+01
    0.274796576140948723E+02   -0.131281472842667246E+01
    0.274815245949587919E+02   -0.129152912123265229E+01
    0.274822835715016396E+02   -0.128438614296266529E+01
    0.274902344074267617E+02   -0.126203093085680162E+01
    0.274965987840148216E+02   -0.131317075637654668E+01
    0.274924804052671057E+02   -0.127306938635473443E+01
    0.274815177163287601E+02   -0.129159785001088712E+01
    0.274959883019375297E+02   -0.130560371056015212E+01
    0.274838065515250136E+02   -0.127268625663427337E+01
    0.274985895927337332E+02   -0.134177123643874552E+01
    0.274911631836825237E+02   -0.126566860341584864E+01
    0.274902383233947738E+02   -0.126204352398015818E+01
    0.274923814027459983E+02   -0.127242175584432449E+01
    0.274920244715942772E+02   -0.127021018077334613E+01
    0.274809060953716298E+02   -0.129799558295714634E+01
    0.274936424422040382E+02   -0.128178126760876077E+01
    0.274863267704343599E+02   -0.126104638219542942E+01
    0.274895300822604440E+02   -0.126014391225733680E+01
