    0.236141851812324580E-98    0.460389266141394273E+03    0.311674105165613824E+02
    0.496797459599035295E-97    0.454276596504167969E+03    0.295430596991719661E+02
    0.801383655388156253E-93    0.434879600988529717E+03    0.295609359676167820E+02
    0.177251973308062342E-91    0.428666795625876887E+03    0.311381703518106434E+02
    0.221767827281565809E-91    0.428198678199271285E+03    0.295671873197511701E+02
    0.322478648269364437E-91    0.427429866368140097E+03    0.295679098942795378E+02
    0.221270824912482860E-90    0.423557995229692892E+03    0.295715590687381393E+02
    0.204946853619574442E-88    0.414480928274648647E+03    0.295801816475809431E+02
    0.357039271116649072E-88    0.413350738106715312E+03    0.311236560344696045E+02
    0.253400285024894976E-86    0.404806148507076955E+03    0.295894792858965481E+02
    0.164677721240293326E-84    0.396437768201868721E+03    0.311073042180969921E+02
    0.604978477153056623E-82    0.384605022783613151E+03    0.310956501960754395E+02
    0.171095700560624830E-81    0.382505792257799953E+03    0.310935635327682682E+02
    0.267275805483579780E-80    0.376988505967358833E+03    0.310880510539590063E+02
    0.694026422264669631E-80    0.375060048112106699E+03    0.310861145077800884E+02
    0.295575480278244985E-79    0.372142049517252588E+03    0.310831745124747201E+02
    0.109475148031176838E-76    0.360292992302817083E+03    0.296338054693688520E+02
    0.368583358662063752E-76    0.357845053638974491E+03    0.296363227110239222E+02
    0.937297043919912380E-74    0.346748046564752144E+03    0.310570713739916542E+02
    0.435562118089699861E-73    0.343655602029854208E+03    0.310538262179332882E+02
    0.106612508172915418E-72    0.341845305004010584E+03    0.296529984947357121E+02
    0.187928331274953606E-72    0.340691585341569407E+03    0.310507016762328973E+02
    0.616941160658758418E-72    0.338294159377105188E+03    0.310481641451444581E+02
    0.799997268838723620E-72    0.337754490061200045E+03    0.296573263723940705E+02
    0.132619566509318976E-69    0.327513226876120996E+03    0.296682811650151947E+02
    0.184967265754305687E-69    0.326827838395549463E+03    0.296690205748269804E+02
    0.125001813952811294E-68    0.322986369447029688E+03    0.310317383126620747E+02
    0.724891815530573619E-68    0.319450981097143824E+03    0.310278879287102569E+02
    0.272168442730548521E-67    0.316785013459942206E+03    0.296799481832324332E+02
    0.225970128438725552E-65    0.307926709755731395E+03    0.296897364558125716E+02
    0.248257780557518390E-65    0.307718580098593293E+03    0.310149498584128231E+02
    0.151508219018956800E-63    0.299475895265871998E+03    0.296992111480603249E+02
    0.104759133998603702E-59    0.281773166764619702E+03    0.297195182626685650E+02
    0.173774039811645775E-55    0.262320301859818699E+03    0.309623057590309827E+02
    0.890721540044070290E-54    0.254426579633992304E+03    0.297522369124265325E+02
    0.927215493091860233E-53    0.249721101151981713E+03    0.309468697034227986E+02
    0.194470559884453345E-52    0.248219741391779223E+03    0.297599145506383103E+02
    0.897375199858907777E-52    0.245141354853635903E+03    0.309411584831160198E+02
    0.160818059785490569E-48    0.230139074899832565E+03    0.297828692072217933E+02
    0.136929200069570949E-47    0.225835524030050948E+03    0.309164475352738464E+02
    0.118047542225209028E-45    0.216901936779869004E+03    0.309046386492382652E+02
    0.637109495477792725E-45    0.213510228600482264E+03    0.309000886241756660E+02
    0.879910676596755769E-44    0.208239300684048402E+03    0.308929415863497852E+02
    0.438094356155904852E-43    0.205008902670587844E+03    0.308885142816629354E+02
    0.767797082224116926E-43    0.203866720330201417E+03    0.308869401295897461E+02
    0.640112583355357196E-42    0.199605312964226641E+03    0.298238923337314361E+02
    0.816536671733169540E-42    0.199098457459516339E+03    0.298246002110077555E+02
    0.102934849510122790E-39    0.189404898032872438E+03    0.298383258181863553E+02
    0.117974389681964635E-39    0.189112155422381477E+03    0.308661720006285059E+02
    0.401192096334378392E-39    0.186644209839354346E+03    0.298423023747787113E+02
    0.308599100253481832E-38    0.182543834316326837E+03    0.298482665287407762E+02
    0.840579759081103722E-38    0.180519736678729032E+03    0.308536812136689775E+02
    0.293346014681035296E-37    0.178000044479564224E+03    0.308499588780891116E+02
    0.247639561617886531E-33    0.159898120818265625E+03    0.308223508722130788E+02
    0.854736447042992409E-33    0.157400483090394061E+03    0.298865048159670579E+02
    0.793029796588781437E-30    0.143714837286237440E+03    0.307962172619085308E+02
    0.855633169826003691E-30    0.143542875388382498E+03    0.307959312998420316E+02
    0.123138234705196949E-29    0.142794773523719016E+03    0.299102329324300449E+02
    0.946544891276396390E-28    0.134090581708670697E+03    0.299249994754791260E+02
    0.270023216356890929E-27    0.131974032435539470E+03    0.307762500987708130E+02
    0.323658638549628903E-26    0.126986499381852028E+03    0.307674773607801342E+02
    0.374714296365171856E-26    0.126673550414697729E+03    0.307669207132885170E+02
    0.263814292136741621E-25    0.122750217113698540E+03    0.307598776876036446E+02
    0.512508334874481165E-25    0.121402073999080727E+03    0.299474887581781566E+02
    0.279889583278192242E-24    0.117986747401273476E+03    0.299537587485440540E+02
    0.105050724234421991E-23    0.115321480932294634E+03    0.299587211045547335E+02
    0.200192803969524964E-23    0.114011805731150730E+03    0.299611825980581585E+02
    0.282487501891567771E-23    0.113303098958172541E+03    0.307423969635100960E+02
    0.351393522104666348E-23    0.112846554093106931E+03    0.299633857433239257E+02
    0.782086869868290118E-23    0.111226435932877152E+03    0.307384482306829554E+02
    0.104320027426742514E-22    0.110630270667040449E+03    0.299676108834231769E+02
    0.307154775196815909E-22    0.108450493840656605E+03    0.307331058622763749E+02
    0.318796242361543526E-22    0.108356093069164828E+03    0.299719951660031150E+02
    0.972374088972706921E-22    0.106105716197982346E+03    0.307285341595274133E+02
    0.119350933871976070E-21    0.105675890848419996E+03    0.299772279612624715E+02
    0.354966991401209137E-21    0.103475977596860631E+03    0.307233398208102528E+02
    0.622436445398405827E-20    0.977275739624779192E+02    0.299931940447902861E+02
    0.142993515709614557E-19    0.960440882621646494E+02    0.307082503716283597E+02
    0.966483948090506150E-19    0.922023574508055361E+02    0.300047244034580842E+02
    0.996242736144229811E-19    0.921217049534920847E+02    0.300048955465847413E+02
    0.103596163176754699E-18    0.920235160569318396E+02    0.300051040154481754E+02
    0.681023280917038032E-18    0.882373236613965446E+02    0.300132403388709967E+02
    0.861486177040011585E-18    0.877471986240325066E+02    0.300143079024235959E+02
    0.142176476071769969E-17    0.867252083088445147E+02    0.306883731740522947E+02
    0.167493583271058094E-17    0.863774563758724270E+02    0.300173094308450814E+02
    0.768531914941607350E-17    0.833103822772903158E+02    0.306807882009022954E+02
    0.202307330117472904E-16    0.813546003184583526E+02    0.300285539786725266E+02
    0.234470898591982116E-16    0.810395133125592935E+02    0.306756456358461485E+02
    0.247417656993092940E-16    0.809120206180192838E+02    0.306753544902200623E+02
    0.647694549496207811E-16    0.789673378513154347E+02    0.300340374672864527E+02
    0.728853537501418204E-16    0.787112306671947977E+02    0.300346313588852318E+02
    0.306882829570677344E-15    0.758160740631013823E+02    0.300414238457993008E+02
    0.720242677651697909E-15    0.740898296722703407E+02    0.306593726188825499E+02
    0.128405512558544769E-14    0.729134492552453395E+02    0.306565318960696942E+02
    0.169533994130940070E-14    0.723377289771982959E+02    0.300497861025184889E+02
    0.167863120632691769E-14    0.723375381229743653E+02    0.300497865676879883E+02
    0.280598388035651778E-14    0.712899870554189476E+02    0.306525674035746469E+02
    0.469137776540096748E-14    0.702420429174811289E+02    0.300549377617447320E+02
    0.133542281955096479E-13    0.681298294224031764E+02    0.300602219270272322E+02
    0.232459523265677642E-13    0.670012334825428582E+02    0.300630849075816471E+02
    0.122071409314405496E-12    0.636642831378391492E+02    0.300717206943040232E+02
    0.186742360234564369E-12    0.627940357010870756E+02    0.300740168610692393E+02
    0.200947110608540802E-12    0.626274120450692706E+02    0.306304593683367052E+02
    0.258045817984752017E-12    0.621072212128501491E+02    0.300758424930075634E+02
    0.110491921215052210E-11    0.591784405291294036E+02    0.306211513110013271E+02
    0.115023790541982021E-11    0.590780473808558639E+02    0.300840424965158206E+02
    0.215462371486030867E-11    0.578027527752994743E+02    0.300875706513445138E+02
    0.247583755635831308E-11    0.575048274806043977E+02    0.306165163662780628E+02
    0.260917243734236158E-11    0.573799187768895678E+02    0.300887508585787522E+02
    0.279252445839566354E-11    0.572240929503219249E+02    0.306157309016010863E+02
    0.304736547424543516E-11    0.570294300945485162E+02    0.306151848774133697E+02
    0.622252267232535466E-11    0.555816341736575694E+02    0.306110876801303995E+02
    0.873973845996801549E-11    0.548822244419095071E+02    0.306090849498232167E+02
    0.890361419921293468E-11    0.548250704031610354E+02    0.306089206004128869E+02
    0.120415534430850202E-10    0.542012580612315347E+02    0.306071198991623135E+02
    0.285599710083346643E-10    0.524539727266582503E+02    0.306020070142687572E+02
    0.133385847959828980E-09    0.493514928901789034E+02    0.301122574885535030E+02
    0.169941296717818917E-09    0.488470788433888288E+02    0.305911063640228633E+02
    0.236053165564749925E-09    0.481698708564291067E+02    0.305890037208480869E+02
    0.245772009722963957E-09    0.480691763384650059E+02    0.301162285536599228E+02
    0.258517040173868453E-09    0.479480617489501597E+02    0.305883109569549561E+02
    0.312164183841273265E-09    0.475509264120525614E+02    0.305870654964495650E+02
    0.475301554233328685E-09    0.466900860641323021E+02    0.305843428411154790E+02
    0.149803110509292289E-08    0.443741711148191484E+02    0.305768541689079569E+02
    0.233218341013747928E-08    0.434688645840417678E+02    0.305738579466344191E+02
    0.533083748217221900E-08    0.417954577095153468E+02    0.305682100890429957E+02
    0.642535357627940795E-08    0.414019710922177566E+02    0.301380575907360750E+02
    0.110091725155171753E-07    0.403050168326609111E+02    0.301418657728654331E+02
    0.120147734756577862E-07    0.401102003823090314E+02    0.305623687115305920E+02
    0.135907679504821441E-07    0.398436929432788958E+02    0.301434880317672480E+02
    0.183538095618307555E-07    0.392228000964012864E+02    0.305592265210991272E+02
    0.306996479135392481E-07    0.381739720415809956E+02    0.301494680072974930E+02
    0.415874804983254983E-07    0.375468760685804028E+02    0.305531581100811565E+02
    0.967969099367353284E-07    0.358372442701433656E+02    0.305467724709857720E+02
    0.102567113629387654E-06    0.357014397105511136E+02    0.305462562074272661E+02
    0.208499895508010826E-06    0.342625973332508451E+02    0.301642185609738291E+02
    0.379641282372209327E-06    0.330440207871663176E+02    0.305358617678299780E+02
    0.424490487758801103E-06    0.328006952186193459E+02    0.301700376242890869E+02
    0.461299872547868739E-06    0.326143777848576590E+02    0.305341253856610884E+02
    0.704665308552761468E-06    0.317470285125145537E+02    0.301743495723002972E+02
    0.718573381858854447E-06    0.316879387487522237E+02    0.301745944823893204E+02
    0.201944832729218758E-05    0.296013151178184337E+02    0.301834703557464721E+02
    0.212129535077961017E-05    0.294829100222243099E+02    0.305209299972316188E+02
    0.240655400475230754E-05    0.292105721540205820E+02    0.301851848061424413E+02
    0.300042226170683530E-05    0.287494577901118085E+02    0.305176871276428123E+02
    0.368739696745285532E-05    0.283171222949510906E+02    0.305157454417477680E+02
    0.534477522674462050E-05    0.275547248742461868E+02    0.301926541101749706E+02
    0.820964539957030154E-05    0.266763443929447490E+02    0.301967617561427417E+02
    0.109052558639366508E-04    0.260884741307004653E+02    0.305053455340538591E+02
    0.115618587468993790E-04    0.259515405722968282E+02    0.302002346616949495E+02
    0.115592929671425116E-04    0.259319844567190501E+02    0.305045885693346577E+02
    0.121255654308493146E-04    0.258163317170260846E+02    0.302008913229743534E+02
    0.126305586057529499E-04    0.257147255277060864E+02    0.302013866664505919E+02
    0.146797846497339042E-04    0.253940211485585721E+02    0.305019571251500139E+02
    0.177808495118286521E-04    0.249907198394180909E+02    0.304999535918984002E+02
    0.215105039979394342E-04    0.245898811076994157E+02    0.302069830788782170E+02
    0.264936176749561709E-04    0.241531561323817989E+02    0.302092148190530452E+02
    0.295223060952974136E-04    0.239166716225618181E+02    0.304944801010950783E+02
    0.424365907869431007E-04    0.231709418947747672E+02    0.304905522150833335E+02
    0.421273806990261280E-04    0.231655680510707569E+02    0.302143945281911996E+02
    0.459029512123360726E-04    0.229739050323135530E+02    0.304894955859632582E+02
    0.474762040273436555E-04    0.228865066201050276E+02    0.302158937465682271E+02
    0.487935165405183917E-04    0.228117689629298717E+02    0.304886199661841708E+02
    0.489495573390192235E-04    0.227853832038220254E+02    0.302164410968409314E+02
    0.598981391215186619E-04    0.223616729790025559E+02    0.304861591592731465E+02
    0.639914779882970865E-04    0.222094640193213699E+02    0.302196013571870488E+02
    0.732068807608245197E-04    0.219203850234139850E+02    0.302212163113929719E+02
    0.764875689793214231E-04    0.218127073941906104E+02    0.304830950718397098E+02
    0.807831276704504264E-04    0.216834275999183959E+02    0.302225550583995215E+02
    0.822610668497985280E-04    0.216271679915236099E+02    0.302228749420521581E+02
    0.885431536035772817E-04    0.214599837664228588E+02    0.302238302207342322E+02
    0.927072895959340170E-04    0.213480696436468520E+02    0.304804443588167082E+02
    0.968542812141547641E-04    0.212405486685187590E+02    0.304798231022689876E+02
    0.129239882576290683E-03    0.206436233906729107E+02    0.302286006257023665E+02
    0.129945130840861275E-03    0.206127392736350608E+02    0.304761333234039427E+02
    0.133913530287962376E-03    0.205325752648445601E+02    0.302292638076901028E+02
    0.203296594172255613E-03    0.196776319198925513E+02    0.304704237044447339E+02
    0.209126822667706326E-03    0.196010821055340010E+02    0.302349740161679463E+02
    0.215918595797913557E-03    0.195171609247540516E+02    0.304694158765702099E+02
    0.310512603651222688E-03    0.187705148714047212E+02    0.304646075706027446E+02
    0.315598527753608768E-03    0.187180220073461534E+02    0.304642617432084961E+02
    0.316680009147168331E-03    0.186911801970671583E+02    0.302408335396760819E+02
    0.315730552114263339E-03    0.186771855221165666E+02    0.302409260653372485E+02
    0.314530731595884228E-03    0.186648002812571896E+02    0.304639100184756018E+02
    0.352618775276084884E-03    0.184161888221730514E+02    0.302426659288467938E+02
    0.355472775806113051E-03    0.183800665228428493E+02    0.302429089051324631E+02
    0.406577511556936169E-03    0.180914146731476997E+02    0.304600478034442048E+02
    0.417399335648417093E-03    0.180188770494441250E+02    0.304595492791420099E+02
    0.483333649194538366E-03    0.177055494549383035E+02    0.304573686811565736E+02
    0.502725519596967322E-03    0.176068751864975397E+02    0.302482455202689557E+02
    0.513629725553177148E-03    0.175439586003291410E+02    0.304562261837654198E+02
    0.572821724654806589E-03    0.173058147713466930E+02    0.304545191225893745E+02
    0.596498195481832429E-03    0.172048114227302769E+02    0.304537864260252924E+02
    0.734448266750349090E-03    0.167687247357509541E+02    0.302543578576064327E+02
    0.796681195436896956E-03    0.165860546693603226E+02    0.302557412613396437E+02
    0.827656224390091108E-03    0.164897680949703691E+02    0.304484395455840584E+02
    0.835142473008689055E-03    0.164517591821357030E+02    0.302567710690862910E+02
    0.860037212469902368E-03    0.163730125381922669E+02    0.302573801034483267E+02
    0.876616843350768761E-03    0.163148238510249293E+02    0.304470853738496530E+02
    0.933403502051286795E-03    0.161692886845658315E+02    0.302589741325386541E+02
    0.966849371381931920E-03    0.160788784267925173E+02    0.304452277143779639E+02
    0.966529832031296551E-03    0.160595395270111929E+02    0.304450738020531162E+02
    0.109791799588949837E-02    0.157846219868464495E+02    0.304428574814242232E+02
    0.123283055254034537E-02    0.155328277219511648E+02    0.304407787918960437E+02
    0.128304698350003459E-02    0.154329778874901091E+02    0.302649772279061438E+02
    0.127806732078136428E-02    0.154207552350071033E+02    0.302650803582712200E+02
    0.133321080285238574E-02    0.153162729567421128E+02    0.302659669606068356E+02
    0.137801615380674070E-02    0.152301635071401975E+02    0.304382134855788600E+02
    0.143606626135187087E-02    0.151276380723501767E+02    0.302675911075566120E+02
    0.193735640351316222E-02    0.145088045671125645E+02    0.304317655666262077E+02
    0.191945497094634407E-02    0.145073707445937217E+02    0.304317522281708364E+02
    0.194241914389791130E-02    0.144635849422178033E+02    0.304313438148686188E+02
    0.222067407535066035E-02    0.141758317227965485E+02    0.304286053065209039E+02
    0.221440828319245751E-02    0.141614828434030322E+02    0.304284661675200425E+02
    0.219497699200008533E-02    0.141591101685431653E+02    0.302764748972990176E+02
    0.227439656697978011E-02    0.140680237536074291E+02    0.302773644322876123E+02
    0.233938208027478821E-02    0.139916796450008967E+02    0.304267998377049125E+02
    0.233927706770200097E-02    0.139717694250592324E+02    0.302783160330509595E+02
    0.231856248519342334E-02    0.139695585471100046E+02    0.304265799987658525E+02
    0.263370929660564339E-02    0.136946668345245648E+02    0.304237916322942326E+02
    0.266221568641627007E-02    0.136531358157003364E+02    0.304233608274956602E+02
    0.266170276296510402E-02    0.136335211885850995E+02    0.302817615821840036E+02
    0.286241974094050182E-02    0.134681186367027355E+02    0.302835091023119851E+02
    0.284665991873284249E-02    0.134591606001565065E+02    0.302836050123224503E+02
    0.302720994995553687E-02    0.133161705240363446E+02    0.302851544481098500E+02
    0.302292702640542940E-02    0.132990021453912171E+02    0.302853428892918402E+02
    0.301152039287926705E-02    0.132865631671843740E+02    0.304194382812917787E+02
    0.302577588203873510E-02    0.132571182004284189E+02    0.304191131875513463E+02
    0.319571900718580888E-02    0.131278290897101169E+02    0.302872514699965940E+02
    0.339357690912256990E-02    0.129876842963532937E+02    0.304160613206009565E+02
    0.338189981234519573E-02    0.129745780449815609E+02    0.302890089099450108E+02
    0.355933364665902583E-02    0.128523065986001210E+02    0.304144712370733714E+02
    0.352703900488513834E-02    0.128505358772108558E+02    0.302904678640094005E+02
    0.351433994421962480E-02    0.128377498473866112E+02    0.304142978257265355E+02
    0.348512546779156758E-02    0.128344452058781862E+02    0.304142583904934156E+02
    0.350251890933686366E-02    0.128044885014268548E+02    0.302910182789080835E+02
    0.353439554469529632E-02    0.127663687112221762E+02    0.304134403406602054E+02
    0.370285628959291565E-02    0.126532443134890791E+02    0.304120561393123694E+02
    0.374804284223402692E-02    0.126089857074726019E+02    0.302934122766225933E+02
    0.379619115517856529E-02    0.125634568245154341E+02    0.302939838617050938E+02
    0.401379240633706336E-02    0.124319802342146382E+02    0.304092512857730348E+02
    0.408624765930564859E-02    0.123761990850105086E+02    0.304085220327686017E+02
    0.411449583621682161E-02    0.123424206813081430E+02    0.304080757837933220E+02
    0.442823743590928069E-02    0.121754500277027784E+02    0.302991029045472011E+02
    0.439505794044552176E-02    0.121704918688499220E+02    0.304057465323329978E+02
    0.438647774884853674E-02    0.121544001576189871E+02    0.304055232933222683E+02
    0.435467325956895562E-02    0.121489541355096620E+02    0.304054475280859933E+02
    0.431259050113488775E-02    0.121483757616631394E+02    0.304054394753658741E+02
    0.458061974684262612E-02    0.120077846877260619E+02    0.303014737285195892E+02
    0.458123766986282075E-02    0.119875149070503735E+02    0.303017678599083524E+02
    0.459539204999127437E-02    0.119613451511441067E+02    0.304027678847023637E+02
    0.458307134523464835E-02    0.119467145519365125E+02    0.303023651435091672E+02
    0.466264000966986475E-02    0.118922896706731311E+02    0.304017448875473875E+02
    0.464235053297386031E-02    0.118810116607746394E+02    0.304015757895841539E+02
    0.467055528277422315E-02    0.118488973597853899E+02    0.304010910598741546E+02
    0.469737230797982568E-02    0.118174467595544126E+02    0.304006116189002533E+02
    0.474408182347800175E-02    0.117776574788210802E+02    0.303999981332554015E+02
    0.469798140509936069E-02    0.117771874411129716E+02    0.303049271940661100E+02
    0.481057965106509392E-02    0.117098181246106794E+02    0.303059845418774181E+02
    0.477359567381918821E-02    0.117052536355721912E+02    0.303988609806785526E+02
    0.475649913201593375E-02    0.116924294551173684E+02    0.303062613826062659E+02
    0.482667084197446489E-02    0.116431393708004389E+02    0.303978627419268435E+02
    0.478465473513145674E-02    0.116406255642101897E+02    0.303070961527565075E+02
    0.482274792149930097E-02    0.116047655498636324E+02    0.303076831168552445E+02
    0.480327749419001519E-02    0.115928563050908071E+02    0.303970382734821030E+02
    0.477185655889989565E-02    0.115859824077230318E+02    0.303079936551918472E+02
    0.472959650074452828E-02    0.115837735125414483E+02    0.303080303170977103E+02
    0.469764601509587310E-02    0.115773302266827400E+02    0.303967806006812147E+02
    0.470045641345838341E-02    0.115561340709831608E+02    0.303084916442048282E+02
    0.465578722909758269E-02    0.115552312751443864E+02    0.303085067943414046E+02
    0.461002059350798434E-02    0.115549886492045921E+02    0.303085108668235961E+02
    0.459285335897455672E-02    0.115424503419475073E+02    0.303087218387437716E+02
    0.467505757230335210E-02    0.114869703422864973E+02    0.303096678377282771E+02
    0.470148257562245063E-02    0.114556974962854117E+02    0.303947076223699995E+02
    0.471842478953746810E-02    0.114285032717451802E+02    0.303106879488874341E+02
    0.473577380601828118E-02    0.114011630257034078E+02    0.303111736193060821E+02
    0.471526168843041434E-02    0.113898444658724038E+02    0.303113763619252090E+02
    0.478121830284058622E-02    0.113420625192795583E+02    0.303122435151014429E+02
    0.474404297535276163E-02    0.113376738563987693E+02    0.303925939322122822E+02
    0.484806055171180684E-02    0.112742958200213721E+02    0.303914115887029013E+02
    0.489094278965185748E-02    0.112366831286322331E+02    0.303906926240532904E+02
    0.495812028506863005E-02    0.111893999092321383E+02    0.303151488753095038E+02
    0.492674354837404575E-02    0.111820968335821362E+02    0.303152935539577904E+02
    0.487893842209433885E-02    0.111815979779895471E+02    0.303153034571646032E+02
    0.483143600446179523E-02    0.111811658317001807E+02    0.303896059945844321E+02
    0.483832466727569192E-02    0.111583162621138907E+02    0.303157686156187935E+02
    0.479052889308029684E-02    0.111581716546398582E+02    0.303157715232423044E+02
    0.503254074505012344E-02    0.110396033477133955E+02    0.303866794095447474E+02
    0.501236587900634988E-02    0.110276372275400529E+02    0.303184975621250139E+02
    0.500574906519336924E-02    0.110102791675904488E+02    0.303860413052320837E+02
    0.498764196717639292E-02    0.109975268046632344E+02    0.303857599947866674E+02
    0.494237595904750433E-02    0.109957609395906033E+02    0.303191971795943616E+02
    0.491287774297619311E-02    0.109877335605111579E+02    0.303193756956230445E+02
    0.489923241597527408E-02    0.109732962113890107E+02    0.303196992070793527E+02
    0.487332464268729147E-02    0.109639005327872621E+02    0.303199114722515262E+02
    0.484119073400482176E-02    0.109571318776921185E+02    0.303848527826049484E+02
    0.481793643882624453E-02    0.109467618741463060E+02    0.303846157588300478E+02
    0.477793002706976538E-02    0.109434384895175061E+02    0.303203786060194496E+02
    0.481148607842783130E-02    0.109094413126491574E+02    0.303211701531892004E+02
    0.476542170884995762E-02    0.109086812284329699E+02    0.303211880790092678E+02
    0.476572043802326109E-02    0.108885558587054838E+02    0.303832515212677556E+02
    0.475839018818956759E-02    0.108716344669110256E+02    0.303220746064346969E+02
    0.472021978844624265E-02    0.108677425697542951E+02    0.303827487873598123E+02
    0.467351307885141044E-02    0.108676311891789688E+02    0.303221719582134419E+02
    0.465380680461003997E-02    0.108560821928150215E+02    0.303224545768824854E+02
    0.462910732247714517E-02    0.108467252043013929E+02    0.303226855215116231E+02
    0.463095183423102661E-02    0.108259284440444414E+02    0.303817126871517651E+02
    0.461840856683407800E-02    0.108113529380818179E+02    0.303813427905231066E+02
    0.457935124369252336E-02    0.108083386209905079E+02    0.303236523321884199E+02
    0.454687368226865552E-02    0.108025735094756357E+02    0.303811176826682861E+02
    0.458094134862073715E-02    0.107676442741983429E+02    0.303247140309842109E+02
    0.456135772041451736E-02    0.107562126476509743E+02    0.303250196672556029E+02
    0.451869946203730267E-02    0.107550048518700070E+02    0.303798658747929942E+02
    0.451378336382641208E-02    0.107371819271176783E+02    0.303255361679400188E+02
    0.450376377862234459E-02    0.107216264125943397E+02    0.303789522043804183E+02
    0.447048832114968226E-02    0.107164580039508213E+02    0.303261101361750391E+02
    0.445082219808067003E-02    0.107052756120283483E+02    0.303264250985605344E+02
    0.442024304900971114E-02    0.106990639313954716E+02    0.303266017136913746E+02
    0.439367161756923450E-02    0.106911228237012228E+02    0.303268292736201523E+02
    0.437395788983279982E-02    0.106801167078253023E+02    0.303271480467754131E+02
    0.433243253910512230E-02    0.106791949542921714E+02    0.303777431066237753E+02
    0.433230170326748352E-02    0.106592553535307371E+02    0.303277635484755237E+02
    0.429674889730066473E-02    0.106557359648006198E+02    0.303770491281242911E+02
    0.433299517499047097E-02    0.106189352390630223E+02    0.303289988918795359E+02
    0.432359799538180756E-02    0.106032774476501679E+02    0.303754215028168773E+02
    0.430523179240233783E-02    0.105917913394137226E+02    0.303298685523504830E+02
    0.428675967057439485E-02    0.105803910454856194E+02    0.303302439548387071E+02
    0.426483643718143270E-02    0.105706456370941755E+02    0.303305699668827060E+02
    0.423796956211424693E-02    0.105632847421067719E+02    0.303740985670268735E+02
    0.420503443490513780E-02    0.105588883326196061E+02    0.303309698645763959E+02
    0.416402274956471138E-02    0.105584900692187524E+02    0.303309835409836381E+02
    0.417311726922850196E-02    0.105341266912495080E+02    0.303730806088775722E+02
    0.413774599432159638E-02    0.105311509099650458E+02    0.303729738788010835E+02
    0.409937557359945411E-02    0.105297839714995725E+02    0.303729246652995286E+02
    0.406627281437070900E-02    0.105259996785671373E+02    0.303727877989967396E+02
    0.402964332862942778E-02    0.105240975615191328E+02    0.303727186560726210E+02
    0.399402251436754060E-02    0.105218555534281357E+02    0.303322811790677989E+02
    0.398682203994592775E-02    0.105054644328274822E+02    0.303328896142926681E+02
    0.395668395853429004E-02    0.105006407169667941E+02    0.303718457268094610E+02
    0.392433046329286866E-02    0.104970617893126068E+02    0.303717090593983556E+02
    0.390773109538158653E-02    0.104855394513643105E+02    0.303712623135763202E+02
    0.387490932589453245E-02    0.104824087719537857E+02    0.303337789481453939E+02
    0.385745982621622883E-02    0.104714355159988859E+02    0.303342174457378704E+02
    0.383074618647337613E-02    0.104653340755350630E+02    0.303344658850731932E+02
    0.380189990560011971E-02    0.104604514635898749E+02    0.303702508381387872E+02
    0.377181017916151506E-02    0.104563432177849478E+02    0.303700796740074068E+02
    0.373923856426074857E-02    0.104536893009684722E+02    0.303699682128277004E+02
    0.370336109803140467E-02    0.104529716731314846E+02    0.303349800815115884E+02
    0.366728626305676438E-02    0.104525493961019933E+02    0.303349979129655019E+02
    0.363372648803396122E-02    0.104509358926210840E+02    0.303350662146060657E+02
    0.362269862023451494E-02    0.104370148508546148E+02    0.303356670447383792E+02
    0.359125826005397874E-02    0.104344480347614343E+02    0.303691378414825550E+02
    0.356751443775624828E-02    0.104277150627102664E+02    0.303688373347797409E+02
    0.353481928422705793E-02    0.104261289451137813E+02    0.303687657370833897E+02
    0.350191084178536061E-02    0.104248357488543775E+02    0.303362109043437655E+02
    0.346952244748413748E-02    0.104234193749097255E+02    0.303686426937607585E+02
    0.343561609907029912E-02    0.104230607597687026E+02    0.303362916941407335E+02
    0.340916121456894287E-02    0.104185207316673960E+02    0.303684178354821555E+02
    0.338510356188688509E-02    0.104126842969788918E+02    0.303367723094872979E+02
    0.335730907213881895E-02    0.104091737340404666E+02    0.303369382801199983E+02
    0.332888865732226032E-02    0.104061762739784314E+02    0.303678366225924279E+02
    0.329654815721614966E-02    0.104057014813699915E+02    0.303371042041599281E+02
    0.327865052020245200E-02    0.103965894755399546E+02    0.303673696272360125E+02
    0.324832040548533266E-02    0.103951771685921983E+02    0.303376184441626862E+02
    0.321765587199249843E-02    0.103941470887216649E+02    0.303672482960974506E+02
    0.320861872617649035E-02    0.103797722151524212E+02    0.303384050502519180E+02
    0.318213807598721884E-02    0.103763466538688576E+02    0.303663320066080757E+02
    0.315437930735775916E-02    0.103738698102184106E+02    0.303387183650984333E+02
    0.312316841046236847E-02    0.103737572920635266E+02    0.303387244072756488E+02
    0.324579267950228945E-02    0.102967007692130732E+02    0.303438016763936496E+02
    0.332690233077453544E-02    0.102473366841356217E+02    0.303539141037448985E+02
    0.332926609736907244E-02    0.102459161872119520E+02    0.303526055225949598E+02
    0.316403218869941568E-02    0.103477255177099376E+02    0.303402021019494619E+02
    0.330568713319024125E-02    0.102601312465324277E+02    0.303478770405741294E+02
    0.328027972699109069E-02    0.102755625614984663E+02    0.303590743029551184E+02
    0.313688018815478590E-02    0.103649624935557014E+02    0.303657128292559335E+02
    0.332901777224287434E-02    0.102460653698729303E+02    0.303529505137306295E+02
    0.324798151411539874E-02    0.102953525026237216E+02    0.303610006959756120E+02
    0.332146624949922805E-02    0.102506073105584026E+02    0.303498240982553149E+02
    0.329207558213504481E-02    0.102683834804812353E+02    0.303582183505169638E+02
    0.325586801772388256E-02    0.102905021398130501E+02    0.303443470488710041E+02
    0.329963552025765248E-02    0.102637959363247511E+02    0.303473207850075966E+02
    0.312683605660763180E-02    0.103713766667165963E+02    0.303388528747814448E+02
    0.330963297017575556E-02    0.102577453680613626E+02    0.303566392501004145E+02
    0.329423342975844512E-02    0.102670729754947825E+02    0.303468700632178354E+02
    0.332679738348185461E-02    0.102473997752261141E+02    0.303509722869574503E+02
    0.330434296869505303E-02    0.102609446555444883E+02    0.303571701324041037E+02
    0.326386244435553302E-02    0.102855973783755648E+02    0.303601119559474100E+02
    0.329411938585147000E-02    0.102671422152032079E+02    0.303580571012932978E+02
    0.332746441143108541E-02    0.102469988123713165E+02    0.303537313291993129E+02
    0.325083595603281117E-02    0.102935956032406750E+02    0.303608475885874292E+02
    0.323136293957209091E-02    0.103056119423580270E+02    0.303618450255763150E+02
    0.319412463037046027E-02    0.103287938258861018E+02    0.303635179470540812E+02
    0.329289971206841179E-02    0.102678828681625234E+02    0.303467641659821261E+02
    0.332046931241165117E-02    0.102512077000597905E+02    0.303496610503160120E+02
    0.322825062582124140E-02    0.103075391870516437E+02    0.303619952968087006E+02
    0.324309611745861575E-02    0.102983630336058098E+02    0.303612568602831239E+02
    0.332919547986203126E-02    0.102459586099285076E+02    0.303527489387284959E+02
    0.321863491467662454E-02    0.103135053040020832E+02    0.303424718690634876E+02
    0.332868671889635735E-02    0.102462642692666961E+02    0.303517275604792474E+02
    0.327857039311940874E-02    0.102766050210022364E+02    0.303591895491582875E+02
    0.314508647931421295E-02    0.103597371899132025E+02    0.303654187266912601E+02
    0.318821898043867473E-02    0.103324950691768933E+02    0.303637621486192337E+02
    0.312832945012789807E-02    0.103704216841205152E+02    0.303389047514244297E+02
    0.313419030902584465E-02    0.103666782320696385E+02    0.303391100474117756E+02
    0.327432288685994407E-02    0.102791977730418882E+02    0.303454500618950576E+02
    0.318048174483570763E-02    0.103373546094462920E+02    0.303408430527388013E+02
    0.330742147634271316E-02    0.102590822129873054E+02    0.303568688631025623E+02
    0.331370542107260226E-02    0.102552859126209253E+02    0.303487380421800523E+02
    0.329661485845208308E-02    0.102656276812363547E+02    0.303470642044194960E+02
    0.316505411726578046E-02    0.103470796560320615E+02    0.303402410361587727E+02
    0.331991796813849681E-02    0.102515398157940876E+02    0.303553432183613268E+02
    0.326227062414141938E-02    0.102865730374551330E+02    0.303447125991041844E+02
    0.314289416864571309E-02    0.103611317939236578E+02    0.303654978700040097E+02
    0.332364544089076711E-02    0.102492955544458244E+02    0.303546967419627691E+02
    0.315631192725935325E-02    0.103526114955225896E+02    0.303399114759408022E+02
    0.332714192500529549E-02    0.102471926548976686E+02    0.303510788797893305E+02
    0.327342555268284431E-02    0.102797459518187644E+02    0.303453926006457131E+02
    0.315052796807106751E-02    0.103562798688479507E+02    0.303396976244044296E+02
    0.325395706186098728E-02    0.102916763378256988E+02    0.303442409606390413E+02
    0.327790922419669145E-02    0.102770083892507778E+02    0.303456844164214807E+02
    0.324892247423198702E-02    0.102947731743006621E+02    0.303439675180934785E+02
    0.327474515284611589E-02    0.102789398639872278E+02    0.303454772600524940E+02
    0.320065577490792402E-02    0.103247085273179433E+02    0.303632419871189008E+02
    0.330038364966729440E-02    0.102633425258763396E+02    0.303575317331743335E+02
    0.329467511708507249E-02    0.102668048355901824E+02    0.303580124640925249E+02
    0.324380059086132278E-02    0.102979286358115161E+02    0.303436976727562637E+02
    0.320870835058972240E-02    0.103196830179157111E+02    0.303628925091769162E+02
    0.315912001810169686E-02    0.103508329371901180E+02    0.303400164817259039E+02
    0.332325570940204297E-02    0.102495300886929037E+02    0.303547727687264839E+02
    0.330529669179496039E-02    0.102603674845303239E+02    0.303478391624699384E+02
    0.323857572520204603E-02    0.103011526799187862E+02    0.303614877443612414E+02
    0.331456662421919989E-02    0.102547661975907882E+02    0.303488425462319036E+02
    0.328104668543178959E-02    0.102750949984503972E+02    0.303458960773282840E+02
    0.330778928963154379E-02    0.102588598084095981E+02    0.303568314996805917E+02
    0.332244583452595207E-02    0.102500175465630754E+02    0.303549232911335984E+02
    0.327861507933891339E-02    0.102765777616119411E+02    0.303457314720772686E+02
    0.332559882766413940E-02    0.102481204513810731E+02    0.303506496913525794E+02
    0.328644598616559692E-02    0.102718064972093615E+02    0.303586412718148928E+02
    0.322778898686507110E-02    0.103078252069552647E+02    0.303429006357388786E+02
    0.322582745434706053E-02    0.103090409795976470E+02    0.303621107728995163E+02
    0.328989565978682992E-02    0.102697082644086066E+02    0.303465324213521512E+02
    0.330379734779953247E-02    0.102612749275245765E+02    0.303572215682927826E+02
    0.322785309680386672E-02    0.103077854836013643E+02    0.303620143307530270E+02
    0.332500628388582254E-02    0.102484768362633218E+02    0.303544082395372072E+02
    0.320102576195148772E-02    0.103244773461560300E+02    0.303632261595013375E+02
    0.332893217912964227E-02    0.102461167929769559E+02    0.303518955984438321E+02
    0.325906455997228024E-02    0.102885395454397219E+02    0.303445275356967201E+02
    0.313063952329596575E-02    0.103689453558097178E+02    0.303659326910792586E+02
    0.332928578070553448E-02    0.102459043628172015E+02    0.303525224059727421E+02
    0.328675507667737813E-02    0.102716184058918749E+02    0.303462992460798553E+02
    0.320195492212125166E-02    0.103238968913821445E+02    0.303631863162411726E+02
    0.323517014903712758E-02    0.103032569185127745E+02    0.303616580675964478E+02
    0.332288349834504709E-02    0.102497541051004788E+02    0.303500749094600550E+02
    0.327905684872792326E-02    0.102763082944019164E+02    0.303457610855223514E+02
    0.330329469180117279E-02    0.102615792405241937E+02    0.303572684744696488E+02
    0.331549767469266994E-02    0.102542044832920300E+02    0.303489590024466338E+02
    0.331682273966283194E-02    0.102534053270963081E+02    0.303491317029552263E+02
    0.328417006020723188E-02    0.102731920148127820E+02    0.303461135858803743E+02
    0.332603899970451743E-02    0.102478557514365214E+02    0.303507610422470862E+02
    0.323733965327480631E-02    0.103019161685501253E+02    0.303433681205435875E+02
    0.316166277565129621E-02    0.103492237961898681E+02    0.303401122546117641E+02
    0.329811158871867781E-02    0.102647198465873917E+02    0.303471898069590367E+02
    0.332571642535902084E-02    0.102480497299129567E+02    0.303506787596833547E+02
    0.313465754523627096E-02    0.103663800999585085E+02    0.303657914995014124E+02
    0.328208635206567872E-02    0.102744613580005399E+02    0.303459676921971990E+02
    0.332851466503696720E-02    0.102463676483592074E+02    0.303516298274618066E+02
    0.331600023382988638E-02    0.102539013486789425E+02    0.303490234888010555E+02
    0.323036052732070906E-02    0.103062324655138422E+02    0.303430243624862470E+02
