    0.201351201534271240E+02   -0.176059647120592199E+05   -0.460515351937698814E+01    1
    0.203573083877563477E+02   -0.168766467104999319E+05   -0.461515351937698259E+01    1
    0.206040120124816895E+02   -0.160849331629477892E+05   -0.462515351937698149E+01    1
    0.208783650398254395E+02   -0.152268244979594674E+05   -0.463515351937698661E+01    1
    0.209127938747406006E+02   -0.151208006798189126E+05   -0.464515351937698728E+01    1
    0.214728021621704102E+02   -0.134482655815984399E+05   -0.465515351937698174E+01    1
    0.399809455871582031E+02   -0.133145088176680474E+05   -0.466515351937698153E+01    1
    0.398874533176422119E+02   -0.130461801768891655E+05   -0.467515351937698398E+01    1
    0.216694533824920654E+02   -0.128841916988648118E+05   -0.468515351937698377E+01    1
    0.398017954826354980E+02   -0.128027346030406879E+05   -0.469515351937698444E+01    1
    0.217085373401641846E+02   -0.127735229733133347E+05   -0.470515351937698423E+01    1
    0.397424328327178955E+02   -0.126353669142098115E+05   -0.471515351937698135E+01    1
    0.396720671653747559E+02   -0.124384035161653646E+05   -0.472515351937698025E+01    1
    0.396483933925628662E+02   -0.123724851513760113E+05   -0.473515351937698448E+01    1
    0.219474709033966064E+02   -0.121073466400858379E+05   -0.474515351937698782E+01    1
    0.395235121250152588E+02   -0.120276585949671498E+05   -0.475515351937698494E+01    1
    0.220367574691772461E+02   -0.118629836563966419E+05   -0.476515351937698117E+01    1
    0.394362461566925049E+02   -0.117895894210398928E+05   -0.477515351937698451E+01    1
    0.394071698188781738E+02   -0.117107951988898676E+05   -0.478515351937698341E+01    1
    0.393681299686431885E+02   -0.116054162744415371E+05   -0.479515351937697876E+01    1
    0.222318017482757568E+02   -0.113378439774496801E+05   -0.480515351937698032E+01    1
    0.389948761463165283E+02   -0.106219504168905132E+05   -0.481515351937698277E+01    1
    0.389689648151397705E+02   -0.105552941613289877E+05   -0.482515351937698345E+01    1
    0.225464665889739990E+02   -0.105156969415343592E+05   -0.483515351937698323E+01    1
    0.225695419311523438E+02   -0.104566240962773009E+05   -0.484515351937698480E+01    1
    0.388721549510955811E+02   -0.103081095390010087E+05   -0.485515351937698814E+01    1
    0.227544283866882324E+02   -0.998932272243702209E+04   -0.486515351937698437E+01    1
    0.228732109069824219E+02   -0.969473537748135641E+04   -0.487515351937698149E+01    1
    0.385566580295562744E+02   -0.952287649850553862E+04   -0.488515351937698572E+01    1
    0.230296337604522705E+02   -0.931352419886692951E+04   -0.489515351937698817E+01    1
    0.383601498603820801E+02   -0.904951264023021758E+04   -0.490515351937698973E+01    1
    0.232027065753936768E+02   -0.890064656829778687E+04   -0.491515351937698775E+01    1
    0.382455074787139893E+02   -0.877892693179020898E+04   -0.492515351937698220E+01    1
    0.232710731029510498E+02   -0.874013242678159986E+04   -0.493515351937698199E+01    1
    0.234075033664703369E+02   -0.842418075209287963E+04   -0.494515351937698799E+01    1
    0.234874618053436279E+02   -0.824171266075666063E+04   -0.495515351937699045E+01    1
    0.377912008762359619E+02   -0.774703277804782556E+04   -0.496515351937698846E+01    1
    0.237881994247436523E+02   -0.757330738275618933E+04   -0.497515351937698824E+01    1
    0.237883126735687256E+02   -0.757306100484278431E+04   -0.498515351937698359E+01    1
    0.376813161373138428E+02   -0.750713178052926378E+04   -0.499515351937698426E+01    1
    0.238485229015350342E+02   -0.744263845947443770E+04   -0.500515351937698583E+01    1
    0.375878572463989258E+02   -0.730606120658285909E+04   -0.501515351937698384E+01    1
    0.375568962097167969E+02   -0.724005250154013993E+04   -0.502515351937698451E+01    1
    0.375371503829956055E+02   -0.719811098771834259E+04   -0.503515351937698608E+01    1
    0.239869821071624756E+02   -0.714701734669382859E+04   -0.504515351937698409E+01    1
    0.375002455711364746E+02   -0.712004926103868638E+04   -0.505515351937698298E+01    1
    0.240223395824432373E+02   -0.707248667093125550E+04   -0.506515351937698455E+01    1
    0.240438961982727051E+02   -0.702723878117832464E+04   -0.507515351937697989E+01    1
    0.373953783512115479E+02   -0.690055522355486119E+04   -0.508515351937698501E+01    1
    0.372038471698760986E+02   -0.650853801439339531E+04   -0.509515351937699013E+01    1
    0.244142794609069824E+02   -0.627247730460704952E+04   -0.510515351937699080E+01    1
    0.370411789417266846E+02   -0.618459882450395162E+04   -0.511515351937698348E+01    1
    0.369972145557403564E+02   -0.609846714147721559E+04   -0.512515351937698238E+01    1
    0.369704687595367432E+02   -0.604636431068321690E+04   -0.513515351937698394E+01    1
    0.369605648517608643E+02   -0.602712746530116419E+04   -0.514515351937697751E+01    1
    0.368465769290924072E+02   -0.580792972692840704E+04   -0.515515351937698085E+01    1
    0.246919083595275879E+02   -0.573483973818151935E+04   -0.516515351937698330E+01    1
    0.366916286945343018E+02   -0.551647680370521812E+04   -0.517515351937698220E+01    1
    0.248260128498077393E+02   -0.548376933681922219E+04   -0.518515351937698643E+01    1
    0.365764379501342773E+02   -0.530466862293201848E+04   -0.519515351937698533E+01    1
    0.249420118331909180E+02   -0.527112914778036247E+04   -0.520515351937697623E+01    1
    0.365322458744049072E+02   -0.522451052376133885E+04   -0.521515351937698224E+01    1
    0.249924218654632568E+02   -0.518003218363993801E+04   -0.522515351937697670E+01    1
    0.250656759738922119E+02   -0.504906869277910209E+04   -0.523515351937698092E+01    1
    0.363449394702911377E+02   -0.489153869940963705E+04   -0.524515351937698071E+01    1
    0.252660655975341797E+02   -0.469938070789814901E+04   -0.525515351937698583E+01    1
    0.253217184543609619E+02   -0.460449070917583504E+04   -0.526515351937698739E+01    1
    0.253973710536956787E+02   -0.447705259950232903E+04   -0.527515351937698007E+01    1
    0.361013388633728027E+02   -0.447489494228814328E+04   -0.528515351937697542E+01    1
    0.360668647289276123E+02   -0.441742977276788952E+04   -0.529515351937697609E+01    1
    0.254815995693206787E+02   -0.433727235905969610E+04   -0.530515351937697677E+01    1
    0.360139942169189453E+02   -0.433002111183689158E+04   -0.531515351937698188E+01    1
    0.359734201431274414E+02   -0.426353406119210922E+04   -0.532515351937698078E+01    1
    0.255553996562957764E+02   -0.421662073918938040E+04   -0.533515351937697613E+01    1
    0.256550347805023193E+02   -0.405643290435797644E+04   -0.534515351937697680E+01    1
    0.256750249862670898E+02   -0.402466740468958642E+04   -0.535515351937698103E+01    1
    0.257653570175170898E+02   -0.388268213481501880E+04   -0.536515351937698171E+01    1
    0.258047258853912354E+02   -0.382159938572179726E+04   -0.537515351937698238E+01    1
    0.258149361610412598E+02   -0.380583673353096538E+04   -0.538515351937698128E+01    1
    0.258271825313568115E+02   -0.378697372337164506E+04   -0.539515351937698018E+01    1
    0.258326637744903564E+02   -0.377854618042334823E+04   -0.540515351937698263E+01    1
    0.356537961959838867E+02   -0.375776830183531820E+04   -0.541515351937698153E+01    1
    0.354994821548461914E+02   -0.352501261550037816E+04   -0.542515351937697865E+01    1
    0.354603588581085205E+02   -0.346718446440021944E+04   -0.543515351937697933E+01    1
    0.354343926906585693E+02   -0.342906795004616106E+04   -0.544515351937698178E+01    1
    0.261047542095184326E+02   -0.337200132093542561E+04   -0.545515351937698245E+01    1
    0.261953127384185791E+02   -0.324182438293938503E+04   -0.546515351937698401E+01    1
    0.353041601181030273E+02   -0.324107412208127789E+04   -0.547515351937698025E+01    1
    0.262042582035064697E+02   -0.322910445006066084E+04   -0.548515351937698004E+01    1
    0.352852833271026611E+02   -0.321426482142115356E+04   -0.549515351937697805E+01    1
    0.263109052181243896E+02   -0.307938476288676156E+04   -0.550515351937697694E+01    1
    0.263503408432006836E+02   -0.302492198375126145E+04   -0.551515351937698295E+01    1
    0.263545048236846924E+02   -0.301919966328299051E+04   -0.552515351937698185E+01    1
    0.351081109046936035E+02   -0.296806729025145296E+04   -0.553515351937698163E+01    1
    0.350996112823486328E+02   -0.295650286055226843E+04   -0.554515351937698142E+01    1
    0.264174401760101318E+02   -0.293337103569548708E+04   -0.555515351937698032E+01    1
    0.264829671382904053E+02   -0.284532335045462105E+04   -0.556515351937698544E+01    1
    0.350037169456481934E+02   -0.282759497713978044E+04   -0.557515351937698611E+01    1
    0.265092897415161133E+02   -0.281033179631413668E+04   -0.558515351937698146E+01    1
    0.349700307846069336E+02   -0.278299372234847033E+04   -0.559515351937697680E+01    1
    0.349339997768402100E+02   -0.273568033321858229E+04   -0.560515351937697748E+01    1
    0.266567349433898926E+02   -0.261833106619771024E+04   -0.561515351937697904E+01    1
    0.348208093643188477E+02   -0.258968576259781548E+04   -0.562515351937698060E+01    1
    0.347567546367645264E+02   -0.250884104988031777E+04   -0.563515351937698039E+01    1
    0.347336697578430176E+02   -0.248001949055516343E+04   -0.564515351937698284E+01    1
    0.268075728416442871E+02   -0.242894248420948452E+04   -0.565515351937698085E+01    1
    0.346604847908020020E+02   -0.238974864048340260E+04   -0.566515351937697975E+01    1
    0.346501791477203369E+02   -0.237717146629883337E+04   -0.567515351937697954E+01    1
    0.269048619270324707E+02   -0.231056043752881942E+04   -0.568515351937697666E+01    1
    0.345553827285766602E+02   -0.226303714233586652E+04   -0.569515351937697734E+01    1
    0.345536243915557861E+02   -0.226094664250595724E+04   -0.570515351937697890E+01    1
    0.345140825890946061E+02   -0.221419027148830537E+04   -0.571515351937697780E+01    1
    0.270672953128814697E+02   -0.211950215820699896E+04   -0.572515351937697403E+01    1
    0.270982730388641357E+02   -0.208400153104477704E+04   -0.573515351937697382E+01    1
    0.342358756065368652E+02   -0.189903574128886839E+04   -0.574515351937697805E+01    1
    0.342346131801605225E+02   -0.189766078364819214E+04   -0.575515351937698227E+01    1
    0.342241370677947998E+02   -0.188627005716028907E+04   -0.576515351937698384E+01    1
    0.272781562805175781E+02   -0.188378106445461526E+04   -0.577515351937697918E+01    1
    0.272897171974182129E+02   -0.187125891778801042E+04   -0.578515351937698075E+01    1
    0.341898953914642334E+02   -0.184927817253388639E+04   -0.579515351937698409E+01    1
    0.273462224006652832E+02   -0.181065655402075117E+04   -0.580515351937698565E+01    1
    0.341269004344940186E+02   -0.178218071007592062E+04   -0.581515351937698366E+01    1
    0.340548312664031982E+02   -0.170693901553065098E+04   -0.582515351937698256E+01    1
    0.274485945828508981E+02   -0.170340277005959933E+04   -0.583515351937698412E+01    1
    0.340283811092376709E+02   -0.167973167146975356E+04   -0.584515351937698391E+01    1
    0.339713394641876221E+02   -0.162180124117696801E+04   -0.585515351937697837E+01    1
    0.275562029680878382E+02   -0.159419366891420850E+04   -0.586515351937697371E+01    1
    0.338976621627807617E+02   -0.154848079546900976E+04   -0.587515351937697705E+01    1
    0.276079261302947998E+02   -0.154298878166940790E+04   -0.588515351937697684E+01    1
    0.338737324956080457E+02   -0.152503198501838574E+04   -0.589515351937697751E+01    1
    0.276310539245605469E+02   -0.152036322210924482E+04   -0.590515351937697286E+01    1
    0.276520876646997067E+02   -0.149993138081339339E+04   -0.591515351937697531E+01    1
    0.276846802234649658E+02   -0.146854458319012360E+04   -0.592515351937697687E+01    1
    0.337991559505462646E+02   -0.145310187667995228E+04   -0.593515351937697400E+01    1
    0.337512338161468506E+02   -0.140779756549740432E+04   -0.594515351937698000E+01    1
    0.337334203720092773E+02   -0.139114017439374607E+04   -0.595515351937698156E+01    1
    0.337316119670867920E+02   -0.138945467535549506E+04   -0.596515351937697336E+01    1
    0.337174033764780816E+02   -0.137624731230211228E+04   -0.597515351937696959E+01    1
    0.336997532844543457E+02   -0.135992881861706246E+04   -0.598515351937697559E+01    1
    0.278126394748687744E+02   -0.134852919603112332E+04   -0.599515351937697627E+01    1
    0.336747920513153076E+02   -0.133701695991206316E+04   -0.600515351937697517E+01    1
    0.278361394916403384E+02   -0.132704422846531656E+04   -0.601515351937697851E+01    1
    0.336349833011627197E+02   -0.130087947624808498E+04   -0.602515351937697829E+01    1
    0.336250460147857666E+02   -0.129193587298992475E+04   -0.603515351937697453E+01    1
    0.335646286388932396E+02   -0.123822412107468904E+04   -0.604515351937697520E+01    1
    0.279438948631286621E+02   -0.123073844362120462E+04   -0.605515351937697410E+01    1
    0.279652869701385498E+02   -0.121205104041877166E+04   -0.606515351937697478E+01    1
    0.334875106811523438E+02   -0.117132261397237016E+04   -0.607515351937697723E+01    1
    0.334840881824493408E+02   -0.116839659209517822E+04   -0.608515351937697790E+01    1
    0.334654466714506498E+02   -0.115252353523318970E+04   -0.609515351937697769E+01    1
    0.280474799589598334E+02   -0.114158040190996007E+04   -0.610515351937697481E+01    1
    0.334085917472839355E+02   -0.110478282480097641E+04   -0.611515351937697282E+01    1
    0.280953824520111084E+02   -0.110148348845164946E+04   -0.612515351937697528E+01    1
    0.281300870392738389E+02   -0.107288186277826867E+04   -0.613515351937697417E+01    1
    0.281685705510727900E+02   -0.104160593746697486E+04   -0.614515351937697485E+01    1
    0.281698906421661377E+02   -0.104054129662216656E+04   -0.615515351937697819E+01    1
    0.282136014555005588E+02   -0.100559649633420076E+04   -0.616515351937697620E+01    1
    0.282324687590478476E+02   -0.990697429557825672E+03   -0.617515351937697776E+01    1
    0.332446157932281494E+02   -0.972751243097392035E+03   -0.618515351937698288E+01    1
    0.332322394847869873E+02   -0.963127009349307514E+03   -0.619515351937698000E+01    1
    0.282728815078735352E+02   -0.959158753755451698E+03   -0.620515351937697535E+01    1
    0.283173942565917969E+02   -0.925011047322277591E+03   -0.621515351937697247E+01    1
    0.283181691169738770E+02   -0.924422100568689530E+03   -0.622515351937697314E+01    1
    0.331760356033591677E+02   -0.920023241994731393E+03   -0.623515351937697559E+01    1
    0.331588311367434017E+02   -0.907026163335079445E+03   -0.624515351937698071E+01    1
    0.283479166030883789E+02   -0.901953850893511344E+03   -0.625515351937697694E+01    1
    0.331275952582874851E+02   -0.883665501911114461E+03   -0.626515351937697407E+01    1
    0.284029424190521240E+02   -0.861121763794514891E+03   -0.627515351937697385E+01    1
    0.330691850185394287E+02   -0.840799867221520344E+03   -0.628515351937697986E+01    1
    0.284354319892439733E+02   -0.837457043189860997E+03   -0.629515351937697432E+01    1
    0.284541702270507812E+02   -0.823958491618759581E+03   -0.630515351937697766E+01    1
    0.330206143856048584E+02   -0.805967138768082577E+03   -0.631515351937697567E+01    1
    0.285198855400085449E+02   -0.777486016353590458E+03   -0.632515351937697190E+01    1
    0.329770960251324396E+02   -0.775383860181361342E+03   -0.633515351937697790E+01    1
    0.285520327091217041E+02   -0.755243783089199269E+03   -0.634515351937697858E+01    1
    0.328889763355255127E+02   -0.715268713115336027E+03   -0.635515351937697659E+01    1
    0.286195921897888184E+02   -0.709552724657625276E+03   -0.636515351937697371E+01    1
    0.286396747669822531E+02   -0.696245717048657525E+03   -0.637515351937697350E+01    1
    0.328578296549811242E+02   -0.694600914752788412E+03   -0.638515351937697861E+01    1
    0.286572281976782186E+02   -0.684717783842680888E+03   -0.639515351937698195E+01    1
    0.328305286228630919E+02   -0.676734273523842830E+03   -0.640515351937697730E+01    1
    0.286822879314422607E+02   -0.668427062259269633E+03   -0.641515351937697620E+01    1
    0.286904799938201904E+02   -0.663144164977325545E+03   -0.642515351937697776E+01    1
    0.327885821972891023E+02   -0.649737089860009974E+03   -0.643515351937697222E+01    1
    0.287263624299263292E+02   -0.640251408595886119E+03   -0.644515351937697556E+01    1
    0.287323820590972900E+02   -0.636450336789451740E+03   -0.645515351937697535E+01    1
    0.327624297093878170E+02   -0.633183333629177014E+03   -0.646515351937697513E+01    1
    0.287387117318838001E+02   -0.632465702728416090E+03   -0.647515351937697048E+01    1
    0.327418935402274300E+02   -0.620334355562463202E+03   -0.648515351937697559E+01    1
    0.287788769573121428E+02   -0.607472820221099482E+03   -0.649515351937697538E+01    1
    0.288232719898223877E+02   -0.580434503937965928E+03   -0.650515351937697694E+01    1
    0.326718842983245850E+02   -0.577521758772903468E+03   -0.651515351937697318E+01    1
    0.326610624790191650E+02   -0.571040593549199457E+03   -0.652515351937697652E+01    1
    0.326610157893261857E+02   -0.571012710477185010E+03   -0.653515351937697631E+01    1
    0.288459980487823486E+02   -0.566831785975097546E+03   -0.654515351937697609E+01    1
    0.326232419967368514E+02   -0.548677434115416645E+03   -0.655515351937696966E+01    1
    0.288961512808603302E+02   -0.537383605227467797E+03   -0.656515351937697567E+01    1
    0.325932280357991004E+02   -0.531248373743095271E+03   -0.657515351937698256E+01    1
    0.325898614273026297E+02   -0.529310948699385904E+03   -0.658515351937698501E+01    1
    0.325191340379229246E+02   -0.489427381896479915E+03   -0.659515351937696881E+01    1
    0.325026078688294007E+02   -0.480333490919177109E+03   -0.660515351937696948E+01    1
    0.324862122535705566E+02   -0.471395779601336073E+03   -0.661515351937697371E+01    1
    0.324737976515623075E+02   -0.464684116176832276E+03   -0.662515351937697705E+01    1
    0.290285348892211914E+02   -0.463428457441983710E+03   -0.663515351937697861E+01    1
    0.324618133962638353E+02   -0.458250797441926011E+03   -0.664515351937698107E+01    1
    0.324594308235295728E+02   -0.456977146942655281E+03   -0.665515351937697286E+01    1
    0.290457971779198303E+02   -0.454188634185314811E+03   -0.666515351937697353E+01    1
    0.290580412786560487E+02   -0.447691299176852908E+03   -0.667515351937697510E+01    1
    0.324371504783630371E+02   -0.445152615100097648E+03   -0.668515351937697488E+01    1
    0.290681152222115244E+02   -0.442380688399467203E+03   -0.669515351937697734E+01    1
    0.290720304327692602E+02   -0.440325291961330606E+03   -0.670515351937697446E+01    1
    0.290793037414550781E+02   -0.436519685674375069E+03   -0.671515351937697247E+01    1
    0.290859142263528305E+02   -0.433075228446077915E+03   -0.672515351937697314E+01    1
    0.290985989570617676E+02   -0.426503969471481469E+03   -0.673515351937697382E+01    1
    0.323877078912063610E+02   -0.419466740143685286E+03   -0.674515351937697183E+01    1
    0.291238435690273398E+02   -0.413575740311521884E+03   -0.675515351937697428E+01    1
    0.291365522205195404E+02   -0.407142771423504030E+03   -0.676515351937697584E+01    1
    0.291400384605068936E+02   -0.405386899788595883E+03   -0.677515351937697829E+01    1
    0.323584938874208277E+02   -0.404648841542213518E+03   -0.678515351937697098E+01    1
    0.291421008110046387E+02   -0.404349969058115732E+03   -0.679515351937697432E+01    1
    0.323530483134247717E+02   -0.401916233620938328E+03   -0.680515351937697410E+01    1
    0.291599241166601928E+02   -0.395443955434198188E+03   -0.681515351937697567E+01    1
    0.323345375061035156E+02   -0.392696735663867003E+03   -0.682515351937697723E+01    1
    0.291699322310989899E+02   -0.390486586612471228E+03   -0.683515351937697613E+01    1
    0.291701643629642575E+02   -0.390371975007520405E+03   -0.684515351937697059E+01    1
    0.323139262627516146E+02   -0.382557086769411285E+03   -0.685515351937697126E+01    1
    0.322987158399519885E+02   -0.375159492643467615E+03   -0.686515351937697371E+01    1
    0.322868845113280472E+02   -0.369455312681257908E+03   -0.687515351937697083E+01    1
    0.322807168960571289E+02   -0.366499096230432997E+03   -0.688515351937697062E+01    1
    0.292213592295610951E+02   -0.365506657038757623E+03   -0.689515351937697307E+01    1
    0.292240281862916831E+02   -0.364232808786289070E+03   -0.690515351937697019E+01    1
    0.322682525743416448E+02   -0.360561074921098736E+03   -0.691515351937697176E+01    1
    0.292454467345973015E+02   -0.354090707567800450E+03   -0.692515351937697421E+01    1
    0.292474053125964701E+02   -0.353170436658329891E+03   -0.693515351937697400E+01    1
    0.322501862049102783E+02   -0.352040413969234919E+03   -0.694515351937697556E+01    1
    0.322403415888874747E+02   -0.347440320557444181E+03   -0.695515351937697623E+01    1
    0.292602050304412842E+02   -0.347185789269133636E+03   -0.696515351937697869E+01    1
    0.292713996439734601E+02   -0.341993595756532955E+03   -0.697515351937697670E+01    1
    0.293070378570881473E+02   -0.325724960293244692E+03   -0.698515351937697471E+01    1
    0.321929429389137738E+02   -0.325716300775174773E+03   -0.699515351937697627E+01    1
    0.293171024322509766E+02   -0.321202412447041752E+03   -0.700515351937697339E+01    1
    0.321701800823211670E+02   -0.315533041597149463E+03   -0.701515351937697229E+01    1
    0.293397788539754245E+02   -0.311128700108573014E+03   -0.702515351937697385E+01    1
    0.321530632180778468E+02   -0.307982249050463054E+03   -0.703515351937696920E+01    1
    0.321341654392189469E+02   -0.299752181738778177E+03   -0.704515351937696899E+01    1
    0.321281135082244873E+02   -0.297140131492313117E+03   -0.705515351937697233E+01    1
    0.320904021697933999E+02   -0.281121558872946025E+03   -0.706515351937697300E+01    1
    0.320830842601418595E+02   -0.278064631974682698E+03   -0.707515351937697190E+01    1
    0.320781443413513188E+02   -0.276010529916176324E+03   -0.708515351937697524E+01    1
    0.294800697031616465E+02   -0.252378587316866970E+03   -0.709515351937697947E+01    1
    0.320030888848110777E+02   -0.245739336443292245E+03   -0.710515351937697481E+01    1
    0.295044459216931081E+02   -0.242797650310458010E+03   -0.711515351937697194E+01    1
    0.319953908405798657E+02   -0.242734116531285053E+03   -0.712515351937697261E+01    1
    0.319570958614349365E+02   -0.228059440420836154E+03   -0.713515351937696796E+01    1
    0.319544517261400109E+02   -0.227063118844008102E+03   -0.714515351937696508E+01    1
    0.319481564530122348E+02   -0.224699825921071835E+03   -0.715515351937696753E+01    1
    0.295556722652089441E+02   -0.223268552826739835E+03   -0.716515351937696821E+01    1
    0.295582423589706984E+02   -0.222310355461207138E+03   -0.717515351937696444E+01    1
    0.319286706962187772E+02   -0.217463220332008916E+03   -0.718515351937696511E+01    1
    0.295718770080038702E+02   -0.217261528792173920E+03   -0.719515351937696845E+01    1
    0.319260703842876374E+02   -0.216506491999761153E+03   -0.720515351937697446E+01    1
    0.319215547511859796E+02   -0.214850083597881678E+03   -0.721515351937697869E+01    1
    0.319055689773970492E+02   -0.209037447112884706E+03   -0.722515351937697670E+01    1
    0.318984160328067929E+02   -0.206462403813702025E+03   -0.723515351937696849E+01    1
    0.318976950645446777E+02   -0.206203743934408124E+03   -0.724515351937696384E+01    1
    0.296047681242270571E+02   -0.205321257701002111E+03   -0.725515351937697073E+01    1
    0.296319112987828461E+02   -0.195722241217103431E+03   -0.726515351937697051E+01    1
    0.318526282494837396E+02   -0.190357665087433759E+03   -0.727515351937696853E+01    1
    0.296498895464593915E+02   -0.189491095310831781E+03   -0.728515351937696742E+01    1
    0.296554140807211866E+02   -0.187596614794288314E+03   -0.729515351937696988E+01    1
    0.296624413572219865E+02   -0.185200593981430472E+03   -0.730515351937697766E+01    1
    0.296962153911590576E+02   -0.173900312785946596E+03   -0.731515351937697655E+01    1
    0.317976762532437291E+02   -0.171894614314190392E+03   -0.732515351937697723E+01    1
    0.317744223964027697E+02   -0.164365819726811480E+03   -0.733515351937697524E+01    1
    0.317674051489479830E+02   -0.162127068297791766E+03   -0.734515351937696614E+01    1
    0.317556658516488817E+02   -0.158416219558229784E+03   -0.735515351937696948E+01    1
    0.317496848106384277E+02   -0.156542143847060800E+03   -0.736515351937697105E+01    1
    0.317237877845764160E+02   -0.148556663967225688E+03   -0.737515351937696906E+01    1
    0.297784660402590546E+02   -0.147871599207800159E+03   -0.738515351937697240E+01    1
    0.297830101237896088E+02   -0.146495221983341821E+03   -0.739515351937697218E+01    1
    0.297900043971463333E+02   -0.144389305859121094E+03   -0.740515351937697464E+01    1
    0.297940351514865043E+02   -0.143182623686473562E+03   -0.741515351937697265E+01    1
    0.316952694465708582E+02   -0.140005363534433826E+03   -0.742515351937696799E+01    1
    0.316790125781261551E+02   -0.135244432861969614E+03   -0.743515351937697044E+01    1
    0.316760988857860468E+02   -0.134399866602212114E+03   -0.744515351937697023E+01    1
    0.298408677536044138E+02   -0.129534600224419535E+03   -0.745515351937696646E+01    1
    0.298410832273687170E+02   -0.129473390557885551E+03   -0.746515351937696536E+01    1
    0.298624622821807861E+02   -0.123472375086209155E+03   -0.747515351937696515E+01    1
    0.298685002326965332E+02   -0.121803412461885330E+03   -0.748515351937696671E+01    1
    0.298755879671896381E+02   -0.119858812988054609E+03   -0.749515351937696561E+01    1
    0.316243177026264490E+02   -0.119833038300936224E+03   -0.750515351937696362E+01    1
    0.316207456748913813E+02   -0.118859067240944881E+03   -0.751515351937696874E+01    1
    0.316178623258687104E+02   -0.118075783853476196E+03   -0.752515351937696853E+01    1
    0.298914744407969017E+02   -0.115557208719530109E+03   -0.753515351937696742E+01    1
    0.316032183170318604E+02   -0.114137733831043789E+03   -0.754515351937696721E+01    1
    0.316022181510925293E+02   -0.113871215164307699E+03   -0.755515351937696877E+01    1
    0.315964066088957836E+02   -0.112328773059759385E+03   -0.756515351937697211E+01    1
    0.299184625467120107E+02   -0.108430396284480480E+03   -0.757515351937696835E+01    1
    0.299274603294732913E+02   -0.106104923373466661E+03   -0.758515351937696991E+01    1
    0.315533382401290439E+02   -0.101226926258379592E+03   -0.759515351937697325E+01    1
    0.299482785403950231E+02   -0.100821452936114781E+03   -0.760515351937697126E+01    1
    0.315489377487473774E+02   -0.100125238495863698E+03   -0.761515351937696572E+01    1
    0.299709020489004274E+02   -0.952333777199300187E+02   -0.762515351937696639E+01    1
    0.315173310726727784E+02   -0.923901523576807620E+02   -0.763515351937696973E+01    1
    0.315134557426101338E+02   -0.914632298319360899E+02   -0.764515351937696952E+01    1
    0.299972970281333176E+02   -0.889159006026462180E+02   -0.765515351937697019E+01    1
    0.314980865802695256E+02   -0.878333643092739749E+02   -0.766515351937697087E+01    1
    0.314951476055408293E+02   -0.871476490692548964E+02   -0.767515351937697066E+01    1
    0.300102257728576660E+02   -0.859009229912558823E+02   -0.768515351937697044E+01    1
    0.314874764332482684E+02   -0.853705452494668293E+02   -0.769515351937697201E+01    1
    0.300133324138521971E+02   -0.851842394501297946E+02   -0.770515351937697446E+01    1
    0.300264716148376465E+02   -0.821864568961942297E+02   -0.771515351937697069E+01    1
    0.300290477275848389E+02   -0.816050279844663748E+02   -0.772515351937696959E+01    1
    0.314692886960800848E+02   -0.812306606732169882E+02   -0.773515351937697382E+01    1
    0.314626443386077881E+02   -0.797440552108955956E+02   -0.774515351937697538E+01    1
    0.300409510044144668E+02   -0.789453872095083682E+02   -0.775515351937697517E+01    1
    0.300505965713957863E+02   -0.768226806161452203E+02   -0.776515351937697407E+01    1
    0.314396508812131898E+02   -0.747059903059577266E+02   -0.777515351937697297E+01    1
    0.300638285533516871E+02   -0.739580084680372636E+02   -0.778515351937696565E+01    1
    0.300831898714020056E+02   -0.698649605626365400E+02   -0.779515351937696011E+01    1
    0.314162517949748086E+02   -0.697486647354928806E+02   -0.780515351937696522E+01    1
    0.300847734351364302E+02   -0.695353722812789528E+02   -0.781515351937697123E+01    1
    0.314148813410995800E+02   -0.694636246472462631E+02   -0.782515351937697279E+01    1
    0.300878691496320485E+02   -0.688933223451541608E+02   -0.783515351937697524E+01    1
    0.300936075586825709E+02   -0.677110995341648021E+02   -0.784515351937695993E+01    1
    0.301000417389616324E+02   -0.663977720456279599E+02   -0.785515351937696593E+01    1
    0.313923434082325272E+02   -0.648601647030905042E+02   -0.786515351937697016E+01    1
    0.301084257833524163E+02   -0.647058555417126229E+02   -0.787515351937697172E+01    1
    0.301095014310250555E+02   -0.644903776342112280E+02   -0.788515351937697417E+01    1
    0.313794831771893890E+02   -0.623045422444449599E+02   -0.789515351937696952E+01    1
    0.313607844443863968E+02   -0.586808808600624232E+02   -0.790515351937697019E+01    1
    0.313502826220476258E+02   -0.566936291144332571E+02   -0.791515351937696643E+01    1
    0.313485879647728325E+02   -0.563761799329502864E+02   -0.792515351937696444E+01    1
    0.301581764365938056E+02   -0.551179890941884096E+02   -0.793515351937696778E+01    1
    0.301594908259932062E+02   -0.548751694665915579E+02   -0.794515351937696490E+01    1
    0.301596699942334396E+02   -0.548421118294292640E+02   -0.795515351937696735E+01    1
    0.313365989938755227E+02   -0.541559968149649364E+02   -0.796515351937696447E+01    1
    0.301648405099526684E+02   -0.538924419988208143E+02   -0.797515351937695893E+01    1
    0.313329853621877064E+02   -0.534956144570517580E+02   -0.798515351937696582E+01    1
    0.313329764837152140E+02   -0.534939969632742702E+02   -0.799515351937696650E+01    1
    0.313225325541704400E+02   -0.516083633726449875E+02   -0.800515351937696096E+01    1
    0.302062362453255169E+02   -0.465904720152642966E+02   -0.801515351937696785E+01    1
    0.302128019781862633E+02   -0.454815179125924942E+02   -0.802515351937697652E+01    1
    0.302140867710113525E+02   -0.452660920320372782E+02   -0.803515351937696920E+01    1
    0.312773792366277235E+02   -0.438482592540688074E+02   -0.804515351937696543E+01    1
    0.312763437884537652E+02   -0.436777786943534352E+02   -0.805515351937697233E+01    1
    0.312758111953735352E+02   -0.435902208093978203E+02   -0.806515351937697034E+01    1
    0.312720280070349474E+02   -0.429708187701373774E+02   -0.807515351937696657E+01    1
    0.312648008440344007E+02   -0.417999857841455480E+02   -0.808515351937696636E+01    1
    0.302450792359051803E+02   -0.402257778147025959E+02   -0.809515351937696259E+01    1
    0.312525436698932282E+02   -0.398515843983990621E+02   -0.810515351937696593E+01    1
    0.302516427568510338E+02   -0.391968659060996814E+02   -0.811515351937696572E+01    1
    0.312454537811059758E+02   -0.387460076894075414E+02   -0.812515351937696728E+01    1
    0.302557068885971603E+02   -0.385665124969219022E+02   -0.813515351937696707E+01    1
    0.302561172919818944E+02   -0.385031451998902270E+02   -0.814515351937696508E+01    1
    0.302567411535580284E+02   -0.384069202489475927E+02   -0.815515351937696664E+01    1
    0.312383739246028114E+02   -0.376576703487425846E+02   -0.816515351937696643E+01    1
    0.302625666646060232E+02   -0.375142588208276848E+02   -0.817515351937696622E+01    1
    0.312340118888703344E+02   -0.369949232137232897E+02   -0.818515351937696600E+01    1
    0.302687295479343952E+02   -0.365814450049112025E+02   -0.819515351937696224E+01    1
    0.302735375242096154E+02   -0.358619516931723226E+02   -0.820515351937696558E+01    1
    0.312210300997154278E+02   -0.350577116934259223E+02   -0.821515351937696714E+01    1
    0.312114340802028458E+02   -0.336595953707260023E+02   -0.822515351937696693E+01    1
    0.302914049014465903E+02   -0.332514788151893228E+02   -0.823515351937696671E+01    1
    0.303013207683297026E+02   -0.318457895206638284E+02   -0.824515351937696295E+01    1
    0.303020185610111454E+02   -0.317480265122695116E+02   -0.825515351937696096E+01    1
    0.311934051121823579E+02   -0.311106396108514787E+02   -0.826515351937696252E+01    1
    0.311901533603668213E+02   -0.306617157253445178E+02   -0.827515351937696408E+01    1
    0.311878559932959298E+02   -0.303465423226820974E+02   -0.828515351937696565E+01    1
    0.311871289246492758E+02   -0.302471401195362972E+02   -0.829515351937696543E+01    1
    0.303252310824898750E+02   -0.285825989504255418E+02   -0.830515351937696344E+01    1
    0.303274735488214837E+02   -0.282857190539861243E+02   -0.831515351937696146E+01    1
    0.311700458557843341E+02   -0.279591439002490105E+02   -0.832515351937696302E+01    1
    0.311674057841278369E+02   -0.276136857224022592E+02   -0.833515351937696813E+01    1
    0.303407940227216315E+02   -0.265546143500538605E+02   -0.834515351937696437E+01    1
    0.311539304791262097E+02   -0.258843487448639706E+02   -0.835515351937696593E+01    1
    0.303544542928074215E+02   -0.248369385122620550E+02   -0.836515351937696927E+01    1
    0.303560023487751138E+02   -0.246459608079261123E+02   -0.837515351937696906E+01    1
    0.311416668520409559E+02   -0.243598317168237628E+02   -0.838515351937696174E+01    1
    0.311410948347221854E+02   -0.242898702728708784E+02   -0.839515351937695975E+01    1
    0.311343798317511684E+02   -0.234762273526650951E+02   -0.840515351937696487E+01    1
    0.303666238749792932E+02   -0.233558208181082350E+02   -0.841515351937696821E+01    1
    0.311266718318577738E+02   -0.225596357679829751E+02   -0.842515351937696266E+01    1
    0.303753989074076038E+02   -0.223165591517839133E+02   -0.843515351937695534E+01    1
    0.303754063494234003E+02   -0.223156879769224545E+02   -0.844515351937695691E+01    1
    0.311245390327417937E+02   -0.223092948511185085E+02   -0.845515351937696202E+01    1
    0.311235942800809084E+02   -0.221988572045581769E+02   -0.846515351937696536E+01    1
    0.311174991433626325E+02   -0.214930656831669928E+02   -0.847515351937696160E+01    1
    0.311120486064107418E+02   -0.208717489693687916E+02   -0.848515351937696316E+01    1
    0.303908254043086501E+02   -0.205478734671944920E+02   -0.849515351937696295E+01    1
    0.310983170023628048E+02   -0.193476147085953514E+02   -0.850515351937696629E+01    1
    0.310952600961323427E+02   -0.190163334345803996E+02   -0.851515351937696785E+01    1
    0.304051017796388905E+02   -0.189773097512907079E+02   -0.852515351937696408E+01    1
    0.310948396584298195E+02   -0.189709984415616582E+02   -0.853515351937696032E+01    1
    0.304081177711486816E+02   -0.186536653756789548E+02   -0.854515351937695655E+01    1
    0.304084560595255198E+02   -0.186175411366930277E+02   -0.855515351937696344E+01    1
    0.310911830267671547E+02   -0.185790402740620451E+02   -0.856515351937696323E+01    1
    0.310895753937227717E+02   -0.184080387534336687E+02   -0.857515351937696124E+01    1
    0.304106297328909179E+02   -0.183862778433890384E+02   -0.858515351937696103E+01    1
    0.310882666668405747E+02   -0.182694277961613203E+02   -0.859515351937696259E+01    1
    0.304136424275453976E+02   -0.180681900855551838E+02   -0.860515351937696771E+01    1
    0.310763796162913053E+02   -0.170349459266343359E+02   -0.861515351937696039E+01    1
    0.310752823704109993E+02   -0.169232219531560304E+02   -0.862515351937695662E+01    1
    0.310730024721053439E+02   -0.166922807790880583E+02   -0.863515351937696352E+01    1
    0.310726762472330265E+02   -0.166593688325608262E+02   -0.864515351937696508E+01    1
    0.310703739082108825E+02   -0.164280376659867287E+02   -0.865515351937695954E+01    1
    0.310701829149532607E+02   -0.164089217231198496E+02   -0.866515351937696288E+01    1
    0.310677876063864993E+02   -0.161701504332594794E+02   -0.867515351937696266E+01    1
    0.304324532620501316E+02   -0.161462391847816384E+02   -0.868515351937696423E+01    1
    0.310664414477681632E+02   -0.160367484165017515E+02   -0.869515351937696934E+01    1
    0.310606580734058504E+02   -0.154700685269116853E+02   -0.870515351937696735E+01    1
    0.304394370650998738E+02   -0.154608338334031412E+02   -0.871515351937696181E+01    1
    0.304427598538981670E+02   -0.151400792776055919E+02   -0.872515351937695982E+01    1
    0.304441446246855492E+02   -0.150074235326161940E+02   -0.873515351937696316E+01    1
    0.310517956657700864E+02   -0.146219724808765310E+02   -0.874515351937695762E+01    1
    0.304482481454550040E+02   -0.146178408939600750E+02   -0.875515351937695741E+01    1
    0.304507978846993943E+02   -0.143784227813057850E+02   -0.876515351937696252E+01    1
    0.304531730719071909E+02   -0.141572226939083947E+02   -0.877515351937696231E+01    1
    0.310438558479652826E+02   -0.138830092786555284E+02   -0.878515351937696209E+01    1
    0.304571341659250550E+02   -0.137922494950645795E+02   -0.879515351937696188E+01    1
    0.310409040567847612E+02   -0.136133078521611903E+02   -0.880515351937695812E+01    1
    0.310374289731960928E+02   -0.132992835363375530E+02   -0.881515351937695790E+01    1
    0.310300102466018757E+02   -0.126415215940692658E+02   -0.882515351937695769E+01    1
    0.310297037234593098E+02   -0.126147145182815841E+02   -0.883515351937695925E+01    1
    0.304704820918192922E+02   -0.125984782802685391E+02   -0.884515351937695904E+01    1
    0.310282066333298161E+02   -0.124842079419860639E+02   -0.885515351937696238E+01    1
    0.310222094425726311E+02   -0.119684344727660381E+02   -0.886515351937696394E+01    1
    0.310181438843891044E+02   -0.116251785523871050E+02   -0.887515351937696018E+01    1
    0.310146566591191331E+02   -0.113348667525157900E+02   -0.888515351937696174E+01    1
    0.310125460935354482E+02   -0.111610080048006868E+02   -0.889515351937696330E+01    1
    0.304879014993753934E+02   -0.111243162546354650E+02   -0.890515351937696309E+01    1
    0.304940837697330984E+02   -0.106239245178159152E+02   -0.891515351937696288E+01    1
    0.310058293264508720E+02   -0.106169756675479512E+02   -0.892515351937696089E+01    1
    0.304954956011592415E+02   -0.105113264108274915E+02   -0.893515351937696423E+01    1
    0.310042958859524589E+02   -0.104947496269290710E+02   -0.894515351937696579E+01    1
    0.310016823507066093E+02   -0.102881258839382408E+02   -0.895515351937696202E+01    1
    0.304984969747064696E+02   -0.102740268330934796E+02   -0.896515351937696181E+01    1
    0.304989491155556927E+02   -0.102385229031670359E+02   -0.897515351937695982E+01    1
    0.309936017135722466E+02   -0.966278044614608334E+01   -0.898515351937695428E+01    1
    0.305089907207092956E+02   -0.946648011003512657E+01   -0.899515351937695407E+01    1
    0.305093646665285121E+02   -0.943833808045847888E+01   -0.900515351937695741E+01    1
    0.309860862367163605E+02   -0.909948611982710887E+01   -0.901515351937696252E+01    1
    0.305153645197549821E+02   -0.899278259215785170E+01   -0.902515351937696408E+01    1
    0.309837117486786475E+02   -0.892518460475490194E+01   -0.903515351937696032E+01    1
    0.309829112807830498E+02   -0.886682261187511500E+01   -0.904515351937695833E+01    1
    0.309757769999071186E+02   -0.835550838860298839E+01   -0.905515351937695989E+01    1
    0.305266845653193677E+02   -0.818277865103122437E+01   -0.906515351937695790E+01    1
    0.305296760218115821E+02   -0.797541490074539094E+01   -0.907515351937695591E+01    1
    0.309699040482875603E+02   -0.794652975832151753E+01   -0.908515351937695925E+01    1
    0.305334225465712237E+02   -0.771965520838966412E+01   -0.909515351937696437E+01    1
    0.305350531824389577E+02   -0.760970849681563433E+01   -0.910515351937696060E+01    1
    0.305373825043673648E+02   -0.745409366392089368E+01   -0.911515351937695506E+01    1
    0.305390316175854011E+02   -0.734494662166133061E+01   -0.912515351937696195E+01    1
    0.305395449915385981E+02   -0.731114227913887582E+01   -0.913515351937696529E+01    1
    0.309561930982721023E+02   -0.703368652735139221E+01   -0.914515351937696153E+01    1
    0.305441127476171133E+02   -0.701399385840227652E+01   -0.915515351937696131E+01    1
    0.305450916476227086E+02   -0.695116138655879823E+01   -0.916515351937695577E+01    1
    0.309525868243163451E+02   -0.680334709165339824E+01   -0.917515351937695733E+01    1
    0.309479078840487993E+02   -0.651055165135516756E+01   -0.918515351937696067E+01    1
    0.305533709389575279E+02   -0.643171681975692255E+01   -0.919515351937696046E+01    1
    0.305553890334148939E+02   -0.630834817424833805E+01   -0.920515351937696202E+01    1
    0.305601062156061047E+02   -0.602494521116175807E+01   -0.921515351937696536E+01    1
    0.305615346707949556E+02   -0.594049692380716365E+01   -0.922515351937696337E+01    1
    0.305618884681147414E+02   -0.591967944190917983E+01   -0.923515351937695961E+01    1
    0.309376142068316327E+02   -0.589048290704104716E+01   -0.924515351937695584E+01    1
    0.309368985249007125E+02   -0.584860290782223569E+01   -0.925515351937695918E+01    1
    0.305647249073499125E+02   -0.575419686820290011E+01   -0.926515351937696607E+01    1
    0.305691913203631387E+02   -0.549871541125394003E+01   -0.927515351937695876E+01    1
    0.309290937613093533E+02   -0.540227739686432429E+01   -0.928515351937695499E+01    1
    0.309289664551574113E+02   -0.539515501118902652E+01   -0.929515351937696188E+01    1
    0.309264952080851572E+02   -0.525789976203484422E+01   -0.930515351937696522E+01    1
    0.305750463558626464E+02   -0.517324649952184856E+01   -0.931515351937695790E+01    1
    0.305783000119709385E+02   -0.499701342018436456E+01   -0.932515351937696657E+01    1
    0.305790676525906164E+02   -0.495591677982535472E+01   -0.933515351937696458E+01    1
    0.309178666135202533E+02   -0.479362498980596463E+01   -0.934515351937696082E+01    1
    0.309178024685126402E+02   -0.479026069358370243E+01   -0.935515351937695883E+01    1
    0.305826386150237894E+02   -0.476716143455553532E+01   -0.936515351937696394E+01    1
    0.305827362687295334E+02   -0.476205559351858199E+01   -0.937515351937696728E+01    1
    0.309167287991293271E+02   -0.473413944673556131E+01   -0.938515351937696352E+01    1
    0.309166007674195953E+02   -0.472747120387471131E+01   -0.939515351937695797E+01    1
    0.305864114689725355E+02   -0.457206366933184238E+01   -0.940515351937695776E+01    1
    0.305884341344940367E+02   -0.446930139010798300E+01   -0.941515351937695755E+01    1
    0.309110149669578043E+02   -0.444153431006607313E+01   -0.942515351937696089E+01    1
    0.305895044129627003E+02   -0.441544272788242509E+01   -0.943515351937695712E+01    1
    0.309100931645394894E+02   -0.439528458316689008E+01   -0.944515351937694980E+01    1
    0.305904779796085435E+02   -0.436676171715192485E+01   -0.945515351937695137E+01    1
    0.305906706349334847E+02   -0.435716352695296472E+01   -0.946515351937695826E+01    1
    0.309076868841294292E+02   -0.427580522288251608E+01   -0.947515351937695982E+01    1
    0.305930702922580231E+02   -0.423858330812224260E+01   -0.948515351937695605E+01    1
    0.305932033994764794E+02   -0.423205842745821581E+01   -0.949515351937695584E+01    1
    0.305933560809209837E+02   -0.422458084131773148E+01   -0.950515351937695741E+01    1
    0.305939976222807495E+02   -0.419324091469684124E+01   -0.951515351937695897E+01    1
    0.309035234823343643E+02   -0.407335306688592791E+01   -0.952515351937695876E+01    1
    0.309028477642905628E+02   -0.404100610134742411E+01   -0.953515351937695854E+01    1
    0.309028400462905459E+02   -0.404063746095254572E+01   -0.954515351937695833E+01    1
    0.305980388870299898E+02   -0.399877810235691999E+01   -0.955515351937695989E+01    1
    0.305997894652154301E+02   -0.391612574379165013E+01   -0.956515351937696323E+01    1
    0.305999796642510802E+02   -0.390720330284667217E+01   -0.957515351937696302E+01    1
    0.308997410987025454E+02   -0.389412447510086057E+01   -0.958515351937695215E+01    1
    0.306013273190010118E+02   -0.384430719928546649E+01   -0.959515351937695371E+01    1
    0.308947362285090321E+02   -0.366383997547169260E+01   -0.960515351937695527E+01    1
    0.308915953250729487E+02   -0.352331813789282577E+01   -0.961515351937695861E+01    1
    0.308910200004902897E+02   -0.349791258410646666E+01   -0.962515351937695662E+01    1
    0.308892696354956513E+02   -0.342125490173306979E+01   -0.963515351937695286E+01    1
    0.308870827723011310E+02   -0.332682600965059283E+01   -0.964515351937695797E+01    1
    0.308869514843318882E+02   -0.332120454073554505E+01   -0.965515351937696309E+01    1
    0.308786094230563251E+02   -0.297505995295013559E+01   -0.966515351937695755E+01    1
    0.308727290397085419E+02   -0.274412768559076881E+01   -0.967515351937695556E+01    1
    0.306278649977759656E+02   -0.272139980754139943E+01   -0.968515351937696067E+01    1
    0.308708733823545813E+02   -0.267349602528701347E+01   -0.969515351937696224E+01    1
    0.306348838498545746E+02   -0.246120750379753161E+01   -0.970515351937696025E+01    1
    0.306355791337701504E+02   -0.243627103574831372E+01   -0.971515351937696003E+01    1
    0.308604833071156115E+02   -0.229790017987540640E+01   -0.972515351937696160E+01    1
    0.308602661912197007E+02   -0.229041139470307398E+01   -0.973515351937696316E+01    1
    0.306407113256157722E+02   -0.225687724197841399E+01   -0.974515351937696295E+01    1
    0.306408887416300786E+02   -0.225082292235434656E+01   -0.975515351937696273E+01    1
    0.306415731234352542E+02   -0.222756055649792106E+01   -0.976515351937695542E+01    1
    0.308581789737276679E+02   -0.221917036824555325E+01   -0.977515351937695698E+01    1
    0.308581524274506087E+02   -0.221827305679050779E+01   -0.978515351937696209E+01    1
    0.308556932719781472E+02   -0.213610433460103977E+01   -0.979515351937696011E+01    1
    0.306444861350103039E+02   -0.213018370391623080E+01   -0.980515351937695812E+01    1
    0.308550586169023902E+02   -0.211520515397550790E+01   -0.981515351937695613E+01    1
    0.308536873568277912E+02   -0.207047936967715041E+01   -0.982515351937695769E+01    1
    0.306465096742276124E+02   -0.206410117632421608E+01   -0.983515351937696103E+01    1
    0.308534778962140663E+02   -0.206369921951393076E+01   -0.984515351937696082E+01    1
    0.306497766768527100E+02   -0.196011164104471636E+01   -0.985515351937696060E+01    1
    0.306498384291028430E+02   -0.195817816946660761E+01   -0.986515351937695506E+01    1
    0.306523918635887469E+02   -0.187927317088716617E+01   -0.987515351937695307E+01    1
    0.306531720387315794E+02   -0.185557095053106846E+01   -0.988515351937695641E+01    1
    0.306537863706966860E+02   -0.183704100995556163E+01   -0.989515351937695975E+01    1
    0.306538448112524584E+02   -0.183528442548053405E+01   -0.990515351937695954E+01    1
    0.306546753950678124E+02   -0.181043442273089417E+01   -0.991515351937695577E+01    1
    0.308447208182141139E+02   -0.179250521924238893E+01   -0.992515351937695911E+01    1
    0.308444108968346811E+02   -0.178334647517638500E+01   -0.993515351937696067E+01    1
    0.306558238674119892E+02   -0.177642874206791657E+01   -0.994515351937695513E+01    1
    0.306568757329290342E+02   -0.174564517461009872E+01   -0.995515351937695492E+01    1
    0.308426674378947929E+02   -0.173238344468521510E+01   -0.996515351937695826E+01    1
    0.308421838109936175E+02   -0.171841484520422916E+01   -0.997515351937695982E+01    1
    0.308415078648154797E+02   -0.169901395673252731E+01   -0.998515351937696138E+01    1
    0.308322744690883859E+02   -0.144829504121497399E+01   -0.999515351937695584E+01    1
    0.308308850214821248E+02   -0.141287292190060443E+01   -0.100051535193769503E+02    1
    0.308265183804616676E+02   -0.130547852319946589E+01   -0.100151535193769536E+02    1
    0.308263947971390380E+02   -0.130252578592419277E+01   -0.100251535193769570E+02    1
    0.308263472896559954E+02   -0.130139197465883227E+01   -0.100351535193769603E+02    1
    0.308261480108329415E+02   -0.129664368028341448E+01   -0.100451535193769637E+02    1
    0.306753928459340557E+02   -0.126034803715931587E+01   -0.100551535193769475E+02    1
    0.306754349601648002E+02   -0.125936643212890687E+01   -0.100651535193769543E+02    1
    0.306765488990595756E+02   -0.123360378583757568E+01   -0.100751535193769577E+02    1
    0.306765953561323030E+02   -0.123253777208492066E+01   -0.100851535193769539E+02    1
    0.308233090584170064E+02   -0.123034656968564526E+01   -0.100951535193769484E+02    1
    0.306788579250416049E+02   -0.118143669209155866E+01   -0.101051535193769499E+02    1
    0.308210790268868351E+02   -0.118003563487179641E+01   -0.101151535193769551E+02    1
    0.308189805440852673E+02   -0.113411179098430925E+01   -0.101251535193769566E+02    1
    0.306812010718726924E+02   -0.113020195491664155E+01   -0.101351535193769582E+02    1
    0.308186389632654638E+02   -0.112676676221215044E+01   -0.101451535193769562E+02    1
    0.306815129094195775E+02   -0.112351274627672848E+01   -0.101551535193769507E+02    1
    0.306816194100734840E+02   -0.112123516854662619E+01   -0.101651535193769487E+02    1
    0.306830222976806866E+02   -0.109156446999603673E+01   -0.101751535193769485E+02    1
    0.308166954226818532E+02   -0.108566865729861495E+01   -0.101851535193769500E+02    1
    0.306834175190847667E+02   -0.108331668200429410E+01   -0.101951535193769534E+02    1
    0.308162567607289688E+02   -0.107655599098373322E+01   -0.102051535193769531E+02    1
    0.306839746435957466E+02   -0.107177307629824403E+01   -0.102151535193769565E+02    1
    0.306841390140830015E+02   -0.106838585405611708E+01   -0.102251535193769545E+02    1
    0.306853340258799427E+02   -0.104401378263999778E+01   -0.102351535193769507E+02    1
    0.308137196661363681E+02   -0.102503060195785811E+01   -0.102451535193769541E+02    1
    0.308136756288149911E+02   -0.102415401640384340E+01   -0.102551535193769521E+02    1
    0.306865707436714743E+02   -0.101926102474841995E+01   -0.102651535193769536E+02    1
    0.306871249746034067E+02   -0.100832325290973790E+01   -0.102751535193769570E+02    1
    0.306876113356465652E+02   -0.998803974969628139E+00   -0.102851535193769532E+02    1
    0.308113724260448976E+02   -0.979152293536951879E+00   -0.102951535193769512E+02    1
    0.308109872980496604E+02   -0.971789144280966077E+00   -0.103051535193769492E+02    1
    0.308106928009549463E+02   -0.966190013712000972E+00   -0.103151535193769526E+02    1
    0.308102003174657106E+02   -0.956887222339440013E+00   -0.103251535193769541E+02    1
    0.308094881700660892E+02   -0.943569121533128441E+00   -0.103351535193769539E+02    1
    0.306923178259577973E+02   -0.910505187849223296E+00   -0.103451535193769555E+02    1
    0.306931551541338159E+02   -0.895521328367234193E+00   -0.103551535193769570E+02    1
    0.308067914930790678E+02   -0.894574013460918693E+00   -0.103651535193769533E+02    1
    0.306944106491318927E+02   -0.873464989052752827E+00   -0.103751535193769513E+02    1
    0.308045369089096965E+02   -0.855355380222595052E+00   -0.103851535193769564E+02    1
    0.306958000973669307E+02   -0.849629600849103439E+00   -0.103951535193769562E+02    1
    0.308041743294505395E+02   -0.849196558033696647E+00   -0.104051535193769507E+02    1
    0.308039474196952980E+02   -0.845363139340734593E+00   -0.104151535193769558E+02    1
    0.306961062262136650E+02   -0.844459195770737248E+00   -0.104251535193769538E+02    1
    0.306964329759565651E+02   -0.838972822635938753E+00   -0.104351535193769482E+02    1
    0.306974256855571497E+02   -0.822509146739964225E+00   -0.104451535193769534E+02    1
    0.308021339592197734E+02   -0.815304641238916328E+00   -0.104551535193769531E+02    1
    0.306983189931460352E+02   -0.807957260849942016E+00   -0.104651535193769529E+02    1
    0.308010072658795409E+02   -0.797147058204100478E+00   -0.104751535193769580E+02    1
    0.308008275232933002E+02   -0.794287050645475889E+00   -0.104851535193769543E+02    1
    0.308005762100219727E+02   -0.790305159404181001E+00   -0.104951535193769523E+02    1
    0.308000436227577339E+02   -0.781931902924758115E+00   -0.105051535193769539E+02    1
    0.307993997961684833E+02   -0.771928103357464312E+00   -0.105151535193769536E+02    1
    0.307015180085716537E+02   -0.757891170759111832E+00   -0.105251535193769499E+02    1
    0.307983207199470428E+02   -0.755451871281345277E+00   -0.105351535193769514E+02    1
    0.307969073100201101E+02   -0.734421208331685671E+00   -0.105451535193769512E+02    1
    0.307039342419873869E+02   -0.722195947074484756E+00   -0.105551535193769528E+02    1
    0.307041166469937394E+02   -0.719575325483936101E+00   -0.105651535193769543E+02    1
    0.307957788739541201E+02   -0.718078953204263071E+00   -0.105751535193769524E+02    1
    0.307957681943093320E+02   -0.717926189115131286E+00   -0.105851535193769575E+02    1
    0.307043178605256699E+02   -0.716696541711283941E+00   -0.105951535193769573E+02    1
    0.307955075439998929E+02   -0.714208837640977756E+00   -0.106051535193769570E+02    1
    0.307047982265081174E+02   -0.709875051064301710E+00   -0.106151535193769551E+02    1
    0.307947806777402349E+02   -0.703954546699193329E+00   -0.106251535193769495E+02    1
    0.307944623523599716E+02   -0.699515746465991684E+00   -0.106351535193769458E+02    1
    0.307063691633089704E+02   -0.688070298493651311E+00   -0.106451535193769526E+02    1
    0.307933208924498238E+02   -0.683859331663949299E+00   -0.106551535193769560E+02    1
    0.307921234205918175E+02   -0.667872275368003976E+00   -0.106651535193769540E+02    1
    0.307918601161497030E+02   -0.664417081885421146E+00   -0.106751535193769556E+02    1
    0.307085630490475978E+02   -0.658909516286227404E+00   -0.106851535193769500E+02    1
    0.307095239862131493E+02   -0.646610576886468946E+00   -0.106951535193769480E+02    1
    0.307904385894158601E+02   -0.646137424053841114E+00   -0.107051535193769549E+02    1
    0.307104355259034776E+02   -0.635210564146010070E+00   -0.107151535193769494E+02    1
    0.307104892474075726E+02   -0.634546807878137775E+00   -0.107251535193769456E+02    1
    0.307885631128837645E+02   -0.622986511763442552E+00   -0.107351535193769543E+02    1
    0.307118746599704657E+02   -0.617740867557449835E+00   -0.107451535193769505E+02    1
    0.307131641527511903E+02   -0.602637444146517876E+00   -0.107551535193769414E+02    1
    0.307865224087006801E+02   -0.599044740203060422E+00   -0.107651535193769483E+02    1
    0.307863526476442608E+02   -0.597111717304352085E+00   -0.107751535193769499E+02    1
    0.307137548920187413E+02   -0.595891851964558183E+00   -0.107851535193769426E+02    1
    0.307143562805607573E+02   -0.589136677416175036E+00   -0.107951535193769441E+02    1
    0.307855721436553935E+02   -0.588340219412503806E+00   -0.108051535193769528E+02    1
    0.307855083582495155E+02   -0.587631797746250850E+00   -0.108151535193769561E+02    1
    0.307850161259825796E+02   -0.582207668566868675E+00   -0.108251535193769524E+02    1
    0.307848404314793385E+02   -0.580289947760398328E+00   -0.108351535193769521E+02    1
    0.307163677873720076E+02   -0.567363394727275705E+00   -0.108451535193769519E+02    1
    0.307165253052947804E+02   -0.565711747751207361E+00   -0.108551535193769482E+02    1
    0.307169285509262835E+02   -0.561518866224296254E+00   -0.108651535193769480E+02    1
    0.307169799932663992E+02   -0.560987631982361901E+00   -0.108751535193769477E+02    1
    0.307171527698329569E+02   -0.559209457757308459E+00   -0.108851535193769493E+02    1
    0.307824791767272288E+02   -0.555452643887286102E+00   -0.108951535193769473E+02    1
    0.307823814338205572E+02   -0.554462071293000069E+00   -0.109051535193769453E+02    1
    0.307818462374361559E+02   -0.549091068568763663E+00   -0.109151535193769469E+02    1
    0.307181868656477164E+02   -0.548761799580706033E+00   -0.109251535193769485E+02    1
    0.307183761763013834E+02   -0.546885347706446256E+00   -0.109351535193769500E+02    1
    0.307186114614425740E+02   -0.544568805120482335E+00   -0.109451535193769498E+02    1
    0.307186613605355703E+02   -0.544079738043997341E+00   -0.109551535193769460E+02    1
    0.307812740217635046E+02   -0.543447568322535712E+00   -0.109651535193769440E+02    1
    0.307187790528401869E+02   -0.542929303368110849E+00   -0.109751535193769456E+02    1
    0.307806873321533203E+02   -0.537767555420043286E+00   -0.109851535193769454E+02    1
    0.307800520520907028E+02   -0.531738411697248115E+00   -0.109951535193769434E+02    1
    0.307799186367933260E+02   -0.530488254307973195E+00   -0.110051535193769485E+02    1
    0.307796652098456818E+02   -0.528128855498188443E+00   -0.110151535193769536E+02    1
    0.307796639617749506E+02   -0.528117285654031154E+00   -0.110251535193769499E+02    1
    0.307791859540799209E+02   -0.523721861805518829E+00   -0.110351535193769461E+02    1
    0.307790205872468086E+02   -0.522217888148390430E+00   -0.110451535193769441E+02    1
    0.307210537092802518E+02   -0.521544960380039280E+00   -0.110551535193769439E+02    1
    0.307788987520010515E+02   -0.521115291752867194E+00   -0.110651535193769455E+02    1
    0.307211662163299621E+02   -0.520529231364158296E+00   -0.110751535193769488E+02    1
    0.307216746153901283E+02   -0.515988658327691474E+00   -0.110851535193769504E+02    1
    0.307220986240465663E+02   -0.512263559389830814E+00   -0.110951535193769502E+02    1
    0.307774092764582399E+02   -0.508010693119420931E+00   -0.111051535193769553E+02    1
    0.307772068220253878E+02   -0.506282994487687321E+00   -0.111151535193769551E+02    1
    0.307229915341585809E+02   -0.504602691735496101E+00   -0.111251535193769460E+02    1
    0.307231694193723115E+02   -0.503106258877963231E+00   -0.111351535193769493E+02    1
    0.307763179848508912E+02   -0.498849426033095344E+00   -0.111451535193769491E+02    1
    0.307239160124977992E+02   -0.496933500627349423E+00   -0.111551535193769507E+02    1
    0.307240432463620579E+02   -0.495898915534514706E+00   -0.111651535193769469E+02    1
    0.307247748180247982E+02   -0.490048407137831155E+00   -0.111751535193769467E+02    1
    0.307250715136208647E+02   -0.487723348930437894E+00   -0.111851535193769482E+02    1
    0.307252613115672908E+02   -0.486250422714176789E+00   -0.111951535193769498E+02    1
    0.307747175561215407E+02   -0.486087121972122671E+00   -0.112051535193769514E+02    1
    0.307254475325959149E+02   -0.484816196191989568E+00   -0.112151535193769529E+02    1
    0.307255036934070134E+02   -0.484385786984011135E+00   -0.112251535193769527E+02    1
    0.307742916426981381E+02   -0.482825610152199547E+00   -0.112351535193769525E+02    1
    0.307258161867779513E+02   -0.482008878431094745E+00   -0.112451535193769505E+02    1
    0.307741772037705239E+02   -0.481958934712735376E+00   -0.112551535193769485E+02    1
    0.307259477383950106E+02   -0.481017388799206080E+00   -0.112651535193769465E+02    1
    0.307737354768546822E+02   -0.478652009612379359E+00   -0.112751535193769428E+02    1
