    0.305615346707949556E+02   -0.594049692380716365E+01
    0.305895044129627003E+02   -0.441544272788242509E+01
    0.305932033994764794E+02   -0.423205842745821581E+01
    0.308915953250729487E+02   -0.352331813789282577E+01
    0.308910200004902897E+02   -0.349791258410646666E+01
    0.308786094230563251E+02   -0.297505995295013559E+01
    0.306278649977759656E+02   -0.272139980754139943E+01
    0.306355791337701504E+02   -0.243627103574831372E+01
    0.308604833071156115E+02   -0.229790017987540640E+01
    0.308602661912197007E+02   -0.229041139470307398E+01
    0.306408887416300786E+02   -0.225082292235434656E+01
    0.306415731234352542E+02   -0.222756055649792106E+01
    0.308581789737276679E+02   -0.221917036824555325E+01
    0.308581524274506087E+02   -0.221827305679050779E+01
    0.308550586169023902E+02   -0.211520515397550790E+01
    0.306465096742276124E+02   -0.206410117632421608E+01
    0.308534778962140663E+02   -0.206369921951393076E+01
    0.306497766768527100E+02   -0.196011164104471636E+01
    0.306523918635887469E+02   -0.187927317088716617E+01
    0.306531720387315794E+02   -0.185557095053106846E+01
    0.306537863706966860E+02   -0.183704100995556163E+01
    0.306546753950678124E+02   -0.181043442273089417E+01
    0.308447208182141139E+02   -0.179250521924238893E+01
    0.308444108968346811E+02   -0.178334647517638500E+01
    0.306558238674119892E+02   -0.177642874206791657E+01
    0.306568757329290342E+02   -0.174564517461009872E+01
    0.308426674378947929E+02   -0.173238344468521510E+01
    0.308421838109936175E+02   -0.171841484520422916E+01
    0.308415078648154797E+02   -0.169901395673252731E+01
    0.308322744690883859E+02   -0.144829504121497399E+01
    0.308308850214821248E+02   -0.141287292190060443E+01
    0.308265183804616676E+02   -0.130547852319946589E+01
    0.308265183804616676E+02   -0.130547852319946589E+01
    0.308263947971390380E+02   -0.130252578592419277E+01
    0.308263472896559954E+02   -0.130139197465883227E+01
    0.308261480108329415E+02   -0.129664368028341448E+01
    0.306753928459340557E+02   -0.126034803715931587E+01
    0.306754349601648002E+02   -0.125936643212890687E+01
    0.306765488990595756E+02   -0.123360378583757568E+01
    0.306765953561323030E+02   -0.123253777208492066E+01
    0.306765953561323030E+02   -0.123253777208492066E+01
    0.308233090584170064E+02   -0.123034656968564526E+01
    0.306788579250416049E+02   -0.118143669209155866E+01
    0.308210790268868351E+02   -0.118003563487179641E+01
    0.308210790268868351E+02   -0.118003563487179641E+01
    0.308189805440852673E+02   -0.113411179098430925E+01
    0.306812010718726924E+02   -0.113020195491664155E+01
    0.306812010718726924E+02   -0.113020195491664155E+01
    0.308186389632654638E+02   -0.112676676221215044E+01
    0.308186389632654638E+02   -0.112676676221215044E+01
    0.306815129094195775E+02   -0.112351274627672848E+01
    0.306815129094195775E+02   -0.112351274627672848E+01
    0.306816194100734840E+02   -0.112123516854662619E+01
    0.306816194100734840E+02   -0.112123516854662619E+01
    0.306830222976806866E+02   -0.109156446999603673E+01
    0.308166954226818532E+02   -0.108566865729861495E+01
    0.308166954226818532E+02   -0.108566865729861495E+01
    0.306834175190847667E+02   -0.108331668200429410E+01
    0.306834175190847667E+02   -0.108331668200429410E+01
    0.308162567607289688E+02   -0.107655599098373322E+01
    0.306839746435957466E+02   -0.107177307629824403E+01
    0.306841390140830015E+02   -0.106838585405611708E+01
    0.306853340258799427E+02   -0.104401378263999778E+01
    0.308137196661363681E+02   -0.102503060195785811E+01
    0.308136756288149911E+02   -0.102415401640384340E+01
    0.308136756288149911E+02   -0.102415401640384340E+01
    0.306865707436714743E+02   -0.101926102474841995E+01
    0.306865707436714743E+02   -0.101926102474841995E+01
    0.306871249746034067E+02   -0.100832325290973790E+01
    0.306876113356465652E+02   -0.998803974969628139E+00
    0.308113724260448976E+02   -0.979152293536951879E+00
    0.308109872980496604E+02   -0.971789144280966077E+00
    0.308109872980496604E+02   -0.971789144280966077E+00
    0.308106928009549463E+02   -0.966190013712000972E+00
    0.308102003174657106E+02   -0.956887222339440013E+00
    0.308102003174657106E+02   -0.956887222339440013E+00
    0.308094881700660892E+02   -0.943569121533128441E+00
    0.306923178259577973E+02   -0.910505187849223296E+00
    0.306923178259577973E+02   -0.910505187849223296E+00
    0.306931551541338159E+02   -0.895521328367234193E+00
    0.306931551541338159E+02   -0.895521328367234193E+00
    0.308067914930790678E+02   -0.894574013460918693E+00
    0.308067914930790678E+02   -0.894574013460918693E+00
    0.306944106491318927E+02   -0.873464989052752827E+00
    0.308045369089096965E+02   -0.855355380222595052E+00
    0.306958000973669307E+02   -0.849629600849103439E+00
    0.308041743294505395E+02   -0.849196558033696647E+00
    0.308039474196952980E+02   -0.845363139340734593E+00
    0.306961062262136650E+02   -0.844459195770737248E+00
    0.306964329759565651E+02   -0.838972822635938753E+00
    0.306964329759565651E+02   -0.838972822635938753E+00
    0.306974256855571497E+02   -0.822509146739964225E+00
    0.306974256855571497E+02   -0.822509146739964225E+00
    0.308021339592197734E+02   -0.815304641238916328E+00
    0.308021339592197734E+02   -0.815304641238916328E+00
    0.306983189931460352E+02   -0.807957260849942016E+00
    0.306983189931460352E+02   -0.807957260849942016E+00
    0.308010072658795409E+02   -0.797147058204100478E+00
    0.308008275232933002E+02   -0.794287050645475889E+00
    0.308005762100219727E+02   -0.790305159404181001E+00
    0.308000436227577339E+02   -0.781931902924758115E+00
    0.308000436227577339E+02   -0.781931902924758115E+00
    0.307993997961684833E+02   -0.771928103357464312E+00
    0.307015180085716537E+02   -0.757891170759111832E+00
    0.307983207199470428E+02   -0.755451871281345277E+00
    0.307969073100201101E+02   -0.734421208331685671E+00
    0.307039342419873869E+02   -0.722195947074484756E+00
    0.307041166469937394E+02   -0.719575325483936101E+00
    0.307957788739541201E+02   -0.718078953204263071E+00
    0.307957681943093320E+02   -0.717926189115131286E+00
    0.307043178605256699E+02   -0.716696541711283941E+00
    0.307955075439998929E+02   -0.714208837640977756E+00
    0.307047982265081174E+02   -0.709875051064301710E+00
    0.307947806777402349E+02   -0.703954546699193329E+00
    0.307944623523599716E+02   -0.699515746465991684E+00
    0.307063691633089704E+02   -0.688070298493651311E+00
    0.307933208924498238E+02   -0.683859331663949299E+00
    0.307933208924498238E+02   -0.683859331663949299E+00
    0.307921234205918175E+02   -0.667872275368003976E+00
    0.307918601161497030E+02   -0.664417081885421146E+00
    0.307085630490475978E+02   -0.658909516286227404E+00
    0.307085630490475978E+02   -0.658909516286227404E+00
    0.307095239862131493E+02   -0.646610576886468946E+00
    0.307095239862131493E+02   -0.646610576886468946E+00
    0.307904385894158601E+02   -0.646137424053841114E+00
    0.307104355259034776E+02   -0.635210564146010070E+00
    0.307104892474075726E+02   -0.634546807878137775E+00
    0.307885631128837645E+02   -0.622986511763442552E+00
    0.307118746599704657E+02   -0.617740867557449835E+00
    0.307131641527511903E+02   -0.602637444146517876E+00
    0.307865224087006801E+02   -0.599044740203060422E+00
    0.307863526476442608E+02   -0.597111717304352085E+00
    0.307863526476442608E+02   -0.597111717304352085E+00
    0.307137548920187413E+02   -0.595891851964558183E+00
    0.307137548920187413E+02   -0.595891851964558183E+00
    0.307143562805607573E+02   -0.589136677416175036E+00
    0.307143562805607573E+02   -0.589136677416175036E+00
    0.307855721436553935E+02   -0.588340219412503806E+00
    0.307855083582495155E+02   -0.587631797746250850E+00
    0.307850161259825796E+02   -0.582207668566868675E+00
    0.307848404314793385E+02   -0.580289947760398328E+00
    0.307163677873720076E+02   -0.567363394727275705E+00
    0.307163677873720076E+02   -0.567363394727275705E+00
    0.307165253052947804E+02   -0.565711747751207361E+00
    0.307165253052947804E+02   -0.565711747751207361E+00
    0.307169285509262835E+02   -0.561518866224296254E+00
    0.307169799932663992E+02   -0.560987631982361901E+00
    0.307171527698329569E+02   -0.559209457757308459E+00
    0.307824791767272288E+02   -0.555452643887286102E+00
    0.307823814338205572E+02   -0.554462071293000069E+00
    0.307818462374361559E+02   -0.549091068568763663E+00
    0.307181868656477164E+02   -0.548761799580706033E+00
    0.307183761763013834E+02   -0.546885347706446256E+00
    0.307186114614425740E+02   -0.544568805120482335E+00
    0.307186613605355703E+02   -0.544079738043997341E+00
    0.307186613605355703E+02   -0.544079738043997341E+00
    0.307812740217635046E+02   -0.543447568322535712E+00
    0.307187790528401869E+02   -0.542929303368110849E+00
    0.307806873321533203E+02   -0.537767555420043286E+00
    0.307800520520907028E+02   -0.531738411697248115E+00
    0.307799186367933260E+02   -0.530488254307973195E+00
    0.307796652098456818E+02   -0.528128855498188443E+00
    0.307796639617749506E+02   -0.528117285654031154E+00
    0.307791859540799209E+02   -0.523721861805518829E+00
    0.307790205872468086E+02   -0.522217888148390430E+00
    0.307210537092802518E+02   -0.521544960380039280E+00
    0.307788987520010515E+02   -0.521115291752867194E+00
    0.307211662163299621E+02   -0.520529231364158296E+00
    0.307216746153901283E+02   -0.515988658327691474E+00
    0.307220986240465663E+02   -0.512263559389830814E+00
    0.307774092764582399E+02   -0.508010693119420931E+00
    0.307772068220253878E+02   -0.506282994487687321E+00
    0.307229915341585809E+02   -0.504602691735496101E+00
    0.307231694193723115E+02   -0.503106258877963231E+00
    0.307763179848508912E+02   -0.498849426033095344E+00
    0.307240432463620579E+02   -0.495898915534514706E+00
    0.307247748180247982E+02   -0.490048407137831155E+00
    0.307250715136208647E+02   -0.487723348930437894E+00
    0.307252613115672908E+02   -0.486250422714176789E+00
    0.307747175561215407E+02   -0.486087121972122671E+00
    0.307254475325959149E+02   -0.484816196191989568E+00
    0.307742916426981381E+02   -0.482825610152199547E+00
    0.307741772037705239E+02   -0.481958934712735376E+00
    0.307259477383950106E+02   -0.481017388799206080E+00
    0.307737354768546822E+02   -0.478652009612379359E+00
    0.307540082931518555E+02   -0.393135377186137891E+00
    0.307548929122360875E+02   -0.394365717210957145E+00
    0.307519747835796409E+02   -0.391234339091639072E+00
    0.307530685454729174E+02   -0.392096245518661346E+00
    0.307542806397440565E+02   -0.393488105721635451E+00
    0.307426103202693923E+02   -0.399157401018910174E+00
    0.307478974577411179E+02   -0.391315731867258765E+00
    0.307478576743503744E+02   -0.391342118623299151E+00
    0.307480377260975288E+02   -0.391226643573186039E+00
    0.307486833817975196E+02   -0.390895856795495877E+00
    0.307357989101438100E+02   -0.422136086422445600E+00
    0.307365165127339424E+02   -0.419031942008438962E+00
    0.307339696008051462E+02   -0.430777140366631395E+00
    0.307368211591696543E+02   -0.417762788379946515E+00
    0.307354708995358195E+02   -0.423608556296612870E+00
    0.307429224718181509E+02   -0.398451782057021919E+00
    0.307320519060770287E+02   -0.440958449291854460E+00
    0.307283271488353975E+02   -0.464017574625481710E+00
    0.307433083239012319E+02   -0.397621645157952397E+00
    0.307497216363668215E+02   -0.390637107236304293E+00
    0.307398367588466570E+02   -0.406764292303293085E+00
    0.307507973435420041E+02   -0.390724336988132304E+00
    0.307367864264091040E+02   -0.417906019850327548E+00
    0.307598981911190990E+02   -0.405933466785981301E+00
    0.307573220537303840E+02   -0.399001948567297038E+00
    0.307568590068570700E+02   -0.397975933603969323E+00
    0.307660583298940580E+02   -0.430917181091635515E+00
    0.307677143089449814E+02   -0.439655740843487297E+00
    0.307668296577264826E+02   -0.434880840498535370E+00
    0.307697778931140000E+02   -0.451744540004512585E+00
    0.307696829431873127E+02   -0.451159101955476483E+00
    0.307716741574409873E+02   -0.464026421996371508E+00
    0.307565429547323745E+02   -0.397314102598433361E+00
    0.307609859398131746E+02   -0.409482948996682250E+00
    0.307462819000508816E+02   -0.392785041754953990E+00
    0.307555965423200348E+02   -0.395518950928126833E+00
    0.307494649265207087E+02   -0.390669734941923696E+00
    0.307440915945851181E+02   -0.396079571022918242E+00
    0.307444480620542393E+02   -0.395441252336507565E+00
    0.307369009103548123E+02   -0.417435335864489665E+00
    0.307420147227951617E+02   -0.400588226880965848E+00
    0.307641424287210050E+02   -0.421876295332621665E+00
    0.307609276231916589E+02   -0.409283273221711208E+00
    0.307561401202823532E+02   -0.396515793294036967E+00
    0.307534681115354545E+02   -0.392504343378503651E+00
    0.307601680105267050E+02   -0.406779443448633593E+00
    0.307366466211140406E+02   -0.418486363698759078E+00
    0.307483316258984729E+02   -0.391059917522299627E+00
    0.307591113636403257E+02   -0.403596398029112624E+00
    0.307450327321311256E+02   -0.394480273450191044E+00
    0.307517591063130524E+02   -0.391108508596983095E+00
    0.307638737060041549E+02   -0.420699955982780649E+00
    0.307487050105931772E+02   -0.390887030869352226E+00
    0.307275201105941349E+02   -0.469585223078124558E+00
    0.307439971521363624E+02   -0.396255341011570228E+00
    0.307287530048972712E+02   -0.461161687639914220E+00
    0.307501315149023000E+02   -0.390627702526499698E+00
    0.307472213500775560E+02   -0.391831389904932714E+00
    0.307631136291230867E+02   -0.417494885746552802E+00
    0.307667990961964186E+02   -0.434720255158843383E+00
    0.307450105178176258E+02   -0.394514833195046877E+00
    0.307626681825139130E+02   -0.415700445032169075E+00
    0.307476483276863988E+02   -0.391489119167285904E+00
    0.307380396777444815E+02   -0.412976454446237706E+00
    0.307434408619943866E+02   -0.397347233027617652E+00
    0.307349050005802447E+02   -0.426227969919138250E+00
    0.307363926116936845E+02   -0.419556408831081584E+00
    0.307276002689592680E+02   -0.469023117296438197E+00
    0.307393711520293564E+02   -0.408276938934863276E+00
    0.307516684100292856E+02   -0.391059936254045615E+00
    0.307640801929277217E+02   -0.421601848887802277E+00
    0.307565646787217801E+02   -0.397358594800041209E+00
    0.307367796259488841E+02   -0.417934107820545131E+00
    0.307335373180959763E+02   -0.432971858667678067E+00
    0.307538654891795886E+02   -0.392959688530873097E+00
    0.307574167681338047E+02   -0.399220070242295499E+00
    0.307461105224300830E+02   -0.392988755588587257E+00
    0.307517275564685377E+02   -0.391091320523759001E+00
    0.307310195937500552E+02   -0.446914972095783569E+00
    0.307404185633964495E+02   -0.404969363654363756E+00
    0.307534618056963751E+02   -0.392497515418675946E+00
    0.307710503246559064E+02   -0.459861901268614370E+00
    0.307325461912619708E+02   -0.438224287416214664E+00
    0.307292331552911122E+02   -0.458009662369239290E+00
    0.307324906615940812E+02   -0.438527645533289934E+00
    0.307684641613601428E+02   -0.443894571052103559E+00
