    0.790577219677746972E-98    0.449399651842143669E+03    0.319481564530122348E+02
    0.327487975319150450E-97    0.446537105653479671E+03    0.295556722652089441E+02
    0.845263745367083251E-97    0.444620710922414276E+03    0.295582423589706984E+02
    0.106594141620650511E-94    0.434926440664017832E+03    0.319286706962187772E+02
    0.129117145043830020E-94    0.434523057584347839E+03    0.295718770080038702E+02
    0.271987711186782111E-94    0.433012983999522305E+03    0.319260703842876374E+02
    0.141115710361808616E-93    0.429700167195763356E+03    0.319215547511859796E+02
    0.467335069378427627E-91    0.418074894225769413E+03    0.319055689773970492E+02
    0.607592665811809553E-90    0.412924807627404050E+03    0.318984160328067929E+02
    0.779119611639104312E-90    0.412407487868816247E+03    0.318976950645446777E+02
    0.186431843074076259E-89    0.410642515402004221E+03    0.296047681242270571E+02
    0.272255736289864028E-85    0.391444482434206861E+03    0.296319112987828461E+02
    0.576023106422372838E-83    0.380715330174867518E+03    0.318526282494837396E+02
    0.135657382234653082E-82    0.378982190621663563E+03    0.296498895464593915E+02
    0.893023570584208258E-82    0.375193229588576628E+03    0.296554140807211866E+02
    0.970730319807441463E-81    0.370401187962860945E+03    0.296624413572219865E+02
    0.776972087063187328E-76    0.347800625571893193E+03    0.296962153911590576E+02
    0.571644791440998719E-75    0.343789228628380783E+03    0.317976762532437291E+02
    0.105316701984646895E-71    0.328731639453622961E+03    0.317744223964027697E+02
    0.978209098100626407E-71    0.324254136595583532E+03    0.317674051489479830E+02
    0.395995165360851547E-69    0.316832439116459568E+03    0.317556658516488817E+02
    0.255415752809912158E-68    0.313084287694121599E+03    0.317496848106384277E+02
    0.742941436674522415E-65    0.297113327934451377E+03    0.317237877845764160E+02
    0.145925597836217102E-64    0.295743198415600318E+03    0.297784660402590546E+02
    0.572191721354113829E-64    0.292990443966683642E+03    0.297830101237896088E+02
    0.465357135269951356E-63    0.288778611718242189E+03    0.297900043971463333E+02
    0.153992241810871009E-62    0.286365247372947124E+03    0.297940351514865043E+02
    0.365613689328913439E-61    0.280010727068867652E+03    0.316952694465708582E+02
    0.422985444722581332E-59    0.270488865723939227E+03    0.316790125781261551E+02
    0.974480032333997400E-59    0.268799733204424228E+03    0.316760988857860468E+02
    0.125137749604173402E-56    0.259069200448839069E+03    0.298408677536044138E+02
    0.131712931621416339E-56    0.258946781115771103E+03    0.298410832273687170E+02
    0.526615183436028309E-54    0.246944750172418310E+03    0.298624622821807861E+02
    0.276676128499896318E-53    0.243606824923770660E+03    0.298685002326965332E+02
    0.191495056137224070E-52    0.239717625976109218E+03    0.298755879671896381E+02
    0.194539782397161110E-52    0.239666076601872447E+03    0.316243177026264490E+02
    0.510100486611401558E-52    0.237718134481889763E+03    0.316207456748913813E+02
    0.110532106283412700E-51    0.236151567706952392E+03    0.316178623258687104E+02
    0.135815327142003059E-50    0.231114417439060219E+03    0.298914744407969017E+02
    0.556001483712330522E-50    0.228275467662087578E+03    0.316032183170318604E+02
    0.718589044919467351E-50    0.227742430328615399E+03    0.316022181510925293E+02
    0.332668547383479644E-49    0.224657546119518770E+03    0.315964066088957836E+02
    0.162447233217470188E-47    0.216860792568960960E+03    0.299184625467120107E+02
    0.164554372646229081E-46    0.212209846746933323E+03    0.299274603294732913E+02
    0.214019680874038996E-44    0.202453852516759184E+03    0.315533382401290439E+02
    0.317837834961633400E-44    0.201642905872229562E+03    0.299482785403950231E+02
    0.631283936546471109E-44    0.200250476991727396E+03    0.315489377487473774E+02
    0.832510912565759466E-42    0.190466755439860037E+03    0.299709020489004274E+02
    0.141528556043464723E-40    0.184780304715361524E+03    0.315173310726727784E+02
    0.354045002925353774E-40    0.182926459663872180E+03    0.315134557426101338E+02
    0.447720058757156523E-39    0.177831801205292436E+03    0.299972970281333176E+02
    0.130858864034663662E-38    0.175666728618547950E+03    0.314980865802695256E+02
    0.257195014558427721E-38    0.174295298138509793E+03    0.314951476055408293E+02
    0.885861560955907085E-38    0.171801845982511765E+03    0.300102257728576660E+02
    0.149060659740303241E-37    0.170741090498933659E+03    0.314874764332482684E+02
    0.177799966521323664E-37    0.170368478900259589E+03    0.300133324138521971E+02
    0.352784220171502308E-36    0.164372913792388459E+03    0.300264716148376465E+02
    0.624708728966362110E-36    0.163210055968932750E+03    0.300290477275848389E+02
    0.899332497497761714E-36    0.162461321346433976E+03    0.314692886960800848E+02
    0.393733068284043786E-35    0.159488110421791191E+03    0.314626443386077881E+02
    0.866395229382821316E-35    0.157890774419016736E+03    0.300409510044144668E+02
    0.716560505620151296E-34    0.153645361232290441E+03    0.300505965713957863E+02
    0.589083480956873576E-33    0.149411980611915453E+03    0.314396508812131898E+02
    0.123219171511140525E-32    0.147916016936074527E+03    0.300638285533516871E+02
    0.731010237408686706E-31    0.139729921125273080E+03    0.300831898714020056E+02
    0.812993643918178677E-31    0.139497329470985761E+03    0.314162517949748086E+02
    0.996267450037355814E-31    0.139070744562557906E+03    0.300847734351364302E+02
    0.105972358020258988E-30    0.138927249294492526E+03    0.314148813410995800E+02
    0.185578985414282746E-30    0.137786644690308322E+03    0.300878691496320485E+02
    0.599264697672158709E-30    0.135422199068329604E+03    0.300936075586825709E+02
    0.220620889275566965E-29    0.132795544091255920E+03    0.301000417389616324E+02
    0.101643139344889914E-28    0.129720329406181008E+03    0.313923434082325272E+02
    0.117422343212339401E-28    0.129411711083425246E+03    0.301084257833524163E+02
    0.144207770989784567E-28    0.128980755268422456E+03    0.301095014310250555E+02
    0.127040433592239253E-27    0.124609084488889920E+03    0.313794831771893890E+02
    0.471340942661472957E-26    0.117361761720124846E+03    0.313607844443863968E+02
    0.340443219197139842E-25    0.113387258228866514E+03    0.313502826220476258E+02
    0.462986333344790403E-25    0.112752359865900573E+03    0.313485879647728325E+02
    0.161306016065610616E-24    0.110235978188376819E+03    0.301581764365938056E+02
    0.203593001314314449E-24    0.109750338933183116E+03    0.301594908259932062E+02
    0.208341913821573972E-24    0.109684223658858528E+03    0.301596699942334396E+02
    0.409646896683696020E-24    0.108311993629929873E+03    0.313365989938755227E+02
    0.527870177312779264E-24    0.107784883997641629E+03    0.301648405099526684E+02
    0.777184612709890294E-24    0.106991228914103516E+03    0.313329853621877064E+02
    0.770697086709225506E-24    0.106987993926548540E+03    0.313329764837152140E+02
    0.502876146598549245E-23    0.103216726745289975E+03    0.313225325541704400E+02
    0.752247266506293230E-21    0.931809440305285932E+02    0.302062362453255169E+02
    0.225751331731894457E-20    0.909630358251849884E+02    0.302128019781862633E+02
    0.277233461352228822E-20    0.905321840640745563E+02    0.302140867710113525E+02
    0.113307760060370216E-19    0.876965185081376148E+02    0.312773792366277235E+02
    0.133031802565186679E-19    0.873555573887068704E+02    0.312763437884537652E+02
    0.143760123511404164E-19    0.871804416187956406E+02    0.312758111953735352E+02
    0.264422483656747175E-19    0.859416375402747548E+02    0.312720280070349474E+02
    0.844192987706148097E-19    0.835999715682910960E+02    0.312648008440344007E+02
    0.403430408552991727E-18    0.804515556294051919E+02    0.302450792359051803E+02
    0.580678600003356942E-18    0.797031687967981242E+02    0.312525436698932282E+02
    0.110645436051382400E-17    0.783937318121993627E+02    0.302516427568510338E+02
    0.171947472138446642E-17    0.774920153788150827E+02    0.312454537811059758E+02
    0.203707313955357500E-17    0.771330249938438044E+02    0.302557068885971603E+02
    0.214873938829846712E-17    0.770062903997804540E+02    0.302561172919818944E+02
    0.234223661232240954E-17    0.768138404978951854E+02    0.302567411535580284E+02
    0.490549590725812258E-17    0.753153406974851691E+02    0.312383739246028114E+02
    0.560560908189045793E-17    0.750285176416553696E+02    0.302625666646060232E+02
    0.932877141752693588E-17    0.739898464274465795E+02    0.312340118888703344E+02
    0.139653817348367396E-16    0.731628900098224051E+02    0.302687295479343952E+02
    0.283910753026680457E-16    0.717239033863446451E+02    0.302735375242096154E+02
    0.628225977555779210E-16    0.701154233868518446E+02    0.312210300997154278E+02
    0.251748649798357977E-15    0.673191907414520045E+02    0.312114340802028458E+02
    0.374858163537775094E-15    0.665029576303786456E+02    0.302914049014465903E+02
    0.151358610534464142E-14    0.636915790413276568E+02    0.303013207683297026E+02
    0.165242639111162134E-14    0.634960530245390231E+02    0.303020185610111454E+02
    0.309451642260358522E-14    0.622212792217029573E+02    0.311934051121823579E+02
    0.479971016941969973E-14    0.613234314506890357E+02    0.311901533603668213E+02
    0.651253601619693061E-14    0.606930846453641948E+02    0.311878559932959298E+02
    0.712159089325043791E-14    0.604942802390725944E+02    0.311871289246492758E+02
    0.372507585970207640E-13    0.571651979008510835E+02    0.303252310824898750E+02
    0.496278518853405765E-13    0.565714381079722486E+02    0.303274735488214837E+02
    0.681102257552058682E-13    0.559182878004980211E+02    0.311700458557843341E+02
    0.952576701869853088E-13    0.552273714448045183E+02    0.311674057841278369E+02
    0.271960520355794536E-12    0.531092287001077210E+02    0.303407940227216315E+02
    0.526326906638842007E-12    0.517686974897279413E+02    0.311539304791262097E+02
    0.148524162405505073E-11    0.496738770245241099E+02    0.303544542928074215E+02
    0.177989642277056758E-11    0.492919216158522246E+02    0.303560023487751138E+02
    0.234593551879411041E-11    0.487196634336475256E+02    0.311416668520409559E+02
    0.249090402842988555E-11    0.485797405457417568E+02    0.311410948347221854E+02
    0.556384061791965890E-11    0.469524547053301902E+02    0.311343798317511684E+02
    0.621331868470104020E-11    0.467116416362164699E+02    0.303666238749792932E+02
    0.136382754767559911E-10    0.451192715359659502E+02    0.311266718318577738E+02
    0.172180255009553521E-10    0.446331183035678265E+02    0.303753989074076038E+02
    0.170615604147215237E-10    0.446313759538449091E+02    0.303754063494234003E+02
    0.170001323609440906E-10    0.446185897022370170E+02    0.311245390327417937E+02
    0.187962762145792083E-10    0.443977144091163538E+02    0.311235942800809084E+02
    0.376920915001096500E-10    0.429861313663339857E+02    0.311174991433626325E+02
    0.694611088959076552E-10    0.417434979387375833E+02    0.311120486064107418E+02
    0.950727619678284831E-10    0.410957469343889841E+02    0.303908254043086501E+02
    0.312592764800297109E-09    0.386952294171907027E+02    0.310983170023628048E+02
    0.431032091902311058E-09    0.380326668691607992E+02    0.310952600961323427E+02
    0.443725545168494761E-09    0.379546195025814157E+02    0.304051017796388905E+02
    0.442091794120320668E-09    0.379419968831233163E+02    0.310948396584298195E+02
    0.601153677836392157E-09    0.373073307513579095E+02    0.304081177711486816E+02
    0.617065294693254183E-09    0.372350822733860554E+02    0.304084560595255198E+02
    0.634905206737112244E-09    0.371580805481240901E+02    0.310911830267671547E+02
    0.745814737081941360E-09    0.368160775068673374E+02    0.310895753937227717E+02
    0.754637980096807934E-09    0.367725556867780767E+02    0.304106297328909179E+02
    0.839736527518975965E-09    0.365388555923226406E+02    0.310882666668405747E+02
    0.101670867070468195E-08    0.361363801711103676E+02    0.304136424275453976E+02
    0.282869302247759111E-08    0.340698918532686719E+02    0.310763796162913053E+02
    0.313158338030631058E-08    0.338464439063120608E+02    0.310752823704109993E+02
    0.390586755196369485E-08    0.333845615581761166E+02    0.310730024721053439E+02
    0.399639166216995659E-08    0.333187376651216525E+02    0.310726762472330265E+02
    0.498644402811648696E-08    0.328560753319734573E+02    0.310703739082108825E+02
    0.503210798577618402E-08    0.328178434462396993E+02    0.310701829149532607E+02
    0.632563401326080934E-08    0.323403008665189589E+02    0.310677876063864993E+02
    0.641424640526199650E-08    0.322924783695632769E+02    0.304324532620501316E+02
    0.708522964597076419E-08    0.320734968330035031E+02    0.310664414477681632E+02
    0.123628026159413565E-07    0.309401370538233706E+02    0.310606580734058504E+02
    0.123533449023332554E-07    0.309216676668062824E+02    0.304394370650998738E+02
    0.168555743575389254E-07    0.302801585552111838E+02    0.304427598538981670E+02
    0.190551454884938905E-07    0.300148470652323880E+02    0.304441446246855492E+02
    0.277375813532339897E-07    0.292439449617530620E+02    0.310517956657700864E+02
    0.275752824521861973E-07    0.292356817879201500E+02    0.304482481454550040E+02
    0.346860615144958457E-07    0.287568455626115700E+02    0.304507978846993943E+02
    0.428428173629451474E-07    0.283144453878167894E+02    0.304531730719071909E+02
    0.557987475304579014E-07    0.277660185573110567E+02    0.310438558479652826E+02
    0.604920049692421706E-07    0.275844989901291591E+02    0.304571341659250550E+02
    0.716256213426994163E-07    0.272266157043223807E+02    0.310409040567847612E+02
    0.970743486430001585E-07    0.265985670726751060E+02    0.310374289731960928E+02
    0.185534177067979217E-06    0.252830431881385316E+02    0.310300102466018757E+02
    0.188678816112662541E-06    0.252294290365631682E+02    0.310297037234593098E+02
    0.189859138678896699E-06    0.251969565605370782E+02    0.304704820918192922E+02
    0.210724745914387238E-06    0.249684158839721277E+02    0.310282066333298161E+02
    0.349438027842257773E-06    0.239368689455320762E+02    0.310222094425726311E+02
    0.487642302161735042E-06    0.232503571047742099E+02    0.310181438843891044E+02
    0.645415276777190033E-06    0.226697335050315800E+02    0.310146566591191331E+02
    0.760330112327282641E-06    0.223220160096013736E+02    0.310125460935354482E+02
    0.780897928115802016E-06    0.222486325092709301E+02    0.304879014993753934E+02
    0.127517178810390768E-05    0.212478490356318304E+02    0.304940837697330984E+02
    0.127128697762737178E-05    0.212339513350959024E+02    0.310058293264508720E+02
    0.139888992626400826E-05    0.210226528216549831E+02    0.304954956011592415E+02
    0.140812044329316388E-05    0.209894992538581420E+02    0.310042958859524589E+02
    0.171408522049172189E-05    0.205762517678764816E+02    0.310016823507066093E+02
    0.172112576287531600E-05    0.205480536661869593E+02    0.304984969747064696E+02
    0.176558577636710445E-05    0.204770458063340719E+02    0.304989491155556927E+02
    0.310876324590361662E-05    0.193255608922921667E+02    0.309936017135722466E+02
    0.374538836208138387E-05    0.189329602200702531E+02    0.305089907207092956E+02
    0.381395741876348558E-05    0.188766761609169578E+02    0.305093646665285121E+02
    0.529900625165947309E-05    0.181989722396542177E+02    0.309860862367163605E+02
    0.583703423257913576E-05    0.179855651843157034E+02    0.305153645197549821E+02
    0.618310652032270438E-05    0.178503692095098039E+02    0.309837117486786475E+02
    0.648948264124175623E-05    0.177336452237502300E+02    0.309829112807830498E+02
    0.107134186425941346E-04    0.167110167772059768E+02    0.309757769999071186E+02
    0.126066792421331381E-04    0.163655573020624487E+02    0.305266845653193677E+02
    0.153572937243090442E-04    0.159508298014907819E+02    0.305296760218115821E+02
    0.156500743034084113E-04    0.158930595166430351E+02    0.309699040482875603E+02
    0.194403385640797631E-04    0.154393104167793282E+02    0.305334225465712237E+02
    0.214837519527362743E-04    0.152194169936312687E+02    0.305350531824389577E+02
    0.248513421016053852E-04    0.149081873278417874E+02    0.305373825043673648E+02
    0.274415640861318495E-04    0.146898932433226612E+02    0.305390316175854011E+02
    0.281026293736787866E-04    0.146222845582777516E+02    0.305395449915385981E+02
    0.367199019582577549E-04    0.140673730547027844E+02    0.309561930982721023E+02
    0.370775462757807659E-04    0.140279877168045530E+02    0.305441127476171133E+02
    0.390891148855495308E-04    0.139023227731175965E+02    0.305450916476227086E+02
    0.448650157348139694E-04    0.136066941833067965E+02    0.309525868243163451E+02
    0.595284156061777109E-04    0.130211033027103351E+02    0.309479078840487993E+02
    0.637703662343252093E-04    0.128634336395138451E+02    0.305533709389575279E+02
    0.714256643093618885E-04    0.126166963484966761E+02    0.305553890334148939E+02
    0.938840219967396596E-04    0.120498904223235161E+02    0.305601062156061047E+02
    0.101140283562471569E-03    0.118809938476143273E+02    0.305615346707949556E+02
    0.102240305757318332E-03    0.118393588838183597E+02    0.305618884681147414E+02
    0.104221924606397214E-03    0.117809658140820943E+02    0.309376142068316327E+02
    0.107598048968017570E-03    0.116972058156444714E+02    0.309368985249007125E+02
    0.117074274119164553E-03    0.115083937364058002E+02    0.305647249073499125E+02
    0.149648619869023977E-03    0.109974308225078801E+02    0.305691913203631387E+02
    0.163159463498880594E-03    0.108045547937286486E+02    0.309290937613093533E+02
    0.162690628376358599E-03    0.107903100223780530E+02    0.309289664551574113E+02
    0.184768864169848775E-03    0.105157995240696884E+02    0.309264952080851572E+02
    0.199090386196048522E-03    0.103464929990436971E+02    0.305750463558626464E+02
    0.235095544283057289E-03    0.999402684036872913E+01    0.305783000119709385E+02
    0.242521082148273174E-03    0.991183355965070945E+01    0.305790676525906164E+02
    0.282415794422166016E-03    0.958724997961192926E+01    0.309178666135202533E+02
    0.280547970883831361E-03    0.958052138716740487E+01    0.309178024685126402E+02
    0.284247116563252219E-03    0.953432286911107063E+01    0.305826386150237894E+02
    0.282859364699158565E-03    0.952411118703716397E+01    0.305827362687295334E+02
    0.287972784205015704E-03    0.946827889347112261E+01    0.309167287991293271E+02
    0.287014925387905288E-03    0.945494240774942263E+01    0.309166007674195953E+02
    0.331935858773469003E-03    0.914412733866368477E+01    0.305864114689725355E+02
    0.364200315294101662E-03    0.893860278021596599E+01    0.305884341344940367E+02
    0.370728916801059459E-03    0.888306862013214626E+01    0.309110149669578043E+02
    0.376742788218427708E-03    0.883088545576485018E+01    0.305895044129627003E+02
    0.380589299615333762E-03    0.879056916633378016E+01    0.309100931645394894E+02
    0.387704598649107825E-03    0.873352343430384970E+01    0.305904779796085435E+02
    0.387548846434938724E-03    0.871432705390592943E+01    0.305906706349334847E+02
    0.416214270192698113E-03    0.855161044576503215E+01    0.309076868841294292E+02
    0.427700042668607350E-03    0.847716661624448520E+01    0.305930702922580231E+02
    0.426216313541404415E-03    0.846411685491643162E+01    0.305932033994764794E+02
    0.425142574381556575E-03    0.844916168263546297E+01    0.305933560809209837E+02
    0.434312581366997957E-03    0.838648182939368247E+01    0.305939976222807495E+02
    0.484759240445575802E-03    0.814670613377185582E+01    0.309035234823343643E+02
    0.495714086380184544E-03    0.808201220269484821E+01    0.309028477642905628E+02
    0.490962604100304021E-03    0.808127492190509145E+01    0.309028400462905459E+02
    0.506856193203877241E-03    0.799755620471383999E+01    0.305980388870299898E+02
    0.545051169543388507E-03    0.783225148758330025E+01    0.305997894652154301E+02
    0.544464161045157065E-03    0.781440660569334433E+01    0.305999796642510802E+02
    0.546143055598143946E-03    0.778824895020172114E+01    0.308997410987025454E+02
    0.568327719809430900E-03    0.768861439857093298E+01    0.306013273190010118E+02
    0.673956418367821692E-03    0.732767995094338520E+01    0.308947362285090321E+02
    0.767921324025710962E-03    0.704663627578565155E+01    0.308915953250729487E+02
    0.779843172843768927E-03    0.699582516821293332E+01    0.308910200004902897E+02
    0.833597374485793119E-03    0.684250980346613957E+01    0.308892696354956513E+02
    0.907033526380160719E-03    0.665365201930118566E+01    0.308870827723011310E+02
    0.903070733826062374E-03    0.664240908147109010E+01    0.308869514843318882E+02
    0.126388484910828830E-02    0.595011990590027118E+01    0.308786094230563251E+02
    0.157636641075205612E-02    0.548825537118153761E+01    0.308727290397085419E+02
    0.159655843843241308E-02    0.544279961508279886E+01    0.306278649977759656E+02
    0.165823555575249663E-02    0.534699205057402693E+01    0.308708733823545813E+02
    0.203001390003546261E-02    0.492241500759506323E+01    0.306348838498545746E+02
    0.206056271554985607E-02    0.487254207149662744E+01    0.306355791337701504E+02
    0.234280742440820967E-02    0.459580035975081280E+01    0.308604833071156115E+02
    0.233693151259199185E-02    0.458082278940614795E+01    0.308602661912197007E+02
    0.239258148470400779E-02    0.451375448395682799E+01    0.306407113256157722E+02
    0.238315972274609402E-02    0.450164584470869311E+01    0.306408887416300786E+02
    0.241497657590186579E-02    0.445512111299584213E+01    0.306415731234352542E+02
    0.241109204575973984E-02    0.443834073649110650E+01    0.308581789737276679E+02
    0.238924421367651615E-02    0.443654611358101558E+01    0.308581524274506087E+02
    0.256804731251577059E-02    0.427220866920207953E+01    0.308556932719781472E+02
    0.255759263784689946E-02    0.426036740783246159E+01    0.306444861350103039E+02
    0.257035748938213172E-02    0.423041030795101580E+01    0.308550586169023902E+02
    0.266118303642933797E-02    0.414095873935430081E+01    0.308536873568277912E+02
    0.265156217897844545E-02    0.412820235264843216E+01    0.306465096742276124E+02
    0.262623411503018402E-02    0.412739843902786152E+01    0.308534778962140663E+02
    0.288388546037444179E-02    0.392022328208943271E+01    0.306497766768527100E+02
    0.286071609016812526E-02    0.391635633893321522E+01    0.306498384291028430E+02
    0.306478363047013808E-02    0.375854634177433233E+01    0.306523918635887469E+02
    0.310706699756584407E-02    0.371114190106213693E+01    0.306531720387315794E+02
    0.313368345142006274E-02    0.367408201991112326E+01    0.306537863706966860E+02
    0.310795737764633494E-02    0.367056885096106811E+01    0.306538448112524584E+02
    0.315445494326164946E-02    0.362086884546178833E+01    0.306546753950678124E+02
    0.317956668488752385E-02    0.358501043848477785E+01    0.308447208182141139E+02
    0.317689298033891612E-02    0.356669295035277001E+01    0.308444108968346811E+02
    0.316711602362307679E-02    0.355285748413583313E+01    0.306558238674119892E+02
    0.323362878517803078E-02    0.349129034922019743E+01    0.306568757329290342E+02
    0.324419322876734213E-02    0.346476688937043020E+01    0.308426674378947929E+02
    0.325709371382875302E-02    0.343682969040845832E+01    0.308421838109936175E+02
    0.328785766624943706E-02    0.339802791346505462E+01    0.308415078648154797E+02
    0.418269218628386421E-02    0.289659008242994798E+01    0.308322744690883859E+02
    0.429038821664161872E-02    0.282574584380120886E+01    0.308308850214821248E+02
    0.472927361496726720E-02    0.261095704639893178E+01    0.308265183804616676E+02
    0.469606234303485484E-02    0.260505157184838554E+01    0.308263947971390380E+02
    0.465461020079345131E-02    0.260278394931766455E+01    0.308263472896559954E+02
    0.463022963403695361E-02    0.259328736056682896E+01    0.308261480108329415E+02
    0.475359943551186340E-02    0.252069607431863174E+01    0.306753928459340557E+02
    0.471092232703422716E-02    0.251873286425781373E+01    0.306754349601648002E+02
    0.478576725679423932E-02    0.246720757167515137E+01    0.306765488990595756E+02
    0.474320170110135737E-02    0.246507554416984132E+01    0.306765953561323030E+02
    0.470630723721554567E-02    0.246069313937129053E+01    0.308233090584170064E+02
    0.489303835998526528E-02    0.236287338418311732E+01    0.306788579250416049E+02
    0.485114378577586238E-02    0.236007126974359283E+01    0.308210790268868351E+02
    0.502858359573190878E-02    0.226822358196861851E+01    0.308189805440852673E+02
    0.499805176358691233E-02    0.226040390983328310E+01    0.306812010718726924E+02
    0.496534798137202114E-02    0.225353352442430088E+01    0.308186389632654638E+02
    0.493196455165889527E-02    0.224702549255345696E+01    0.306815129094195775E+02
    0.489402452178514229E-02    0.224247033709325239E+01    0.306816194100734840E+02
    0.499124647989510409E-02    0.218312893999207347E+01    0.306830222976806866E+02
    0.497080344917761197E-02    0.217133731459722989E+01    0.308166954226818532E+02
    0.493293162850188659E-02    0.216663336400858819E+01    0.306834175190847667E+02
    0.491697819178823613E-02    0.215311198196746645E+01    0.308162567607289688E+02
    0.489139269596143914E-02    0.214354615259648806E+01    0.306839746435957466E+02
    0.485915371522493717E-02    0.213677170811223416E+01    0.306841390140830015E+02
    0.492949407702666150E-02    0.208802756527999556E+01    0.306853340258799427E+02
    0.497397610892480382E-02    0.205006120391571622E+01    0.308137196661363681E+02
    0.492880284398661446E-02    0.204830803280768681E+01    0.308136756288149911E+02
    0.490369557282491209E-02    0.203852204949683991E+01    0.306865707436714743E+02
    0.490829627730695033E-02    0.201664650581947580E+01    0.306871249746034067E+02
    0.490593731805729922E-02    0.199760794993925628E+01    0.306876113356465652E+02
    0.495351710529723897E-02    0.195830458707390376E+01    0.308113724260448976E+02
    0.494047262576360544E-02    0.194357828856193215E+01    0.308109872980496604E+02
    0.491877802338067365E-02    0.193238002742400194E+01    0.308106928009549463E+02
    0.491534980413720068E-02    0.191377444467888003E+01    0.308102003174657106E+02
    0.493168651872988913E-02    0.188713824306625688E+01    0.308094881700660892E+02
    0.504675244531385767E-02    0.182101037569844659E+01    0.306923178259577973E+02
    0.507196753237424032E-02    0.179104265673446839E+01    0.306931551541338159E+02
    0.502625980846320083E-02    0.178914802692183739E+01    0.308067914930790678E+02
    0.508240794945394574E-02    0.174692997810550565E+01    0.306944106491318927E+02
    0.512379186672628269E-02    0.171071076044519010E+01    0.308045369089096965E+02
    0.510193838641176314E-02    0.169925920169820688E+01    0.306958000973669307E+02
    0.505336109923306288E-02    0.169839311606739329E+01    0.308041743294505395E+02
    0.502229502133345797E-02    0.169072627868146919E+01    0.308039474196952980E+02
    0.497681908181683754E-02    0.168891839154147450E+01    0.306961062262136650E+02
    0.495440619725601075E-02    0.167794564527187751E+01    0.306964329759565651E+02
    0.498653359185066529E-02    0.164501829347992845E+01    0.306974256855571497E+02
    0.497261323083751997E-02    0.163060928247783266E+01    0.308021339592197734E+02
    0.495944025862973641E-02    0.161591452169988403E+01    0.306983189931460352E+02
    0.496346003844738183E-02    0.159429411640820096E+01    0.308010072658795409E+02
    0.492814718805140682E-02    0.158857410129095178E+01    0.308008275232933002E+02
    0.489857812645251491E-02    0.158061031880836200E+01    0.308005762100219727E+02
    0.489061587425222103E-02    0.156386380584951623E+01    0.308000436227577339E+02
    0.489063445651164493E-02    0.154385620671492862E+01    0.307993997961684833E+02
    0.491041752276153917E-02    0.151578234151822366E+01    0.307015180085716537E+02
    0.487343132341153118E-02    0.151090374256269055E+01    0.307983207199470428E+02
    0.492748608357448849E-02    0.146884241666337134E+01    0.307969073100201101E+02
    0.493846323643843971E-02    0.144439189414896951E+01    0.307039342419873869E+02
    0.490215457987991984E-02    0.143915065096787220E+01    0.307041166469937394E+02
    0.486064522250016437E-02    0.143615790640852614E+01    0.307957788739541201E+02
    0.481301619432735264E-02    0.143585237823026257E+01    0.307957681943093320E+02
    0.477098891168714276E-02    0.143339308342256788E+01    0.307043178605256699E+02
    0.473528211902653987E-02    0.142841767528195551E+01    0.307955075439998929E+02
    0.470852687197406260E-02    0.141975010212860342E+01    0.307047982265081174E+02
    0.468935758425094613E-02    0.140790909339838666E+01    0.307947806777402349E+02
    0.466335150945952973E-02    0.139903149293198337E+01    0.307944623523599716E+02
    0.467009701540764283E-02    0.137614059698730262E+01    0.307063691633089704E+02
    0.464313977234862875E-02    0.136771866332789860E+01    0.307933208924498238E+02
    0.467102189418636907E-02    0.133574455073600795E+01    0.307921234205918175E+02
    0.464055078218431408E-02    0.132883416377084229E+01    0.307918601161497030E+02
    0.461975016988798014E-02    0.131781903257245481E+01    0.307085630490475978E+02
    0.463038291290356670E-02    0.129322115377293789E+01    0.307095239862131493E+02
    0.458647942553223800E-02    0.129227484810768223E+01    0.307904385894158601E+02
    0.459073242009047991E-02    0.127042112829202014E+01    0.307104355259034776E+02
    0.454807167872524169E-02    0.126909361575627555E+01    0.307104892474075726E+02
    0.455517355637011147E-02    0.124597302352688510E+01    0.307885631128837645E+02
    0.453356804142965742E-02    0.123548173511489967E+01    0.307118746599704657E+02
    0.455676389750031725E-02    0.120527488829303575E+01    0.307131641527511903E+02
    0.452766069812201785E-02    0.119808948040612084E+01    0.307865224087006801E+02
    0.449128308889408523E-02    0.119422343460870417E+01    0.307863526476442608E+02
    0.445202163124341650E-02    0.119178370392911637E+01    0.307137548920187413E+02
    0.443759901024157102E-02    0.117827335483235007E+01    0.307143562805607573E+02
    0.439694474995234227E-02    0.117668043882500761E+01    0.307855721436553935E+02
    0.435627940854599414E-02    0.117526359549250170E+01    0.307855083582495155E+02
    0.433639117441174133E-02    0.116441533713373735E+01    0.307850161259825796E+02
    0.430148450299768382E-02    0.116057989552079666E+01    0.307848404314793385E+02
    0.431409146398891493E-02    0.113472678945455141E+01    0.307163677873720076E+02
    0.427822582328942023E-02    0.113142349550241472E+01    0.307165253052947804E+02
    0.425345365614883310E-02    0.112303773244859251E+01    0.307169285509262835E+02
    0.421336877647614152E-02    0.112197526396472380E+01    0.307169799932663992E+02
    0.417886921151932808E-02    0.111841891551461692E+01    0.307171527698329569E+02
    0.415286102467219819E-02    0.111090528777457220E+01    0.307824791767272288E+02
    0.411561416313491538E-02    0.110892414258600014E+01    0.307823814338205572E+02
    0.409660702232697311E-02    0.109818213713752733E+01    0.307818462374361559E+02
    0.405718078529031592E-02    0.109752359916141207E+01    0.307181868656477164E+02
    0.402435559096567252E-02    0.109377069541289251E+01    0.307183761763013834E+02
    0.399355311246599089E-02    0.108913761024096467E+01    0.307186114614425740E+02
    0.395575074951562671E-02    0.108815947608799468E+01    0.307186613605355703E+02
    0.391886697805687596E-02    0.108689513664507142E+01    0.307812740217635046E+02
    0.388188492377911304E-02    0.108585860673622170E+01    0.307187790528401869E+02
    0.386314874780129339E-02    0.107553511084008657E+01    0.307806873321533203E+02
    0.384783915555796498E-02    0.106347682339449623E+01    0.307800520520907028E+02
    0.381431803468507786E-02    0.106097650861594639E+01    0.307799186367933260E+02
    0.378528540637725237E-02    0.105625771099637689E+01    0.307796652098456818E+02
    0.374766454692089090E-02    0.105623457130806231E+01    0.307796639617749506E+02
    0.372671922522925005E-02    0.104744372361103766E+01    0.307791859540799209E+02
    0.369519104230383146E-02    0.104443577629678086E+01    0.307790205872468086E+02
    0.366088596022686591E-02    0.104308992076007856E+01    0.307210537092802518E+02
    0.362601718746342243E-02    0.104223058350573439E+01    0.307788987520010515E+02
    0.359204225054428903E-02    0.104105846272831659E+01    0.307211662163299621E+02
    0.357248519196934561E-02    0.103197731665538295E+01    0.307216746153901283E+02
    0.355013838616577426E-02    0.102452711877966163E+01    0.307220986240465663E+02
    0.352979378367522696E-02    0.101602138623884186E+01    0.307774092764582399E+02
    0.350071470699732119E-02    0.101256598897537464E+01    0.307772068220253878E+02
    0.347171064030963976E-02    0.100920538347099220E+01    0.307229915341585809E+02
    0.344231388157771774E-02    0.100621251775592646E+01    0.307231694193723115E+02
    0.342260075961739203E-02    0.997698852066190689E+00    0.307763179848508912E+02
    0.339504373636206978E-02    0.993867001254698845E+00    0.307239160124977992E+02
    0.336474179832993740E-02    0.991797831069029412E+00    0.307240432463620579E+02
    0.335080875799928122E-02    0.980096814275662309E+00    0.307247748180247982E+02
    0.332518993307423299E-02    0.975446697860875789E+00    0.307250715136208647E+02
    0.329695633921313997E-02    0.972500845428353577E+00    0.307252613115672908E+02
    0.326468415733418204E-02    0.972174243944245342E+00    0.307747175561215407E+02
    0.323631050504349840E-02    0.969632392383979136E+00    0.307254475325959149E+02
    0.320548805218364222E-02    0.968771573968022270E+00    0.307255036934070134E+02
    0.317854814379894043E-02    0.965651220304399094E+00    0.307742916426981381E+02
    0.314949230145022746E-02    0.964017756862189490E+00    0.307258161867779513E+02
    0.311831006555570670E-02    0.963917869425470752E+00    0.307741772037705239E+02
    0.309019054895456500E-02    0.962034777598412161E+00    0.307259477383950106E+02
    0.306668794675955380E-02    0.957304019224758718E+00    0.307737354768546822E+02
    0.334042518685033485E-02    0.786270754372275782E+00    0.307540082931518555E+02
    0.333631785526837315E-02    0.788731434421914290E+00    0.307548929122360875E+02
    0.334678150226695162E-02    0.782468678183278143E+00    0.307519747835796409E+02
    0.334389813255624949E-02    0.784192491037322692E+00    0.307530685454729174E+02
    0.333924713134534697E-02    0.786976211443270901E+00    0.307542806397440565E+02
    0.332036951523923419E-02    0.798314802037820348E+00    0.307426103202693923E+02
    0.334650910951664023E-02    0.782631463734517530E+00    0.307478974577411179E+02
    0.334642080716219138E-02    0.782684237246598302E+00    0.307478576743503744E+02
    0.334680725758486255E-02    0.782453287146372078E+00    0.307480377260975288E+02
    0.334791452029698433E-02    0.781791713590991755E+00    0.307486833817975196E+02
    0.315825805877791022E-02    0.898425698281539065E+00    0.307306360583945093E+02
    0.324494172339404420E-02    0.844272172844891200E+00    0.307357989101438100E+02
    0.325503014097027095E-02    0.838063884016877925E+00    0.307365165127339424E+02
    0.321702280507624866E-02    0.861554280733262789E+00    0.307339696008051462E+02
    0.320380068022790496E-02    0.869791319840970356E+00    0.307331675247366576E+02
    0.325916389691534693E-02    0.835525576759893029E+00    0.307368211591696543E+02
    0.324016716052558627E-02    0.847217112593225741E+00    0.307354708995358195E+02
    0.332271325772698660E-02    0.796903564114043839E+00    0.307429224718181509E+02
    0.318443547441569575E-02    0.881916898583708919E+00    0.307320519060770287E+02
    0.311184532681076098E-02    0.928035149250963420E+00    0.307283271488353975E+02
    0.332547270981028032E-02    0.795243290315904794E+00    0.307433083239012319E+02
    0.334878090378665748E-02    0.781274214472608586E+00    0.307497216363668215E+02
    0.329520764843753422E-02    0.813528584606586169E+00    0.307398367588466570E+02
    0.334848880319961332E-02    0.781448673976264607E+00    0.307507973435420041E+02
    0.325869711550786766E-02    0.835812039700655096E+00    0.307367864264091040E+02
    0.331955216183350311E-02    0.798807189418039743E+00    0.307574955324118875E+02
    0.329794652864493290E-02    0.811866933571962601E+00    0.307598981911190990E+02
    0.332088571494184963E-02    0.798003897134594076E+00    0.307573220537303840E+02
    0.332429474193417533E-02    0.795951867207938646E+00    0.307568590068570700E+02
    0.326092767267919083E-02    0.834443520909576852E+00    0.307630468106030008E+02
    0.323719504157809297E-02    0.849052501174774710E+00    0.307647298337994428E+02
    0.321657232241396749E-02    0.861834362183271030E+00    0.307660583298940580E+02
    0.323653355466924130E-02    0.849461221992350413E+00    0.307647741636100136E+02
    0.318858656865721049E-02    0.879311481686974594E+00    0.307677143089449814E+02
    0.320384815905383523E-02    0.869761680997070741E+00    0.307668296577264826E+02
    0.315027243853136223E-02    0.903489080009025169E+00    0.307697778931140000E+02
    0.315211726784565480E-02    0.902318203910952965E+00    0.307696829431873127E+02
    0.311181779528279558E-02    0.928052843992743015E+00    0.307716741574409873E+02
    0.308130044469691203E-02    0.947763494691760355E+00    0.307730833962625425E+02
    0.332649559148083139E-02    0.794628205196866721E+00    0.307565429547323745E+02
    0.328626127667502833E-02    0.818965897993364500E+00    0.307609859398131746E+02
    0.334159566116584922E-02    0.785570083509907979E+00    0.307462819000508816E+02
    0.333247251873853081E-02    0.791037901856253667E+00    0.307555965423200348E+02
    0.334867164253163088E-02    0.781339469883847393E+00    0.307494649265207087E+02
    0.333060479127087784E-02    0.792159142045836484E+00    0.307440915945851181E+02
    0.333273145721929391E-02    0.790882504673015130E+00    0.307444480620542393E+02
    0.326023129308291963E-02    0.834870671728979330E+00    0.307369009103548123E+02
    0.331562204187901962E-02    0.801176453761931695E+00    0.307420147227951617E+02
    0.324578483985311179E-02    0.843752590665243329E+00    0.307641424287210050E+02
    0.328691752895887094E-02    0.818566546443422416E+00    0.307609276231916589E+02
    0.332915222412873179E-02    0.793031586588073933E+00    0.307561401202823532E+02
    0.334253377329980783E-02    0.785008686757007301E+00    0.307534681115354545E+02
    0.329515772264574744E-02    0.813558886897267186E+00    0.307601680105267050E+02
    0.325680649933977493E-02    0.836972727397518157E+00    0.307366466211140406E+02
    0.334736530406114360E-02    0.782119835044599254E+00    0.307483316258984729E+02
    0.323697239956805254E-02    0.849190058327661590E+00    0.307352552318889565E+02
    0.330566306997043431E-02    0.807192796058225248E+00    0.307591113636403257E+02
    0.333593568113262377E-02    0.788960546900382087E+00    0.307450327321311256E+02
    0.334720265593532133E-02    0.782217017193966191E+00    0.307517591063130524E+02
    0.324960523087895140E-02    0.841399911965561298E+00    0.307638737060041549E+02
    0.334794406887366962E-02    0.781774061738704451E+00    0.307487050105931772E+02
    0.309456780819866804E-02    0.939170446156249117E+00    0.307275201105941349E+02
    0.333001942235116059E-02    0.792510682023140456E+00    0.307439971521363624E+02
    0.318759327276481102E-02    0.879934610849039234E+00    0.307322294976233970E+02
    0.312074510771598052E-02    0.922323375279828439E+00    0.307287530048972712E+02
    0.334881239824735832E-02    0.781255405052999397E+00    0.307501315149023000E+02
    0.334478390004346211E-02    0.783662779809865429E+00    0.307472213500775560E+02
    0.326003715247449866E-02    0.834989771493105604E+00    0.307631136291230867E+02
    0.320436269141084534E-02    0.869440510317686766E+00    0.307667990961964186E+02
    0.333582039403878487E-02    0.789029666390093753E+00    0.307450105178176258E+02
    0.324974171682388888E-02    0.841315912175394476E+00    0.307638640152539296E+02
    0.326589234770050451E-02    0.831400890064338149E+00    0.307626681825139130E+02
    0.334592891763803085E-02    0.782978238334571808E+00    0.307476483276863988E+02
    0.327480073538395297E-02    0.825952908892475413E+00    0.307380396777444815E+02
    0.332638538507980383E-02    0.794694466055235305E+00    0.307434408619943866E+02
    0.311886128577391767E-02    0.923531029660890512E+00    0.307286622565646041E+02
    0.323169092875105063E-02    0.852455939838276500E+00    0.307349050005802447E+02
    0.325332343324954325E-02    0.839112817662163168E+00    0.307363926116936845E+02
    0.309630777163142062E-02    0.938046234592876393E+00    0.307276002689592680E+02
    0.329022693166972167E-02    0.816553877869726552E+00    0.307393711520293564E+02
    0.334736524135915070E-02    0.782119872508091230E+00    0.307516684100292856E+02
    0.324667575621188139E-02    0.843203697775604555E+00    0.307640801929277217E+02
    0.332634759166076975E-02    0.794717189600082419E+00    0.307565646787217801E+02
    0.325860558660577950E-02    0.835868215641090262E+00    0.307367796259488841E+02
    0.320997008844514870E-02    0.865943717335356133E+00    0.307335373180959763E+02
    0.334101211321606757E-02    0.785919377061746194E+00    0.307538654891795886E+02
    0.332016143678048577E-02    0.798440140484590999E+00    0.307574167681338047E+02
    0.328601708005228556E-02    0.819114520196870810E+00    0.307610075639734646E+02
    0.334091500123553150E-02    0.785977511177174515E+00    0.307461105224300830E+02
    0.334726018839409667E-02    0.782182641047518001E+00    0.307517275564685377E+02
    0.316552369204224377E-02    0.893829944191567138E+00    0.307310195937500552E+02
    0.330112762242594721E-02    0.809938727308727513E+00    0.307404185633964495E+02
    0.334255659606405141E-02    0.784995030837351893E+00    0.307534618056963751E+02
    0.312480404698081389E-02    0.919723802537228741E+00    0.307710503246559064E+02
    0.319315415018925309E-02    0.876448574832429328E+00    0.307325461912619708E+02
    0.313059729417217115E-02    0.916019324738478580E+00    0.307292331552911122E+02
    0.310567734139488355E-02    0.932003281105652670E+00    0.307280361547187653E+02
    0.326778427276832196E-02    0.830242629421460210E+00    0.307625210388605979E+02
    0.319218562787070437E-02    0.877055291066579867E+00    0.307324906615940812E+02
    0.317509929690923658E-02    0.887789142104207118E+00    0.307684641613601428E+02
