    0.200291275978088379E+02   -0.158865806367913592E+05   -0.460515351937698814E+01    1
    0.203057086467742920E+02   -0.150727663109515488E+05   -0.461515351937698259E+01    1
    0.203449702262878418E+02   -0.149589769696646472E+05   -0.462515351937698149E+01    1
    0.204632019996643066E+02   -0.146189175038309040E+05   -0.463515351937698661E+01    1
    0.205855298042297363E+02   -0.142711924735021421E+05   -0.464515351937698728E+01    1
    0.213647949695587158E+02   -0.121543369100502478E+05   -0.465515351937698174E+01    1
    0.399547791481018066E+02   -0.120126572590829128E+05   -0.466515351937698153E+01    1
    0.214258062839508057E+02   -0.119957708802416819E+05   -0.467515351937698398E+01    1
    0.398435449600219727E+02   -0.117260407236317988E+05   -0.468515351937698377E+01    1
    0.397918272018432617E+02   -0.115939584694874684E+05   -0.469515351937698444E+01    1
    0.397601473331451416E+02   -0.115134205827794140E+05   -0.470515351937698423E+01    1
    0.396893262863159180E+02   -0.113343915834344589E+05   -0.471515351937698135E+01    1
    0.216923785209655762E+02   -0.113151726718030131E+05   -0.472515351937698025E+01    1
    0.217652451992034912E+02   -0.111325924071669197E+05   -0.473515351937698448E+01    1
    0.218744862079620361E+02   -0.108616520579596090E+05   -0.474515351937698782E+01    1
    0.394941222667694092E+02   -0.108481965026447106E+05   -0.475515351937698494E+01    1
    0.394870316982269287E+02   -0.108307366114041615E+05   -0.476515351937698117E+01    1
    0.392294871807098389E+02   -0.102060880100829709E+05   -0.477515351937698451E+01    1
    0.390960657596588135E+02   -0.988978283384549650E+04   -0.478515351937698341E+01    1
    0.390488040447235107E+02   -0.977893268219613310E+04   -0.479515351937697876E+01    1
    0.389231550693511963E+02   -0.948726732328049911E+04   -0.480515351937698032E+01    1
    0.224980998039245605E+02   -0.937887658669771736E+04   -0.481515351937698277E+01    1
    0.226300954818725586E+02   -0.907897704871472342E+04   -0.482515351937698345E+01    1
    0.226507365703582764E+02   -0.903252027842482130E+04   -0.483515351937698323E+01    1
    0.386749207973480225E+02   -0.892402811745202780E+04   -0.484515351937698480E+01    1
    0.386062061786651611E+02   -0.877116172402434677E+04   -0.485515351937698814E+01    1
    0.384580290317535400E+02   -0.844601319975053593E+04   -0.486515351937698437E+01    1
    0.384443247318267822E+02   -0.841625179979682071E+04   -0.487515351937698149E+01    1
    0.383769714832305908E+02   -0.827074539945565630E+04   -0.488515351937698572E+01    1
    0.383292114734649658E+02   -0.816833608471585922E+04   -0.489515351937698817E+01    1
    0.230643522739410400E+02   -0.812671779806913219E+04   -0.490515351937698973E+01    1
    0.230778801441192627E+02   -0.809790040361356114E+04   -0.491515351937698775E+01    1
    0.231084668636322021E+02   -0.803293254503274329E+04   -0.492515351937698220E+01    1
    0.231391656398773193E+02   -0.796798979058800251E+04   -0.493515351937698199E+01    1
    0.232844543457031250E+02   -0.766420984204207889E+04   -0.494515351937698799E+01    1
    0.380641150474548340E+02   -0.761150258993082934E+04   -0.495515351937699045E+01    1
    0.378834104537963867E+02   -0.724319999684066534E+04   -0.496515351937698846E+01    1
    0.378425598144531250E+02   -0.716120614085960733E+04   -0.497515351937698824E+01    1
    0.235830724239349365E+02   -0.705837671695844801E+04   -0.498515351937698359E+01    1
    0.236072313785552979E+02   -0.701045386188194607E+04   -0.499515351937698426E+01    1
    0.236704981327056885E+02   -0.688572845853745457E+04   -0.500515351937698583E+01    1
    0.236890995502471924E+02   -0.684927021236383735E+04   -0.501515351937698384E+01    1
    0.376652598381042480E+02   -0.681074560742277754E+04   -0.502515351937698451E+01    1
    0.237870216369628906E+02   -0.665894148272450730E+04   -0.503515351937698608E+01    1
    0.238197791576385498E+02   -0.659587017880413987E+04   -0.504515351937698409E+01    1
    0.239683532714843750E+02   -0.631357351614908657E+04   -0.505515351937698298E+01    1
    0.373055481910705566E+02   -0.612673588190487499E+04   -0.506515351937698455E+01    1
    0.372156524658203125E+02   -0.596144721865092652E+04   -0.507515351937697989E+01    1
    0.241697967052459717E+02   -0.594068395146614330E+04   -0.508515351937698501E+01    1
    0.242684936523437500E+02   -0.576213006522424257E+04   -0.509515351937699013E+01    1
    0.369310390949249268E+02   -0.545304388151710373E+04   -0.510515351937699080E+01    1
    0.245092141628265381E+02   -0.533806625299538791E+04   -0.511515351937698348E+01    1
    0.245166540145874023E+02   -0.532521809173994097E+04   -0.512515351937698238E+01    1
    0.245252597332000732E+02   -0.531037586241386452E+04   -0.513515351937698394E+01    1
    0.245785260200500488E+02   -0.521896874274692345E+04   -0.514515351937697751E+01    1
    0.367939925193786621E+02   -0.521632003441176130E+04   -0.515515351937698085E+01    1
    0.367000603675842285E+02   -0.505710307398446275E+04   -0.516515351937698330E+01    1
    0.246826255321502686E+02   -0.504262077306974425E+04   -0.517515351937698220E+01    1
    0.366602265834808350E+02   -0.499032917273001021E+04   -0.518515351937698643E+01    1
    0.247683453559875488E+02   -0.489968418869069501E+04   -0.519515351937698533E+01    1
    0.364663159847259521E+02   -0.467161318796290925E+04   -0.520515351937697623E+01    1
    0.249413275718688965E+02   -0.461749736803168071E+04   -0.521515351937698224E+01    1
    0.364235734939575195E+02   -0.460277526981440860E+04   -0.522515351937697670E+01    1
    0.364104866981506348E+02   -0.458180081770791912E+04   -0.523515351937698092E+01    1
    0.250247645378112793E+02   -0.448437833680402309E+04   -0.524515351937698071E+01    1
    0.250520861148834229E+02   -0.444121149264794803E+04   -0.525515351937698583E+01    1
    0.362281322479248047E+02   -0.429452225027140230E+04   -0.526515351937698739E+01    1
    0.361069774627685547E+02   -0.410879938394930286E+04   -0.527515351937698007E+01    1
    0.361019408702850342E+02   -0.410116748336262390E+04   -0.528515351937697542E+01    1
    0.252816879749298096E+02   -0.408670100398694922E+04   -0.529515351937697609E+01    1
    0.254517436027526855E+02   -0.383363624766321027E+04   -0.530515351937697677E+01    1
    0.359150767326354980E+02   -0.382302909044150329E+04   -0.531515351937698188E+01    1
    0.255068981647491455E+02   -0.375329630057474560E+04   -0.532515351937698078E+01    1
    0.358262491226196289E+02   -0.369423828746048957E+04   -0.533515351937697613E+01    1
    0.255899286270141602E+02   -0.363395601852231266E+04   -0.534515351937697680E+01    1
    0.256603562831878662E+02   -0.353424133345232349E+04   -0.535515351937698103E+01    1
    0.257504045963287354E+02   -0.340876779223431095E+04   -0.536515351937698171E+01    1
    0.354189372062683105E+02   -0.313194040858174958E+04   -0.537515351937698238E+01    1
    0.353778254985809326E+02   -0.307776357655756919E+04   -0.538515351937698128E+01    1
    0.260444617271423340E+02   -0.301482415562328606E+04   -0.539515351937698018E+01    1
    0.353273117542266846E+02   -0.301184407066216863E+04   -0.540515351937698263E+01    1
    0.353180015087127686E+02   -0.299977226675482689E+04   -0.541515351937698153E+01    1
    0.352889823913574219E+02   -0.296230120088622152E+04   -0.542515351937697865E+01    1
    0.352368235588073730E+02   -0.289554303349229167E+04   -0.543515351937697933E+01    1
    0.352279341220855713E+02   -0.288424132650591537E+04   -0.544515351937698178E+01    1
    0.351989448070526123E+02   -0.284753893434205293E+04   -0.545515351937698245E+01    1
    0.351525628566741943E+02   -0.278930522306435341E+04   -0.546515351937698401E+01    1
    0.350788533687591553E+02   -0.269799906279424977E+04   -0.547515351937698025E+01    1
    0.263056218624114990E+02   -0.268523092644623375E+04   -0.548515351937698004E+01    1
    0.263390338420867920E+02   -0.264444030928199027E+04   -0.549515351937697805E+01    1
    0.263685035705566406E+02   -0.260872170580244529E+04   -0.550515351937697694E+01    1
    0.264079213142395020E+02   -0.256132542788549108E+04   -0.551515351937698295E+01    1
    0.264236009120941162E+02   -0.254259294703954765E+04   -0.552515351937698185E+01    1
    0.349151384830474854E+02   -0.250063659647964687E+04   -0.553515351937698163E+01    1
    0.348925352096557617E+02   -0.247397675308428052E+04   -0.554515351937698142E+01    1
    0.265733468532562256E+02   -0.236715526835468336E+04   -0.555515351937698032E+01    1
    0.265786433219909668E+02   -0.236106493504946502E+04   -0.556515351937698544E+01    1
    0.347803282737731934E+02   -0.234374774639618317E+04   -0.557515351937698611E+01    1
    0.266166925430297852E+02   -0.231754333839056062E+04   -0.558515351937698146E+01    1
    0.346935832500457764E+02   -0.224548380922248225E+04   -0.559515351937697680E+01    1
    0.346649360656738281E+02   -0.221349485948561642E+04   -0.560515351937697748E+01    1
    0.346631789207458496E+02   -0.221154021086942430E+04   -0.561515351937697904E+01    1
    0.267274475097656250E+02   -0.219316409080679159E+04   -0.562515351937698060E+01    1
    0.267571580410003662E+02   -0.216038243413689361E+04   -0.563515351937698039E+01    1
    0.267729163169860840E+02   -0.214309545919561924E+04   -0.564515351937698284E+01    1
    0.345814414601297599E+02   -0.212156988050747850E+04   -0.565515351937698085E+01    1
    0.344834828376770020E+02   -0.201620634741912318E+04   -0.566515351937697975E+01    1
    0.344832110404968262E+02   -0.201591773839520147E+04   -0.567515351937697954E+01    1
    0.344560158252716064E+02   -0.198714484669963349E+04   -0.568515351937697666E+01    1
    0.269568562507629395E+02   -0.194644880688992816E+04   -0.569515351937697734E+01    1
    0.270000863075256348E+02   -0.190160582332310287E+04   -0.570515351937697890E+01    1
    0.270357871055603027E+02   -0.186496710957247024E+04   -0.571515351937697780E+01    1
    0.343292432205798548E+02   -0.185574756544896036E+04   -0.572515351937697403E+01    1
    0.342811143398284912E+02   -0.180704019828502805E+04   -0.573515351937697382E+01    1
    0.342381596565246582E+02   -0.176411639158183152E+04   -0.574515351937697805E+01    1
    0.271558368206024170E+02   -0.174437845251168437E+04   -0.575515351937698227E+01    1
    0.271661472320556641E+02   -0.173420972655398009E+04   -0.576515351937698384E+01    1
    0.342073762416839600E+02   -0.173367255909958703E+04   -0.577515351937697918E+01    1
    0.341737043857574463E+02   -0.170067567673309532E+04   -0.578515351937698075E+01    1
    0.341016077995300293E+02   -0.163109077014915601E+04   -0.579515351937698409E+01    1
    0.273698616027832031E+02   -0.153939239255017810E+04   -0.580515351937698565E+01    1
    0.274004793167114258E+02   -0.151111528689328134E+04   -0.581515351937698366E+01    1
    0.274033546447753906E+02   -0.150847323513921083E+04   -0.582515351937698256E+01    1
    0.339405047893524170E+02   -0.148085439335578576E+04   -0.583515351937698412E+01    1
    0.339259123802185059E+02   -0.146760482238854229E+04   -0.584515351937698391E+01    1
    0.339000201225280762E+02   -0.144424184936870506E+04   -0.585515351937697837E+01    1
    0.338852632346758682E+02   -0.143101037955069341E+04   -0.586515351937697371E+01    1
    0.275312900543212891E+02   -0.139325775943432564E+04   -0.587515351937697705E+01    1
    0.338419055938720703E+02   -0.139248700361653891E+04   -0.588515351937697684E+01    1
    0.275367724895477295E+02   -0.138842270985590199E+04   -0.589515351937697751E+01    1
    0.275374984741210938E+02   -0.138778308249876955E+04   -0.590515351937697286E+01    1
    0.338210557546017441E+02   -0.137414909145499541E+04   -0.591515351937697531E+01    1
    0.275866413116455078E+02   -0.134482861503943423E+04   -0.592515351937697687E+01    1
    0.337637150287628174E+02   -0.132434364027863194E+04   -0.593515351937697400E+01    1
    0.276813447475433350E+02   -0.126395600748695347E+04   -0.594515351937698000E+01    1
    0.277274167537689209E+02   -0.122551958389405581E+04   -0.595515351937698156E+01    1
    0.277276606636030749E+02   -0.122531767751308007E+04   -0.596515351937697336E+01    1
    0.277650368213653564E+02   -0.119457467509626076E+04   -0.597515351937696959E+01    1
    0.335997462272644043E+02   -0.118699733051887119E+04   -0.598515351937697559E+01    1
    0.278422168191608428E+02   -0.113232833526204104E+04   -0.599515351937697627E+01    1
    0.278510582447052002E+02   -0.112530401440404353E+04   -0.600515351937697517E+01    1
    0.278511798381805420E+02   -0.112520756344325787E+04   -0.601515351937697851E+01    1
    0.279145967960357666E+02   -0.107546718770057441E+04   -0.602515351937697829E+01    1
    0.279229879379272461E+02   -0.106896995912109719E+04   -0.603515351937697453E+01    1
    0.334314250946044922E+02   -0.105382754652180893E+04   -0.604515351937697520E+01    1
    0.334111535998998619E+02   -0.103832411715072431E+04   -0.605515351937697410E+01    1
    0.333813476562500000E+02   -0.101573758581280742E+04   -0.606515351937697478E+01    1
    0.333677274814270461E+02   -0.100549912522041291E+04   -0.607515351937697723E+01    1
    0.280535433372667740E+02   -0.970418391944695031E+03   -0.608515351937697790E+01    1
    0.280915789755602887E+02   -0.942603464366587332E+03   -0.609515351937697769E+01    1
    0.332476270198822021E+02   -0.917464096544819313E+03   -0.610515351937697481E+01    1
    0.281388603334128007E+02   -0.908591427140970836E+03   -0.611515351937697282E+01    1
    0.281564476243358115E+02   -0.896099491503480181E+03   -0.612515351937697528E+01    1
    0.331637275218963623E+02   -0.858358453215684108E+03   -0.613515351937697417E+01    1
    0.282654476165771484E+02   -0.820608461269929990E+03   -0.614515351937697485E+01    1
    0.282682549953460693E+02   -0.818708029603690193E+03   -0.615515351937697819E+01    1
    0.282916533946990967E+02   -0.802954432482064135E+03   -0.616515351937697620E+01    1
    0.283028365594667264E+02   -0.795479153891634041E+03   -0.617515351937697776E+01    1
    0.330560920410662078E+02   -0.785414461266262492E+03   -0.618515351937698288E+01    1
    0.283303761482238770E+02   -0.777219722375324409E+03   -0.619515351937698000E+01    1
    0.283732188925112752E+02   -0.749235628616877193E+03   -0.620515351937697535E+01    1
    0.329979347057704473E+02   -0.747350020960091115E+03   -0.621515351937697247E+01    1
    0.329956631420413444E+02   -0.745882461771326007E+03   -0.622515351937697314E+01    1
    0.283935701847076416E+02   -0.736122401003649770E+03   -0.623515351937697559E+01    1
    0.329410946369171143E+02   -0.711061888232555248E+03   -0.624515351937698071E+01    1
    0.284813010692596436E+02   -0.680919665397698850E+03   -0.625515351937697694E+01    1
    0.284870250269884693E+02   -0.677392802490265467E+03   -0.626515351937697407E+01    1
    0.285133337974548340E+02   -0.661300300805032748E+03   -0.627515351937697385E+01    1
    0.328589022159576416E+02   -0.660186337916366938E+03   -0.628515351937697986E+01    1
    0.328140008449554443E+02   -0.633191339878010240E+03   -0.629515351937697432E+01    1
    0.328044473867635134E+02   -0.627520494506480645E+03   -0.630515351937697766E+01    1
    0.285826468467712402E+02   -0.619829944627301757E+03   -0.631515351937697567E+01    1
    0.327786553084077354E+02   -0.612338048012638637E+03   -0.632515351937697190E+01    1
    0.327276909351348877E+02   -0.582885073821562173E+03   -0.633515351937697790E+01    1
    0.327066712447755350E+02   -0.570949131123322331E+03   -0.634515351937697858E+01    1
    0.326983086254714976E+02   -0.566234816757013959E+03   -0.635515351937697659E+01    1
    0.287087152598748645E+02   -0.547847349762863928E+03   -0.636515351937697371E+01    1
    0.326628553867340088E+02   -0.546465779603176884E+03   -0.637515351937697350E+01    1
    0.287916147708892822E+02   -0.502936080274207825E+03   -0.638515351937697861E+01    1
    0.287943613529205322E+02   -0.501481002514656893E+03   -0.639515351937698195E+01    1
    0.325745860352849803E+02   -0.498773341075485860E+03   -0.640515351937697730E+01    1
    0.288081970009190478E+02   -0.494183271495514816E+03   -0.641515351937697620E+01    1
    0.288136208758507983E+02   -0.491337011474687074E+03   -0.642515351937697776E+01    1
    0.288147542362601712E+02   -0.490743302888395760E+03   -0.643515351937697222E+01    1
    0.288205574001782381E+02   -0.487708956691998026E+03   -0.644515351937697556E+01    1
    0.288578082721393088E+02   -0.468455595700236927E+03   -0.645515351937697535E+01    1
    0.325095218083217503E+02   -0.465014016535621636E+03   -0.646515351937697513E+01    1
    0.288670701083520989E+02   -0.463728801912981908E+03   -0.647515351937697048E+01    1
    0.288774802776820572E+02   -0.458444594799937988E+03   -0.648515351937697559E+01    1
    0.324870498524099816E+02   -0.453629289949700592E+03   -0.649515351937697538E+01    1
    0.289223742485046387E+02   -0.436003624102427807E+03   -0.650515351937697694E+01    1
    0.289623144202744065E+02   -0.416512753132948490E+03   -0.651515351937697318E+01    1
    0.324093127250671387E+02   -0.415335614098512281E+03   -0.652515351937697652E+01    1
    0.324075235928489604E+02   -0.414474177882722358E+03   -0.653515351937697631E+01    1
    0.289896765858124539E+02   -0.403417515648905805E+03   -0.654515351937697609E+01    1
    0.323674223284940226E+02   -0.395401046567708136E+03   -0.655515351937696966E+01    1
    0.290107432097842164E+02   -0.393477939280340991E+03   -0.656515351937697567E+01    1
    0.290297201188436382E+02   -0.384630599391618262E+03   -0.657515351937698256E+01    1
    0.290354591411461485E+02   -0.381974812534555724E+03   -0.658515351937698501E+01    1
    0.323220858366148889E+02   -0.374379629283306940E+03   -0.659515351937696881E+01    1
    0.290665747601541646E+02   -0.367736143086579887E+03   -0.660515351937696948E+01    1
    0.290857183933258057E+02   -0.359110475962253531E+03   -0.661515351937697371E+01    1
    0.290922974659724645E+02   -0.356169769454328048E+03   -0.662515351937697705E+01    1
    0.291258895397186279E+02   -0.341343544693856700E+03   -0.663515351937697861E+01    1
    0.291449094843858028E+02   -0.333088834746825569E+03   -0.664515351937698107E+01    1
    0.291719561149374229E+02   -0.321524770081355086E+03   -0.665515351937697286E+01    1
    0.291816708262233320E+02   -0.317421090758192236E+03   -0.666515351937697353E+01    1
    0.291830735421466656E+02   -0.316830737756668100E+03   -0.667515351937697510E+01    1
    0.291999178490428406E+02   -0.309784556093111746E+03   -0.668515351937697488E+01    1
    0.321690116170831857E+02   -0.307650441448118841E+03   -0.669515351937697734E+01    1
    0.292059601126465580E+02   -0.307276342446950480E+03   -0.670515351937697446E+01    1
    0.292076170444488525E+02   -0.306590314969103304E+03   -0.671515351937697247E+01    1
    0.321564400196075439E+02   -0.302461377726963633E+03   -0.672515351937697314E+01    1
    0.321506554218981648E+02   -0.300088572128960209E+03   -0.673515351937697382E+01    1
    0.321483726245129731E+02   -0.299154758571340267E+03   -0.674515351937697183E+01    1
    0.321251285076141357E+02   -0.289729375342140145E+03   -0.675515351937697428E+01    1
    0.321019777364091965E+02   -0.280492056741918987E+03   -0.676515351937697584E+01    1
    0.320983248551456057E+02   -0.279048224855762555E+03   -0.677515351937697829E+01    1
    0.292893329012036467E+02   -0.273709908308613990E+03   -0.678515351937697098E+01    1
    0.292894805238222915E+02   -0.273652198792133504E+03   -0.679515351937697432E+01    1
    0.320686040670294403E+02   -0.267439554083730684E+03   -0.680515351937697410E+01    1
    0.293145257329393587E+02   -0.263949617800442581E+03   -0.681515351937697567E+01    1
    0.319936197356960506E+02   -0.239249376148392798E+03   -0.682515351937697723E+01    1
    0.294226453224873588E+02   -0.224077370154560867E+03   -0.683515351937697613E+01    1
    0.319504607625455748E+02   -0.223736969206935044E+03   -0.684515351937697059E+01    1
    0.294312773753742469E+02   -0.221034994382532432E+03   -0.685515351937697126E+01    1
    0.294640224187291722E+02   -0.209683457366911625E+03   -0.686515351937697371E+01    1
    0.294672081966766086E+02   -0.208595070620175591E+03   -0.687515351937697083E+01    1
    0.318745493250731684E+02   -0.197716620786652584E+03   -0.688515351937697062E+01    1
    0.295001659407904526E+02   -0.197502006688912616E+03   -0.689515351937697307E+01    1
    0.318735057351182434E+02   -0.197370138469887138E+03   -0.690515351937697019E+01    1
    0.295057113512135416E+02   -0.195665368721536993E+03   -0.691515351937697176E+01    1
    0.318576443195343018E+02   -0.192141489555559815E+03   -0.692515351937697421E+01    1
    0.295236055401818582E+02   -0.189797478751207734E+03   -0.693515351937697400E+01    1
    0.317993927001953125E+02   -0.173542863997812361E+03   -0.694515351937697556E+01    1
    0.295758601710424074E+02   -0.173174706525073418E+03   -0.695515351937697623E+01    1
    0.317926995464976940E+02   -0.171466660530179468E+03   -0.696515351937697869E+01    1
    0.296072581878362300E+02   -0.163553981147427919E+03   -0.697515351937697670E+01    1
    0.317615211851446553E+02   -0.161960327450064142E+03   -0.698515351937697471E+01    1
    0.296244466304779053E+02   -0.158404033256843036E+03   -0.699515351937697627E+01    1
    0.317437720298767090E+02   -0.156670032921984614E+03   -0.700515351937697339E+01    1
    0.296352148056030273E+02   -0.155219807724809073E+03   -0.701515351937697229E+01    1
    0.296577897850900314E+02   -0.148649497242503287E+03   -0.702515351937697385E+01    1
    0.296632385253906250E+02   -0.147085029286678662E+03   -0.703515351937696920E+01    1
    0.317032373496733406E+02   -0.144918714798237090E+03   -0.704515351937696899E+01    1
    0.316799698615210943E+02   -0.138380904181444805E+03   -0.705515351937697233E+01    1
    0.297011697292327881E+02   -0.136424165801548895E+03   -0.706515351937697300E+01    1
    0.297026183429843620E+02   -0.136024999598335000E+03   -0.707515351937697190E+01    1
    0.297053038451581557E+02   -0.135286560883566096E+03   -0.708515351937697524E+01    1
    0.297078569195451045E+02   -0.134586406608021008E+03   -0.709515351937697947E+01    1
    0.297089934349060059E+02   -0.134275315455110899E+03   -0.710515351937697481E+01    1
    0.316605110823568765E+02   -0.133029557168756583E+03   -0.711515351937697194E+01    1
    0.297204879837908358E+02   -0.131149290465165876E+03   -0.712515351937697261E+01    1
    0.316489494727671001E+02   -0.129900163761596474E+03   -0.713515351937696796E+01    1
    0.297262927824709706E+02   -0.129584677811505372E+03   -0.714515351937696508E+01    1
    0.316454455900963971E+02   -0.128959146580350705E+03   -0.715515351937696753E+01    1
    0.297453143122876114E+02   -0.124523700184238407E+03   -0.716515351937696821E+01    1
    0.315916171302013851E+02   -0.114934356583234560E+03   -0.717515351937696444E+01    1
    0.315846188291309460E+02   -0.113170510572162712E+03   -0.718515351937696511E+01    1
    0.297900438308715820E+02   -0.113021506670170325E+03   -0.719515351937696845E+01    1
    0.315768840822581858E+02   -0.111236988559383747E+03   -0.720515351937697446E+01    1
    0.315697682226640559E+02   -0.109472954171358609E+03   -0.721515351937697869E+01    1
    0.315658716139369808E+02   -0.108512979149854146E+03   -0.722515351937697670E+01    1
    0.298179311691854743E+02   -0.106133494819483417E+03   -0.723515351937696849E+01    1
    0.315506673610935628E+02   -0.104807849504287589E+03   -0.724515351937696384E+01    1
    0.298235109006516197E+02   -0.104781449143082099E+03   -0.725515351937697073E+01    1
    0.315483701229095459E+02   -0.104253657553767255E+03   -0.726515351937697051E+01    1
    0.315478485754484659E+02   -0.104128043636897473E+03   -0.727515351937696853E+01    1
    0.315369825539618596E+02   -0.101528283921866958E+03   -0.728515351937696742E+01    1
    0.315266982681545400E+02   -0.990981282222896880E+02   -0.729515351937696988E+01    1
    0.315107220170512505E+02   -0.953816475493844251E+02   -0.730515351937697766E+01    1
    0.298719656467437744E+02   -0.934063656508126599E+02   -0.731515351937697655E+01    1
    0.314830837638897378E+02   -0.891208731057529917E+02   -0.732515351937697723E+01    1
    0.314750897884368896E+02   -0.873498685616304158E+02   -0.733515351937697524E+01    1
    0.299288301727988717E+02   -0.808946009795614032E+02   -0.734515351937696614E+01    1
    0.299293049818742389E+02   -0.807939374243902080E+02   -0.735515351937696948E+01    1
    0.314430479594507695E+02   -0.804306515083989666E+02   -0.736515351937697105E+01    1
    0.299330592155456543E+02   -0.800002284385333553E+02   -0.737515351937696906E+01    1
    0.314352314894559690E+02   -0.787863089776839445E+02   -0.738515351937697240E+01    1
    0.314344879976589056E+02   -0.786307914577747766E+02   -0.739515351937697218E+01    1
    0.314339549180481228E+02   -0.785193814065199547E+02   -0.740515351937697464E+01    1
    0.299431197475833955E+02   -0.778926978618400767E+02   -0.741515351937697265E+01    1
    0.314194211463346633E+02   -0.755125457660813595E+02   -0.742515351937696799E+01    1
    0.314154571981383484E+02   -0.747027145142329800E+02   -0.743515351937697044E+01    1
    0.299616872929384748E+02   -0.740774150903584143E+02   -0.744515351937697023E+01    1
    0.314101576805114746E+02   -0.736268932303160568E+02   -0.745515351937696646E+01    1
    0.299946179078800839E+02   -0.675479631912925669E+02   -0.746515351937696536E+01    1
    0.313609424464628006E+02   -0.640112429026368090E+02   -0.747515351937696515E+01    1
    0.300231790542602539E+02   -0.621305065295764649E+02   -0.748515351937696671E+01    1
    0.313428599255725224E+02   -0.606484775141623942E+02   -0.749515351937696561E+01    1
    0.313422618638636834E+02   -0.605388197967854325E+02   -0.750515351937696362E+01    1
    0.313276390486798917E+02   -0.578887782215155937E+02   -0.751515351937696874E+01    1
    0.313202930613793633E+02   -0.565800605711004394E+02   -0.752515351937696853E+01    1
    0.313165593147277832E+02   -0.559206639343437502E+02   -0.753515351937696742E+01    1
    0.312976098060607910E+02   -0.526342086364689266E+02   -0.754515351937696721E+01    1
    0.300903656292257047E+02   -0.502862792632594022E+02   -0.755515351937696877E+01    1
    0.312765031382538794E+02   -0.490918718366488420E+02   -0.756515351937697211E+01    1
    0.301006054878234863E+02   -0.485919896915294487E+02   -0.757515351937696835E+01    1
    0.312709723910534620E+02   -0.481842491661175529E+02   -0.758515351937696991E+01    1
    0.312708686029090401E+02   -0.481672988098952004E+02   -0.759515351937697325E+01    1
    0.301075080972104772E+02   -0.474664307502198710E+02   -0.760515351937697126E+01    1
    0.312646119768179886E+02   -0.471510515682404048E+02   -0.761515351937696572E+01    1
    0.312642931938171387E+02   -0.470995656385636465E+02   -0.762515351937696639E+01    1
    0.312581884860992432E+02   -0.461190920907881292E+02   -0.763515351937696973E+01    1
    0.312517161543051394E+02   -0.450909591085734576E+02   -0.764515351937696952E+01    1
    0.301225802919086121E+02   -0.450550368392805893E+02   -0.765515351937697019E+01    1
    0.301235037593951063E+02   -0.449093575163039702E+02   -0.766515351937697087E+01    1
    0.301239392217224307E+02   -0.448407449969051797E+02   -0.767515351937697066E+01    1
    0.312340256429976755E+02   -0.423405937380767909E+02   -0.768515351937697044E+01    1
    0.312340207467931421E+02   -0.423398446361309055E+02   -0.769515351937697201E+01    1
    0.312294363975524902E+02   -0.416413977792577157E+02   -0.770515351937697446E+01    1
    0.312274730205535889E+02   -0.413440660995475753E+02   -0.771515351937697069E+01    1
    0.301544340678607021E+02   -0.401678135708470236E+02   -0.772515351937696959E+01    1
    0.312180914916432783E+02   -0.399382225086675930E+02   -0.773515351937697382E+01    1
    0.312164427517336804E+02   -0.396936984376599042E+02   -0.774515351937697538E+01    1
    0.312129943670554297E+02   -0.391847278275131217E+02   -0.775515351937697517E+01    1
    0.312093559146675688E+02   -0.386513099644495242E+02   -0.776515351937697407E+01    1
    0.312065281778653798E+02   -0.382393048029118816E+02   -0.777515351937697297E+01    1
    0.301798081425844806E+02   -0.364778318400093795E+02   -0.778515351937696565E+01    1
    0.311940640206458255E+02   -0.364499160008222987E+02   -0.779515351937696011E+01    1
    0.301803379140716004E+02   -0.364027099458624264E+02   -0.780515351937696522E+01    1
    0.311936484381543977E+02   -0.363910024101472089E+02   -0.781515351937697123E+01    1
    0.311921639795308465E+02   -0.361809578138925119E+02   -0.782515351937697279E+01    1
    0.301826210138036188E+02   -0.360798632704020221E+02   -0.783515351937697524E+01    1
    0.301836691143661291E+02   -0.359321426231075378E+02   -0.784515351937695993E+01    1
    0.301867761664171823E+02   -0.354960362389639883E+02   -0.785515351937696593E+01    1
    0.301873657863600897E+02   -0.354135819067073498E+02   -0.786515351937697016E+01    1
    0.311818933486938477E+02   -0.347445919375169723E+02   -0.787515351937697172E+01    1
    0.311739444732666016E+02   -0.336531818689970521E+02   -0.788515351937697417E+01    1
    0.302050322485925307E+02   -0.329881530864640808E+02   -0.789515351937696952E+01    1
    0.302112306394995613E+02   -0.321578635516004994E+02   -0.790515351937697019E+01    1
    0.302268838882446289E+02   -0.301089095526285107E+02   -0.791515351937696643E+01    1
    0.311332463048805863E+02   -0.283420605775365786E+02   -0.792515351937696444E+01    1
    0.311081869707056100E+02   -0.253022670260970202E+02   -0.793515351937696778E+01    1
    0.302673687583723385E+02   -0.251274365935206987E+02   -0.794515351937696490E+01    1
    0.311028704647150533E+02   -0.246799398067018458E+02   -0.795515351937696735E+01    1
    0.302721405900883234E+02   -0.245704875028717247E+02   -0.796515351937696447E+01    1
    0.311014360471529159E+02   -0.245133873751831786E+02   -0.797515351937695893E+01    1
    0.302737020667783412E+02   -0.243896212500963365E+02   -0.798515351937696582E+01    1
    0.302768894847317682E+02   -0.240225387167447160E+02   -0.799515351937696650E+01    1
    0.310943305206813996E+02   -0.236968401728272866E+02   -0.800515351937696096E+01    1
    0.302826857566833496E+02   -0.233622870447500475E+02   -0.801515351937696785E+01    1
    0.302873528398921650E+02   -0.228374904475582028E+02   -0.802515351937697652E+01    1
    0.310814726199885598E+02   -0.222551448903286655E+02   -0.803515351937696920E+01    1
    0.302966775401268151E+02   -0.218072082498162558E+02   -0.804515351937696543E+01    1
    0.303078748668184232E+02   -0.206021575132853521E+02   -0.805515351937697233E+01    1
    0.303085913775855325E+02   -0.205262408239566554E+02   -0.806515351937697034E+01    1
    0.310599232132069005E+02   -0.199426076344609058E+02   -0.807515351937696657E+01    1
    0.303145818735932018E+02   -0.198971469987796503E+02   -0.808515351937696636E+01    1
    0.303159703944961691E+02   -0.197527639653767189E+02   -0.809515351937696259E+01    1
    0.303164644961334098E+02   -0.197015157221840695E+02   -0.810515351937696593E+01    1
    0.303180905201648727E+02   -0.195333465664263031E+02   -0.811515351937696572E+01    1
    0.303255560331769303E+02   -0.187707290767974868E+02   -0.812515351937696728E+01    1
    0.310483529485405612E+02   -0.187545570180010088E+02   -0.813515351937696707E+01    1
    0.310451906164104763E+02   -0.184363601061833329E+02   -0.814515351937696508E+01    1
    0.303289425373077393E+02   -0.184299303917068968E+02   -0.815515351937696664E+01    1
    0.310336972092096417E+02   -0.173034398964142220E+02   -0.816515351937696643E+01    1
    0.303459807043343908E+02   -0.167639741467163184E+02   -0.817515351937696622E+01    1
    0.310145193957122700E+02   -0.154953204266626372E+02   -0.818515351937696600E+01    1
    0.310092025513492118E+02   -0.150122522843345259E+02   -0.819515351937696224E+01    1
    0.303651765280744144E+02   -0.149843205648569953E+02   -0.820515351937696558E+01    1
    0.303667673817882928E+02   -0.148414565416253659E+02   -0.821515351937696714E+01    1
    0.303686692425437741E+02   -0.146715920363227319E+02   -0.822515351937696693E+01    1
    0.303700048593130845E+02   -0.145529062868237133E+02   -0.823515351937696671E+01    1
    0.309997618053299959E+02   -0.141739869584992935E+02   -0.824515351937696295E+01    1
    0.303746202005074970E+02   -0.141466184143387714E+02   -0.825515351937696096E+01    1
    0.309990287061530481E+02   -0.141099365018832401E+02   -0.826515351937696252E+01    1
    0.303821548953406158E+02   -0.134961433613919937E+02   -0.827515351937696408E+01    1
    0.303944063186645508E+02   -0.124723717000778400E+02   -0.828515351937696565E+01    1
    0.303962210454163895E+02   -0.123242967319759895E+02   -0.829515351937696543E+01    1
    0.309748139980329356E+02   -0.120787972533338817E+02   -0.830515351937696344E+01    1
    0.303997944731143015E+02   -0.120354110560899805E+02   -0.831515351937696146E+01    1
    0.304015136452012698E+02   -0.118977009896861219E+02   -0.832515351937696302E+01    1
    0.309720552960175439E+02   -0.118578029574161157E+02   -0.833515351937696813E+01    1
    0.309705204221101944E+02   -0.117357688175565400E+02   -0.834515351937696437E+01    1
    0.309651072527158178E+02   -0.113106407304958694E+02   -0.835515351937696593E+01    1
    0.304147128114154306E+02   -0.108679526105735675E+02   -0.836515351937696927E+01    1
    0.304150160917120544E+02   -0.108448645470512446E+02   -0.837515351937696906E+01    1
    0.304225590055716673E+02   -0.102789160324168858E+02   -0.838515351937696174E+01    1
    0.304243512797636555E+02   -0.101467807409932433E+02   -0.839515351937695975E+01    1
    0.309478743082462167E+02   -0.100118151416320877E+02   -0.840515351937696487E+01    1
    0.309473713032490778E+02   -0.997515195074545780E+01   -0.841515351937696821E+01    1
    0.304349724987270918E+02   -0.938217127479090607E+01   -0.842515351937696266E+01    1
    0.309381724441489681E+02   -0.931714390145125293E+01   -0.843515351937695534E+01    1
    0.304378677818797811E+02   -0.917921617233670162E+01   -0.844515351937695691E+01    1
    0.304379892349243164E+02   -0.917075373318808929E+01   -0.845515351937696202E+01    1
    0.304383034989597512E+02   -0.914887602364140484E+01   -0.846515351937696536E+01    1
    0.309341734724600066E+02   -0.903847266688499928E+01   -0.847515351937696160E+01    1
    0.309338337463344040E+02   -0.901500474567015075E+01   -0.848515351937696316E+01    1
    0.304479175551914452E+02   -0.849293601438580836E+01   -0.849515351937696295E+01    1
    0.309229532956550592E+02   -0.828046811146181483E+01   -0.850515351937696629E+01    1
    0.309188403262913667E+02   -0.801142693527754979E+01   -0.851515351937696785E+01    1
    0.304591643810272217E+02   -0.775840895132377018E+01   -0.852515351937696408E+01    1
    0.304601263448977697E+02   -0.769722585510282098E+01   -0.853515351937696032E+01    1
    0.304613084692635638E+02   -0.762239451871131557E+01   -0.854515351937695655E+01    1
    0.309119947081919335E+02   -0.757412689670352712E+01   -0.855515351937696344E+01    1
    0.304630001809861675E+02   -0.751598499357002225E+01   -0.856515351937696323E+01    1
    0.304649413109738916E+02   -0.739487315377057364E+01   -0.857515351937696124E+01    1
    0.309080923143899895E+02   -0.733070673398224315E+01   -0.858515351937696103E+01    1
    0.304668593406677246E+02   -0.727623779014695948E+01   -0.859515351937696259E+01    1
    0.304694466279943228E+02   -0.711783722610039593E+01   -0.860515351937696771E+01    1
    0.309043442675616831E+02   -0.710092447955578621E+01   -0.861515351937696039E+01    1
    0.304724534948902814E+02   -0.693610134934051992E+01   -0.862515351937695662E+01    1
    0.308994220733687115E+02   -0.680512700726692099E+01   -0.863515351937696352E+01    1
    0.304761552426365547E+02   -0.671583974265321348E+01   -0.864515351937696508E+01    1
    0.308950245575485347E+02   -0.654659158294535715E+01   -0.865515351937695954E+01    1
    0.308937124973333539E+02   -0.647050161586273909E+01   -0.866515351937696288E+01    1
    0.304816012082192103E+02   -0.639876082112649591E+01   -0.867515351937696266E+01    1
    0.304862858231797063E+02   -0.613264694674202993E+01   -0.868515351937696423E+01    1
    0.304868245745557793E+02   -0.610243623867837037E+01   -0.869515351937696934E+01    1
    0.308859461194037550E+02   -0.602996866372383522E+01   -0.870515351937696735E+01    1
    0.304907268363508166E+02   -0.588603894012443885E+01   -0.871515351937696181E+01    1
    0.304918445109084928E+02   -0.582484371977232840E+01   -0.872515351937695982E+01    1
    0.304943476111142147E+02   -0.568906081277179076E+01   -0.873515351937696316E+01    1
    0.308788345080951920E+02   -0.564137349233899865E+01   -0.874515351937695762E+01    1
    0.304972531362862895E+02   -0.553364578565736487E+01   -0.875515351937695741E+01    1
    0.308766191100871019E+02   -0.552320872963124998E+01   -0.876515351937696252E+01    1
    0.308765167624103611E+02   -0.551778289099070562E+01   -0.877515351937696231E+01    1
    0.304975541496196811E+02   -0.551767972735384848E+01   -0.878515351937696209E+01    1
    0.308743518064600977E+02   -0.540369684856807186E+01   -0.879515351937696188E+01    1
    0.308723855621628047E+02   -0.530121827724647776E+01   -0.880515351937695812E+01    1
    0.308696630622474153E+02   -0.516110970705051919E+01   -0.881515351937695790E+01    1
    0.308645798942475587E+02   -0.490506262827813622E+01   -0.882515351937695769E+01    1
    0.305130396964852011E+02   -0.473049937006601429E+01   -0.883515351937695925E+01    1
    0.308596648427655325E+02   -0.466435648246819134E+01   -0.884515351937695904E+01    1
    0.305149009556720010E+02   -0.464040098759815578E+01   -0.885515351937696238E+01    1
    0.308589908638462980E+02   -0.463187634270633630E+01   -0.886515351937696394E+01    1
    0.308574143036936341E+02   -0.455639556129828094E+01   -0.887515351937696018E+01    1
    0.305175048783251555E+02   -0.451597840528009886E+01   -0.888515351937696174E+01    1
    0.305197727143585311E+02   -0.440916011476979008E+01   -0.889515351937696330E+01    1
    0.305200211709060980E+02   -0.439754489419234496E+01   -0.890515351937696309E+01    1
    0.305215320621325574E+02   -0.432728323339475995E+01   -0.891515351937696288E+01    1
    0.308514371611200033E+02   -0.427654294192096884E+01   -0.892515351937696089E+01    1
    0.305228382787254837E+02   -0.426705427596975184E+01   -0.893515351937696423E+01    1
    0.308495985555502230E+02   -0.419246827079691897E+01   -0.894515351937696579E+01    1
    0.305256678240052857E+02   -0.413822204705090613E+01   -0.895515351937696202E+01    1
    0.305292574572752073E+02   -0.397800476880135667E+01   -0.896515351937696181E+01    1
    0.308433538188940126E+02   -0.391397220371200216E+01   -0.897515351937695982E+01    1
    0.305309350810464011E+02   -0.390436264829141333E+01   -0.898515351937695428E+01    1
    0.305326637176552467E+02   -0.382930471622619795E+01   -0.899515351937695407E+01    1
    0.305345320499085311E+02   -0.374912101778510642E+01   -0.900515351937695741E+01    1
    0.305364106851190229E+02   -0.366947959858745110E+01   -0.901515351937696252E+01    1
    0.308339711665891443E+02   -0.351604093419881814E+01   -0.902515351937696408E+01    1
    0.308326744075723340E+02   -0.346298036655969721E+01   -0.903515351937696032E+01    1
    0.308317702616494174E+02   -0.342626297530807600E+01   -0.904515351937695833E+01    1
    0.305448313207243594E+02   -0.332463061825309847E+01   -0.905515351937695989E+01    1
    0.305466310942803361E+02   -0.325349729410962851E+01   -0.906515351937695790E+01    1
    0.308258341730285466E+02   -0.319087689076501668E+01   -0.907515351937695591E+01    1
    0.308257648616640587E+02   -0.318818667256648469E+01   -0.908515351937695925E+01    1
    0.305487752235982271E+02   -0.316993646354687186E+01   -0.909515351937696437E+01    1
    0.308244842942284976E+02   -0.313872509180785375E+01   -0.910515351937696060E+01    1
    0.305499850622414222E+02   -0.312335422345742142E+01   -0.911515351937695506E+01    1
    0.305507697034258747E+02   -0.309336216256119867E+01   -0.912515351937696195E+01    1
    0.308223620772473517E+02   -0.305776496233760797E+01   -0.913515351937696529E+01    1
    0.308204441360703001E+02   -0.298568141311136426E+01   -0.914515351937696153E+01    1
    0.308201057128985241E+02   -0.297306897161799366E+01   -0.915515351937696131E+01    1
    0.308193910470367562E+02   -0.294653987574795018E+01   -0.916515351937695577E+01    1
    0.308144716119892479E+02   -0.276780189432390022E+01   -0.917515351937695733E+01    1
    0.308127656237999190E+02   -0.270739892224198941E+01   -0.918515351937696067E+01    1
    0.305625992993118842E+02   -0.266205775955101975E+01   -0.919515351937696046E+01    1
    0.305626967515489163E+02   -0.265866722697799984E+01   -0.920515351937696202E+01    1
    0.308083754931516296E+02   -0.255570287813432007E+01   -0.921515351937696536E+01    1
    0.305689471108968327E+02   -0.244675520795107904E+01   -0.922515351937696337E+01    1
    0.305712029077880061E+02   -0.237295825888432832E+01   -0.923515351937695961E+01    1
    0.308027625083923340E+02   -0.236960487612116433E+01   -0.924515351937695584E+01    1
    0.308014694698994163E+02   -0.232798315824048618E+01   -0.925515351937695918E+01    1
    0.308009199631302302E+02   -0.231043664188818987E+01   -0.926515351937696607E+01    1
    0.305748941487723016E+02   -0.225527173132507075E+01   -0.927515351937695876E+01    1
    0.307977592945098877E+02   -0.221115210117906935E+01   -0.928515351937695499E+01    1
    0.305772228727853417E+02   -0.218298643123079295E+01   -0.929515351937696188E+01    1
    0.307964473948941695E+02   -0.217076263712720907E+01   -0.930515351937696522E+01    1
    0.305799471934828517E+02   -0.210034675793677028E+01   -0.931515351937695790E+01    1
    0.305826024693394558E+02   -0.202179920377060540E+01   -0.932515351937696657E+01    1
    0.305833078569475987E+02   -0.200126417669409662E+01   -0.933515351937696458E+01    1
    0.305849289052465068E+02   -0.195460014144782646E+01   -0.934515351937696082E+01    1
    0.305852554878661067E+02   -0.194528798107550016E+01   -0.935515351937695883E+01    1
    0.307881166250076781E+02   -0.192551770102884445E+01   -0.936515351937696394E+01    1
    0.307876801490783691E+02   -0.191320370291607755E+01   -0.937515351937696728E+01    1
    0.305864922037204465E+02   -0.191029471387319960E+01   -0.938515351937696352E+01    1
    0.305865670552330933E+02   -0.190819049639057914E+01   -0.939515351937695797E+01    1
    0.305887334108923845E+02   -0.184796916805898670E+01   -0.940515351937695776E+01    1
    0.307831865624932774E+02   -0.178952747009516511E+01   -0.941515351937695755E+01    1
    0.307827191108486247E+02   -0.177698620296194232E+01   -0.942515351937696089E+01    1
    0.307822814696929576E+02   -0.176530011863070180E+01   -0.943515351937695712E+01    1
    0.305929234381569977E+02   -0.173521768075562477E+01   -0.944515351937694980E+01    1
    0.307778193306613090E+02   -0.164920782778719510E+01   -0.945515351937695137E+01    1
    0.307772023522362979E+02   -0.163359404617765525E+01   -0.946515351937695826E+01    1
    0.307770925373763617E+02   -0.163082613986143987E+01   -0.947515351937695982E+01    1
    0.305976446008208036E+02   -0.161405740890279770E+01   -0.948515351937695605E+01    1
    0.307761172235213820E+02   -0.160639116449457031E+01   -0.949515351937695584E+01    1
    0.305982183386285911E+02   -0.159975830344759973E+01   -0.950515351937695741E+01    1
    0.305997747883679345E+02   -0.156143103398320449E+01   -0.951515351937695897E+01    1
    0.307738760750220983E+02   -0.155125080910525659E+01   -0.952515351937695876E+01    1
    0.306002860418456351E+02   -0.154898935928536763E+01   -0.953515351937695854E+01    1
    0.306022929283690992E+02   -0.150085728051432055E+01   -0.954515351937695833E+01    1
    0.307714540845592381E+02   -0.149324060278891158E+01   -0.955515351937695989E+01    1
    0.306033279293356273E+02   -0.147647468658358338E+01   -0.956515351937696323E+01    1
    0.306033856877565391E+02   -0.147512283840153691E+01   -0.957515351937696302E+01    1
    0.307698486157809370E+02   -0.145569156894356766E+01   -0.958515351937695215E+01    1
    0.307685929847121997E+02   -0.142682703271453404E+01   -0.959515351937695371E+01    1
    0.307676975412712750E+02   -0.140651189606047389E+01   -0.960515351937695527E+01    1
    0.306095558123045706E+02   -0.133608387539412976E+01   -0.961515351937695861E+01    1
    0.306108634804548032E+02   -0.130798414199610313E+01   -0.962515351937695662E+01    1
    0.306117061320453026E+02   -0.129013029384503364E+01   -0.963515351937695286E+01    1
    0.307622473290238041E+02   -0.128769849813480031E+01   -0.964515351937695797E+01    1
    0.306124863511243035E+02   -0.127377632856911727E+01   -0.965515351937696309E+01    1
    0.306133623040982741E+02   -0.125561859985307689E+01   -0.966515351937695755E+01    1
    0.307603120037523539E+02   -0.124750782660041493E+01   -0.967515351937695556E+01    1
    0.307600658755173839E+02   -0.124247160029656678E+01   -0.968515351937696067E+01    1
    0.307596593469177009E+02   -0.123419040049604312E+01   -0.969515351937696224E+01    1
    0.306153762253090740E+02   -0.121468574207993396E+01   -0.970515351937696025E+01    1
    0.307584616408588829E+02   -0.121006121735799832E+01   -0.971515351937696003E+01    1
    0.306166337078258195E+02   -0.118970278617025538E+01   -0.972515351937696160E+01    1
    0.306170323819711001E+02   -0.118187449287497448E+01   -0.973515351937696316E+01    1
    0.307550097549122476E+02   -0.114276358325457483E+01   -0.974515351937696295E+01    1
    0.307547754785559775E+02   -0.113831692879121604E+01   -0.975515351937696273E+01    1
    0.306195394138088091E+02   -0.113366565953361409E+01   -0.976515351937695542E+01    1
    0.306208145760519272E+02   -0.110981949652916501E+01   -0.977515351937695698E+01    1
    0.306209363994793762E+02   -0.110756513936990597E+01   -0.978515351937696209E+01    1
    0.306218284010437003E+02   -0.109118501737562101E+01   -0.979515351937696011E+01    1
    0.307520987481701127E+02   -0.108860130155195667E+01   -0.980515351937695812E+01    1
    0.307512432590175990E+02   -0.107313467895847459E+01   -0.981515351937695613E+01    1
    0.306233860749531672E+02   -0.106311458423102501E+01   -0.982515351937695769E+01    1
    0.307496166933452777E+02   -0.104429217251498097E+01   -0.983515351937696103E+01    1
    0.307495336547397855E+02   -0.104283957353802026E+01   -0.984515351937696082E+01    1
    0.306256756765304807E+02   -0.102308620499501268E+01   -0.985515351937696060E+01    1
    0.306265081738350240E+02   -0.100889541667997973E+01   -0.986515351937695506E+01    1
    0.306266093254089355E+02   -0.100718438994274440E+01   -0.987515351937695307E+01    1
    0.306273236879150588E+02   -0.995182084885627760E+00   -0.988515351937695641E+01    1
    0.306280062678820002E+02   -0.983847125343988438E+00   -0.989515351937695975E+01    1
    0.307449696936777528E+02   -0.965968059318691341E+00   -0.990515351937695954E+01    1
    0.307442295330118114E+02   -0.954050467533389734E+00   -0.991515351937695577E+01    1
    0.307435868077399732E+02   -0.943826021799465509E+00   -0.992515351937695911E+01    1
    0.306339947298132955E+02   -0.889989447819099277E+00   -0.993515351937696067E+01    1
    0.306349831396368231E+02   -0.875462446083843715E+00   -0.994515351937695513E+01    1
    0.307390206273302233E+02   -0.874513807447945046E+00   -0.995515351937695492E+01    1
    0.307388470598892027E+02   -0.871994197703034435E+00   -0.996515351937695826E+01    1
    0.307378508292394201E+02   -0.857695295800932511E+00   -0.997515351937695982E+01    1
    0.307378041744232178E+02   -0.857032463720427184E+00   -0.998515351937696138E+01    1
    0.307374208304224084E+02   -0.851609290187232859E+00   -0.999515351937695584E+01    1
    0.306370851458369415E+02   -0.845477030409832797E+00   -0.100051535193769503E+02    1
    0.307363348996684778E+02   -0.836469751322936661E+00   -0.100151535193769536E+02    1
    0.306377910774388695E+02   -0.835684035369933187E+00   -0.100251535193769570E+02    1
    0.307362155621596145E+02   -0.834826119201374617E+00   -0.100351535193769603E+02    1
    0.306392457523135633E+02   -0.815943699296856284E+00   -0.100451535193769637E+02    1
    0.306408612885635847E+02   -0.794714108411643805E+00   -0.100551535193769475E+02    1
    0.307329461037706224E+02   -0.791345471121618571E+00   -0.100651535193769543E+02    1
    0.307317910282128608E+02   -0.776698823235746905E+00   -0.100751535193769577E+02    1
    0.307317155350930271E+02   -0.775754543840794342E+00   -0.100851535193769539E+02    1
    0.307306036862875231E+02   -0.762031997035990338E+00   -0.100951535193769484E+02    1
    0.307304031777511710E+02   -0.759594101912553277E+00   -0.101051535193769499E+02    1
    0.306441930099461857E+02   -0.753237497620831253E+00   -0.101151535193769551E+02    1
    0.306443725472306667E+02   -0.751090601195908647E+00   -0.101251535193769566E+02    1
    0.306445101362134515E+02   -0.749451422361841479E+00   -0.101351535193769582E+02    1
    0.307295052212782807E+02   -0.748814191738969015E+00   -0.101451535193769562E+02    1
    0.307295051222467173E+02   -0.748813015309347185E+00   -0.101551535193769507E+02    1
    0.306450137694198617E+02   -0.743496506812705404E+00   -0.101651535193769487E+02    1
    0.306457813284022720E+02   -0.734557412728342962E+00   -0.101751535193769485E+02    1
    0.306459588893218147E+02   -0.732512984310492055E+00   -0.101851535193769500E+02    1
    0.307275341489839882E+02   -0.725942474362736179E+00   -0.101951535193769534E+02    1
    0.307273362646980956E+02   -0.723706311316795525E+00   -0.102051535193769531E+02    1
    0.307273229793827340E+02   -0.723556574864692492E+00   -0.102151535193769565E+02    1
    0.307268117144819151E+02   -0.717831704575275009E+00   -0.102251535193769545E+02    1
    0.307266079411329969E+02   -0.715570337291589698E+00   -0.102351535193769507E+02    1
    0.306482804958372839E+02   -0.706593552680899073E+00   -0.102451535193769541E+02    1
    0.307253330601356360E+02   -0.701686030870137256E+00   -0.102551535193769521E+02    1
    0.306489205089814725E+02   -0.699713254401548856E+00   -0.102651535193769536E+02    1
    0.307244377620453371E+02   -0.692207365248075912E+00   -0.102751535193769570E+02    1
    0.307241330730106199E+02   -0.689032706785899673E+00   -0.102851535193769532E+02    1
    0.306500111185509851E+02   -0.688252898039745875E+00   -0.102951535193769512E+02    1
    0.307239682209778451E+02   -0.687325882830717716E+00   -0.103051535193769492E+02    1
    0.306502918092232122E+02   -0.685357172138284843E+00   -0.103151535193769526E+02    1
    0.306503934560486613E+02   -0.684313974873046349E+00   -0.103251535193769541E+02    1
    0.307233499811915820E+02   -0.680992538984548368E+00   -0.103351535193769539E+02    1
    0.307232971233016343E+02   -0.680456015589508967E+00   -0.103451535193769555E+02    1
    0.306508457392151001E+02   -0.679707248918491436E+00   -0.103551535193769570E+02    1
    0.307230575886265243E+02   -0.678034462056198772E+00   -0.103651535193769533E+02    1
    0.306510240698349818E+02   -0.677906591658151925E+00   -0.103751535193769513E+02    1
    0.306512700698965794E+02   -0.675437254585579794E+00   -0.103851535193769564E+02    1
    0.306521755613814264E+02   -0.666493793909611720E+00   -0.103951535193769562E+02    1
    0.306529610841109594E+02   -0.658921025674705896E+00   -0.104051535193769507E+02    1
    0.307210127052077731E+02   -0.658015209975676196E+00   -0.104151535193769558E+02    1
    0.306533883854476663E+02   -0.654874139567536151E+00   -0.104251535193769538E+02    1
    0.306534398224953932E+02   -0.654390433377144531E+00   -0.104351535193769482E+02    1
    0.306539049770820284E+02   -0.650049796306527483E+00   -0.104451535193769534E+02    1
    0.306544552615768922E+02   -0.644992908220813344E+00   -0.104551535193769531E+02    1
    0.306552039857271659E+02   -0.638248462644918746E+00   -0.104651535193769529E+02    1
    0.306552674416723896E+02   -0.637684064424627439E+00   -0.104751535193769580E+02    1
    0.306563185850634703E+02   -0.628498699279444573E+00   -0.104851535193769543E+02    1
    0.307171640137708657E+02   -0.623509047303023367E+00   -0.104951535193769523E+02    1
    0.307171272742955672E+02   -0.623199616557365221E+00   -0.105051535193769539E+02    1
    0.306570557318044905E+02   -0.622241537767936559E+00   -0.105151535193769536E+02    1
    0.306578631699055393E+02   -0.615562137494379269E+00   -0.105251535193769499E+02    1
    0.306584078998728060E+02   -0.611158958820748333E+00   -0.105351535193769514E+02    1
    0.306586794004339680E+02   -0.608995349309092271E+00   -0.105451535193769512E+02    1
    0.307139741126148991E+02   -0.598049438484967943E+00   -0.105551535193769528E+02    1
    0.306600952979029628E+02   -0.598046085345139700E+00   -0.105651535193769543E+02    1
    0.306603881738648028E+02   -0.595851239725667448E+00   -0.105751535193769524E+02    1
    0.307136477624966204E+02   -0.595605220926000434E+00   -0.105851535193769575E+02    1
    0.307129523690504378E+02   -0.590496400378418773E+00   -0.105951535193769573E+02    1
    0.306616591774965634E+02   -0.586604180721313040E+00   -0.106051535193769570E+02    1
    0.307122526187517053E+02   -0.585492103700054112E+00   -0.106151535193769551E+02    1
    0.307122326652400517E+02   -0.585351413618320882E+00   -0.106251535193769495E+02    1
    0.307121995843364139E+02   -0.585118409058818290E+00   -0.106351535193769458E+02    1
    0.307115973493406536E+02   -0.580930090395029297E+00   -0.106451535193769526E+02    1
    0.307113883357669692E+02   -0.579500193149367293E+00   -0.106551535193769560E+02    1
    0.307113489578855443E+02   -0.579232170319605721E+00   -0.106651535193769540E+02    1
    0.307112399849309625E+02   -0.578492714333910585E+00   -0.106751535193769556E+02    1
    0.307110565607298511E+02   -0.577255556466328867E+00   -0.106851535193769500E+02    1
    0.306636147953479963E+02   -0.573258760181162397E+00   -0.106951535193769480E+02    1
    0.306636344138032797E+02   -0.573130300460855890E+00   -0.107051535193769549E+02    1
    0.306645311007324537E+02   -0.567373791440438313E+00   -0.107151535193769494E+02    1
    0.307094323329071486E+02   -0.566711094542047600E+00   -0.107251535193769456E+02    1
    0.306646576042208387E+02   -0.566579772458435382E+00   -0.107351535193769543E+02    1
    0.306650051157093415E+02   -0.564421599548613928E+00   -0.107451535193769505E+02    1
    0.307087176415556407E+02   -0.562305109010051485E+00   -0.107551535193769414E+02    1
