    0.147599377946091177E-98    0.453009741052305799E+03    0.319582690847646553E+02
    0.457634933651545800E-98    0.450726600891358999E+03    0.294190144538879395E+02
    0.897953732738226239E-98    0.449358507358882719E+03    0.319531243782085461E+02
    0.991902435142644909E-94    0.430718814202199042E+03    0.294475412368774414E+02
    0.163390058756035909E-93    0.429700612836468054E+03    0.294490105487611338E+02
    0.829378520104765664E-91    0.417221199847062280E+03    0.319069062826173422E+02
    0.300580170535061784E-90    0.414625953942083072E+03    0.319030972922072387E+02
    0.170033100578884819E-88    0.406535056333056218E+03    0.294829238555364164E+02
    0.667641494785990185E-86    0.394569199525813133E+03    0.318732479548726388E+02
    0.723495343960929223E-86    0.394388513994622372E+03    0.318729756362304570E+02
    0.870875758681982449E-84    0.384787363194828799E+03    0.295156546767102057E+02
    0.411834457556934487E-82    0.377054778538778180E+03    0.318465539205725747E+02
    0.102470273475500694E-81    0.375211705802622760E+03    0.318437090367561879E+02
    0.373620618955479177E-79    0.363394029124421422E+03    0.295487701056429870E+02
    0.904600721808780789E-79    0.361605523603982533E+03    0.295515823364257812E+02
    0.220235925456438275E-78    0.359805942007558201E+03    0.318196499347686768E+02
    0.544202271474821809E-78    0.357976698727322059E+03    0.295573097808872625E+02
    0.171612171438044854E-77    0.355659696314626785E+03    0.295609819889068604E+02
    0.325903252014223066E-77    0.354356969413239312E+03    0.295630519448029716E+02
    0.419253727476722114E-77    0.353833217958986438E+03    0.295638852300418264E+02
    0.152963708380738206E-76    0.351224598969707699E+03    0.295680447682260308E+02
    0.213238120124719420E-74    0.341329841031704973E+03    0.317901040705945910E+02
    0.686811668205891840E-74    0.338970539747765883E+03    0.317862740411545381E+02
    0.709309172015544707E-70    0.320465396241629151E+03    0.317557573318481445E+02
    0.152947673056824955E-69    0.318908617340590467E+03    0.317531502246856689E+02
    0.177698876904533121E-68    0.313983458038136177E+03    0.296292091278379743E+02
    0.135410125432053749E-67    0.309901852403460396E+03    0.296361291408538818E+02
    0.358289832109938793E-66    0.303330614004564552E+03    0.296473668784755375E+02
    0.408650797012317699E-65    0.298442406321469775E+03    0.296558058261871338E+02
    0.553496531407267125E-65    0.297815617339147934E+03    0.317171760572304819E+02
    0.551343250774883523E-64    0.293198242974394645E+03    0.317091322050935958E+02
    0.756389543326374007E-63    0.287940674913274222E+03    0.296741736622573100E+02
    0.985795887741372236E-63    0.287390889292585314E+03    0.296751444376835636E+02
    0.172275573728658187E-62    0.286254427017045032E+03    0.296771540865011367E+02
    0.189565700675234318E-62    0.286043146412446220E+03    0.296775281429290771E+02
    0.274379116125195183E-62    0.285283596181054804E+03    0.296788740158081055E+02
    0.150323849162968798E-61    0.281861863643673189E+03    0.296849595138332134E+02
    0.192096625961428760E-61    0.281351450554845428E+03    0.316881985195438212E+02
    0.287776522288619529E-59    0.271312738764882056E+03    0.297039580345153809E+02
    0.486390094368057850E-59    0.270243085263675766E+03    0.316681639886856985E+02
    0.310588828481944859E-58    0.266514997123127728E+03    0.297127211093902588E+02
    0.965935765532812401E-58    0.264225742334794461E+03    0.297169303290941578E+02
    0.240548827271135880E-57    0.262380920636322969E+03    0.316537332534790039E+02
    0.917652663755606069E-57    0.259683128907991147E+03    0.297253373148585531E+02
    0.637057707305245896E-56    0.255787876148636485E+03    0.316414637585758562E+02
    0.681559369606095951E-56    0.255632829909368866E+03    0.297328956430190772E+02
    0.306148459744882298E-55    0.252608286156489925E+03    0.316354898903081363E+02
    0.465052126261271311E-52    0.237936616894671204E+03    0.297666465683981762E+02
    0.659286717871411236E-52    0.237218598852029174E+03    0.297680421679909131E+02
    0.142683135105889627E-51    0.235654493039791646E+03    0.316029793100544261E+02
    0.126286532268212956E-50    0.231273468738680918E+03    0.297796800815324758E+02
    0.407626975239224391E-50    0.228909870560629315E+03    0.315897203297845905E+02
    0.474460076871569965E-49    0.223981050379782971E+03    0.297941625118255615E+02
    0.419787161730326820E-46    0.210390399126230534E+03    0.298217995811101133E+02
    0.153136892024856165E-45    0.207782060109363982E+03    0.315468636363302934E+02
    0.180881961890362452E-44    0.202823865055798819E+03    0.298375759663176652E+02
    0.304945914113796334E-44    0.201759285544133036E+03    0.315342497540159741E+02
    0.129312687890562650E-43    0.198849917401359278E+03    0.298459802495928521E+02
    0.237591567212595235E-42    0.193008107841714519E+03    0.298584895251722600E+02
    0.110916984055970887E-38    0.176090969228191682E+03    0.314782392978668213E+02
    0.333520436446335478E-38    0.173869125004064756E+03    0.299008655548095703E+02
    0.239955188990586554E-37    0.169902458715692802E+03    0.314641316886367832E+02
    0.366643802503075954E-37    0.169034581479703832E+03    0.299119362588985851E+02
    0.432516660592866980E-37    0.168684121407968405E+03    0.314613240290204672E+02
    0.581204222831385568E-36    0.163467988521682344E+03    0.299248824460568557E+02
    0.316709560085954955E-35    0.160057052451143079E+03    0.299329250460691938E+02
    0.775772971595106642E-35    0.158245302900454135E+03    0.314368369404031114E+02
    0.336208117537855649E-33    0.150687221627180293E+03    0.299554729461669922E+02
    0.380741198883240629E-33    0.150418442605886725E+03    0.299561300085090991E+02
    0.699745774379228137E-33    0.149181248179240981E+03    0.314149068390775881E+02
    0.250721870512630669E-32    0.146608823694203977E+03    0.314085615481122744E+02
    0.271832854077460466E-31    0.141821967245821895E+03    0.299774659737936204E+02
    0.316893899683132386E-31    0.141495207953429372E+03    0.313957793226740165E+02
    0.108336912504259184E-30    0.139016679937282333E+03    0.313895001994427574E+02
    0.212453689106365687E-30    0.137649723738522994E+03    0.299880559573203271E+02
    0.345011962265575052E-30    0.136660013621188170E+03    0.313834772978660368E+02
    0.364768049438638244E-30    0.136528648459338115E+03    0.313831400362574868E+02
    0.167540744745048714E-29    0.133459548466740983E+03    0.313752135146850932E+02
    0.358262975018489582E-29    0.131919467046869471E+03    0.300028676000640999E+02
    0.111583508511206210E-28    0.129627284896878393E+03    0.313651859237995581E+02
    0.119523766785461925E-26    0.120259460582902406E+03    0.300340430663362348E+02
    0.144589762302387637E-26    0.119858690042370583E+03    0.313389278529814987E+02
    0.314256142247788200E-26    0.118286074270531145E+03    0.300394678115844727E+02
    0.655084247092071920E-26    0.116796963358805769E+03    0.313304773826051317E+02
    0.289481487763656315E-24    0.109199967985747719E+03    0.313090137405135849E+02
    0.312712912371139658E-24    0.109025579571044688E+03    0.300655566244017152E+02
    0.399834192614682511E-24    0.108514050799170931E+03    0.313070392608642578E+02
    0.571936394852488001E-24    0.107778095109814203E+03    0.313049137237074149E+02
    0.145217477488259175E-22    0.101289345385564189E+03    0.300882220268249512E+02
    0.208354325501006766E-22    0.100547330075817200E+03    0.312836277484893799E+02
    0.149974536615419562E-21    0.965797090790451875E+02    0.312716186046600342E+02
    0.229383041500790688E-21    0.957098535736062104E+02    0.312689526146055456E+02
    0.733298967509220832E-21    0.933655331524373935E+02    0.301123629570386129E+02
    0.334892060600126095E-20    0.903078533951521223E+02    0.301219542847735013E+02
    0.846716582518975697E-20    0.884327378899594265E+02    0.301279175281524658E+02
    0.181303535642454850E-19    0.868899545162792890E+02    0.312411969610716334E+02
    0.239210350228560149E-19    0.863156131719935047E+02    0.312393411756746389E+02
    0.338574817041210586E-18    0.809956393823339340E+02    0.301522234324754983E+02
    0.540998693510922513E-18    0.800382958408757332E+02    0.301554329484446271E+02
    0.811972087115127325E-18    0.792061976404650068E+02    0.312158305651507995E+02
    0.826951452134929150E-18    0.791496375892282344E+02    0.312156393302755646E+02
    0.151635696675392522E-17    0.779169975592966466E+02    0.312114543376337608E+02
    0.589211050179034669E-17    0.751823905047515808E+02    0.312020485529385425E+02
    0.946430450908930455E-17    0.742145644073442412E+02    0.301753907128185475E+02
    0.146648130761465435E-16    0.733187170985113141E+02    0.311955386997843789E+02
    0.172368674363120952E-16    0.729755179197037052E+02    0.301797381763493675E+02
    0.208170029597884466E-16    0.725780788051607715E+02    0.311929283739433174E+02
    0.866401664086978683E-16    0.697060919639299499E+02    0.311826762697484270E+02
    0.977177129876016121E-16    0.694454533259210791E+02    0.311817353549449052E+02
    0.978188953153607120E-16    0.694233834866686266E+02    0.301924133656786893E+02
    0.144022336503979236E-15    0.686296822063785470E+02    0.301952902092390261E+02
    0.145909575188945268E-15    0.685836448470700191E+02    0.301954575924939235E+02
    0.169438237131739756E-15    0.682646420552676148E+02    0.301966189966031209E+02
    0.200390344409146633E-15    0.679090846377767008E+02    0.311761522293090820E+02
    0.206964344652763517E-15    0.678245259499450412E+02    0.311758430936714390E+02
    0.221329064580090607E-15    0.676703178625212161E+02    0.311752788248685704E+02
    0.282655325391891105E-15    0.671611625629253979E+02    0.311734111059848260E+02
    0.123848643603239073E-14    0.641863284168192791E+02    0.302117170365753793E+02
    0.137277182995888012E-14    0.639604445939178134E+02    0.302125673068298752E+02
    0.191902067344222419E-14    0.632704784727375227E+02    0.302151739597320557E+02
    0.321143429115508112E-14    0.622206731386856973E+02    0.311549010429237470E+02
    0.972022290392101999E-14    0.599856913513070111E+02    0.311462824254749506E+02
    0.369997532168158706E-13    0.572922859671177775E+02    0.302383928838620548E+02
    0.103652826740418852E-12    0.552120142317562710E+02    0.311273093447925646E+02
    0.154507596154170652E-12    0.543936219303789414E+02    0.302500950583992889E+02
    0.168393442586514575E-12    0.542015021296500237E+02    0.311231872073262359E+02
    0.981548586534262783E-12    0.506558454230928561E+02    0.302656642594375000E+02
    0.136063023546371394E-11    0.499827018930925959E+02    0.311055392747535393E+02
    0.239394656790492974E-11    0.488327113193341944E+02    0.311005980768373149E+02
    0.489101148970365906E-11    0.473837996333524529E+02    0.310942871528020994E+02
    0.662510719036727359E-11    0.467568647919269225E+02    0.302825430278337571E+02
    0.920775640890354621E-11    0.460785054612052747E+02    0.310885168429457117E+02
    0.301372976561593043E-10    0.436870708358405508E+02    0.302963449712032116E+02
    0.450318882581634726E-10    0.428638561612233389E+02    0.310739390705371612E+02
    0.516753606399037808E-10    0.425686357256758683E+02    0.303014962925790670E+02
    0.556459631341761584E-10    0.424005788251178757E+02    0.310717926713551762E+02
    0.992062072827209891E-10    0.412241967232704383E+02    0.303077811441398310E+02
    0.100034960354387771E-09    0.411875584378960937E+02    0.303079538756757216E+02
    0.110598086485243087E-09    0.409667923193255845E+02    0.310650726153978098E+02
    0.113156210674270612E-09    0.409010593759036709E+02    0.310647616635694881E+02
    0.122901973574441191E-09    0.407158237451272385E+02    0.310638840201155375E+02
    0.177088429207744624E-09    0.399652994790478004E+02    0.310603069303812021E+02
    0.197785468747739418E-09    0.397242319905246575E+02    0.303149182881106007E+02
    0.256628462948305213E-09    0.391833391558757569E+02    0.303175257857323288E+02
    0.586707231997465713E-09    0.375095460099181111E+02    0.303257138798361687E+02
    0.598206589473614160E-09    0.374507255714904588E+02    0.310480639620084595E+02
    0.287810364965675204E-08    0.342888240922198548E+02    0.303420157268284676E+02
    0.406562332301921520E-08    0.335779531963202658E+02    0.303457187111822080E+02
    0.501567649996852858E-08    0.331379507215533451E+02    0.310260379801108073E+02
    0.194215898214845491E-07    0.304103166874488196E+02    0.303627327571027728E+02
    0.318706754018212668E-07    0.293997146955901343E+02    0.303683519873172436E+02
    0.617765421432300991E-07    0.280560399059302306E+02    0.303759803655062655E+02
    0.743511747059110224E-07    0.276654883918868890E+02    0.309958359964538559E+02
    0.780055279315544958E-07    0.275495279466101337E+02    0.303789049705800167E+02
    0.107257921261476501E-06    0.268926145108083432E+02    0.309913291055857343E+02
    0.172636910136860543E-06    0.259207061295510712E+02    0.303885039525810683E+02
    0.186907619232388746E-06    0.257418583768235720E+02    0.309844921535224955E+02
    0.272317275551032738E-06    0.249691516553044721E+02    0.309798117123061765E+02
    0.339694670390452641E-06    0.245069929650458391E+02    0.309769762168041609E+02
    0.449321483158110488E-06    0.239276100774758973E+02    0.304006871142973907E+02
    0.477750339061083422E-06    0.237849107511533511E+02    0.304015793361423157E+02
    0.918831117786339865E-06    0.224568826606061798E+02    0.304100205637298657E+02
    0.132148026525363455E-05    0.217100717361267996E+02    0.309591865239417636E+02
    0.160951461092282340E-05    0.212957114795531410E+02    0.304176178460015763E+02
    0.162271229464050309E-05    0.212593787684550257E+02    0.309562099431093749E+02
    0.254505333844999930E-05    0.203392735630044044E+02    0.304240403883254444E+02
    0.306443110149697064E-05    0.199478528970309910E+02    0.304267144924782933E+02
    0.305406282243449755E-05    0.199346312245840913E+02    0.309472636655589994E+02
    0.327830000074324263E-05    0.197729267876778039E+02    0.304279184733363195E+02
    0.368271046669862893E-05    0.195202787369728803E+02    0.304296673403381881E+02
    0.765578402230973824E-05    0.180366538918361101E+02    0.309338818675511433E+02
    0.775837142996857003E-05    0.179900318890416884E+02    0.309335440153950714E+02
    0.119638281251423981E-04    0.171038012295139268E+02    0.304470375613732820E+02
    0.120812151594008415E-04    0.170642732186109249E+02    0.304473321614926640E+02
    0.141530515750725342E-04    0.167277162591294974E+02    0.304498553233388272E+02
    0.151446080603435378E-04    0.165722876488393780E+02    0.304510296743685025E+02
    0.164836121340777384E-04    0.163828434121226714E+02    0.304524689827928441E+02
    0.178440738128860950E-04    0.162042338711901479E+02    0.304538341099660101E+02
    0.197184657964426020E-04    0.159844656852794778E+02    0.309185441039731934E+02
    0.220413789369490913E-04    0.157417336837874764E+02    0.309166622161865234E+02
    0.331106558295242662E-04    0.149078664609181111E+02    0.304639926103057839E+02
    0.347024850554143328E-04    0.147939541792006288E+02    0.309091615203296435E+02
    0.459877253965707515E-04    0.142108277354849530E+02    0.304696508512571818E+02
    0.495575347813983436E-04    0.140413081519948815E+02    0.309030196246231981E+02
    0.498559459458602263E-04    0.140093012467525533E+02    0.309027545590185468E+02
    0.500714649020734783E-04    0.139806742128464769E+02    0.304715517578833328E+02
    0.507203644186450834E-04    0.139349217888106249E+02    0.309021373230825027E+02
    0.593202081587367020E-04    0.136016767261464402E+02    0.304747190962216763E+02
    0.591747190645978562E-04    0.135865879631303983E+02    0.308992227916520150E+02
    0.678365167518650591E-04    0.132933754886047488E+02    0.308967380670883465E+02
    0.716416033989614664E-04    0.131642248622798164E+02    0.304784347283861052E+02
    0.733411314989918049E-04    0.130973335975307048E+02    0.304790087398328495E+02
    0.733879600388787106E-04    0.130760569988416329E+02    0.304791916522084030E+02
    0.742671819640176916E-04    0.130322384631670225E+02    0.304795688629774872E+02
    0.804314546633683452E-04    0.128527661251736252E+02    0.308929479083513598E+02
    0.108252439096848081E-03    0.122386449814348257E+02    0.304865232614578794E+02
    0.114765504637853548E-03    0.121017948658713994E+02    0.304877470343090806E+02
    0.123559904808630933E-03    0.119341245835492220E+02    0.308848122290840266E+02
    0.123117347420058929E-03    0.119213008895830246E+02    0.304893726755609578E+02
    0.145012144728773183E-03    0.115739417875106732E+02    0.304925394408032098E+02
    0.145079987546464713E-03    0.115530063216861336E+02    0.308813370134815912E+02
    0.155427951407731922E-03    0.113952122003414278E+02    0.308798798411566402E+02
    0.159771687385123362E-03    0.113200850941920201E+02    0.304948867794202059E+02
    0.214287406306760253E-03    0.107129405106332829E+02    0.308734482519171891E+02
    0.222812304038208259E-03    0.106149173166047035E+02    0.305015630738765466E+02
    0.239172571647624859E-03    0.104532060818838737E+02    0.305031282621805033E+02
    0.254600162459506631E-03    0.103081881303970437E+02    0.308695256710052490E+02
    0.256479321451379182E-03    0.102734806923618596E+02    0.305048835873102320E+02
    0.274802638084904348E-03    0.101154704581974038E+02    0.308676280454411476E+02
    0.281755281531667027E-03    0.100454989824409306E+02    0.308669341069730443E+02
    0.328569805083263095E-03    0.971807815523977681E+01    0.308636507019554429E+02
    0.347506682561377945E-03    0.958600898841253368E+01    0.308623088928743776E+02
    0.347784886211291271E-03    0.956440848768878915E+01    0.308620884553702552E+02
    0.357489041442009823E-03    0.948936736212698939E+01    0.305127484868636358E+02
    0.374871076399295726E-03    0.937441243765657362E+01    0.308601374136705786E+02
    0.432233618872522368E-03    0.906964432583724900E+01    0.308569610143666360E+02
    0.433683945512234996E-03    0.904294471351586893E+01    0.308566799083583092E+02
    0.588886879834662428E-03    0.841110855764402032E+01    0.308498860938418069E+02
    0.609570043759363246E-03    0.832206905413675635E+01    0.305251631892698967E+02
    0.608426394139156986E-03    0.830582489420563697E+01    0.305253426772048400E+02
    0.609911479247495295E-03    0.828094911753874285E+01    0.308484510395077045E+02
    0.616604934272789646E-03    0.823911974322014729E+01    0.305260818264662177E+02
    0.648536441248753477E-03    0.811814038820971717E+01    0.308466378521306623E+02
    0.642242627282050096E-03    0.811764446601738854E+01    0.308466322976169920E+02
    0.726494678135671153E-03    0.785111446356358300E+01    0.305304504101479424E+02
    0.797618470283519530E-03    0.764431602742557992E+01    0.308412396439279206E+02
    0.949371199633406663E-03    0.727597703819219177E+01    0.308369089513582395E+02
    0.958726040330608559E-03    0.723636605515633757E+01    0.305376332101931389E+02
    0.961865598690449220E-03    0.720982731762868223E+01    0.305379510843472630E+02
    0.101620279285059498E-02    0.707992036387025170E+01    0.308345520068852217E+02
    0.101582386714165612E-02    0.706066627084242615E+01    0.308343185050495556E+02
    0.102560419201544071E-02    0.702150243176412570E+01    0.305402265614971782E+02
    0.105304543767642382E-02    0.694869345505158265E+01    0.308329531625089750E+02
    0.106092631144132890E-02    0.691378141040804373E+01    0.305415441238987704E+02
    0.107477652481688239E-02    0.686784070871805774E+01    0.308319592859905569E+02
    0.119506711081342394E-02    0.663566153390689895E+01    0.305450023807148447E+02
    0.119536175608729134E-02    0.661516849221143666E+01    0.308288084290732698E+02
    0.122907875718093079E-02    0.653953639915594476E+01    0.305462173883384480E+02
    0.126829983770808266E-02    0.645671163461098718E+01    0.308267962130983655E+02
    0.138485985679349488E-02    0.626086832469522037E+01    0.308242684715096686E+02
    0.142671017811459456E-02    0.618132378259510595E+01    0.305508405687391651E+02
    0.145428745568688001E-02    0.612303410188611519E+01    0.305516077994297461E+02
    0.146636933035457174E-02    0.608648721607298349E+01    0.305520910681749882E+02
    0.150009785675080023E-02    0.602100553324479382E+01    0.308211076599173417E+02
    0.149443092827991966E-02    0.600857525207893151E+01    0.305531271400356985E+02
    0.152345239835111751E-02    0.595010807281949550E+01    0.305539099313463680E+02
    0.182497176943071998E-02    0.556893718465361243E+01    0.308149383315842194E+02
    0.185491112593528487E-02    0.551639265214378671E+01    0.308142018479954487E+02
    0.184796213565212070E-02    0.550389925358536836E+01    0.305600428581237793E+02
    0.183692275919821661E-02    0.549588270467896756E+01    0.305601557525360477E+02
    0.182435922596400186E-02    0.548960858823222875E+01    0.308138247865474000E+02
    0.196478422787905657E-02    0.532130135767948964E+01    0.308114292325157422E+02
    0.198023678500097592E-02    0.528563336899175162E+01    0.305631533520004410E+02
    0.198954601080968737E-02    0.525625326599690634E+01    0.305635780304194107E+02
    0.206042659163461605E-02    0.516624013151212580E+01    0.308091806376260351E+02
    0.222453825865416999E-02    0.499296748110966071E+01    0.308066179412681933E+02
    0.239379329415224072E-02    0.482630770064670322E+01    0.308041001314328184E+02
    0.251152828843152678E-02    0.471028332546354012E+01    0.308023148321423221E+02
    0.256420652875519357E-02    0.464876805037106955E+01    0.305727119948592971E+02
    0.256011413520155573E-02    0.463196253775157540E+01    0.305729750744032636E+02
    0.254195178649113543E-02    0.462620180922216839E+01    0.308010035708336432E+02
    0.269195815595109529E-02    0.449152848525321158E+01    0.307988712954989907E+02
    0.272807048417151058E-02    0.444487706696565255E+01    0.307981231222326848E+02
    0.275692176464927344E-02    0.440383671156725143E+01    0.305766082201499181E+02
    0.275671705637970613E-02    0.438398522203468488E+01    0.305769300460815430E+02
    0.291523449433783981E-02    0.425216569968564340E+01    0.305790913984221291E+02
    0.293887744453013222E-02    0.421601084717352226E+01    0.307943771565875721E+02
    0.291501330881122848E-02    0.421231745002914604E+01    0.305797533330017082E+02
    0.296952671408608334E-02    0.415526105169386195E+01    0.307933606725323834E+02
    0.322767528641482995E-02    0.396854191579384219E+01    0.305838952296683964E+02
    0.322766073741233847E-02    0.394855093097285614E+01    0.305842422928288755E+02
    0.322716344107856334E-02    0.392885910130934546E+01    0.305845853118280431E+02
    0.320892190520251103E-02    0.392019616956730887E+01    0.305847365788222447E+02
    0.320197959501554571E-02    0.390452773691419797E+01    0.307890582241210460E+02
    0.317771733296179359E-02    0.389973998244756714E+01    0.307889743020339850E+02
    0.316918849965172307E-02    0.388511509824012213E+01    0.305853514444910672E+02
    0.320045491349937134E-02    0.384548030053227219E+01    0.305860506274354584E+02
    0.317951160170212074E-02    0.383861101962027762E+01    0.307878966668134488E+02
    0.329480523593983152E-02    0.374737210640057583E+01    0.307862664600980978E+02
    0.327148374448784285E-02    0.374157896789316258E+01    0.305879069191967048E+02
    0.327266705850300316E-02    0.372085568747760176E+01    0.307857876323653876E+02
    0.326351290953477268E-02    0.370645783123637118E+01    0.305885423016536961E+02
    0.328734465726062634E-02    0.367190593318678626E+01    0.305891714113473157E+02
    0.325632761523120392E-02    0.367086609685897969E+01    0.307848785584704387E+02
    0.325707228790243558E-02    0.365040877952205989E+01    0.305895648735704384E+02
    0.342085688293589660E-02    0.353228408035703767E+01    0.307823130666558136E+02
    0.343709186206648740E-02    0.350281477105627514E+01    0.307817585593589698E+02
    0.345457485739877760E-02    0.347266742438493159E+01    0.305928810509272715E+02
    0.344326091569665182E-02    0.345922829490740114E+01    0.305931365513615603E+02
    0.341317441806107983E-02    0.345678067557154156E+01    0.307808858059220043E+02
    0.341285489136818835E-02    0.343696791572457405E+01    0.307805076705028711E+02
    0.352141909891464993E-02    0.335433809794030324E+01    0.305951550999680677E+02
    0.372451201540869832E-02    0.322219453952288726E+01    0.305977630708886466E+02
    0.396258685344401829E-02    0.307827210524624650E+01    0.307733758833756283E+02
    0.395388159301617199E-02    0.306267066452581904E+01    0.306010166961094185E+02
    0.402189076215678752E-02    0.300856195907054591E+01    0.307719203571367395E+02
    0.398849961677412695E-02    0.300523597230040895E+01    0.307718502872574788E+02
    0.412193376541527060E-02    0.291942139330523975E+01    0.306040470211920450E+02
    0.416269559270854034E-02    0.287974053398929186E+01    0.306049062119641988E+02
    0.412501279438428053E-02    0.287792797797156652E+01    0.307691232923699722E+02
    0.422774179244318760E-02    0.280873023028831659E+01    0.306064666307033804E+02
    0.421907318829705356E-02    0.279283526027142104E+01    0.307672488924770278E+02
    0.419564057660185789E-02    0.278397416430109335E+01    0.306070177871220004E+02
    0.420846602664858623E-02    0.275786978671099403E+01    0.307664658615076014E+02
    0.423148946533891037E-02    0.272695811978478808E+01    0.307657671277739198E+02
    0.421116947933543838E-02    0.271658543050445456E+01    0.306085376978656498E+02
    0.418246880832849090E-02    0.271026282849508959E+01    0.307653871524402973E+02
    0.424278113217497685E-02    0.266162825763851751E+01    0.307642696034626297E+02
    0.430030873616775357E-02    0.261469258241133762E+01    0.306108934245911115E+02
    0.447534799276578729E-02    0.251489799597322339E+01    0.306132735317995355E+02
    0.446237064549238806E-02    0.250070590151082284E+01    0.306136182808562296E+02
    0.447927605228691517E-02    0.247314334507852163E+01    0.307597764775784093E+02
    0.455576957047947387E-02    0.241927728657235130E+01    0.306156284790617939E+02
    0.451662211082595570E-02    0.241653743317873726E+01    0.307583718636726999E+02
    0.470901503751609482E-02    0.231310869164729338E+01    0.306183377118580609E+02
    0.467579645095414498E-02    0.230726719673139469E+01    0.307555790812378973E+02
    0.463508329609757172E-02    0.230475788093920730E+01    0.306185553564200958E+02
    0.466232195666166534E-02    0.227303902486899245E+01    0.306193884158746670E+02
    0.475337706174621538E-02    0.221435556926991506E+01    0.307531116111258882E+02
    0.479624166719000346E-02    0.217640097043683056E+01    0.307520767202550331E+02
    0.476794788844040959E-02    0.216823422034209434E+01    0.307518518810316976E+02
    0.472928092997850977E-02    0.216451988549950869E+01    0.307517493630523049E+02
    0.470254998811375519E-02    0.215585639637082949E+01    0.306225593537235738E+02
    0.466183272708129738E-02    0.215324890108722578E+01    0.306226316876416469E+02
    0.462223518830069593E-02    0.215030943069653047E+01    0.307513556371747754E+02
    0.457863580209798282E-02    0.214926403296684354E+01    0.307513265773605404E+02
    0.458398858152225461E-02    0.212692724393823429E+01    0.306233664722953236E+02
    0.455782208387451974E-02    0.211837642837831552E+01    0.306236070051448195E+02
    0.459280264854065867E-02    0.208308534778616483E+01    0.307494594234367113E+02
    0.456275801987198609E-02    0.207621168165247783E+01    0.306248066860989248E+02
    0.453211339854621333E-02    0.206968949167856264E+01    0.307490746368803514E+02
    0.452027479118093187E-02    0.205492064786249395E+01    0.307486476271391282E+02
    0.454870219632417475E-02    0.202238229947409254E+01    0.306263727208743433E+02
    0.458028711895809224E-02    0.198854284909304480E+01    0.306273782384466919E+02
    0.456308769582856183E-02    0.197606717955721911E+01    0.307463157176971436E+02
    0.452990752577877610E-02    0.197066316977064604E+01    0.306279164267255979E+02
    0.451096834686137271E-02    0.195904253782665605E+01    0.307458001086496679E+02
    0.447964292629293454E-02    0.195297954227728354E+01    0.307456153886233601E+02
    0.446096913175328229E-02    0.194133414778886104E+01    0.307452589470224567E+02
    0.451062669656980119E-02    0.189919401892955197E+01    0.307439504735924736E+02
    0.452052380471808842E-02    0.187481047461416450E+01    0.307431794258756312E+02
    0.464159360224525568E-02    0.180195070880727926E+01    0.307408096481495718E+02
    0.462187425984130450E-02    0.179046560732406368E+01    0.307404264970943970E+02
    0.458461968014764118E-02    0.178665191376452359E+01    0.306337703054644663E+02
    0.457900819355920238E-02    0.176910137477152385E+01    0.307397063574164306E+02
    0.453693380563267509E-02    0.176756339951832708E+01    0.306344148300301029E+02
    0.459736888475370357E-02    0.172109790432127130E+01    0.306360177629831583E+02
    0.455909531937980124E-02    0.171781780293193131E+01    0.306361328249403684E+02
    0.453948024308077364E-02    0.170644117767996395E+01    0.306365339345251257E+02
    0.449710736661051123E-02    0.170519745553883761E+01    0.307374909873025750E+02
    0.449667292015275798E-02    0.168539067638445728E+01    0.306372846465744146E+02
    0.448678717680868044E-02    0.166979243126634036E+01    0.306378483080272446E+02
    0.459829289034218141E-02    0.160069597323063717E+01    0.306404271010037377E+02
    0.455861380930949744E-02    0.159802904462168049E+01    0.307335394642601010E+02
    0.454604420810369655E-02    0.158355132087523498E+01    0.306410893747937862E+02
    0.451235727357888073E-02    0.157842683280310125E+01    0.307327797777900216E+02
    0.446749717766187476E-02    0.157840954826835400E+01    0.307327791023582861E+02
    0.442395379763722580E-02    0.157799857968619106E+01    0.307327630399059899E+02
    0.438305526975518115E-02    0.157657415810162638E+01    0.306413616419664656E+02
    0.437939825120907400E-02    0.155824356211029569E+01    0.306420848070655865E+02
    0.433709707932940832E-02    0.155765572370389438E+01    0.306421081906652972E+02
    0.433653272090175727E-02    0.153791598771859772E+01    0.307311683559367630E+02
    0.434792473693519470E-02    0.151266890227981077E+01    0.306439353403273032E+02
    0.431701195974083796E-02    0.150693924696926884E+01    0.307298953223760165E+02
    0.429390102635860381E-02    0.149767492106658406E+01    0.306445617855248855E+02
    0.427397776055182029E-02    0.148697631396078833E+01    0.306450144798395598E+02
    0.427845856217936443E-02    0.146488062947116293E+01    0.307281037506321368E+02
    0.424588078608412450E-02    0.146016764861593740E+01    0.307278980979257383E+02
    0.420459550023754777E-02    0.145971003317623405E+01    0.306461908909671266E+02
    0.416538598167198477E-02    0.145844833288247222E+01    0.306462461487114268E+02
    0.415137737969925417E-02    0.144518586507483526E+01    0.307272373755065402E+02
    0.411583295611406361E-02    0.144238375464554780E+01    0.306469563770474771E+02
    0.407545772378928826E-02    0.144210009039081721E+01    0.307270999343194759E+02
    0.404387563897440436E-02    0.143765912347146330E+01    0.306471676646468794E+02
    0.403185049897615382E-02    0.142361531796369278E+01    0.306478024274935876E+02
    0.399459428120085749E-02    0.142218218604224367E+01    0.307262011837507600E+02
    0.396116550329067910E-02    0.141898961892138575E+01    0.307260552014694284E+02
    0.392257631053512419E-02    0.141856890086945286E+01    0.307260359231055453E+02
    0.388572073991757996E-02    0.141744925036616531E+01    0.307259845714047621E+02
    0.386636742038407597E-02    0.140743539053433375E+01    0.307255222487384216E+02
    0.386180444240209145E-02    0.138979712813191725E+01    0.306493748452013151E+02
    0.385589648187407074E-02    0.137285916007124165E+01    0.307238813570465616E+02
    0.381848771251994557E-02    0.137235730595359140E+01    0.307238570020884296E+02
    0.378383819123491666E-02    0.137058844292550530E+01    0.307237710304937082E+02
    0.377543160456930661E-02    0.135503680386950887E+01    0.306510626305884841E+02
    0.376066010539767830E-02    0.134287721699476825E+01    0.306516720517195580E+02
    0.373240376865409569E-02    0.133796128469194109E+01    0.306519214335683934E+02
    0.371400840207808652E-02    0.132784277047323718E+01    0.306524403966956527E+02
    0.369186882892165013E-02    0.131980064577635026E+01    0.306528584852140362E+02
    0.368162840749394326E-02    0.130535590818891101E+01    0.306536225630170023E+02
    0.365179501122870958E-02    0.130162855965987134E+01    0.306538225802659490E+02
    0.362156083974016305E-02    0.129825601265502399E+01    0.306540046018904313E+02
    0.359384305683244868E-02    0.129362198226629421E+01    0.307198126091931236E+02
    0.356895548913220865E-02    0.128752027505980804E+01    0.306545908251769816E+02
    0.356466345141897255E-02    0.126992692911122385E+01    0.307184938481713701E+02
    0.355383432694385401E-02    0.125601199546430675E+01    0.307176929788936022E+02
    0.351891593129294777E-02    0.125576028464956746E+01    0.306563906664868568E+02
    0.348896203904391043E-02    0.125285765694680018E+01    0.306565604597027921E+02
    0.345650337138036709E-02    0.125155123731957785E+01    0.306566371900206960E+02
    0.345219757099886858E-02    0.123404421015190580E+01    0.307163841806313016E+02
    0.342354502281722300E-02    0.123071307967266774E+01    0.306578883783976330E+02
    0.339813408998933296E-02    0.122561325304123492E+01    0.307158661084487150E+02
    0.337101990190411547E-02    0.122163554068880198E+01    0.306584505426442604E+02
    0.333755558277077508E-02    0.122158886567025982E+01    0.306584534617617663E+02
    0.331061052368054930E-02    0.121780097962839085E+01    0.306586913633900835E+02
    0.328779719734846598E-02    0.121163062956683021E+01    0.306590832332299215E+02
    0.325921715202633425E-02    0.120909216262153252E+01    0.306592460518345931E+02
    0.323744226238581109E-02    0.120249903516404122E+01    0.306596734643964908E+02
    0.321628173096090040E-02    0.119561432009200352E+01    0.307139419405056913E+02
    0.319375654516693835E-02    0.118967057220285199E+01    0.307135441292844149E+02
    0.317119206913599747E-02    0.118385109237854191E+01    0.306609202009344521E+02
    0.314136052270163257E-02    0.118275423374739308E+01    0.307130735736888383E+02
    0.311703761389930728E-02    0.117830008476796455E+01    0.306613029863793969E+02
    0.308839887947979196E-02    0.117676063159971567E+01    0.306614101565154868E+02
    0.306057893927467062E-02    0.117485803305227088E+01    0.306615432297966102E+02
    0.332930795671200225E-02    0.100650396447605339E+01    0.306801128387451172E+02
    0.320790418351815177E-02    0.108079724449570413E+01    0.306693279743194580E+02
    0.334334865867883619E-02    0.998087093356226696E+00    0.306828134176783820E+02
    0.332986988963016170E-02    0.100616642555911273E+01    0.306938683978901707E+02
    0.328643131529106347E-02    0.103242834873316580E+01    0.306751772782276078E+02
    0.334996104524075671E-02    0.994135452684821952E+00    0.306889553142697054E+02
    0.331024926599750562E-02    0.101798590064800765E+01    0.306776026718344887E+02
    0.320292258266965035E-02    0.108390548749327897E+01    0.306690169095111926E+02
    0.332192165550583649E-02    0.101094603288937401E+01    0.306790475987416116E+02
    0.313107720872352752E-02    0.112927868467962478E+01    0.307090991592491704E+02
    0.311407520025083588E-02    0.114016844324033428E+01    0.307099644350706455E+02
    0.319788378844165213E-02    0.108705433779538563E+01    0.306687071635749078E+02
    0.327612319770930220E-02    0.103871134480667093E+01    0.306742651408206726E+02
    0.313643532963918045E-02    0.112585906824442761E+01    0.306652486104949773E+02
    0.329682141180811291E-02    0.102611529615888020E+01    0.306761706414545579E+02
    0.330640759099079572E-02    0.102030832752999734E+01    0.306771723261065432E+02
    0.330001901977999140E-02    0.102417642359983163E+01    0.306975744658797112E+02
    0.332502630342974620E-02    0.100907771788593958E+01    0.306794773160911056E+02
    0.329669516293519451E-02    0.102619188586424093E+01    0.306979109191824513E+02
    0.323625784509086337E-02    0.106319753522943516E+01    0.306712041812439118E+02
    0.334379631585902861E-02    0.997819321574654694E+00    0.306911405831135724E+02
    0.309941514646356860E-02    0.114960602512887378E+01    0.307106887359798186E+02
    0.334888720123728643E-02    0.994776663814351814E+00    0.306845886630523275E+02
    0.334705289624416796E-02    0.995872435289185676E+00    0.306901808466893087E+02
    0.335131756089154884E-02    0.993325747105304302E+00    0.306879259740052355E+02
    0.334633626058126890E-02    0.996300700043465381E+00    0.306836535470420415E+02
    0.320604295625075489E-02    0.108195798204409765E+01    0.306692111756028538E+02
    0.314780548808746502E-02    0.111862180844788806E+01    0.307082181976998605E+02
    0.330920624442028726E-02    0.101861617701089568E+01    0.306774839642400146E+02
    0.325131345876434339E-02    0.105391477593714566E+01    0.306722896198870671E+02
    0.320204239686065067E-02    0.108445517719016604E+01    0.307051065103473242E+02
    0.334825902897429141E-02    0.995151851838171675E+00    0.306843283053977594E+02
    0.328659748404808074E-02    0.103232722715763314E+01    0.306988764324385919E+02
    0.333195747909242586E-02    0.100491296195817825E+01    0.306935322552644472E+02
    0.334098994786309741E-02    0.999498578352711053E+00    0.306918160821389030E+02
    0.327115912997971107E-02    0.104174409545485536E+01    0.306738474171265878E+02
    0.308065203156405402E-02    0.116175034137034783E+01    0.307115893543702470E+02
    0.321886299829048919E-02    0.107397650549346380E+01    0.307040384565054723E+02
    0.335019448306304000E-02    0.993996090055765058E+00    0.306852480482462298E+02
    0.333916725785800197E-02    0.100058998383566466E+01    0.306922080362190997E+02
    0.327296723511979549E-02    0.104063891802690378E+01    0.307000708741354842E+02
    0.331511961323903599E-02    0.101504547682703361E+01    0.306781774778936018E+02
    0.332302335149444426E-02    0.101028285448983102E+01    0.306948715318959984E+02
    0.334077745683747070E-02    0.999625784831371877E+00    0.306822055617894094E+02
    0.334994620062006648E-02    0.994144315267630807E+00    0.306851054210811327E+02
    0.319383651552749594E-02    0.108958716042378789E+01    0.306684617633548342E+02
    0.320328339308459473E-02    0.108368019944185257E+01    0.307050296905123474E+02
    0.324585838137575466E-02    0.105727320868582164E+01    0.307021810321088040E+02
    0.319215530529368650E-02    0.109064022176167974E+01    0.306683606834157700E+02
    0.310411403816420557E-02    0.114657620616006839E+01    0.307104586491313327E+02
    0.331988393536704384E-02    0.101217324146984167E+01    0.306952914675935347E+02
    0.334301176139477092E-02    0.998288636356114978E+00    0.306827289117877733E+02
    0.322394376077512253E-02    0.107082212652302489E+01    0.306703654193624402E+02
    0.334179859268131114E-02    0.999014561947129787E+00    0.306916315742883228E+02
    0.321724186053456637E-02    0.107498403276392618E+01    0.306699249179807794E+02
    0.316440315487938155E-02    0.110810396533898547E+01    0.307073112348697492E+02
    0.324287981080233082E-02    0.105910935660513439E+01    0.307023962047521444E+02
    0.329307420875227155E-02    0.102838981076455926E+01    0.306982663494669126E+02
    0.334664517237074450E-02    0.996116081697942080E+00    0.306837526107465450E+02
    0.332980988230438361E-02    0.100620246772800748E+01    0.306938778191520178E+02
    0.325082798944044144E-02    0.105421342789891503E+01    0.306722534573085390E+02
    0.306812676717388867E-02    0.116989848403394148E+01    0.306618934260040206E+02
    0.310426503050793964E-02    0.114647892321900469E+01    0.307104512239274783E+02
    0.318069090587998812E-02    0.109783600926438729E+01    0.306676841090446004E+02
    0.311133235025187358E-02    0.114193080186774476E+01    0.306639675486541563E+02
    0.330514379014268996E-02    0.102107292923428372E+01    0.306970342685938675E+02
    0.313710974501699678E-02    0.112542906232440121E+01    0.307087850433257579E+02
    0.334821265559333975E-02    0.995179552026057013E+00    0.306843100692701753E+02
    0.329603652292668895E-02    0.102659150170913183E+01    0.306760925649730396E+02
    0.334665816522900861E-02    0.996108317006812349E+00    0.306903121227318501E+02
    0.324963650868446800E-02    0.105494659444088024E+01    0.307019039114682748E+02
    0.327166104013999282E-02    0.104143724908083479E+01    0.307001798877083303E+02
    0.328135039040745912E-02    0.103552280352772885E+01    0.306747195930430152E+02
    0.323087310740729919E-02    0.106652806245548692E+01    0.306708324564931019E+02
    0.311296122265561880E-02    0.114088401805406225E+01    0.307100201525632137E+02
    0.311452151983735966E-02    0.113988181714630654E+01    0.307099420792132314E+02
    0.332409341314354560E-02    0.100963892919335319E+01    0.306947232534812500E+02
    0.334136610791376746E-02    0.999273412229908065E+00    0.306917311501859302E+02
    0.307242703872081515E-02    0.116709725640148076E+01    0.307119755706054178E+02
    0.332250141129997179E-02    0.101059701489953380E+01    0.306949428654511784E+02
    0.309406085878551930E-02    0.115306404386173811E+01    0.307109486356525174E+02
    0.333046517017892120E-02    0.100580891768901459E+01    0.306802947317431638E+02
    0.322759006073014857E-02    0.106856139259887395E+01    0.306706096490929383E+02
    0.312273004912516508E-02    0.113461761772380720E+01    0.306645414270575536E+02
    0.334362033384512413E-02    0.997924583156618805E+00    0.306828828097911277E+02
    0.334141386019160816E-02    0.999244829946444479E+00    0.306823487065869074E+02
    0.320507506376602972E-02    0.108256186579046454E+01    0.306691507117222883E+02
    0.308659241530072044E-02    0.115789747928584252E+01    0.306627617187292643E+02
    0.329994613130378013E-02    0.102422059866715331E+01    0.306764870101857738E+02
    0.334724684961333792E-02    0.995756543634145119E+00    0.306839546656640110E+02
    0.326796255977986451E-02    0.104369944701803119E+01    0.307004839964654970E+02
    0.335124044496119562E-02    0.993371768895966234E+00    0.306860550479832526E+02
    0.324540592665939010E-02    0.105755201706312763E+01    0.306718550642836973E+02
    0.327299800596183698E-02    0.104062011509049235E+01    0.307000682955695829E+02
    0.317972241327538034E-02    0.109844508453260858E+01    0.307064410412368538E+02
    0.316103566166624607E-02    0.111023345777670968E+01    0.307074981085076146E+02
    0.306570997097781878E-02    0.117147452619111059E+01    0.306617816144624982E+02
    0.313071198209365336E-02    0.112951198964672495E+01    0.307091180525360592E+02
    0.334282816985694269E-02    0.998398475382931583E+00    0.306913854176976457E+02
    0.332681162509746971E-02    0.100800413688184909E+01    0.306797356793737634E+02
