    0.308848122290840266E+02   -0.596706229177461100E+01
    0.308623088928743776E+02   -0.479300449420626684E+01
    0.308620884553702552E+02   -0.478220424384439458E+01
    0.308498860938418069E+02   -0.420555427882201016E+01
    0.305260818264662177E+02   -0.411955987161007364E+01
    0.308466322976169920E+02   -0.405882223300869427E+01
    0.305376332101931389E+02   -0.361818302757816879E+01
    0.308343185050495556E+02   -0.353033313542121308E+01
    0.305402265614971782E+02   -0.351075121588206285E+01
    0.305462173883384480E+02   -0.326976819957797238E+01
    0.305600428581237793E+02   -0.275194962679268418E+01
    0.305601557525360477E+02   -0.274794135233948378E+01
    0.308114292325157422E+02   -0.266065067883974482E+01
    0.305631533520004410E+02   -0.264281668449587581E+01
    0.305635780304194107E+02   -0.262812663299845317E+01
    0.308066179412681933E+02   -0.249648374055483036E+01
    0.308041001314328184E+02   -0.241315385032335161E+01
    0.305727119948592971E+02   -0.232438402518553477E+01
    0.305729750744032636E+02   -0.231598126887578770E+01
    0.305766082201499181E+02   -0.220191835578362571E+01
    0.305790913984221291E+02   -0.212608284984282170E+01
    0.307943771565875721E+02   -0.210800542358676113E+01
    0.305797533330017082E+02   -0.210615872501457302E+01
    0.307933606725323834E+02   -0.207763052584693098E+01
    0.305838952296683964E+02   -0.198427095789692109E+01
    0.305842422928288755E+02   -0.197427546548642807E+01
    0.305845853118280431E+02   -0.196442955065467273E+01
    0.305847365788222447E+02   -0.196009808478365444E+01
    0.307890582241210460E+02   -0.195226386845709898E+01
    0.307889743020339850E+02   -0.194986999122378357E+01
    0.305853514444910672E+02   -0.194255754912006107E+01
    0.305860506274354584E+02   -0.192274015026613609E+01
    0.307878966668134488E+02   -0.191930550981013881E+01
    0.307862664600980978E+02   -0.187368605320028792E+01
    0.305879069191967048E+02   -0.187078948394658129E+01
    0.307857876323653876E+02   -0.186042784373880088E+01
    0.305885423016536961E+02   -0.185322891561818559E+01
    0.305891714113473157E+02   -0.183595296659339313E+01
    0.307848785584704387E+02   -0.183543304842948984E+01
    0.305895648735704384E+02   -0.182520438976102994E+01
    0.307823130666558136E+02   -0.176614204017851883E+01
    0.307817585593589698E+02   -0.175140738552813757E+01
    0.305928810509272715E+02   -0.173633371219246579E+01
    0.305931365513615603E+02   -0.172961414745370057E+01
    0.307808858059220043E+02   -0.172839033778577078E+01
    0.307805076705028711E+02   -0.171848395786228703E+01
    0.305951550999680677E+02   -0.167716904897015162E+01
    0.305977630708886466E+02   -0.161109726976144363E+01
    0.307733758833756283E+02   -0.153913605262312325E+01
    0.306010166961094185E+02   -0.153133533226290952E+01
    0.307719203571367395E+02   -0.150428097953527296E+01
    0.307718502872574788E+02   -0.150261798615020448E+01
    0.306040470211920450E+02   -0.145971069665261988E+01
    0.306049062119641988E+02   -0.143987026699464593E+01
    0.306049062119641988E+02   -0.143987026699464593E+01
    0.307691232923699722E+02   -0.143896398898578326E+01
    0.306064666307033804E+02   -0.140436511514415829E+01
    0.307672488924770278E+02   -0.139641763013571052E+01
    0.306070177871220004E+02   -0.139198708215054667E+01
    0.307664658615076014E+02   -0.137893489335549702E+01
    0.307657671277739198E+02   -0.136347905989239404E+01
    0.306085376978656498E+02   -0.135829271525222728E+01
    0.307653871524402973E+02   -0.135513141424754480E+01
    0.307642696034626297E+02   -0.133081412881925876E+01
    0.307642696034626297E+02   -0.133081412881925876E+01
    0.306108934245911115E+02   -0.130734629120566881E+01
    0.306132735317995355E+02   -0.125744899798661169E+01
    0.306132735317995355E+02   -0.125744899798661169E+01
    0.306136182808562296E+02   -0.125035295075541142E+01
    0.307597764775784093E+02   -0.123657167253926081E+01
    0.306156284790617939E+02   -0.120963864328617565E+01
    0.307583718636726999E+02   -0.120826871658936863E+01
    0.307583718636726999E+02   -0.120826871658936863E+01
    0.306183377118580609E+02   -0.115655434582364669E+01
    0.307555790812378973E+02   -0.115363359836569734E+01
    0.306185553564200958E+02   -0.115237894046960365E+01
    0.306193884158746670E+02   -0.113651951243449623E+01
    0.306193884158746670E+02   -0.113651951243449623E+01
    0.307531116111258882E+02   -0.110717778463495753E+01
    0.307520767202550331E+02   -0.108820048521841528E+01
    0.307518518810316976E+02   -0.108411711017104717E+01
    0.307518518810316976E+02   -0.108411711017104717E+01
    0.307517493630523049E+02   -0.108225994274975434E+01
    0.307517493630523049E+02   -0.108225994274975434E+01
    0.306225593537235738E+02   -0.107792819818541474E+01
    0.306225593537235738E+02   -0.107792819818541474E+01
    0.306226316876416469E+02   -0.107662445054361289E+01
    0.307513556371747754E+02   -0.107515471534826523E+01
    0.307513265773605404E+02   -0.107463201648342177E+01
    0.307513265773605404E+02   -0.107463201648342177E+01
    0.306233664722953236E+02   -0.106346362196911715E+01
    0.306236070051448195E+02   -0.105918821418915776E+01
    0.306236070051448195E+02   -0.105918821418915776E+01
    0.307494594234367113E+02   -0.104154267389308242E+01
    0.307494594234367113E+02   -0.104154267389308242E+01
    0.306248066860989248E+02   -0.103810584082623891E+01
    0.307490746368803514E+02   -0.103484474583928132E+01
    0.307486476271391282E+02   -0.102746032393124698E+01
    0.307486476271391282E+02   -0.102746032393124698E+01
    0.306263727208743433E+02   -0.101119114973704627E+01
    0.306273782384466919E+02   -0.994271424546522398E+00
    0.307463157176971436E+02   -0.988033589778609556E+00
    0.306279164267255979E+02   -0.985331584885323020E+00
    0.307458001086496679E+02   -0.979521268913328025E+00
    0.307458001086496679E+02   -0.979521268913328025E+00
    0.307456153886233601E+02   -0.976489771138641771E+00
    0.307456153886233601E+02   -0.976489771138641771E+00
    0.307452589470224567E+02   -0.970667073894430521E+00
    0.307452589470224567E+02   -0.970667073894430521E+00
    0.307439504735924736E+02   -0.949597009464775987E+00
    0.307439504735924736E+02   -0.949597009464775987E+00
    0.307431794258756312E+02   -0.937405237307082251E+00
    0.307431794258756312E+02   -0.937405237307082251E+00
    0.307408096481495718E+02   -0.900975354403639628E+00
    0.307404264970943970E+02   -0.895232803662031840E+00
    0.306337703054644663E+02   -0.893325956882261796E+00
    0.306337703054644663E+02   -0.893325956882261796E+00
    0.307397063574164306E+02   -0.884550687385761925E+00
    0.306344148300301029E+02   -0.883781699759163542E+00
    0.306360177629831583E+02   -0.860548952160635650E+00
    0.306361328249403684E+02   -0.858908901465965657E+00
    0.306361328249403684E+02   -0.858908901465965657E+00
    0.306365339345251257E+02   -0.853220588839981975E+00
    0.306365339345251257E+02   -0.853220588839981975E+00
    0.307374909873025750E+02   -0.852598727769418807E+00
    0.307374909873025750E+02   -0.852598727769418807E+00
    0.306372846465744146E+02   -0.842695338192228638E+00
    0.306372846465744146E+02   -0.842695338192228638E+00
    0.306378483080272446E+02   -0.834896215633170180E+00
    0.306404271010037377E+02   -0.800347986615318585E+00
    0.307335394642601010E+02   -0.799014522310840247E+00
    0.306410893747937862E+02   -0.791775660437617490E+00
    0.307327797777900216E+02   -0.789213416401550627E+00
    0.307327791023582861E+02   -0.789204774134177001E+00
    0.307327630399059899E+02   -0.788999289843095530E+00
    0.306413616419664656E+02   -0.788287079050813189E+00
    0.306420848070655865E+02   -0.779121781055147844E+00
    0.306421081906652972E+02   -0.778827861851947190E+00
    0.306421081906652972E+02   -0.778827861851947190E+00
    0.307311683559367630E+02   -0.768957993859298861E+00
    0.307311683559367630E+02   -0.768957993859298861E+00
    0.306439353403273032E+02   -0.756334451139905384E+00
    0.307298953223760165E+02   -0.753469623484634421E+00
    0.306445617855248855E+02   -0.748837460533292032E+00
    0.306450144798395598E+02   -0.743488156980394166E+00
    0.307281037506321368E+02   -0.732440314735581466E+00
    0.307278980979257383E+02   -0.730083824307968698E+00
    0.307278980979257383E+02   -0.730083824307968698E+00
    0.306461908909671266E+02   -0.729855016588117023E+00
    0.306462461487114268E+02   -0.729224166441236110E+00
    0.307272373755065402E+02   -0.722592932537417632E+00
    0.307272373755065402E+02   -0.722592932537417632E+00
    0.306469563770474771E+02   -0.721191877322773900E+00
    0.307270999343194759E+02   -0.721050045195408607E+00
    0.306471676646468794E+02   -0.718829561735731648E+00
    0.306478024274935876E+02   -0.711807658981846392E+00
    0.307262011837507600E+02   -0.711091093021121834E+00
    0.307262011837507600E+02   -0.711091093021121834E+00
    0.307260552014694284E+02   -0.709494809460692877E+00
    0.307260359231055453E+02   -0.709284450434726432E+00
    0.307259845714047621E+02   -0.708724625183082657E+00
    0.307255222487384216E+02   -0.703717695267166876E+00
    0.306493748452013151E+02   -0.694898564065958624E+00
    0.307238813570465616E+02   -0.686429580035620823E+00
    0.307238570020884296E+02   -0.686178652976795700E+00
    0.307237710304937082E+02   -0.685294221462752651E+00
    0.307237710304937082E+02   -0.685294221462752651E+00
    0.306510626305884841E+02   -0.677518401934754433E+00
    0.306516720517195580E+02   -0.671438608497384126E+00
    0.306519214335683934E+02   -0.668980642345970544E+00
    0.306524403966956527E+02   -0.663921385236618589E+00
    0.306528584852140362E+02   -0.659900322888175128E+00
    0.306536225630170023E+02   -0.652677954094455504E+00
    0.306538225802659490E+02   -0.650814279829935671E+00
    0.306540046018904313E+02   -0.649128006327511997E+00
    0.307198126091931236E+02   -0.646810991133147106E+00
    0.306545908251769816E+02   -0.643760137529904020E+00
    0.307184938481713701E+02   -0.634963464555611923E+00
    0.307176929788936022E+02   -0.628005997732153376E+00
    0.306563906664868568E+02   -0.627880142324783730E+00
    0.306565604597027921E+02   -0.626428828473400090E+00
    0.306566371900206960E+02   -0.625775618659788924E+00
    0.307163841806313016E+02   -0.617022105075952898E+00
    0.306578883783976330E+02   -0.615356539836333871E+00
    0.307158661084487150E+02   -0.612806626520617459E+00
    0.306584505426442604E+02   -0.610817770344400990E+00
    0.306584534617617663E+02   -0.610794432835129908E+00
    0.306586913633900835E+02   -0.608900489814195423E+00
    0.306590832332299215E+02   -0.605815314783415104E+00
    0.306592460518345931E+02   -0.604546081310766259E+00
    0.306596734643964908E+02   -0.601249517582020609E+00
    0.307139419405056913E+02   -0.597807160046001762E+00
    0.307135441292844149E+02   -0.594835286101425997E+00
    0.306609202009344521E+02   -0.591925546189270957E+00
    0.307130735736888383E+02   -0.591377116873696540E+00
    0.306613029863793969E+02   -0.589150042383982275E+00
    0.306614101565154868E+02   -0.588380315799857834E+00
    0.306615432297966102E+02   -0.587429016526135439E+00
    0.306801128387451172E+02   -0.503251982238026696E+00
    0.306693279743194580E+02   -0.540398622247852067E+00
    0.306828134176783820E+02   -0.499043546678113348E+00
    0.306938683978901707E+02   -0.503083212779556366E+00
    0.306751772782276078E+02   -0.516214174366582901E+00
    0.306889553142697054E+02   -0.497067726342410976E+00
    0.306776026718344887E+02   -0.508992950324003823E+00
    0.306690169095111926E+02   -0.541952743746639487E+00
    0.306790475987416116E+02   -0.505473016444687007E+00
    0.307090991592491704E+02   -0.564639342339812389E+00
    0.307099644350706455E+02   -0.570084221620167142E+00
    0.306687071635749078E+02   -0.543527168897692814E+00
    0.306742651408206726E+02   -0.519355672403335467E+00
    0.306652486104949773E+02   -0.562929534122213804E+00
    0.306761706414545579E+02   -0.513057648079440098E+00
    0.306771723261065432E+02   -0.510154163764998669E+00
    0.306975744658797112E+02   -0.512088211799915816E+00
    0.306794773160911056E+02   -0.504538858942969792E+00
    0.306979109191824513E+02   -0.513095942932120463E+00
    0.306712041812439118E+02   -0.531598767614717582E+00
    0.306911405831135724E+02   -0.498909660787327347E+00
    0.307106887359798186E+02   -0.574803012564436888E+00
    0.306845886630523275E+02   -0.497388331907175907E+00
    0.306901808466893087E+02   -0.497936217644592838E+00
    0.306879259740052355E+02   -0.496662873552652151E+00
    0.306836535470420415E+02   -0.498150350021732691E+00
    0.306692111756028538E+02   -0.540978991022048827E+00
    0.307082181976998605E+02   -0.559310904223944028E+00
    0.306774839642400146E+02   -0.509308088505447842E+00
    0.306722896198870671E+02   -0.526957387968572832E+00
    0.307051065103473242E+02   -0.542227588595083021E+00
    0.306843283053977594E+02   -0.497575925919085837E+00
    0.306988764324385919E+02   -0.516163613578816571E+00
    0.306935322552644472E+02   -0.502456480979089126E+00
    0.306918160821389030E+02   -0.499749289176355527E+00
    0.306738474171265878E+02   -0.520872047727427678E+00
    0.307115893543702470E+02   -0.580875170685173914E+00
    0.306852480482462298E+02   -0.496998045027882529E+00
    0.306922080362190997E+02   -0.500294991917832332E+00
    0.307000708741354842E+02   -0.520319459013451890E+00
    0.306781774778936018E+02   -0.507522738413516805E+00
    0.306948715318959984E+02   -0.505141427244915509E+00
    0.306822055617894094E+02   -0.499812892415685939E+00
    0.306851054210811327E+02   -0.497072157633815404E+00
    0.306684617633548342E+02   -0.544793580211893946E+00
    0.307050296905123474E+02   -0.541840099720926283E+00
    0.307021810321088040E+02   -0.528636604342910821E+00
    0.306683606834157700E+02   -0.545320110880839870E+00
    0.307104586491313327E+02   -0.573288103080034195E+00
    0.306952914675935347E+02   -0.506086620734920833E+00
    0.306827289117877733E+02   -0.499144318178057489E+00
    0.306703654193624402E+02   -0.535411063261512443E+00
    0.306916315742883228E+02   -0.499507280973564893E+00
    0.306699249179807794E+02   -0.537492016381963089E+00
    0.307073112348697492E+02   -0.554051982669492737E+00
    0.307023962047521444E+02   -0.529554678302567194E+00
    0.306982663494669126E+02   -0.514194905382279632E+00
    0.306837526107465450E+02   -0.498058040848971040E+00
    0.306938778191520178E+02   -0.503101233864003738E+00
    0.306722534573085390E+02   -0.527106713949457517E+00
    0.306618934260040206E+02   -0.584949242016970739E+00
    0.307104512239274783E+02   -0.573239461609502343E+00
    0.306639675486541563E+02   -0.570965400933872380E+00
    0.306970342685938675E+02   -0.510536464617141861E+00
    0.307087850433257579E+02   -0.562714531162200604E+00
    0.306843100692701753E+02   -0.497589776013028506E+00
    0.306760925649730396E+02   -0.513295750854565913E+00
    0.306903121227318501E+02   -0.498054158503406175E+00
    0.307019039114682748E+02   -0.527473297220440118E+00
    0.307001798877083303E+02   -0.520718624540417396E+00
    0.306747195930430152E+02   -0.517761401763864426E+00
    0.306708324564931019E+02   -0.533264031227743462E+00
    0.307100201525632137E+02   -0.570442009027031127E+00
    0.307099420792132314E+02   -0.569940908573153271E+00
    0.306947232534812500E+02   -0.504819464596676593E+00
    0.306917311501859302E+02   -0.499636706114954032E+00
    0.306949428654511784E+02   -0.505298507449766898E+00
    0.307109486356525174E+02   -0.576532021930869054E+00
    0.306802947317431638E+02   -0.502904458844507296E+00
    0.306706096490929383E+02   -0.534280696299436975E+00
    0.306645414270575536E+02   -0.567308808861903602E+00
    0.306828828097911277E+02   -0.498962291578309403E+00
    0.306823487065869074E+02   -0.499622414973222240E+00
    0.306691507117222883E+02   -0.541280932895232270E+00
    0.306627617187292643E+02   -0.578948739642921262E+00
    0.306764870101857738E+02   -0.512110299333576657E+00
    0.306839546656640110E+02   -0.497878271817072560E+00
    0.307004839964654970E+02   -0.521849723509015595E+00
    0.306860550479832526E+02   -0.496685884447983117E+00
    0.306718550642836973E+02   -0.528776008531563813E+00
    0.307000682955695829E+02   -0.520310057545246174E+00
    0.307064410412368538E+02   -0.549222542266304292E+00
    0.307074981085076146E+02   -0.555116728888354838E+00
    0.306617816144624982E+02   -0.585737263095555294E+00
    0.307091180525360592E+02   -0.564755994823362473E+00
    0.306913854176976457E+02   -0.499199237691465791E+00
    0.306797356793737634E+02   -0.504002068440924544E+00
