    0.398761487007141113E+02   -0.362002552294084616E+07   -0.460515351937698814E+01    1
    0.394025135040283203E+02   -0.330175206610179227E+07   -0.461515351937698259E+01    1
    0.393886363506317139E+02   -0.329264768707674323E+07   -0.462515351937698149E+01    1
    0.392617774009704590E+02   -0.321000205551756686E+07   -0.463515351937698661E+01    1
    0.390231990814208984E+02   -0.305741926938458858E+07   -0.464515351937698728E+01    1
    0.388083207607269287E+02   -0.292317382047073310E+07   -0.465515351937698174E+01    1
    0.201167619228363037E+02   -0.277891642739384528E+07   -0.466515351937698153E+01    1
    0.385454833507537842E+02   -0.276306372736264998E+07   -0.467515351937698398E+01    1
    0.384426999092102051E+02   -0.270167860285593523E+07   -0.468515351937698377E+01    1
    0.202941620349884033E+02   -0.267309495552643202E+07   -0.469515351937698444E+01    1
    0.203562510013580322E+02   -0.263654336774695572E+07   -0.470515351937698423E+01    1
    0.204117071628570557E+02   -0.260410923427711613E+07   -0.471515351937698135E+01    1
    0.382755196094512939E+02   -0.260330684172034869E+07   -0.472515351937698025E+01    1
    0.382503938674926758E+02   -0.258868011577253323E+07   -0.473515351937698448E+01    1
    0.205312490463256836E+02   -0.253487661090509500E+07   -0.474515351937698782E+01    1
    0.380807209014892578E+02   -0.249098520853836183E+07   -0.475515351937698494E+01    1
    0.380601537227630615E+02   -0.247927066035468830E+07   -0.476515351937698117E+01    1
    0.206612026691436768E+02   -0.246067219045946049E+07   -0.477515351937698451E+01    1
    0.376530981063842773E+02   -0.225310286167464592E+07   -0.478515351937698341E+01    1
    0.373872113227844238E+02   -0.211121060721688950E+07   -0.479515351937697876E+01    1
    0.371951866149902344E+02   -0.201160504859269108E+07   -0.480515351937698032E+01    1
    0.371794533729553223E+02   -0.200355070197227714E+07   -0.481515351937698277E+01    1
    0.216835284233093262E+02   -0.191536262900899979E+07   -0.482515351937698345E+01    1
    0.216861927509307861E+02   -0.191403060039446852E+07   -0.483515351937698323E+01    1
    0.369803869724273682E+02   -0.190303778667846718E+07   -0.484515351937698480E+01    1
    0.217136371135711670E+02   -0.190033677938363748E+07   -0.485515351937698814E+01    1
    0.369608092308044434E+02   -0.189329226398402336E+07   -0.486515351937698437E+01    1
    0.369139838218688965E+02   -0.187008471549130557E+07   -0.487515351937698149E+01    1
    0.368414032459259033E+02   -0.183439526745807822E+07   -0.488515351937698572E+01    1
    0.219408190250396729E+02   -0.178886847393470304E+07   -0.489515351937698817E+01    1
    0.367376840114593506E+02   -0.178399103782677487E+07   -0.490515351937698973E+01    1
    0.220636653900146484E+02   -0.172999643803884345E+07   -0.491515351937698775E+01    1
    0.365677022933959961E+02   -0.170290373031162960E+07   -0.492515351937698220E+01    1
    0.362799549102783203E+02   -0.156993654245121870E+07   -0.493515351937698199E+01    1
    0.224684190750122070E+02   -0.154299448824470653E+07   -0.494515351937698799E+01    1
    0.361607170104980469E+02   -0.151642084190165321E+07   -0.495515351937699045E+01    1
    0.360023653507232666E+02   -0.144678489745710441E+07   -0.496515351937698846E+01    1
    0.226991641521453857E+02   -0.144117269210021663E+07   -0.497515351937698824E+01    1
    0.358837866783142090E+02   -0.139571103241728898E+07   -0.498515351937698359E+01    1
    0.228615498542785645E+02   -0.137159956165247527E+07   -0.499515351937698426E+01    1
    0.358211576938629150E+02   -0.136910603896948346E+07   -0.500515351937698583E+01    1
    0.358073830604553223E+02   -0.136328887784042512E+07   -0.501515351937698384E+01    1
    0.356826496124267578E+02   -0.131117657571121119E+07   -0.502515351937698451E+01    1
    0.355917859077453613E+02   -0.127385403119372157E+07   -0.503515351937698608E+01    1
    0.232166278362274170E+02   -0.122546520266314223E+07   -0.504515351937698409E+01    1
    0.234275400638580322E+02   -0.114255899375914549E+07   -0.505515351937698298E+01    1
    0.352457082271575928E+02   -0.113663666204827884E+07   -0.506515351937698455E+01    1
    0.351699519157409668E+02   -0.110764275659040711E+07   -0.507515351937697989E+01    1
    0.235720658302307129E+02   -0.108742475355043658E+07   -0.508515351937698501E+01    1
    0.351154744625091553E+02   -0.108702436917128810E+07   -0.509515351937699013E+01    1
    0.235988831520080566E+02   -0.107734434129760391E+07   -0.510515351937699080E+01    1
    0.236852467060089111E+02   -0.104519999525311298E+07   -0.511515351937698348E+01    1
    0.349954164028167725E+02   -0.104226919230911741E+07   -0.512515351937698238E+01    1
    0.237302672863006592E+02   -0.102863646571140748E+07   -0.513515351937698394E+01    1
    0.349079191684722900E+02   -0.101024471103133948E+07   -0.514515351937697751E+01    1
    0.347806286811828613E+02   -0.964547961102077388E+06   -0.515515351937698085E+01    1
    0.239859592914581299E+02   -0.937074162350454135E+06   -0.516515351937698330E+01    1
    0.346002829074859619E+02   -0.901615269048891962E+06   -0.517515351937698220E+01    1
    0.345910549163818359E+02   -0.898452201812298736E+06   -0.518515351937698643E+01    1
    0.344554471969604492E+02   -0.852611110825766926E+06   -0.519515351937698533E+01    1
    0.242437481880187988E+02   -0.849081006369533599E+06   -0.520515351937697623E+01    1
    0.344331336021423340E+02   -0.845183183856064104E+06   -0.521515351937698224E+01    1
    0.243619811534881592E+02   -0.810174541616789182E+06   -0.522515351937697670E+01    1
    0.343262505531311035E+02   -0.810053774427956552E+06   -0.523515351937698092E+01    1
    0.342901933193206787E+02   -0.798370997899348033E+06   -0.524515351937698071E+01    1
    0.342770075798034668E+02   -0.794119923985845759E+06   -0.525515351937698583E+01    1
    0.342748081684112549E+02   -0.793411939522859291E+06   -0.526515351937698739E+01    1
    0.342349410057067871E+02   -0.780633543031141860E+06   -0.527515351937698007E+01    1
    0.244589745998382568E+02   -0.778938580821164651E+06   -0.528515351937697542E+01    1
    0.342092072963714600E+02   -0.772440357353998697E+06   -0.529515351937697609E+01    1
    0.341499352455139160E+02   -0.753733556828115485E+06   -0.530515351937697677E+01    1
    0.245943152904510498E+02   -0.736379417362163076E+06   -0.531515351937698188E+01    1
    0.340782701969146729E+02   -0.731421658019098220E+06   -0.532515351937698078E+01    1
    0.338782298564910889E+02   -0.670915769663520972E+06   -0.533515351937697613E+01    1
    0.338557255268096924E+02   -0.664272369274536963E+06   -0.534515351937697680E+01    1
    0.338304126262664795E+02   -0.656839366063222056E+06   -0.535515351937698103E+01    1
    0.248876571655273438E+02   -0.648239296442150371E+06   -0.536515351937698171E+01    1
    0.337265980243682861E+02   -0.626792239495834801E+06   -0.537515351937698238E+01    1
    0.337255513668060303E+02   -0.626492886670711800E+06   -0.538515351937698128E+01    1
    0.250149035453796387E+02   -0.611752344242987456E+06   -0.539515351937698018E+01    1
    0.250189399719238281E+02   -0.610612223309560213E+06   -0.540515351937698263E+01    1
    0.250430130958557129E+02   -0.603834661461081589E+06   -0.541515351937698153E+01    1
    0.250889062881469727E+02   -0.591018658322468516E+06   -0.542515351937697865E+01    1
    0.335960686206817627E+02   -0.590011330754751340E+06   -0.543515351937697933E+01    1
    0.334556031227111816E+02   -0.551672913021772169E+06   -0.544515351937698178E+01    1
    0.252535176277160645E+02   -0.546180650197313982E+06   -0.545515351937698245E+01    1
    0.333752226829528809E+02   -0.530313357286359882E+06   -0.546515351937698401E+01    1
    0.253220033645629883E+02   -0.528047015532393125E+06   -0.547515351937698025E+01    1
    0.333649635009322907E+02   -0.527617524973666295E+06   -0.548515351937698004E+01    1
    0.253263745824437798E+02   -0.526899999409334967E+06   -0.549515351937697805E+01    1
    0.333530247211456299E+02   -0.524488989446496940E+06   -0.550515351937697694E+01    1
    0.332771170139312744E+02   -0.504815138016686193E+06   -0.551515351937698295E+01    1
    0.332410740852355957E+02   -0.495605175919371308E+06   -0.552515351937698185E+01    1
    0.255106222629547119E+02   -0.479687238338856201E+06   -0.553515351937698163E+01    1
    0.256611919403076172E+02   -0.442749633480740420E+06   -0.554515351937698142E+01    1
    0.257001447677612305E+02   -0.433434698540026438E+06   -0.555515351937698032E+01    1
    0.329865729808807373E+02   -0.432986366236075468E+06   -0.556515351937698544E+01    1
    0.257838681240681673E+02   -0.413748821360617876E+06   -0.557515351937698611E+01    1
    0.328554577606618494E+02   -0.402376166885151761E+06   -0.558515351937698146E+01    1
    0.328374278545379639E+02   -0.398254660460893705E+06   -0.559515351937697680E+01    1
    0.259088146686553955E+02   -0.385221042360986641E+06   -0.560515351937697748E+01    1
    0.259984624385833740E+02   -0.365380526012317860E+06   -0.561515351937697904E+01    1
    0.326483440399169922E+02   -0.356309556899693678E+06   -0.562515351937698060E+01    1
    0.326459860801696777E+02   -0.355801215043435979E+06   -0.563515351937698039E+01    1
    0.326142537593841553E+02   -0.348995492405946949E+06   -0.564515351937698284E+01    1
    0.325997185707092285E+02   -0.345900036477461923E+06   -0.565515351937698085E+01    1
    0.325837397575378418E+02   -0.342513054741383181E+06   -0.566515351937697975E+01    1
    0.325730001926422119E+02   -0.340245985694033152E+06   -0.567515351937697954E+01    1
    0.325053751468658447E+02   -0.326143625232585589E+06   -0.568515351937697666E+01    1
    0.262272298336029053E+02   -0.317127878380503505E+06   -0.569515351937697734E+01    1
    0.262298679351806641E+02   -0.316591361560273392E+06   -0.570515351937697890E+01    1
    0.262706828117370605E+02   -0.308348626819156285E+06   -0.571515351937697780E+01    1
    0.262805879116058350E+02   -0.306364646499020746E+06   -0.572515351937697403E+01    1
    0.323606911709587592E+02   -0.296974093065331108E+06   -0.573515351937697382E+01    1
    0.263533639907836914E+02   -0.291984058615940856E+06   -0.574515351937697805E+01    1
    0.263699722939803927E+02   -0.288750699105572305E+06   -0.575515351937698227E+01    1
    0.263923180103302002E+02   -0.284428769298669591E+06   -0.576515351937698384E+01    1
    0.264041006565093994E+02   -0.282162987800334406E+06   -0.577515351937697918E+01    1
    0.264162206649780273E+02   -0.279841786848994729E+06   -0.578515351937698075E+01    1
    0.322481477260589600E+02   -0.275229160249701235E+06   -0.579515351937698409E+01    1
    0.322470712661743164E+02   -0.275025165115038049E+06   -0.580515351937698565E+01    1
    0.322201327792759997E+02   -0.269944801889866183E+06   -0.581515351937698366E+01    1
    0.321525073051452637E+02   -0.257399934372106596E+06   -0.582515351937698256E+01    1
    0.265452874063136122E+02   -0.255717882835430268E+06   -0.583515351937698412E+01    1
    0.265988075733184814E+02   -0.246033335169737897E+06   -0.584515351937698391E+01    1
    0.266425553989970076E+02   -0.238255981465787452E+06   -0.585515351937697837E+01    1
    0.266464138031005859E+02   -0.237576041008394182E+06   -0.586515351937697371E+01    1
    0.267568838596343994E+02   -0.218520840474447934E+06   -0.587515351937697705E+01    1
    0.268126738071441650E+02   -0.209200242114140477E+06   -0.588515351937697684E+01    1
    0.268145581489507876E+02   -0.208888979668544373E+06   -0.589515351937697751E+01    1
    0.268362689018249512E+02   -0.205319436830388091E+06   -0.590515351937697286E+01    1
    0.268377852439880371E+02   -0.205071279022869334E+06   -0.591515351937697531E+01    1
    0.268388521671295166E+02   -0.204896761081539094E+06   -0.592515351937697687E+01    1
    0.317451608180999756E+02   -0.188149481919110898E+06   -0.593515351937697400E+01    1
    0.269654025338430117E+02   -0.184723834896683431E+06   -0.594515351937698000E+01    1
    0.269663703957585135E+02   -0.184573579560550454E+06   -0.595515351937698156E+01    1
    0.317046666145324707E+02   -0.181857168194920610E+06   -0.596515351937697336E+01    1
    0.316969162240015230E+02   -0.180665053556864528E+06   -0.597515351937696959E+01    1
    0.269920883947923507E+02   -0.180603397495552548E+06   -0.598515351937697559E+01    1
    0.316817319393157959E+02   -0.178340871121724806E+06   -0.599515351937697627E+01    1
    0.316687020612926986E+02   -0.176358450859612087E+06   -0.600515351937697517E+01    1
    0.316287922859191895E+02   -0.170355364301064663E+06   -0.601515351937697851E+01    1
    0.271336988898314644E+02   -0.159515793567519286E+06   -0.602515351937697829E+01    1
    0.271448624134063721E+02   -0.157909063739734149E+06   -0.603515351937697453E+01    1
    0.315113627910614014E+02   -0.153295031336989807E+06   -0.604515351937697520E+01    1
    0.315020918846130371E+02   -0.151986475473128579E+06   -0.605515351937697410E+01    1
    0.314743815525985653E+02   -0.148108703787985607E+06   -0.606515351937697478E+01    1
    0.272317412325871366E+02   -0.145682864653542027E+06   -0.607515351937697723E+01    1
    0.314441645145416260E+02   -0.143937270859057113E+06   -0.608515351937697790E+01    1
    0.314399480819702148E+02   -0.143359934738269687E+06   -0.609515351937697769E+01    1
    0.314207386970520020E+02   -0.140744370858202717E+06   -0.610515351937697481E+01    1
    0.313958811759948730E+02   -0.137395502075589553E+06   -0.611515351937697282E+01    1
    0.273243625684325693E+02   -0.133191131869219302E+06   -0.612515351937697528E+01    1
    0.273582139266042823E+02   -0.128765362449697743E+06   -0.613515351937697417E+01    1
    0.273874062323689103E+02   -0.125008786672546499E+06   -0.614515351937697485E+01    1
    0.274136984348297119E+02   -0.121673017036444187E+06   -0.615515351937697819E+01    1
    0.312595857626508433E+02   -0.119750269105405227E+06   -0.616515351937697620E+01    1
    0.312573735504582828E+02   -0.119473869140226176E+06   -0.617515351937697776E+01    1
    0.312433719635009766E+02   -0.117731880812596384E+06   -0.618515351937698288E+01    1
    0.312205672264099121E+02   -0.114922054005766928E+06   -0.619515351937698000E+01    1
    0.311694645881652832E+02   -0.108748836576529808E+06   -0.620515351937697535E+01    1
    0.311143732070922852E+02   -0.102284711246891035E+06   -0.621515351937697247E+01    1
    0.275801241397857666E+02   -0.101604840752821474E+06   -0.622515351937697314E+01    1
    0.311067378520965576E+02   -0.101404450684094263E+06   -0.623515351937697559E+01    1
    0.310795927047729492E+02   -0.983057685257771664E+05   -0.624515351937698071E+01    1
    0.310631275177001953E+02   -0.964496633091266849E+05   -0.625515351937697694E+01    1
    0.310606721250909388E+02   -0.961743853773497103E+05   -0.626515351937697407E+01    1
    0.276690024296187467E+02   -0.916281411506937438E+05   -0.627515351937697385E+01    1
    0.276788074881816435E+02   -0.905590896228460624E+05   -0.628515351937697986E+01    1
    0.310091793537139893E+02   -0.904921109650374856E+05   -0.629515351937697432E+01    1
    0.276940872724317906E+02   -0.889056345475803973E+05   -0.630515351937697766E+01    1
    0.277663290500640869E+02   -0.812945607289183972E+05   -0.631515351937697567E+01    1
    0.277761799038450548E+02   -0.802831106721620163E+05   -0.632515351937697190E+01    1
    0.278166233672450360E+02   -0.761969064601219288E+05   -0.633515351937697790E+01    1
    0.278243263366040665E+02   -0.754307409462743963E+05   -0.634515351937697858E+01    1
    0.278361678123474121E+02   -0.742604975953492540E+05   -0.635515351937697659E+01    1
    0.308215565738526713E+02   -0.712519381297103391E+05   -0.636515351937697371E+01    1
    0.308189809322357178E+02   -0.710038014311835286E+05   -0.637515351937697350E+01    1
    0.308046141059067082E+02   -0.696276487599121465E+05   -0.638515351937697861E+01    1
    0.307954508088139427E+02   -0.687569624239483237E+05   -0.639515351937698195E+01    1
    0.279083609580993652E+02   -0.673239464598202612E+05   -0.640515351937697730E+01    1
    0.307745332048792406E+02   -0.667899302043338830E+05   -0.641515351937697620E+01    1
    0.307589982393735113E+02   -0.653475475583750595E+05   -0.642515351937697776E+01    1
    0.279345488548278809E+02   -0.648918120938668435E+05   -0.643515351937697222E+01    1
    0.279560852050781250E+02   -0.629252219168932570E+05   -0.644515351937697556E+01    1
    0.307216773088301949E+02   -0.619467716925771383E+05   -0.645515351937697535E+01    1
    0.307191958619118282E+02   -0.617238794775515198E+05   -0.646515351937697513E+01    1
    0.279726029695899285E+02   -0.614374175792456299E+05   -0.647515351937697048E+01    1
    0.306620605314790495E+02   -0.567029508975079225E+05   -0.648515351937697559E+01    1
    0.280481162584711257E+02   -0.548625174183683193E+05   -0.649515351937697538E+01    1
    0.306301510334014893E+02   -0.539915451566917036E+05   -0.650515351937697694E+01    1
    0.280685663243550891E+02   -0.531459885591116763E+05   -0.651515351937697318E+01    1
    0.306051417831615851E+02   -0.519129229140694079E+05   -0.652515351937697652E+01    1
    0.306012904951501419E+02   -0.515964539514598291E+05   -0.653515351937697631E+01    1
    0.280927479267120361E+02   -0.511514666495610290E+05   -0.654515351937697609E+01    1
    0.305795453925873488E+02   -0.498277753183304376E+05   -0.655515351937696966E+01    1
    0.281092864719658877E+02   -0.498093303467019432E+05   -0.656515351937697567E+01    1
    0.281170356584694972E+02   -0.491866106873552199E+05   -0.657515351937698256E+01    1
    0.305674695968627930E+02   -0.488588969291243266E+05   -0.658515351937698501E+01    1
    0.305591859190683479E+02   -0.481997760030332429E+05   -0.659515351937696881E+01    1
    0.305492411984244292E+02   -0.474144043271661139E+05   -0.660515351937696948E+01    1
    0.305419981479644775E+02   -0.468464565565359153E+05   -0.661515351937697371E+01    1
    0.281602346886667263E+02   -0.457869936507150996E+05   -0.662515351937697705E+01    1
    0.281618857383728027E+02   -0.456594783405068520E+05   -0.663515351937697861E+01    1
    0.281635905985300923E+02   -0.455279938176605065E+05   -0.664515351937698107E+01    1
    0.281657683849334717E+02   -0.453603115968287457E+05   -0.665515351937697286E+01    1
    0.304952764511108398E+02   -0.432651644228850419E+05   -0.666515351937697353E+01    1
    0.304765853710597092E+02   -0.418723656135197452E+05   -0.667515351937697510E+01    1
    0.282144766765995136E+02   -0.416908282301145446E+05   -0.668515351937697488E+01    1
    0.304664436708294133E+02   -0.411261821731088639E+05   -0.669515351937697734E+01    1
    0.304453435533505399E+02   -0.395952386494652455E+05   -0.670515351937697446E+01    1
    0.304449093341827393E+02   -0.395640385418114165E+05   -0.671515351937697247E+01    1
    0.304409300999704797E+02   -0.392786903413135806E+05   -0.672515351937697314E+01    1
    0.282544045345717798E+02   -0.387983278083608311E+05   -0.673515351937697382E+01    1
    0.304325647758394524E+02   -0.386821888038721008E+05   -0.674515351937697183E+01    1
    0.304185044842516561E+02   -0.376898898999851372E+05   -0.675515351937697428E+01    1
    0.283074789098137956E+02   -0.351145452304905266E+05   -0.676515351937697584E+01    1
    0.283078157901763916E+02   -0.350917502903020577E+05   -0.677515351937697829E+01    1
    0.283199578170837825E+02   -0.342751075497992570E+05   -0.678515351937697098E+01    1
    0.283200791959569749E+02   -0.342669924860810861E+05   -0.679515351937697432E+01    1
    0.283365702629089355E+02   -0.331733851773983915E+05   -0.680515351937697410E+01    1
    0.283383715888552246E+02   -0.330550053858826432E+05   -0.681515351937697567E+01    1
    0.303310775756835938E+02   -0.318093453478103766E+05   -0.682515351937697723E+01    1
    0.303284280088267408E+02   -0.316389181574569702E+05   -0.683515351937697613E+01    1
    0.283832144940949362E+02   -0.301762768541411569E+05   -0.684515351937697059E+01    1
    0.303008756992191728E+02   -0.298938378537412682E+05   -0.685515351937697126E+01    1
    0.302773789268680424E+02   -0.284447697508977399E+05   -0.686515351937697371E+01    1
    0.302696876314685568E+02   -0.279782689614867886E+05   -0.687515351937697083E+01    1
    0.284190472944766981E+02   -0.279703054439818516E+05   -0.688515351937697062E+01    1
    0.284219201031783939E+02   -0.277970759221934059E+05   -0.689515351937697307E+01    1
    0.302638675116848077E+02   -0.276278271877119041E+05   -0.690515351937697019E+01    1
    0.284427750110626221E+02   -0.265556807446731800E+05   -0.691515351937697176E+01    1
    0.302280795574188232E+02   -0.255215558847138818E+05   -0.692515351937697421E+01    1
    0.284653104760879891E+02   -0.252461622050127480E+05   -0.693515351937697400E+01    1
    0.302217271949830675E+02   -0.251564290840472386E+05   -0.694515351937697556E+01    1
    0.284757363796234131E+02   -0.246515364478004522E+05   -0.695515351937697623E+01    1
    0.302100039754914675E+02   -0.244895070618153622E+05   -0.696515351937697869E+01    1
    0.302093761424372929E+02   -0.244540433522138010E+05   -0.697515351937697670E+01    1
    0.284853603794588821E+02   -0.241089435436506683E+05   -0.698515351937697471E+01    1
    0.284936083783741019E+02   -0.236487392343469583E+05   -0.699515351937697627E+01    1
    0.285045670206667197E+02   -0.230441614221466698E+05   -0.700515351937697339E+01    1
    0.301801615965656076E+02   -0.228322869132623382E+05   -0.701515351937697229E+01    1
    0.301679723970426359E+02   -0.221721114279446920E+05   -0.702515351937697385E+01    1
    0.301660227775573730E+02   -0.220674183125045565E+05   -0.703515351937696920E+01    1
    0.301597100913465397E+02   -0.217301339755586705E+05   -0.704515351937696899E+01    1
    0.301562105982757167E+02   -0.215442780882895204E+05   -0.705515351937697233E+01    1
    0.301538491508686803E+02   -0.214193147882507947E+05   -0.706515351937697300E+01    1
    0.285364916602406637E+02   -0.213275895664853379E+05   -0.707515351937697190E+01    1
    0.301477224981839527E+02   -0.210968011931332039E+05   -0.708515351937697524E+01    1
    0.285432424189464484E+02   -0.209731255723505710E+05   -0.709515351937697947E+01    1
    0.285507712350148637E+02   -0.205813165567604119E+05   -0.710515351937697481E+01    1
    0.301374046150412767E+02   -0.205591941793092519E+05   -0.711515351937697194E+01    1
    0.285608480617677678E+02   -0.200626958209241820E+05   -0.712515351937697261E+01    1
    0.285715337707620876E+02   -0.195199786766022044E+05   -0.713515351937696796E+01    1
    0.301121377944946289E+02   -0.192720254518379516E+05   -0.714515351937696508E+01    1
    0.301089486857745072E+02   -0.191125242481989662E+05   -0.715515351937696753E+01    1
    0.285809970380858118E+02   -0.190455711008512953E+05   -0.716515351937696821E+01    1
    0.300986249823789045E+02   -0.186007437367571001E+05   -0.717515351937696444E+01    1
    0.300902504836350673E+02   -0.181907022512742587E+05   -0.718515351937696511E+01    1
    0.286027139189021078E+02   -0.179789708669499269E+05   -0.719515351937696845E+01    1
    0.300501036643981934E+02   -0.162885636566628746E+05   -0.720515351937697446E+01    1
    0.300300910349128536E+02   -0.153796663419511551E+05   -0.721515351937697869E+01    1
    0.286672423566016370E+02   -0.149913581990305574E+05   -0.722515351937697670E+01    1
    0.300045156478881836E+02   -0.142561812919662352E+05   -0.723515351937696849E+01    1
    0.286973054610734124E+02   -0.136922695285867539E+05   -0.724515351937696384E+01    1
    0.287135509987050739E+02   -0.130148188427381428E+05   -0.725515351937697073E+01    1
    0.287188779716346367E+02   -0.127964306344112538E+05   -0.726515351937697051E+01    1
    0.287202638162817934E+02   -0.127399192154275170E+05   -0.727515351937696853E+01    1
    0.299561407779180122E+02   -0.122479025266361859E+05   -0.728515351937696742E+01    1
    0.287325531584302283E+02   -0.122442741339493441E+05   -0.729515351937696988E+01    1
    0.287372378868127427E+02   -0.120579281630544137E+05   -0.730515351937697766E+01    1
    0.287379043953035911E+02   -0.120315326386721536E+05   -0.731515351937697655E+01    1
    0.299504283365036272E+02   -0.120208345984600473E+05   -0.732515351937697723E+01    1
    0.299454303797903734E+02   -0.118239142511059545E+05   -0.733515351937697524E+01    1
    0.299324429035186768E+02   -0.113198287963740804E+05   -0.734515351937696614E+01    1
    0.299318123197875678E+02   -0.112956340840361772E+05   -0.735515351937696948E+01    1
    0.299296467452523345E+02   -0.112127413077513647E+05   -0.736515351937697105E+01    1
    0.299175680627096625E+02   -0.107560146628824859E+05   -0.737515351937696906E+01    1
    0.298967588100938855E+02   -0.999149758911486788E+04   -0.738515351937697240E+01    1
    0.298832321166992188E+02   -0.950969445498005007E+04   -0.739515351937697218E+01    1
    0.288103821131121300E+02   -0.933423543180252091E+04   -0.740515351937697464E+01    1
    0.298765159430946241E+02   -0.927491016618911090E+04   -0.741515351937697265E+01    1
    0.298750545260741944E+02   -0.922421191680273478E+04   -0.742515351937696799E+01    1
    0.298747011801659710E+02   -0.921197486549139830E+04   -0.743515351937697044E+01    1
    0.298734022233361287E+02   -0.916705952743556554E+04   -0.744515351937697023E+01    1
    0.288207027913239706E+02   -0.897803459550931075E+04   -0.745515351937696646E+01    1
    0.298672923143024782E+02   -0.895726840810394242E+04   -0.746515351937696536E+01    1
    0.288290987610353611E+02   -0.869339042114229051E+04   -0.747515351937696515E+01    1
    0.288296007805788612E+02   -0.867651649935908972E+04   -0.748515351937696671E+01    1
    0.298585474491119385E+02   -0.866124241410050854E+04   -0.749515351937696561E+01    1
    0.298554015159606934E+02   -0.855596899114624648E+04   -0.750515351937696362E+01    1
    0.288372366070267638E+02   -0.842188846219233710E+04   -0.751515351937696874E+01    1
    0.288376510181827044E+02   -0.840817818098061434E+04   -0.752515351937696853E+01    1
    0.288601776787443711E+02   -0.767977733573220394E+04   -0.753515351937696742E+01    1
    0.288629150417593223E+02   -0.759352155909198245E+04   -0.754515351937696721E+01    1
    0.298240969392299036E+02   -0.754361010574633474E+04   -0.755515351937696877E+01    1
    0.288661196941474856E+02   -0.749316270423952574E+04   -0.756515351937697211E+01    1
    0.298151249312691391E+02   -0.726525774664275286E+04   -0.757515351937696835E+01    1
    0.288867821566073388E+02   -0.686217901308136607E+04   -0.758515351937696991E+01    1
    0.298001694679260254E+02   -0.681295020499893781E+04   -0.759515351937697325E+01    1
    0.297970489481365206E+02   -0.672041523988238350E+04   -0.760515351937697126E+01    1
    0.288956801475190019E+02   -0.659903924452165847E+04   -0.761515351937696572E+01    1
    0.297811637891866212E+02   -0.625921458489847464E+04   -0.762515351937696639E+01    1
    0.297780661180068940E+02   -0.617119765373388873E+04   -0.763515351937696973E+01    1
    0.297759360334263405E+02   -0.611103705701588115E+04   -0.764515351937696952E+01    1
    0.297741316875593327E+02   -0.606030807966595512E+04   -0.765515351937697019E+01    1
    0.289145502812385402E+02   -0.605809483163877485E+04   -0.766515351937697087E+01    1
    0.289148936507816394E+02   -0.604846687233779721E+04   -0.767515351937697066E+01    1
    0.289192951241508176E+02   -0.592573271477480921E+04   -0.768515351937697044E+01    1
    0.297653922773154598E+02   -0.581760785893480806E+04   -0.769515351937697201E+01    1
    0.297619891819190450E+02   -0.572444984678655146E+04   -0.770515351937697446E+01    1
    0.297589309861458275E+02   -0.564137817381677542E+04   -0.771515351937697069E+01    1
    0.289331807063554578E+02   -0.554682335986830822E+04   -0.772515351937696959E+01    1
    0.297538886528018480E+02   -0.550574318043604671E+04   -0.773515351937697382E+01    1
    0.297518657310378458E+02   -0.545179454964283468E+04   -0.774515351937697538E+01    1
    0.289384984970092773E+02   -0.540504443379832446E+04   -0.775515351937697517E+01    1
    0.297483041235233188E+02   -0.535746034769858488E+04   -0.776515351937697407E+01    1
    0.297387066139824086E+02   -0.510737853526785875E+04   -0.777515351937697297E+01    1
    0.289503749971396758E+02   -0.509506670123334243E+04   -0.778515351937696565E+01    1
    0.297357887981412716E+02   -0.503254094563598937E+04   -0.779515351937696011E+01    1
    0.289570393118973755E+02   -0.492516006222958458E+04   -0.780515351937696522E+01    1
    0.289597880329255410E+02   -0.485592586813825528E+04   -0.781515351937697123E+01    1
    0.297148058577368879E+02   -0.451072736306741717E+04   -0.782515351937697279E+01    1
    0.289791476726531982E+02   -0.438226801964509832E+04   -0.783515351937697524E+01    1
    0.297081811925178911E+02   -0.435195094986684308E+04   -0.784515351937695993E+01    1
    0.289815997097414737E+02   -0.432402133953985685E+04   -0.785515351937696593E+01    1
    0.297049321136403250E+02   -0.427512576095266922E+04   -0.786515351937697016E+01    1
    0.289918202516325927E+02   -0.408546551025442068E+04   -0.787515351937697172E+01    1
    0.296931327549628321E+02   -0.400192225081570587E+04   -0.788515351937697417E+01    1
    0.296922436459149495E+02   -0.398170391500099231E+04   -0.789515351937696952E+01    1
    0.289994646370745706E+02   -0.391149628569062270E+04   -0.790515351937697019E+01    1
    0.290007867988007071E+02   -0.388179373190236583E+04   -0.791515351937696643E+01    1
    0.290043171488497222E+02   -0.380304300102924844E+04   -0.792515351937696444E+01    1
    0.296833026409149170E+02   -0.378125392754314316E+04   -0.793515351937696778E+01    1
    0.290177812997987203E+02   -0.351016887928385677E+04   -0.794515351937696490E+01    1
    0.296655979494054876E+02   -0.339972551433270837E+04   -0.795515351937696735E+01    1
    0.290237360989327016E+02   -0.338441315523365938E+04   -0.796515351937696447E+01    1
    0.296644279263127011E+02   -0.337523275660555009E+04   -0.797515351937695893E+01    1
    0.296624850321243336E+02   -0.333475843506290676E+04   -0.798515351937696582E+01    1
    0.296581990839943543E+02   -0.324634494503011729E+04   -0.799515351937696650E+01    1
    0.290368939351131665E+02   -0.311474830983042420E+04   -0.800515351937696096E+01    1
    0.296505658082182393E+02   -0.309184980017290900E+04   -0.801515351937696785E+01    1
    0.296503439004649749E+02   -0.308741534468087184E+04   -0.802515351937697652E+01    1
    0.290420622753917073E+02   -0.301191630499818666E+04   -0.803515351937696920E+01    1
    0.296433763961117904E+02   -0.294981623584868339E+04   -0.804515351937696543E+01    1
    0.290529164468924854E+02   -0.280163181215071518E+04   -0.805515351937697233E+01    1
    0.296326823148613769E+02   -0.274478623499235573E+04   -0.806515351937697034E+01    1
    0.290612821883432240E+02   -0.264480472166960226E+04   -0.807515351937696657E+01    1
    0.296253132358604390E+02   -0.260784829332107756E+04   -0.808515351937696636E+01    1
    0.296207489038522738E+02   -0.252480796290784747E+04   -0.809515351937696259E+01    1
    0.290700537239329435E+02   -0.248527634658932402E+04   -0.810515351937696593E+01    1
    0.290707674813690922E+02   -0.247251615606617406E+04   -0.811515351937696572E+01    1
    0.290722341901663199E+02   -0.244639946001902217E+04   -0.812515351937696728E+01    1
    0.296159280377933527E+02   -0.243857704298733279E+04   -0.813515351937696707E+01    1
    0.296142232093200910E+02   -0.240844582802326568E+04   -0.814515351937696508E+01    1
    0.296089537733057213E+02   -0.231651297208499136E+04   -0.815515351937696664E+01    1
    0.296068390050354111E+02   -0.228012745388890971E+04   -0.816515351937696643E+01    1
    0.296059306754273450E+02   -0.226458886133942360E+04   -0.817515351937696622E+01    1
    0.290827222149430398E+02   -0.226373823442429239E+04   -0.818515351937696600E+01    1
    0.290832317502218345E+02   -0.225504696260362016E+04   -0.819515351937696224E+01    1
    0.290840696348172401E+02   -0.224079179926994584E+04   -0.820515351937696558E+01    1
    0.296022020738721210E+02   -0.220136875904101407E+04   -0.821515351937696714E+01    1
    0.290876581275198021E+02   -0.218025816953398999E+04   -0.822515351937696693E+01    1
    0.295969347226460542E+02   -0.211360492842469512E+04   -0.823515351937696671E+01    1
    0.295938566477608020E+02   -0.206315685016553743E+04   -0.824515351937696295E+01    1
    0.295938026891367301E+02   -0.206227801133919183E+04   -0.825515351937696096E+01    1
    0.295889669787671608E+02   -0.198428916012149102E+04   -0.826515351937696252E+01    1
    0.291014908755612716E+02   -0.195478083944182413E+04   -0.827515351937696408E+01    1
    0.291040789712758396E+02   -0.191398121177475537E+04   -0.828515351937696565E+01    1
    0.291083330083316234E+02   -0.184786904400987919E+04   -0.829515351937696543E+01    1
    0.295776119977036984E+02   -0.180715950597116966E+04   -0.830515351937696344E+01    1
    0.291208789603666709E+02   -0.165977065980869315E+04   -0.831515351937696146E+01    1
    0.295666946677601814E+02   -0.164479251378137974E+04   -0.832515351937696302E+01    1
    0.291242953221422702E+02   -0.161032973314269020E+04   -0.833515351937696813E+01    1
    0.291245240151836775E+02   -0.160704733713927658E+04   -0.834515351937696437E+01    1
    0.295612044396867830E+02   -0.156607950264418082E+04   -0.835515351937696593E+01    1
    0.295591038857816315E+02   -0.153648438837772096E+04   -0.836515351937696927E+01    1
    0.295549228842203426E+02   -0.147843457010656016E+04   -0.837515351937696906E+01    1
    0.291349917863033454E+02   -0.146045923880058922E+04   -0.838515351937696174E+01    1
    0.291391767688357568E+02   -0.140385506824330878E+04   -0.839515351937695975E+01    1
    0.295480894395388169E+02   -0.138601414072680041E+04   -0.840515351937696487E+01    1
    0.291417703899644067E+02   -0.136934870864496929E+04   -0.841515351937696821E+01    1
    0.291423184033252483E+02   -0.136211395303558083E+04   -0.842515351937696266E+01    1
    0.291449918477734258E+02   -0.132710078429893588E+04   -0.843515351937695534E+01    1
    0.295415879006902315E+02   -0.130091213067924900E+04   -0.844515351937695691E+01    1
    0.291473351761108859E+02   -0.129679469979030659E+04   -0.845515351937696202E+01    1
    0.295386938706357682E+02   -0.126391808342028912E+04   -0.846515351937696536E+01    1
    0.291507463004981560E+02   -0.125331951131648589E+04   -0.847515351937696160E+01    1
    0.291508736941151341E+02   -0.125171057629680149E+04   -0.848515351937696316E+01    1
    0.291523070438469531E+02   -0.123368090085637778E+04   -0.849515351937696295E+01    1
    0.291563639421942433E+02   -0.118337731318237002E+04   -0.850515351937696629E+01    1
    0.295315092505565993E+02   -0.117444115116227431E+04   -0.851515351937696785E+01    1
    0.295311682809081830E+02   -0.117027847491563466E+04   -0.852515351937696408E+01    1
    0.291594772379330678E+02   -0.114550247841472469E+04   -0.853515351937696032E+01    1
    0.295285485557832743E+02   -0.113854909067666927E+04   -0.854515351937695655E+01    1
    0.295284798494763798E+02   -0.113772296723450768E+04   -0.855515351937696344E+01    1
    0.291613030809012521E+02   -0.112358448074207035E+04   -0.856515351937696323E+01    1
    0.291637545815251293E+02   -0.109449810997369241E+04   -0.857515351937696124E+01    1
    0.291640693564514351E+02   -0.109079181137659521E+04   -0.858515351937696103E+01    1
    0.291657970220374025E+02   -0.107056467764091781E+04   -0.859515351937696259E+01    1
    0.291667380300888723E+02   -0.105962951689965030E+04   -0.860515351937696771E+01    1
    0.291689970174734228E+02   -0.103361444837464842E+04   -0.861515351937696039E+01    1
    0.291702255266560364E+02   -0.101960645375469960E+04   -0.862515351937695662E+01    1
    0.291712965480308419E+02   -0.100747458124912794E+04   -0.863515351937696352E+01    1
    0.291741651462812328E+02   -0.975349688792744246E+03   -0.864515351937696508E+01    1
    0.291772715207824866E+02   -0.941167728083760949E+03   -0.865515351937695954E+01    1
    0.295104687183823984E+02   -0.931785019030741751E+03   -0.866515351937696288E+01    1
    0.291784914196744616E+02   -0.927916431183968712E+03   -0.867515351937696266E+01    1
    0.291821217536926270E+02   -0.889056151972136036E+03   -0.868515351937696423E+01    1
    0.295029021517325418E+02   -0.851585700454851008E+03   -0.869515351937696934E+01    1
    0.291879509879321510E+02   -0.828457751319407748E+03   -0.870515351937696735E+01    1
    0.294994930992113993E+02   -0.816673705797035382E+03   -0.871515351937696181E+01    1
    0.291918113819496696E+02   -0.789547411105266292E+03   -0.872515351937695982E+01    1
    0.291918827559888712E+02   -0.788837164301698749E+03   -0.873515351937696316E+01    1
    0.291924423855799304E+02   -0.783279785667261990E+03   -0.874515351937695762E+01    1
    0.294896915789096852E+02   -0.720522507795100523E+03   -0.875515351937695741E+01    1
    0.292006848506485603E+02   -0.703796108951201859E+03   -0.876515351937696252E+01    1
    0.292016636202381328E+02   -0.694652201816201000E+03   -0.877515351937696231E+01    1
    0.292025033885695535E+02   -0.686856719057708801E+03   -0.878515351937696209E+01    1
    0.294832491247660471E+02   -0.660738567886537908E+03   -0.879515351937696188E+01    1
    0.292063615825102083E+02   -0.651633054197716547E+03   -0.880515351937695812E+01    1
    0.294809529316968515E+02   -0.640085485878024883E+03   -0.881515351937695790E+01    1
    0.292081177530806961E+02   -0.635921751301706536E+03   -0.882515351937695769E+01    1
    0.294803437045071668E+02   -0.634663566934064875E+03   -0.883515351937695925E+01    1
    0.292093456817796806E+02   -0.625055868314902341E+03   -0.884515351937695904E+01    1
    0.292104160285408518E+02   -0.615664703784703988E+03   -0.885515351937696238E+01    1
    0.292116920583744175E+02   -0.604566601251759948E+03   -0.886515351937696394E+01    1
    0.294730882616074439E+02   -0.571954816019665373E+03   -0.887515351937696018E+01    1
    0.294730530488144069E+02   -0.571658850546826898E+03   -0.888515351937696174E+01    1
    0.294692966211041210E+02   -0.540550705285496520E+03   -0.889515351937696330E+01    1
    0.292194273102678395E+02   -0.539565147228178603E+03   -0.890515351937696309E+01    1
    0.294687317994334066E+02   -0.535952897691509861E+03   -0.891515351937696288E+01    1
    0.292225173662932747E+02   -0.514690260048242067E+03   -0.892515351937696089E+01    1
    0.294627008858082640E+02   -0.488157771680499877E+03   -0.893515351937696423E+01    1
    0.292267537117004395E+02   -0.481600700518545636E+03   -0.894515351937696579E+01    1
    0.292291577636453326E+02   -0.463343952927019700E+03   -0.895515351937696202E+01    1
    0.292298626585459900E+02   -0.458062391960324703E+03   -0.896515351937696181E+01    1
    0.294581711267571436E+02   -0.453820554567883676E+03   -0.897515351937695982E+01    1
    0.294570326422454905E+02   -0.445401036718440650E+03   -0.898515351937695428E+01    1
    0.294533887473112834E+02   -0.419021807171386456E+03   -0.899515351937695407E+01    1
    0.292363991916342805E+02   -0.410630951246351117E+03   -0.900515351937695741E+01    1
    0.294520853862235512E+02   -0.409796831918845555E+03   -0.901515351937696252E+01    1
    0.294517039548011930E+02   -0.407118096150621227E+03   -0.902515351937696408E+01    1
    0.292376691793762475E+02   -0.401739023128142776E+03   -0.903515351937696032E+01    1
    0.294502795236749364E+02   -0.397198480460488952E+03   -0.904515351937695833E+01    1
    0.294500139614231529E+02   -0.395363774860862634E+03   -0.905515351937695989E+01    1
    0.292387473615883096E+02   -0.394272664607868251E+03   -0.906515351937695790E+01    1
    0.294495773374184608E+02   -0.392357250795328071E+03   -0.907515351937695591E+01    1
    0.292414232975884971E+02   -0.376069795626311020E+03   -0.908515351937695925E+01    1
    0.294470872191004425E+02   -0.375448538702978738E+03   -0.909515351937696437E+01    1
    0.292416689298584203E+02   -0.374422319876632343E+03   -0.910515351937696060E+01    1
    0.294462509293237389E+02   -0.369860648088273308E+03   -0.911515351937695506E+01    1
    0.294460854387579829E+02   -0.368760289834529033E+03   -0.912515351937696195E+01    1
    0.292426900136149150E+02   -0.367616039849544336E+03   -0.913515351937696529E+01    1
    0.294457054138183594E+02   -0.366240243427044049E+03   -0.914515351937696153E+01    1
    0.294444254806050196E+02   -0.357822005923780182E+03   -0.915515351937696131E+01    1
    0.294440694867624657E+02   -0.355499608583544159E+03   -0.916515351937695577E+01    1
    0.292445379850005764E+02   -0.355470975532386888E+03   -0.917515351937695733E+01    1
    0.294438507179136408E+02   -0.354076529728772982E+03   -0.918515351937696067E+01    1
    0.294423402956617011E+02   -0.344336558698500198E+03   -0.919515351937696046E+01    1
    0.292471979902223040E+02   -0.338380486450588194E+03   -0.920515351937696202E+01    1
    0.292473897922198276E+02   -0.337166013217449574E+03   -0.921515351937696536E+01    1
    0.294400892077162162E+02   -0.330096744743894021E+03   -0.922515351937696337E+01    1
    0.292508730158275156E+02   -0.315528323544749867E+03   -0.923515351937695961E+01    1
    0.294375646758165601E+02   -0.314520661425913886E+03   -0.924515351937695584E+01    1
    0.292535962215083423E+02   -0.299163440431835966E+03   -0.925515351937695918E+01    1
    0.292538436084369629E+02   -0.297700772638738840E+03   -0.926515351937696607E+01    1
    0.292541532443680588E+02   -0.295875688382232397E+03   -0.927515351937695876E+01    1
    0.292551312223479734E+02   -0.290152298986194921E+03   -0.928515351937695499E+01    1
    0.292562911625604087E+02   -0.283444950792703651E+03   -0.929515351937696188E+01    1
    0.294318060714036669E+02   -0.280547428943195314E+03   -0.930515351937696522E+01    1
    0.292569155259786626E+02   -0.279870931027502422E+03   -0.931515351937695790E+01    1
    0.292576016675981805E+02   -0.275972622817206798E+03   -0.932515351937696657E+01    1
    0.292588241201363886E+02   -0.269103413881339577E+03   -0.933515351937696458E+01    1
    0.294296910412387902E+02   -0.268613170399769331E+03   -0.934515351937696082E+01    1
    0.292589600363338818E+02   -0.268345698606371400E+03   -0.935515351937695883E+01    1
    0.292590621242260553E+02   -0.267777364742869224E+03   -0.936515351937696394E+01    1
    0.294289568944744353E+02   -0.264538943052100080E+03   -0.937515351937696728E+01    1
    0.294283315704395179E+02   -0.261096383587813534E+03   -0.938515351937696352E+01    1
    0.294274667449953782E+02   -0.256377369992152637E+03   -0.939515351937695797E+01    1
    0.294274101433103539E+02   -0.256070218890693525E+03   -0.940515351937695776E+01    1
    0.294265610394576456E+02   -0.251487624403979908E+03   -0.941515351937695755E+01    1
    0.294262117454201402E+02   -0.249616153571928095E+03   -0.942515351937696089E+01    1
    0.294231028750739441E+02   -0.233310111903423689E+03   -0.943515351937695712E+01    1
    0.294229650943860648E+02   -0.232602050445519353E+03   -0.944515351937694980E+01    1
    0.292674813884369840E+02   -0.223247881128132406E+03   -0.945515351937695137E+01    1
    0.292677370918604609E+02   -0.221967859982316639E+03   -0.946515351937695826E+01    1
    0.294207693555068914E+02   -0.221485265782199122E+03   -0.947515351937695982E+01    1
    0.292678945626390004E+02   -0.221181703259330902E+03   -0.948515351937695605E+01    1
    0.294206937794840968E+02   -0.221108234904643382E+03   -0.949515351937695584E+01    1
    0.294198952494569852E+02   -0.217147337758192037E+03   -0.950515351937695741E+01    1
    0.294195459616075077E+02   -0.215427872143792172E+03   -0.951515351937695897E+01    1
    0.292728053985250334E+02   -0.197477159730733604E+03   -0.952515351937695876E+01    1
    0.294153900377511341E+02   -0.195580249529276841E+03   -0.953515351937695854E+01    1
    0.294146189139492762E+02   -0.192021557323603076E+03   -0.954515351937695833E+01    1
    0.294135638175780265E+02   -0.187215232539236979E+03   -0.955515351937695989E+01    1
    0.294127168705979471E+02   -0.183409673954425216E+03   -0.956515351937696323E+01    1
    0.292759109697502069E+02   -0.183299100104648346E+03   -0.957515351937696302E+01    1
    0.294126683604200210E+02   -0.183193122466311621E+03   -0.958515351937695215E+01    1
    0.292761313461169621E+02   -0.182316923015023121E+03   -0.959515351937695371E+01    1
    0.294123106485372503E+02   -0.181601023849855949E+03   -0.960515351937695527E+01    1
    0.294120295658649198E+02   -0.180355845312794827E+03   -0.961515351937695861E+01    1
    0.292769458515252374E+02   -0.178714331198032312E+03   -0.962515351937695662E+01    1
    0.292770878632193323E+02   -0.178090640661450323E+03   -0.963515351937695286E+01    1
    0.294108516346896991E+02   -0.175193773451072019E+03   -0.964515351937695797E+01    1
    0.294106260027138759E+02   -0.174215317331676317E+03   -0.965515351937696309E+01    1
    0.294070246059410891E+02   -0.159047623980833151E+03   -0.966515351937695755E+01    1
    0.294053909148743280E+02   -0.152446268847368145E+03   -0.967515351937695556E+01    1
    0.292857084113170743E+02   -0.142695971676913643E+03   -0.968515351937696067E+01    1
    0.292876272602377590E+02   -0.135477485142726550E+03   -0.969515351937696224E+01    1
    0.294004336454636501E+02   -0.133481454212972722E+03   -0.970515351937696025E+01    1
    0.292886723340069537E+02   -0.131647130177346952E+03   -0.971515351937696003E+01    1
    0.292889079595118567E+02   -0.130793375177583385E+03   -0.972515351937696160E+01    1
    0.293975884337968090E+02   -0.123321161982795971E+03   -0.973515351937696316E+01    1
    0.292917158959102863E+02   -0.120898135703693342E+03   -0.974515351937696295E+01    1
    0.292930728422926592E+02   -0.116300665962393410E+03   -0.975515351937696273E+01    1
    0.292944154972246800E+02   -0.111869911131106846E+03   -0.976515351937695542E+01    1
    0.292960709383024422E+02   -0.106568942299967517E+03   -0.977515351937695698E+01    1
    0.292961577821279278E+02   -0.106295793506462175E+03   -0.978515351937696209E+01    1
    0.292964894372470255E+02   -0.105257172635516483E+03   -0.979515351937696011E+01    1
    0.292969126114829095E+02   -0.103942372600821145E+03   -0.980515351937695812E+01    1
    0.293909962662360620E+02   -0.101810821279690501E+03   -0.981515351937695613E+01    1
    0.292978897710087480E+02   -0.100951000954810837E+03   -0.982515351937695769E+01    1
    0.293899805242066989E+02   -0.987486414217944315E+02   -0.983515351937696103E+01    1
    0.293897292895254907E+02   -0.980016270594797021E+02   -0.984515351937696082E+01    1
    0.292996025191995955E+02   -0.958581359692193189E+02   -0.985515351937696060E+01    1
    0.293010645452828697E+02   -0.916622784004658371E+02   -0.986515351937695506E+01    1
    0.293873060214304616E+02   -0.910078637427259309E+02   -0.987515351937695307E+01    1
    0.293013630941635483E+02   -0.908226293671073392E+02   -0.988515351937695641E+01    1
    0.293014410437834130E+02   -0.906043590059462502E+02   -0.989515351937695975E+01    1
    0.293016307886663974E+02   -0.900747032308939026E+02   -0.990515351937695954E+01    1
    0.293864315625996895E+02   -0.885782129163656151E+02   -0.991515351937695577E+01    1
    0.293045476804851184E+02   -0.822282017815468009E+02   -0.992515351937695911E+01    1
    0.293837854658619335E+02   -0.815301626320837300E+02   -0.993515351937696067E+01    1
    0.293837191474764694E+02   -0.813593899985235112E+02   -0.994515351937695513E+01    1
    0.293835604485716715E+02   -0.809518990765424320E+02   -0.995515351937695492E+01    1
    0.293051746630744105E+02   -0.806141209946631676E+02   -0.996515351937695826E+01    1
    0.293052739816933290E+02   -0.803607930316909318E+02   -0.997515351937695982E+01    1
    0.293821240643058381E+02   -0.773384718948536687E+02   -0.998515351937696138E+01    1
    0.293066241014297262E+02   -0.769809636892717464E+02   -0.999515351937695584E+01    1
    0.293815758249631358E+02   -0.759948082317382330E+02   -0.100051535193769503E+02    1
    0.293077932319094501E+02   -0.741503390447207806E+02   -0.100151535193769536E+02    1
    0.293802187723429569E+02   -0.727532313330301434E+02   -0.100251535193769570E+02    1
    0.293087486696984776E+02   -0.719033414807422844E+02   -0.100351535193769603E+02    1
    0.293095625938625908E+02   -0.700361556836986949E+02   -0.100451535193769637E+02    1
    0.293787557330746658E+02   -0.693931389167658779E+02   -0.100551535193769475E+02    1
    0.293783999858264160E+02   -0.685972277109577675E+02   -0.100651535193769543E+02    1
    0.293782584640914770E+02   -0.682828987219898949E+02   -0.100751535193769577E+02    1
    0.293107226107634702E+02   -0.674497449479519844E+02   -0.100851535193769539E+02    1
    0.293773489101252068E+02   -0.662939206179410121E+02   -0.100951535193769484E+02    1
    0.293115130163903856E+02   -0.657377440105555308E+02   -0.101051535193769499E+02    1
    0.293770479370123496E+02   -0.656476545600020813E+02   -0.101151535193769551E+02    1
    0.293117923630009969E+02   -0.651424382036045273E+02   -0.101251535193769566E+02    1
    0.293767491541651964E+02   -0.650119398539132618E+02   -0.101351535193769582E+02    1
    0.293118752561675890E+02   -0.649667674430871926E+02   -0.101451535193769562E+02    1
    0.293119053165781942E+02   -0.649031729430297162E+02   -0.101551535193769507E+02    1
    0.293120550218433706E+02   -0.645873412808580554E+02   -0.101651535193769487E+02    1
    0.293122748415777252E+02   -0.641262408401133399E+02   -0.101751535193769485E+02    1
    0.293123038970514820E+02   -0.640655292085539827E+02   -0.101851535193769500E+02    1
    0.293134397023386342E+02   -0.617354349101833435E+02   -0.101951535193769534E+02    1
    0.293751123356941974E+02   -0.616327103897041795E+02   -0.102051535193769531E+02    1
    0.293747792411522752E+02   -0.609664478701708887E+02   -0.102151535193769565E+02    1
    0.293142932344709664E+02   -0.600398364227141599E+02   -0.102251535193769545E+02    1
    0.293739788346526822E+02   -0.593950679308787244E+02   -0.102351535193769507E+02    1
    0.293149130705498067E+02   -0.588382955809777144E+02   -0.102451535193769541E+02    1
    0.293155976305715775E+02   -0.575404306015294367E+02   -0.102551535193769521E+02    1
    0.293162696137624934E+02   -0.562961604452770814E+02   -0.102651535193769536E+02    1
    0.293720240569006350E+02   -0.557331656316070507E+02   -0.102751535193769570E+02    1
    0.293167162415446043E+02   -0.554854722176992041E+02   -0.102851535193769532E+02    1
    0.293170262697775641E+02   -0.549303860978040532E+02   -0.102951535193769512E+02    1
    0.293175873831883820E+02   -0.539417005539255214E+02   -0.103051535193769492E+02    1
    0.293179961033903815E+02   -0.532344695136085377E+02   -0.103151535193769526E+02    1
    0.293181300812680448E+02   -0.530050131837009175E+02   -0.103251535193769541E+02    1
    0.293183199772439451E+02   -0.526817962904385624E+02   -0.103351535193769539E+02    1
    0.293698542938049627E+02   -0.519605992930506915E+02   -0.103451535193769555E+02    1
    0.293694156268893778E+02   -0.512352325999436431E+02   -0.103551535193769570E+02    1
    0.293692139550717499E+02   -0.509059685969987754E+02   -0.103651535193769533E+02    1
    0.293689063292435861E+02   -0.504088296157501929E+02   -0.103751535193769513E+02    1
    0.293198167428814678E+02   -0.502165824432263221E+02   -0.103851535193769564E+02    1
    0.293681137598074216E+02   -0.491564552076064274E+02   -0.103951535193769562E+02    1
    0.293210424455082119E+02   -0.483067215161173706E+02   -0.104051535193769507E+02    1
    0.293212860519464869E+02   -0.479388212672553848E+02   -0.104151535193769558E+02    1
    0.293671369552612305E+02   -0.476693687758779916E+02   -0.104251535193769538E+02    1
    0.293218354950459172E+02   -0.471232599340906404E+02   -0.104351535193769482E+02    1
    0.293666118825692735E+02   -0.468957352368047040E+02   -0.104451535193769534E+02    1
    0.293665806334292867E+02   -0.468502606293416761E+02   -0.104551535193769531E+02    1
    0.293663675490837761E+02   -0.465418735891946866E+02   -0.104651535193769529E+02    1
    0.293661910273956508E+02   -0.462886464941627978E+02   -0.104751535193769580E+02    1
    0.293225833008560102E+02   -0.460449205544776419E+02   -0.104851535193769543E+02    1
    0.293229054811440584E+02   -0.455915857207863127E+02   -0.104951535193769523E+02    1
    0.293654912152760019E+02   -0.453047540510925302E+02   -0.105051535193769539E+02    1
    0.293652155878895584E+02   -0.449260135217296153E+02   -0.105151535193769536E+02    1
    0.293650626900024250E+02   -0.447180543549979888E+02   -0.105251535193769499E+02    1
    0.293236063947584320E+02   -0.446287445539971372E+02   -0.105351535193769514E+02    1
    0.293236548934711365E+02   -0.445633083179112717E+02   -0.105451535193769512E+02    1
    0.293649230530505463E+02   -0.445294647680927866E+02   -0.105551535193769528E+02    1
    0.293241875199737514E+02   -0.438547707975881593E+02   -0.105651535193769543E+02    1
    0.293242951457672163E+02   -0.437138482202770717E+02   -0.105751535193769524E+02    1
    0.293639943327848485E+02   -0.433075440617847960E+02   -0.105851535193769575E+02    1
    0.293248292888943318E+02   -0.430256418502913789E+02   -0.105951535193769573E+02    1
    0.293250096475587867E+02   -0.427974679299321537E+02   -0.106051535193769570E+02    1
    0.293635897064408695E+02   -0.427927831109618850E+02   -0.106151535193769551E+02    1
    0.293252757965814794E+02   -0.424646379939775827E+02   -0.106251535193769495E+02    1
    0.293254672650744155E+02   -0.422280585874505832E+02   -0.106351535193769458E+02    1
    0.293630833923007160E+02   -0.421637086328058714E+02   -0.106451535193769526E+02    1
    0.293255637574017314E+02   -0.421097390240360454E+02   -0.106551535193769560E+02    1
    0.293629335155352038E+02   -0.419807026130455796E+02   -0.106651535193769540E+02    1
    0.293261616749216856E+02   -0.413901189205949436E+02   -0.106751535193769556E+02    1
    0.293624246439187004E+02   -0.413702885721100344E+02   -0.106851535193769500E+02    1
    0.293262465993591164E+02   -0.412898011840395682E+02   -0.106951535193769480E+02    1
    0.293623489812010980E+02   -0.412809712050829347E+02   -0.107051535193769549E+02    1
    0.293262732759514719E+02   -0.412583863875657499E+02   -0.107151535193769494E+02    1
    0.293622647648527497E+02   -0.411819959834484877E+02   -0.107251535193769456E+02    1
    0.293622058467965203E+02   -0.411130277942522895E+02   -0.107351535193769543E+02    1
    0.293264850895734739E+02   -0.410105997926463104E+02   -0.107451535193769505E+02    1
    0.293620560851958601E+02   -0.409387400883037742E+02   -0.107551535193769414E+02    1
    0.293266829142330714E+02   -0.407818226703138151E+02   -0.107651535193769483E+02    1
    0.293269475697030302E+02   -0.404797527087262097E+02   -0.107751535193769499E+02    1
    0.293269860161688456E+02   -0.404362513600327773E+02   -0.107851535193769426E+02    1
    0.293615226687343664E+02   -0.403298604795236386E+02   -0.107951535193769441E+02    1
    0.293270953219458796E+02   -0.403131013050213767E+02   -0.108051535193769528E+02    1
    0.293271057628285270E+02   -0.403013788212910171E+02   -0.108151535193769561E+02    1
    0.293614540010128131E+02   -0.402528275432579221E+02   -0.108251535193769524E+02    1
    0.293272213480607888E+02   -0.401720810956906149E+02   -0.108351535193769521E+02    1
    0.293273774388012356E+02   -0.399988564489334735E+02   -0.108451535193769519E+02    1
    0.293609385428065721E+02   -0.396844018697492515E+02   -0.108551535193769482E+02    1
    0.293609338510146323E+02   -0.396793076049457696E+02   -0.108651535193769480E+02    1
    0.293277046989282510E+02   -0.396408357764785748E+02   -0.108751535193769477E+02    1
    0.293277421643024283E+02   -0.396002948345223444E+02   -0.108851535193769493E+02    1
    0.293281408342557235E+02   -0.391745722688573821E+02   -0.108951535193769473E+02    1
    0.293283553709252374E+02   -0.389497712075063802E+02   -0.109051535193769453E+02    1
    0.293286143732036848E+02   -0.386823798510958383E+02   -0.109151535193769469E+02    1
    0.293599671838691734E+02   -0.386603622084373271E+02   -0.109251535193769485E+02    1
    0.293599427442717520E+02   -0.386353914159061134E+02   -0.109351535193769500E+02    1
    0.293286715321672844E+02   -0.386239592923877098E+02   -0.109451535193769498E+02    1
    0.293287429986258985E+02   -0.385512154526388287E+02   -0.109551535193769460E+02    1
    0.293598381769830823E+02   -0.385289916135969008E+02   -0.109651535193769440E+02    1
    0.293597712733407690E+02   -0.384612899057608146E+02   -0.109751535193769456E+02    1
    0.293288664934497731E+02   -0.384262990711445056E+02   -0.109851535193769454E+02    1
    0.293289808307824238E+02   -0.383115330711832272E+02   -0.109951535193769434E+02    1
    0.293595192816753183E+02   -0.382089149439864642E+02   -0.110051535193769485E+02    1
    0.293593731163251199E+02   -0.380644265843377951E+02   -0.110151535193769536E+02    1
    0.293589942559215906E+02   -0.376964046418196048E+02   -0.110251535193769499E+02    1
    0.293588976462515419E+02   -0.376040579285358234E+02   -0.110351535193769461E+02    1
    0.293298507344687778E+02   -0.374663108901630650E+02   -0.110451535193769441E+02    1
    0.293300105366014563E+02   -0.373164130245911352E+02   -0.110551535193769439E+02    1
    0.293300327238532823E+02   -0.372957326809478857E+02   -0.110651535193769455E+02    1
    0.293301951472411240E+02   -0.371453193214741546E+02   -0.110751535193769488E+02    1
    0.293305067880496111E+02   -0.368615436751537899E+02   -0.110851535193769504E+02    1
    0.293305131329136231E+02   -0.368558319789695688E+02   -0.110951535193769502E+02    1
    0.293310691886219033E+02   -0.363654724562269962E+02   -0.111051535193769553E+02    1
    0.293574859661388103E+02   -0.363241586268297851E+02   -0.111151535193769551E+02    1
    0.293573393656420265E+02   -0.361986988903067726E+02   -0.111251535193769460E+02    1
    0.293572806619797326E+02   -0.361488540182692120E+02   -0.111351535193769493E+02    1
    0.293572763541853128E+02   -0.361452051587074337E+02   -0.111451535193769491E+02    1
    0.293571631085113012E+02   -0.360497163935584553E+02   -0.111551535193769507E+02    1
    0.293315437684661191E+02   -0.359629256416520207E+02   -0.111651535193769469E+02    1
    0.293569950760658926E+02   -0.359095739264526017E+02   -0.111751535193769467E+02    1
    0.293316347203014445E+02   -0.358874574026833315E+02   -0.111851535193769482E+02    1
    0.293567786343432147E+02   -0.357317729980570959E+02   -0.111951535193769498E+02    1
    0.293567735626636157E+02   -0.357276434175265436E+02   -0.112051535193769514E+02    1
    0.293318816713935036E+02   -0.356852704841961383E+02   -0.112151535193769529E+02    1
    0.293319238780177152E+02   -0.356511128471405172E+02   -0.112251535193769527E+02    1
    0.293319824977327777E+02   -0.356038650602224962E+02   -0.112351535193769525E+02    1
    0.293320016949154869E+02   -0.355884407878355660E+02   -0.112451535193769505E+02    1
    0.293321086140690710E+02   -0.355029750196548193E+02   -0.112551535193769485E+02    1
    0.293564844473577438E+02   -0.354950090845609125E+02   -0.112651535193769465E+02    1
    0.293325610743813385E+02   -0.351495612220020703E+02   -0.112751535193769428E+02    1
    0.293328009427122396E+02   -0.349676214439790130E+02   -0.112851535193769514E+02    1
    0.293329068258531613E+02   -0.348885040213785373E+02   -0.112951535193769441E+02    1
    0.293330047487554744E+02   -0.348159859334882071E+02   -0.113051535193769475E+02    1
    0.293333602587183080E+02   -0.345579693174920308E+02   -0.113151535193769508E+02    1
    0.293333777596848719E+02   -0.345454807824947636E+02   -0.113251535193769524E+02    1
    0.293335156505292574E+02   -0.344477823933787377E+02   -0.113351535193769486E+02    1
    0.293550398457761688E+02   -0.344143601140760325E+02   -0.113451535193769519E+02    1
    0.293336541207334420E+02   -0.343509224289243420E+02   -0.113551535193769464E+02    1
    0.293336551410392765E+02   -0.343502133694493779E+02   -0.113651535193769444E+02    1
    0.293336932868614575E+02   -0.343237527667067610E+02   -0.113751535193769477E+02    1
    0.293336958829566044E+02   -0.343219553859700497E+02   -0.113851535193769493E+02    1
    0.293338113995024230E+02   -0.342424239371295727E+02   -0.113951535193769544E+02    1
    0.293339021756814802E+02   -0.341805370278665066E+02   -0.114051535193769453E+02    1
    0.293546120731206628E+02   -0.341205003461471179E+02   -0.114151535193769433E+02    1
    0.293544526918025390E+02   -0.340140669849048010E+02   -0.114251535193769502E+02    1
    0.293544398051627127E+02   -0.340055338575138109E+02   -0.114351535193769465E+02    1
    0.293542993766017659E+02   -0.339132491340606279E+02   -0.114451535193769427E+02    1
    0.293542740195732890E+02   -0.338967225813767357E+02   -0.114551535193769425E+02    1
    0.293344874619826967E+02   -0.337944302852446654E+02   -0.114651535193769476E+02    1
    0.293345405308956906E+02   -0.337605269332579425E+02   -0.114751535193769509E+02    1
    0.293346073352659076E+02   -0.337181099649348113E+02   -0.114851535193769489E+02    1
    0.293539949231619985E+02   -0.337175934455312216E+02   -0.114951535193769505E+02    1
    0.293539058799392230E+02   -0.336615137150238581E+02   -0.115051535193769467E+02    1
    0.293351979378588936E+02   -0.333557824871663300E+02   -0.115151535193769430E+02    1
    0.293352588409475707E+02   -0.333197141461653246E+02   -0.115251535193769428E+02    1
    0.293352601181684136E+02   -0.333189603357534168E+02   -0.115351535193769426E+02    1
    0.293354254594674870E+02   -0.332222756816124942E+02   -0.115451535193769423E+02    1
    0.293529511719312701E+02   -0.330927564904064084E+02   -0.115551535193769439E+02    1
    0.293356782932752296E+02   -0.330778796601384286E+02   -0.115651535193769455E+02    1
    0.293528325660422240E+02   -0.330262529085026202E+02   -0.115751535193769453E+02    1
    0.293527880784202679E+02   -0.330015450224951152E+02   -0.115851535193769433E+02    1
    0.293358848887861541E+02   -0.329629885051725608E+02   -0.115951535193769448E+02    1
    0.293525360352119868E+02   -0.328640024588107593E+02   -0.116051535193769446E+02    1
    0.293361083310229134E+02   -0.328418645708218051E+02   -0.116151535193769408E+02    1
    0.293524478825937791E+02   -0.328168754013231379E+02   -0.116251535193769424E+02    1
    0.293361652347079911E+02   -0.328115387630014794E+02   -0.116351535193769458E+02    1
    0.293524162942930502E+02   -0.328001114998116634E+02   -0.116451535193769455E+02    1
    0.293362308413387431E+02   -0.327768371875910844E+02   -0.116551535193769418E+02    1
    0.293366049740433539E+02   -0.325843150191999840E+02   -0.116651535193769451E+02    1
    0.293366104996377501E+02   -0.325815401099771975E+02   -0.116751535193769502E+02    1
    0.293367429252305811E+02   -0.325156332443800338E+02   -0.116851535193769465E+02    1
    0.293518208120795911E+02   -0.324962759131488284E+02   -0.116951535193769445E+02    1
    0.293367986118688080E+02   -0.324882604476946923E+02   -0.117051535193769460E+02    1
    0.293368831495594833E+02   -0.324470927775398863E+02   -0.117151535193769476E+02    1
    0.293516829347720041E+02   -0.324292261093974972E+02   -0.117251535193769456E+02    1
    0.293369270432911158E+02   -0.324259016457029503E+02   -0.117351535193769418E+02    1
    0.293370083925025824E+02   -0.323869601688408153E+02   -0.117451535193769399E+02    1
    0.293515639627738594E+02   -0.323723672583542808E+02   -0.117551535193769414E+02    1
    0.293370718216357957E+02   -0.323568966504853250E+02   -0.117651535193769430E+02    1
    0.293371083011499749E+02   -0.323397253945116105E+02   -0.117751535193769463E+02    1
    0.293371507475514690E+02   -0.323198548026902586E+02   -0.117851535193769479E+02    1
    0.293513707491632552E+02   -0.322819955732061601E+02   -0.117951535193769459E+02    1
    0.293372627550128300E+02   -0.322679849379919688E+02   -0.118051535193769439E+02    1
    0.293512306659530644E+02   -0.322179982964980027E+02   -0.118151535193769472E+02    1
    0.293511556022959113E+02   -0.321842323885697752E+02   -0.118251535193769470E+02    1
    0.293510856912353795E+02   -0.321531150530685323E+02   -0.118351535193769397E+02    1
    0.293375879896563276E+02   -0.321220121352443186E+02   -0.118451535193769431E+02    1
    0.293376625341228525E+02   -0.320895274610845149E+02   -0.118551535193769446E+02    1
    0.293509178721435191E+02   -0.320797210019211931E+02   -0.118651535193769391E+02    1
    0.293378732150700472E+02   -0.319996789607372065E+02   -0.118751535193769389E+02    1
    0.293380998595289419E+02   -0.319062573564855967E+02   -0.118851535193769422E+02    1
    0.293503762353107618E+02   -0.318553823983721749E+02   -0.118951535193769455E+02    1
    0.293500923058023702E+02   -0.317454326595643295E+02   -0.119051535193769453E+02    1
    0.293499979582127892E+02   -0.317100619766620646E+02   -0.119151535193769504E+02    1
    0.293386655880002216E+02   -0.316876969172722198E+02   -0.119251535193769467E+02    1
    0.293387148991825555E+02   -0.316696361050257273E+02   -0.119351535193769447E+02    1
    0.293498588625607049E+02   -0.316589750797862806E+02   -0.119451535193769427E+02    1
    0.293498397838281946E+02   -0.316520663523385508E+02   -0.119551535193769443E+02    1
    0.293497630270243626E+02   -0.316245115051205588E+02   -0.119651535193769440E+02    1
    0.293390123192717596E+02   -0.315640680258769919E+02   -0.119751535193769421E+02    1
    0.293391933190927858E+02   -0.315026489501352600E+02   -0.119851535193769418E+02    1
    0.293493773671313498E+02   -0.314918840366931398E+02   -0.119951535193769452E+02    1
    0.293493570209131818E+02   -0.314851566204194313E+02   -0.120051535193769467E+02    1
    0.293392649850179303E+02   -0.314789213506158312E+02   -0.120151535193769430E+02    1
    0.293393805723009180E+02   -0.314413583748577175E+02   -0.120251535193769445E+02    1
    0.293492184694866225E+02   -0.314400635059157274E+02   -0.120351535193769426E+02    1
    0.293491488079473193E+02   -0.314178647461330556E+02   -0.120451535193769441E+02    1
    0.293490793590783525E+02   -0.313960490569183115E+02   -0.120551535193769492E+02    1
    0.293490542845012889E+02   -0.313882498346460856E+02   -0.120651535193769472E+02    1
    0.293490076507795763E+02   -0.313738539699012904E+02   -0.120751535193769470E+02    1
    0.293396061438418414E+02   -0.313705648044525560E+02   -0.120851535193769504E+02    1
    0.293396376036906759E+02   -0.313609553192558614E+02   -0.120951535193769466E+02    1
    0.293489426060357310E+02   -0.313540116809964005E+02   -0.121051535193769411E+02    1
    0.293488179379251264E+02   -0.313167528089010183E+02   -0.121151535193769444E+02    1
    0.293487765233737825E+02   -0.313045999490749765E+02   -0.121251535193769460E+02    1
    0.293398357270988868E+02   -0.313019225376079611E+02   -0.121351535193769386E+02    1
    0.293398751562826767E+02   -0.312904799183630509E+02   -0.121451535193769420E+02    1
    0.293398796663129460E+02   -0.312891775440960842E+02   -0.121551535193769453E+02    1
    0.293399478345241143E+02   -0.312696541066398268E+02   -0.121651535193769433E+02    1
    0.293399573491376486E+02   -0.312669532347957819E+02   -0.121751535193769413E+02    1
    0.293400452922488029E+02   -0.312422689231849802E+02   -0.121851535193769358E+02    1
    0.293485454113446309E+02   -0.312388370254754832E+02   -0.121951535193769427E+02    1
    0.293484136355591865E+02   -0.312029008829963956E+02   -0.122051535193769496E+02    1
    0.293402133745056162E+02   -0.311964951977120997E+02   -0.122151535193769423E+02    1
    0.293402620922427957E+02   -0.311835726329652942E+02   -0.122251535193769385E+02    1
    0.293403715889013625E+02   -0.311550936154444393E+02   -0.122351535193769383E+02    1
    0.293404334979360968E+02   -0.311393379971854358E+02   -0.122451535193769416E+02    1
    0.293480971310110448E+02   -0.311212184717228695E+02   -0.122551535193769450E+02    1
    0.293480841465122921E+02   -0.311180071022873328E+02   -0.122651535193769465E+02    1
    0.293405382105201227E+02   -0.311132584506383338E+02   -0.122751535193769445E+02    1
    0.293480558410651966E+02   -0.311110446477839346E+02   -0.122851535193769408E+02    1
    0.293405542981891863E+02   -0.311093151067480456E+02   -0.122951535193769388E+02    1
    0.293479640186947606E+02   -0.310888185587706936E+02   -0.123051535193769421E+02    1
    0.293407343311568916E+02   -0.310663384821683373E+02   -0.123151535193769419E+02    1
    0.293408490121370491E+02   -0.310400654163465965E+02   -0.123251535193769381E+02    1
    0.293409514453866294E+02   -0.310173240871771974E+02   -0.123351535193769379E+02    1
    0.293475759114682830E+02   -0.310009541015266237E+02   -0.123451535193769395E+02    1
    0.293475354703804641E+02   -0.309923641695397194E+02   -0.123551535193769428E+02    1
    0.293475348609194810E+02   -0.309922355328498824E+02   -0.123651535193769408E+02    1
    0.293475319859152748E+02   -0.309916290432221011E+02   -0.123751535193769424E+02    1
    0.293411344292923353E+02   -0.309784040894494872E+02   -0.123851535193769422E+02    1
    0.293411652197679516E+02   -0.309720698876647411E+02   -0.123951535193769384E+02    1
    0.293411769086085883E+02   -0.309696814699642644E+02   -0.124051535193769382E+02    1
    0.293412550483242143E+02   -0.309539440141486644E+02   -0.124151535193769398E+02    1
    0.293413283391607536E+02   -0.309395453411876957E+02   -0.124251535193769431E+02    1
    0.293472389166574033E+02   -0.309326359232740913E+02   -0.124351535193769447E+02    1
    0.293413771558377441E+02   -0.309301493869020945E+02   -0.124451535193769427E+02    1
    0.293472054351239002E+02   -0.309262531119960968E+02   -0.124551535193769389E+02    1
    0.293414178525689238E+02   -0.309224352035773897E+02   -0.124651535193769369E+02    1
    0.293471743009372581E+02   -0.309203834473560910E+02   -0.124751535193769385E+02    1
    0.293470984531984129E+02   -0.309063488486990998E+02   -0.124851535193769383E+02    1
    0.293470973000740400E+02   -0.309061383764381148E+02   -0.124951535193769399E+02    1
    0.293415260352805625E+02   -0.309024545007900393E+02   -0.125051535193769414E+02    1
    0.293470501702152831E+02   -0.308976103369526633E+02   -0.125151535193769394E+02    1
    0.293415648730317180E+02   -0.308954677499347383E+02   -0.125251535193769392E+02    1
    0.293416586375233841E+02   -0.308790056832194111E+02   -0.125351535193769408E+02    1
    0.293469437563503917E+02   -0.308788882408720404E+02   -0.125451535193769388E+02    1
    0.293416816715570583E+02   -0.308750494408475475E+02   -0.125551535193769404E+02    1
    0.293417407285773564E+02   -0.308650642422551194E+02   -0.125651535193769437E+02    1
    0.293468601688949029E+02   -0.308647004645364049E+02   -0.125751535193769470E+02    1
    0.293468422630835306E+02   -0.308617205191771191E+02   -0.125851535193769468E+02    1
    0.293468195828772167E+02   -0.308579760444992708E+02   -0.125951535193769413E+02    1
    0.293417929645717876E+02   -0.308564220542328336E+02   -0.126051535193769357E+02    1
    0.293467752316737105E+02   -0.308507507391210609E+02   -0.126151535193769408E+02    1
    0.293467604280477730E+02   -0.308483676431257265E+02   -0.126251535193769389E+02    1
    0.293467456118479930E+02   -0.308459968454648354E+02   -0.126351535193769404E+02    1
    0.293418613333584517E+02   -0.308453798798714409E+02   -0.126451535193769455E+02    1
    0.293418639838819217E+02   -0.308449579398505804E+02   -0.126551535193769382E+02    1
    0.293418785305510070E+02   -0.308426504024124029E+02   -0.126651535193769345E+02    1
    0.293419150335446517E+02   -0.308369207505654117E+02   -0.126751535193769378E+02    1
    0.293419342985718927E+02   -0.308339319003408647E+02   -0.126851535193769429E+02    1
    0.293466180471956832E+02   -0.308261774926942067E+02   -0.126951535193769462E+02    1
    0.293466169368110741E+02   -0.308260096384469371E+02   -0.127051535193769389E+02    1
    0.293420010993600080E+02   -0.308237558036581376E+02   -0.127151535193769352E+02    1
    0.293465851399468818E+02   -0.308212371295145537E+02   -0.127251535193769367E+02    1
    0.293465492471782561E+02   -0.308159291428842224E+02   -0.127351535193769383E+02    1
    0.293420891706303166E+02   -0.308107846183162017E+02   -0.127451535193769399E+02    1
    0.293464964566927122E+02   -0.308082750350888972E+02   -0.127551535193769396E+02    1
    0.293421288655657619E+02   -0.308051038460977651E+02   -0.127651535193769430E+02    1
    0.293464460898114865E+02   -0.308011418944908328E+02   -0.127751535193769410E+02    1
    0.293464405168230797E+02   -0.308003628020290989E+02   -0.127851535193769372E+02    1
    0.293422054830542436E+02   -0.307944298985603098E+02   -0.127951535193769352E+02    1
    0.293422446046906984E+02   -0.307891274502346484E+02   -0.128051535193769332E+02    1
    0.293463197212224145E+02   -0.307839740056064990E+02   -0.128151535193769330E+02    1
    0.293462906755297723E+02   -0.307801753070040682E+02   -0.128251535193769310E+02    1
    0.293462815213823234E+02   -0.307789895075992135E+02   -0.128351535193769379E+02    1
    0.293423241675852680E+02   -0.307786518747407882E+02   -0.128451535193769448E+02    1
    0.293462742825271476E+02   -0.307780556819375484E+02   -0.128551535193769428E+02    1
    0.293423290110437058E+02   -0.307780275074960166E+02   -0.128651535193769408E+02    1
    0.293462718160979179E+02   -0.307777382892447022E+02   -0.128751535193769406E+02    1
    0.293423334442256696E+02   -0.307774573709014980E+02   -0.128851535193769422E+02    1
    0.293462439521815881E+02   -0.307741801999080629E+02   -0.128951535193769384E+02    1
    0.293462205398475469E+02   -0.307712297360016436E+02   -0.129051535193769364E+02    1
    0.293423885930043227E+02   -0.307704721105136869E+02   -0.129151535193769416E+02    1
    0.293462081273963946E+02   -0.307696800092937224E+02   -0.129251535193769396E+02    1
    0.293423972477336186E+02   -0.307693939060312545E+02   -0.129351535193769358E+02    1
    0.293462024201692486E+02   -0.307689708221931113E+02   -0.129451535193769356E+02    1
    0.293424066743770382E+02   -0.307682250993600661E+02   -0.129551535193769336E+02    1
    0.293424252849449836E+02   -0.307659346098230131E+02   -0.129651535193769405E+02    1
    0.293461195663338827E+02   -0.307589147739378816E+02   -0.129751535193769403E+02    1
    0.293424920096347890E+02   -0.307579083197287630E+02   -0.129851535193769401E+02    1
    0.293425302054185551E+02   -0.307534445519717146E+02   -0.129951535193769381E+02    1
    0.293425394671113011E+02   -0.307523765247879162E+02   -0.130051535193769379E+02    1
    0.293425953012260905E+02   -0.307460565411525941E+02   -0.130151535193769377E+02    1
    0.293460022152754973E+02   -0.307454385271019319E+02   -0.130251535193769410E+02    1
    0.293426237949719564E+02   -0.307429096913984594E+02   -0.130351535193769426E+02    1
    0.293426313670510837E+02   -0.307420823435692334E+02   -0.130451535193769388E+02    1
    0.293459492809966704E+02   -0.307396538917954452E+02   -0.130551535193769386E+02    1
    0.293459340388365639E+02   -0.307380221491234202E+02   -0.130651535193769419E+02    1
    0.293458816775322049E+02   -0.307325321585798115E+02   -0.130751535193769399E+02    1
    0.293427359601464275E+02   -0.307310370692376296E+02   -0.130851535193769362E+02    1
    0.293427621166854671E+02   -0.307283864920737635E+02   -0.130951535193769359E+02    1
    0.293427639566284242E+02   -0.307282017223039503E+02   -0.131051535193769393E+02    1
    0.293427834225143940E+02   -0.307262604649020865E+02   -0.131151535193769391E+02    1
    0.293427858294135575E+02   -0.307260221523212920E+02   -0.131251535193769353E+02    1
    0.293458015792839042E+02   -0.307244802605759695E+02   -0.131351535193769315E+02    1
    0.293458003407272514E+02   -0.307243590421076966E+02   -0.131451535193769349E+02    1
    0.293428316365682669E+02   -0.307215587598763165E+02   -0.131551535193769382E+02    1
    0.293457699684593258E+02   -0.307214178191890959E+02   -0.131651535193769345E+02    1
    0.293457591743617741E+02   -0.307203870305521747E+02   -0.131751535193769342E+02    1
