    0.293303905820691853E+02   -0.369666179831165493E+02
    0.293550605274660832E+02   -0.344288701593720887E+02
    0.293337564631342573E+02   -0.342801382066053222E+02
    0.293340409738040790E+02   -0.340869509606377505E+02
    0.293544489772148509E+02   -0.340116061898978543E+02
    0.293543708789121212E+02   -0.339600771003089932E+02
    0.293537939006899116E+02   -0.335917234463708709E+02
    0.293350295773193892E+02   -0.334567495542917257E+02
    0.293354333571335459E+02   -0.332177021101149634E+02
    0.293355362110611111E+02   -0.331585107358603253E+02
    0.293527548703330936E+02   -0.329831858587514688E+02
    0.293525252872738101E+02   -0.328582293783030650E+02
    0.293521946115342018E+02   -0.326842969110417414E+02
    0.293366472218680059E+02   -0.325631491330775305E+02
    0.293366537370910123E+02   -0.325598954171833057E+02
    0.293367256052800691E+02   -0.325241881427239790E+02
    0.293368991892407891E+02   -0.324393345169276159E+02
    0.293369649388541021E+02   -0.324077074797329203E+02
    0.293371056868050601E+02   -0.323409531022006220E+02
    0.293514962757257933E+02   -0.323404307425862640E+02
    0.293513743144048682E+02   -0.322836410748310172E+02
    0.293513423978059826E+02   -0.322689398194442205E+02
    0.293512404594884018E+02   -0.322224308478347368E+02
    0.293373777539584921E+02   -0.322155817208414135E+02
    0.293509816934216090E+02   -0.321074160034913234E+02
    0.293509454978527273E+02   -0.320916764398511134E+02
    0.293377354392667691E+02   -0.320581079972178031E+02
    0.293508039222082608E+02   -0.320309339706902492E+02
    0.293378214330836826E+02   -0.320214937426119164E+02
    0.293379831744046129E+02   -0.319539355835226253E+02
    0.293381173554572925E+02   -0.318991850347519552E+02
    0.293504632953218696E+02   -0.318901498793723555E+02
    0.293504456583898481E+02   -0.318830665972604095E+02
    0.293381806295172112E+02   -0.318737747607943263E+02
    0.293504144260937103E+02   -0.318705730057005958E+02
    0.293503953424695965E+02   -0.318629704823299100E+02
    0.293382158419465782E+02   -0.318597469571408318E+02
    0.293382158419465782E+02   -0.318597469571408318E+02
    0.293382809322973195E+02   -0.318340295653592484E+02
    0.293383651933272489E+02   -0.318011484906421735E+02
    0.293502360710046872E+02   -0.318004470972526079E+02
    0.293501385726940782E+02   -0.317629903293164269E+02
    0.293384948683440427E+02   -0.317514509706783379E+02
    0.293500222745396115E+02   -0.317191225325214923E+02
    0.293500210313515204E+02   -0.317186583695418314E+02
    0.293499939495134896E+02   -0.317085719928054495E+02
    0.293386311605267736E+02   -0.317004004796213366E+02
    0.293386575901832458E+02   -0.316906411723862398E+02
    0.293388015638652924E+02   -0.316382787193258963E+02
    0.293497778902633257E+02   -0.316298172209548092E+02
    0.293497691584472093E+02   -0.316266984858313798E+02
    0.293497691584472093E+02   -0.316266984858313798E+02
    0.293497332214854971E+02   -0.316139153021593025E+02
    0.293497060971406114E+02   -0.316043226899660468E+02
    0.293496426541342714E+02   -0.315820733887098761E+02
    0.293496426541342714E+02   -0.315820733887098761E+02
    0.293390636380394838E+02   -0.315464367172855553E+02
    0.293391792109395197E+02   -0.315073594585770991E+02
    0.293392074609560112E+02   -0.314979402248222051E+02
    0.293392074609560112E+02   -0.314979402248222051E+02
    0.293392081690887743E+02   -0.314977047856011723E+02
    0.293493819119063559E+02   -0.314933904449061650E+02
    0.293493426840752250E+02   -0.314804324159373934E+02
    0.293491817942465083E+02   -0.314283368735434010E+02
    0.293490628178294237E+02   -0.313908994431628443E+02
    0.293396597569099882E+02   -0.313542273280643222E+02
    0.293396712465532232E+02   -0.313507505084023101E+02
    0.293397068501506837E+02   -0.313400314143172807E+02
    0.293488612380181735E+02   -0.313295786843424224E+02
    0.293487896986445875E+02   -0.313084540132468447E+02
    0.293487896986445875E+02   -0.313084540132468447E+02
    0.293398191775743769E+02   -0.313067555578036298E+02
    0.293398191775743769E+02   -0.313067555578036298E+02
    0.293398224411025623E+02   -0.313058010822543871E+02
    0.293398230880470834E+02   -0.313056119546479152E+02
    0.293398583394928565E+02   -0.312953478554943452E+02
    0.293487437874400996E+02   -0.312950729997542290E+02
    0.293398651468532670E+02   -0.312933751128197741E+02
    0.293487299337421490E+02   -0.312910623028485873E+02
    0.293486909404120908E+02   -0.312798408419718470E+02
    0.293486163776093392E+02   -0.312586595667259779E+02
    0.293485870003010838E+02   -0.312504139219825348E+02
    0.293485148887949840E+02   -0.312304124587831033E+02
    0.293400931902688171E+02   -0.312290370155058028E+02
    0.293400931902688171E+02   -0.312290370155058028E+02
    0.293400965254989572E+02   -0.312281212293243122E+02
    0.293484246379735119E+02   -0.312058579484739198E+02
    0.293484246379735119E+02   -0.312058579484739198E+02
    0.293483986421194167E+02   -0.311988838894894549E+02
    0.293483411480417686E+02   -0.311836162781232531E+02
    0.293483358453344465E+02   -0.311822190063549911E+02
    0.293482887333177871E+02   -0.311698855059352411E+02
    0.293482632790907942E+02   -0.311632821020249047E+02
    0.293404000344525073E+02   -0.311478232629234206E+02
    0.293481742912355799E+02   -0.311405289987458538E+02
    0.293481391564910368E+02   -0.311316878021866437E+02
    0.293481391564910368E+02   -0.311316878021866437E+02
    0.293404771330784762E+02   -0.311283833199744713E+02
    0.293481207168650968E+02   -0.311270799537044098E+02
    0.293404903686677656E+02   -0.311250850684225639E+02
    0.293480569951444075E+02   -0.311113275006730561E+02
    0.293405586982130728E+02   -0.311082395328502379E+02
    0.293479948224277258E+02   -0.310962134218283524E+02
    0.293406151501134573E+02   -0.310945521309141633E+02
    0.293406151501134573E+02   -0.310945521309141633E+02
    0.293479185664699571E+02   -0.310780202391855660E+02
    0.293406852531982807E+02   -0.310778443893141798E+02
    0.293479017806258753E+02   -0.310740664351757339E+02
    0.293478859714569182E+02   -0.310703594984900597E+02
    0.293408426883850808E+02   -0.310414918057252223E+02
    0.293408426883850808E+02   -0.310414918057252223E+02
    0.293477158091106460E+02   -0.310314925841742912E+02
    0.293477158091106460E+02   -0.310314925841742912E+02
    0.293476939936775878E+02   -0.310266463868188929E+02
    0.293409327815539243E+02   -0.310214166419105339E+02
    0.293409610398258565E+02   -0.310152290928908592E+02
    0.293409740166405228E+02   -0.310124050990602740E+02
    0.293410003800490884E+02   -0.310067017842216792E+02
    0.293475983659156228E+02   -0.310057696536601313E+02
    0.293410419964521907E+02   -0.309977910505311307E+02
    0.293411063796597844E+02   -0.309842283104327052E+02
    0.293474939337964500E+02   -0.309836526759656969E+02
    0.293411105907864318E+02   -0.309833506365605409E+02
    0.293411625267586267E+02   -0.309726214227727574E+02
    0.293411787140629450E+02   -0.309693133509023539E+02
    0.293411787140629450E+02   -0.309693133509023539E+02
    0.293473831081952881E+02   -0.309609602356731983E+02
    0.293412460104495594E+02   -0.309557438732718175E+02
    0.293412460104495594E+02   -0.309557438732718175E+02
    0.293412539281463722E+02   -0.309541668039422220E+02
    0.293473363537726684E+02   -0.309516273374654816E+02
    0.293473363537726684E+02   -0.309516273374654816E+02
    0.293473212473354188E+02   -0.309486423598128084E+02
    0.293412899902763051E+02   -0.309470356076512623E+02
    0.293412899902763051E+02   -0.309470356076512623E+02
    0.293412929508003941E+02   -0.309464539417658102E+02
    0.293412929508003941E+02   -0.309464539417658102E+02
    0.293413380682776683E+02   -0.309376603253919455E+02
    0.293472455860813497E+02   -0.309339161001179903E+02
    0.293471652137026702E+02   -0.309186821781326913E+02
    0.293414773444150363E+02   -0.309113528763460046E+02
    0.293471121432294666E+02   -0.309088542324319491E+02
    0.293415176898039327E+02   -0.309039686685522845E+02
    0.293415402961025826E+02   -0.308998775993194243E+02
    0.293415506736499161E+02   -0.308980107422696477E+02
    0.293470392289346478E+02   -0.308956512735137387E+02
    0.293415678372446465E+02   -0.308949385442269175E+02
    0.293415780335039500E+02   -0.308931225689985212E+02
    0.293470243316367743E+02   -0.308929964378432054E+02
    0.293470243316367743E+02   -0.308929964378432054E+02
    0.293469990114059698E+02   -0.308885173734846035E+02
    0.293416500391657422E+02   -0.308804913826455589E+02
    0.293468611508993291E+02   -0.308648644983488118E+02
    0.293417457317906951E+02   -0.308642287728155793E+02
    0.293417630178573816E+02   -0.308613548063234866E+02
    0.293468254279622016E+02   -0.308589378494874929E+02
    0.293417787774002754E+02   -0.308587516347290922E+02
    0.293468134280598534E+02   -0.308569656836612509E+02
    0.293417921382016260E+02   -0.308565573866125469E+02
    0.293468033239747896E+02   -0.308553123815175567E+02
    0.293418104563620261E+02   -0.308535679288075286E+02
    0.293418633937707085E+02   -0.308450518406833680E+02
    0.293418794056474397E+02   -0.308425120263482633E+02
    0.293467032033031785E+02   -0.308392900915185209E+02
    0.293467026272310960E+02   -0.308391997960009832E+02
    0.293419104951350356E+02   -0.308376283825165842E+02
    0.293466755960351477E+02   -0.308349871884389763E+02
    0.293419358949639957E+02   -0.308336853168281557E+02
    0.293420061547921307E+02   -0.308229975400544554E+02
    0.293420373026025096E+02   -0.308183624862505070E+02
    0.293465263533122425E+02   -0.308125874168336260E+02
    0.293420801574605683E+02   -0.308120888275907170E+02
    0.293465163705145002E+02   -0.308111409789949384E+02
    0.293420923811859140E+02   -0.308103213304385548E+02
    0.293420995819645292E+02   -0.308092846942543659E+02
    0.293464922543668187E+02   -0.308076735550740324E+02
    0.293464510231024107E+02   -0.308018332500923826E+02
    0.293421689035616424E+02   -0.307994781641346407E+02
    0.293421794815542576E+02   -0.307980093393086420E+02
    0.293464228072284143E+02   -0.307979004933614178E+02
    0.293421803095737239E+02   -0.307978946715119726E+02
    0.293423250751819538E+02   -0.307785347604288653E+02
    0.293426773707272943E+02   -0.307371362831395167E+02
    0.293425939502568198E+02   -0.307462070580869948E+02
    0.293426213079792930E+02   -0.307431822440480751E+02
    0.293427663016979636E+02   -0.307279665472779051E+02
    0.293427605268378144E+02   -0.307285463248662047E+02
    0.293427895066748619E+02   -0.307256587884549290E+02
    0.293426408173296949E+02   -0.307410550281393213E+02
    0.293424192135460622E+02   -0.307666793606516045E+02
    0.293426997816677613E+02   -0.307347768218752684E+02
    0.293429144159773294E+02   -0.307138402263066652E+02
    0.293427935558869493E+02   -0.307252596918069578E+02
    0.293425587289760372E+02   -0.307501732423335596E+02
    0.293430120112761266E+02   -0.307053147443786791E+02
    0.293430883489855390E+02   -0.306990795601184558E+02
    0.293430292381961308E+02   -0.307038744342872967E+02
    0.293432076678902405E+02   -0.306900956249884374E+02
    0.293431287756911630E+02   -0.306959316047683437E+02
    0.293429982904047968E+02   -0.307064757787015985E+02
    0.293433045935438628E+02   -0.306834817976057899E+02
    0.293433235375556620E+02   -0.306822607698829479E+02
    0.293434703737219564E+02   -0.306735909573267200E+02
    0.293434300056372948E+02   -0.306758341881549619E+02
    0.293434585495111264E+02   -0.306742370068135308E+02
    0.293432992095033995E+02   -0.306838330982890213E+02
    0.293435314124820152E+02   -0.306704010786875330E+02
    0.293434768532020342E+02   -0.306732408030448589E+02
    0.293431870829750778E+02   -0.306915792041044959E+02
    0.293436629832573423E+02   -0.306643522631838863E+02
    0.293436647008546316E+02   -0.306642807701986797E+02
    0.293435668039346211E+02   -0.306686629062207565E+02
    0.293437486288371261E+02   -0.306610219563450421E+02
    0.293437293298122768E+02   -0.306617306059768886E+02
    0.293436567429665871E+02   -0.306646136287089668E+02
    0.293438406609276221E+02   -0.306579769794400576E+02
    0.293438453469713778E+02   -0.306578367283658615E+02
    0.293438965712056969E+02   -0.306563970799034990E+02
    0.293440572537555227E+02   -0.306529923756437519E+02
    0.293440085084663700E+02   -0.306538471637696794E+02
    0.293436081885054136E+02   -0.306667340913066475E+02
    0.293425508887976392E+02   -0.307510671243576077E+02
    0.293437877385455792E+02   -0.306596604215826289E+02
    0.293439939369186717E+02   -0.306541327985616761E+02
    0.293438914306645451E+02   -0.306565338226015776E+02
    0.293435304614824020E+02   -0.306704489128773510E+02
    0.293438917455320123E+02   -0.306565253972744394E+02
    0.293448859624139402E+02   -0.306621917914586959E+02
    0.293447621521569921E+02   -0.306579691099971718E+02
    0.293448290585813112E+02   -0.306601267719048849E+02
    0.293448270614994016E+02   -0.306600581375111645E+02
    0.293447916366613057E+02   -0.306588839446535601E+02
    0.293449964923471995E+02   -0.306668068618181557E+02
    0.293450667413471820E+02   -0.306701545048147857E+02
    0.293453804138060157E+02   -0.306890324664470917E+02
    0.293452965266407411E+02   -0.306833547329289544E+02
    0.293452717976856334E+02   -0.306817686629837461E+02
    0.293452387755328203E+02   -0.306797129217883686E+02
    0.293453214483591154E+02   -0.306849935496743704E+02
    0.293446345148254792E+02   -0.306546633297452047E+02
    0.293446496679151991E+02   -0.306550001638255729E+02
    0.293453353559204189E+02   -0.306859257153105069E+02
    0.293442621347123698E+02   -0.306510955002819117E+02
    0.293442560603930858E+02   -0.306511123270244958E+02
    0.293442606721171018E+02   -0.306510993317486466E+02
    0.293443499877406744E+02   -0.306511214416999636E+02
    0.293444841240048007E+02   -0.306521328501673125E+02
    0.293444999192479088E+02   -0.306523292378472725E+02
    0.293444163664201092E+02   -0.306514751610998673E+02
    0.293444744798792954E+02   -0.306520209484111881E+02
    0.293443967869460494E+02   -0.306513409211691688E+02
    0.293456224119512399E+02   -0.307079854278581514E+02
    0.293457075934039224E+02   -0.307155662793140394E+02
    0.293456703250345221E+02   -0.307121912482566550E+02
    0.293455877649163099E+02   -0.307050374584345072E+02
    0.293456087783610897E+02   -0.307068160535428909E+02
    0.293455964776529683E+02   -0.307057714138648166E+02
    0.293455982406663907E+02   -0.307059205317547388E+02
    0.293458864418389993E+02   -0.307330242869653887E+02
    0.293457152889089379E+02   -0.307162744785518882E+02
    0.293458337240783145E+02   -0.307276613175857278E+02
    0.293459235868895760E+02   -0.307369119851358867E+02
    0.293459085012329908E+02   -0.307353222201803931E+02
    0.293457322712122135E+02   -0.307178509973568907E+02
    0.293456813522441848E+02   -0.307131804307741234E+02
    0.293463882860887466E+02   -0.307931595842331625E+02
    0.293463826243867913E+02   -0.307923894676858190E+02
    0.293462721757757130E+02   -0.307777845496877553E+02
    0.293462708427655627E+02   -0.307776131451397781E+02
    0.293462588974937368E+02   -0.307760823439066939E+02
    0.293461435234607677E+02   -0.307617764235879001E+02
    0.293461219476267701E+02   -0.307591975396829049E+02
    0.293463818670776107E+02   -0.307922866155563995E+02
