    0.130852332583683658E-97    0.488973028830354167E+03    0.231762550674918657E+02
    0.351132880849856539E-96    0.482373668095302719E+03    0.235771403964104707E+02
    0.104053653733474270E-90    0.457155163104073551E+03    0.231835511651458290E+02
    0.190963185204667233E-89    0.451315644929174653E+03    0.235699665973335470E+02
    0.991903965944651831E-89    0.448000553664722190E+03    0.231857018162883648E+02
    0.106367658986889761E-88    0.447840832919257991E+03    0.231857395529104267E+02
    0.123227526426441891E-88    0.447526571157026353E+03    0.231858138240547085E+02
    0.221920778796760728E-87    0.441724824949059155E+03    0.231871901899585318E+02
    0.682995914706145414E-84    0.425640977566619256E+03    0.231910589470021371E+02
    0.939316939816140820E-83    0.420378479234246242E+03    0.231923423271989400E+02
    0.465299961589904799E-82    0.417158250398352720E+03    0.235617547788191288E+02
    0.487305169698163284E-76    0.389414812717718007E+03    0.232000814899457808E+02
    0.830193645443742903E-75    0.383724105686354733E+03    0.232015408806473857E+02
    0.316665939696127121E-68    0.353395537546667640E+03    0.232095324915081704E+02
    0.369442346182089399E-67    0.348462072768673409E+03    0.232108687173674042E+02
    0.649505438004616538E-67    0.347313639743780357E+03    0.232111813106387430E+02
    0.562710438706081932E-64    0.333765021248428241E+03    0.232149145029637545E+02
    0.130685833594477968E-63    0.332059788965107828E+03    0.232153904565245242E+02
    0.377328337476449987E-63    0.329919149956974081E+03    0.232159899242207430E+02
    0.375887948539321930E-63    0.329906799237637188E+03    0.232159933893925405E+02
    0.950958761253970390E-63    0.328030440021092659E+03    0.232165206956929673E+02
    0.108334662355139932E-61    0.323144590722245880E+03    0.235369849142901941E+02
    0.218600801553591606E-60    0.317115376374227651E+03    0.235352637937607092E+02
    0.457021983867946156E-60    0.315620407870255576E+03    0.232200527165016126E+02
    0.695709654065910356E-60    0.314760006040019675E+03    0.235345863010674243E+02
    0.174981110622264481E-58    0.308290174429648914E+03    0.235327101235268152E+02
    0.230518822707842115E-58    0.307718865448360759E+03    0.232223434795201236E+02
    0.138925541405111414E-57    0.304106484068729571E+03    0.232234021040025809E+02
    0.193359319750436326E-56    0.298820089678581269E+03    0.235299222866396356E+02
    0.801069804486773292E-56    0.295957293935372491E+03    0.232258174020371371E+02
    0.144753769744207963E-54    0.290148781424785454E+03    0.235273241247465137E+02
    0.445012847358303576E-54    0.287882643438853961E+03    0.235266376704795057E+02
    0.991671515103425995E-52    0.277049725534353797E+03    0.232315752812030389E+02
    0.242066458395723797E-50    0.270639744379486729E+03    0.232335795946886066E+02
    0.612255632840245557E-50    0.268763869207298796E+03    0.235207153807460969E+02
    0.214592073047870570E-49    0.266235521030854272E+03    0.232349730770178660E+02
    0.793078405888990603E-49    0.263601154634863008E+03    0.232358131350538528E+02
    0.428425122371466190E-48    0.260207596669004886E+03    0.235179841518402100E+02
    0.436731174930172836E-48    0.260149192936432655E+03    0.235179653265019013E+02
    0.878938448641589912E-47    0.254125228699502856E+03    0.235160098799233097E+02
    0.192523778526651088E-45    0.247931878727570279E+03    0.232409165873166188E+02
    0.245845158976277554E-45    0.247422914263998052E+03    0.232410855588675247E+02
    0.149820350760655266E-44    0.243788274053946623E+03    0.232422983673855903E+02
    0.133400467226112435E-41    0.230184926053603988E+03    0.235079493077127992E+02
    0.787966855700454562E-41    0.226612725270085093E+03    0.235067034772354404E+02
    0.337352714956355829E-37    0.209868698551625585E+03    0.235006961422438003E+02
    0.154480173876388551E-35    0.202200484682157736E+03    0.232570418829523220E+02
    0.242405419462362356E-35    0.201279392986588988E+03    0.232573889173176482E+02
    0.232064034917440073E-34    0.196741419331213280E+03    0.232591135215327434E+02
    0.350730927117000460E-33    0.191290237157387878E+03    0.232612190086343986E+02
    0.572341701357334563E-33    0.190290803451509760E+03    0.232616091855263001E+02
    0.176149752169871420E-32    0.188022436655831910E+03    0.232624996655958860E+02
    0.124923575564121975E-31    0.184084531155889408E+03    0.232640621550448827E+02
    0.648116037600373479E-31    0.180771795964178978E+03    0.232653934612597837E+02
    0.232423226474825350E-29    0.173592475170014694E+03    0.232683343870423585E+02
    0.519896263088588337E-29    0.171962336498359946E+03    0.234858735734128992E+02
    0.207507144125179052E-28    0.169174093370404762E+03    0.234847024366732064E+02
    0.182260295785028680E-27    0.164808382997729240E+03    0.232720442536440970E+02
    0.956271868883020454E-27    0.161473170213011912E+03    0.232734875162872612E+02
    0.819899604122327553E-25    0.152550550552103573E+03    0.232774510043714926E+02
    0.278979816092412198E-24    0.150081465292747168E+03    0.234763109866520239E+02
    0.621361404070859499E-24    0.148459918396081321E+03    0.232793216005933914E+02
    0.714743630221984360E-24    0.148159896325113976E+03    0.234754266367475708E+02
    0.145313385659576542E-23    0.146720788596408909E+03    0.234747590635360481E+02
    0.234842032535925038E-23    0.145740747805377680E+03    0.232805850307255433E+02
    0.257204848331703661E-23    0.145538828292418145E+03    0.234742073312379809E+02
    0.536751252541410524E-22    0.139442334251026438E+03    0.232835768051615624E+02
    0.540696221745891153E-22    0.139407688574360606E+03    0.234712933136632245E+02
    0.193755088572795448E-21    0.136835043742701970E+03    0.232848435641060298E+02
    0.554338082113067247E-21    0.134712684091405606E+03    0.234689991820076074E+02
    0.733964292629866069E-21    0.134131312846106255E+03    0.234687110928008238E+02
    0.300829201680278773E-19    0.126684807898870289E+03    0.234649372501440325E+02
    0.344515298409534862E-19    0.126393616239620840E+03    0.232901004761527020E+02
    0.606896679254798183E-19    0.125241176111354989E+03    0.234641866281942484E+02
    0.384593211140371334E-18    0.121528350685202298E+03    0.232926612283951080E+02
    0.731822577600871750E-18    0.120221646839206329E+03    0.234615245640699221E+02
    0.233214574771316051E-17    0.117883634958644336E+03    0.232946314270717885E+02
    0.333580648639915082E-17    0.117147783539473863E+03    0.234598519235258607E+02
    0.464098537248321806E-17    0.116467359072851053E+03    0.232954097784833642E+02
    0.739096314424158772E-17    0.115516696375318276E+03    0.234589504304106846E+02
    0.122075539234981081E-16    0.114493102621379066E+03    0.234583795679222291E+02
    0.143353144007315411E-16    0.114151760426794993E+03    0.234581883026109246E+02
    0.149486541734325882E-16    0.114047969941872566E+03    0.234581300554832310E+02
    0.296742873327537798E-16    0.112656650640829810E+03    0.232975416906483446E+02
    0.793574483426888047E-16    0.110669287870714030E+03    0.232986764169058809E+02
    0.127846981225246825E-15    0.109695544310532540E+03    0.234556484337131543E+02
    0.278490460665395083E-15    0.108118444877288098E+03    0.233001572855259127E+02
    0.379685474685904863E-15    0.107478526066165273E+03    0.234543535812601860E+02
    0.419145507408301662E-15    0.107260776224378318E+03    0.234542252264995987E+02
    0.973300188098826310E-15    0.105555827384371085E+03    0.233016741275787354E+02
    0.129591654200792651E-14    0.104963265533273912E+03    0.233020292144423600E+02
    0.330854163282418399E-14    0.103068686935817638E+03    0.233031759127988138E+02
    0.624573678836824929E-14    0.101777903697505892E+03    0.233039674114789932E+02
    0.862041419081457779E-14    0.101113435664789861E+03    0.233043782012064327E+02
    0.102578883303438505E-13    0.100745607926181933E+03    0.234502802422606642E+02
    0.234444447089720089E-13    0.990724347969433126E+02    0.233056546934142119E+02
    0.304349300826948673E-13    0.985305200024357788E+02    0.234488893876266609E+02
    0.761605517255487678E-13    0.966760146622845014E+02    0.233071830681374017E+02
    0.146985052398136352E-12    0.953410401373051002E+02    0.233080490778201224E+02
    0.189295937277060500E-12    0.948150787394637575E+02    0.233083932560938294E+02
    0.207438215355988261E-12    0.946120348557659412E+02    0.233085265836741264E+02
    0.224370986858998838E-12    0.944351001853545284E+02    0.234462438619601592E+02
    0.415230209505015342E-12    0.931840357555326904E+02    0.233094716579986709E+02
    0.546839687233261659E-12    0.926133905655679257E+02    0.233098530160934061E+02
    0.765813967299302733E-12    0.919198233763670061E+02    0.234445674004221054E+02
    0.766631162637006939E-12    0.918976903266435414E+02    0.234445524626031201E+02
    0.122555255561183887E-11    0.909394077576197333E+02    0.234439024884181890E+02
    0.394225693362204163E-11    0.885826846036247133E+02    0.234422762813647942E+02
    0.396090644072505957E-11    0.885532455773331293E+02    0.234422557095565551E+02
    0.269178011573780420E-10    0.847006157322087319E+02    0.233153821350898163E+02
    0.626959259109238549E-10    0.829895984377640303E+02    0.233166438057900436E+02
    0.722300388132222385E-10    0.826864793549878812E+02    0.234380167794663841E+02
    0.122950614124158341E-09    0.816026258467060330E+02    0.233176860774032058E+02
    0.219940634546046152E-09    0.804194760398937092E+02    0.233185897686998764E+02
    0.365034439334123493E-09    0.793862079668821394E+02    0.234354963531834528E+02
    0.562143574980080753E-09    0.785026767963026373E+02    0.233200840318170677E+02
    0.105065733588073537E-08    0.772318488109329593E+02    0.234337902779497860E+02
    0.226086757413475701E-08    0.756791835718993298E+02    0.234325279400183106E+02
    0.296077221940077989E-08    0.751197805773725662E+02    0.233228208498594114E+02
    0.479418471632630770E-08    0.741358734838582052E+02    0.234312438644451788E+02
    0.563449745598348949E-08    0.737928648940545742E+02    0.234309542869568084E+02
    0.109597244561437707E-07    0.724422265351787189E+02    0.233250883671596014E+02
    0.114526194705073479E-07    0.723342438587565795E+02    0.233251818773222759E+02
    0.124674772866566040E-07    0.721444339425961516E+02    0.233253466545438251E+02
    0.134283978357326645E-07    0.719759374038511197E+02    0.233254933671688640E+02
    0.184246411534004023E-07    0.713233028922303873E+02    0.233260655802367509E+02
    0.247681767478300436E-07    0.707115615488239797E+02    0.233266077870828212E+02
    0.403423162435340224E-07    0.697158789180352585E+02    0.233275028805343752E+02
    0.406954260072686196E-07    0.696784494098221927E+02    0.233275368418023419E+02
    0.101298613958415105E-06    0.678345353586243078E+02    0.234256473273484644E+02
    0.149101859712592830E-06    0.670414214266320130E+02    0.233299906602924487E+02
    0.230643383622148581E-06    0.661489353682593872E+02    0.234240364385226734E+02
    0.265727848303796691E-06    0.658457354991550403E+02    0.234237407300192295E+02
    0.267581986952517370E-06    0.658118287905467270E+02    0.233311792958617339E+02
    0.281367118740990152E-06    0.656913602378024564E+02    0.233312973984311469E+02
    0.371707092637501425E-06    0.651144684983819815E+02    0.234230196376725139E+02
    0.474450966593085614E-06    0.646063642644418366E+02    0.233323750291674514E+02
    0.483555555735637149E-06    0.645483483927168464E+02    0.233324333778840582E+02
    0.583277456553097958E-06    0.641533548460702008E+02    0.234220541733089682E+02
    0.578861849413740834E-06    0.641485531217523999E+02    0.233328375420384226E+02
    0.632429223008299222E-06    0.639515441879443358E+02    0.233330380568101461E+02
    0.713980144179741382E-06    0.636889705104991393E+02    0.233333067191874690E+02
    0.890114718787626169E-06    0.632279801119931903E+02    0.233337823981418175E+02
    0.948633495886584586E-06    0.630806357684905663E+02    0.234209513053287210E+02
    0.103218181902088895E-05    0.628918205923703582E+02    0.234207542769832351E+02
    0.191005149710132320E-05    0.616409098508400461E+02    0.233354612351813913E+02
    0.331602429490809293E-05    0.605176371302629050E+02    0.233366912335905354E+02
    0.547679834200659832E-05    0.594941288857696833E+02    0.234170415978853690E+02
    0.582290393270144752E-05    0.593515720682679699E+02    0.233380086539891280E+02
    0.666806128784229509E-05    0.590605119455277503E+02    0.233383444160103934E+02
    0.660177179036505637E-05    0.590604941257146834E+02    0.233383444366552979E+02
    0.205144329704125851E-04    0.567729128863835086E+02    0.234137956760421027E+02
    0.207734567023855983E-04    0.567278181545064086E+02    0.233411473982661732E+02
    0.213964203616711613E-04    0.566487229874624276E+02    0.234136405954100688E+02
    0.221208205868260400E-04    0.565621317118571554E+02    0.233413547681393894E+02
    0.245546396204216730E-04    0.563333686119764465E+02    0.234132437818341153E+02
    0.247626388383775340E-04    0.562964982202792186E+02    0.234131970998954664E+02
    0.262678174252055854E-04    0.561584812222158263E+02    0.233418650278764339E+02
    0.275255115497133673E-04    0.560449437231996441E+02    0.234128769632904543E+02
    0.305891820631712895E-04    0.558138774196855749E+02    0.234125803306019229E+02
    0.312218071535734013E-04    0.557529366621055331E+02    0.234125016792990444E+02
    0.328107727801121854E-04    0.556336564581284065E+02    0.234123472210582086E+02
    0.352197915839428874E-04    0.554719538868923649E+02    0.233427501081441555E+02
    0.439881271232007325E-04    0.550073307391038497E+02    0.234115246935921562E+02
    0.508642599440152057E-04    0.546968492284464176E+02    0.233437773375667739E+02
    0.521200130734755999E-04    0.546280722517149897E+02    0.233438700043158498E+02
    0.568289674421554647E-04    0.544350778860863258E+02    0.234107554273610106E+02
    0.581962377870946646E-04    0.543675288382674680E+02    0.234106634472926061E+02
    0.609892403528384909E-04    0.542537753359829225E+02    0.233443788660592411E+02
    0.627964955098579577E-04    0.541753717220287214E+02    0.234104003873421149E+02
    0.769729424602503387E-04    0.537482623309379406E+02    0.234098080245172966E+02
    0.767092517713396845E-04    0.537351256100315382E+02    0.233450972063338860E+02
    0.816652870391036657E-04    0.535899122012261415E+02    0.233453012063698395E+02
    0.917562988897729378E-04    0.533368979832410020E+02    0.233456597761408844E+02
    0.100797598697100214E-03    0.531289411920882984E+02    0.234089292912513898E+02
    0.138841771352439178E-03    0.524685003596151986E+02    0.233469224872066228E+02
    0.222455191535441598E-03    0.515057188679609865E+02    0.234065003279394155E+02
    0.250350502923494232E-03    0.512494463625855730E+02    0.233487888066370850E+02
    0.275937688734816111E-03    0.510348201083470769E+02    0.234057567158269890E+02
    0.282815787193947460E-03    0.509655787437887042E+02    0.233492411183905979E+02
    0.282538196887725291E-03    0.509475427545596204E+02    0.233492701020988740E+02
    0.301781689249460609E-03    0.507957625125188557E+02    0.234053716359159374E+02
    0.301738793879421203E-03    0.507760468135247720E+02    0.234053396401039713E+02
    0.299032128706231185E-03    0.507740682149266718E+02    0.234053364270897148E+02
    0.308466638841112739E-03    0.506919428626990154E+02    0.233496841024338728E+02
    0.318128742092106665E-03    0.506102579575024478E+02    0.233498177173060135E+02
    0.347427409188156861E-03    0.504140587603749353E+02    0.233501413186368829E+02
    0.364178201007311919E-03    0.502998836358031838E+02    0.233503314112641860E+02
    0.485580575754990446E-03    0.497044797810151238E+02    0.233513451389987310E+02
    0.577121258498052600E-03    0.493390654622862357E+02    0.233519872718503905E+02
    0.595426076574446681E-03    0.492566157691865527E+02    0.233521344111281621E+02
    0.596773342537451515E-03    0.492320954967726792E+02    0.233521783351898193E+02
    0.618384310368350412E-03    0.491409500066576257E+02    0.234025445581297831E+02
    0.616890995147976757E-03    0.491257855795575580E+02    0.234025171774118590E+02
    0.629545316937520408E-03    0.490651745785482305E+02    0.234024074389786954E+02
    0.688831368362449259E-03    0.488651772725515769E+02    0.234020418639130625E+02
    0.720121852079390876E-03    0.487563293845166186E+02    0.234018405990215115E+02
    0.800523724993334497E-03    0.485246379184651744E+02    0.233534802768089840E+02
    0.845425705054671022E-03    0.483954896709761044E+02    0.234011611768446954E+02
    0.839290847793773684E-03    0.483900556449793484E+02    0.234011507963403922E+02
    0.925890781293942696E-03    0.481736576960502916E+02    0.234007336555596019E+02
    0.933284129160712444E-03    0.481377508831982865E+02    0.234006637147158472E+02
    0.955049515144847376E-03    0.480716438829847945E+02    0.234005343946056819E+02
    0.982392097406270884E-03    0.479951892315177560E+02    0.233545029163360596E+02
    0.113541088705408351E-02    0.476856704990375420E+02    0.233551224480465613E+02
    0.116117359157077060E-02    0.476207972788341749E+02    0.233996323487583666E+02
    0.125884756992554253E-02    0.474392663491449795E+02    0.233992586148038768E+02
    0.125638213908274132E-02    0.474231871546659391E+02    0.233556616374483355E+02
    0.125211239090195652E-02    0.474099956244523923E+02    0.233556890879837979E+02
    0.145793526087098957E-02    0.470856172401205555E+02    0.233563753439481054E+02
    0.145682239451560376E-02    0.470671444565015378E+02    0.233564150990369122E+02
    0.149781663359026458E-02    0.469916427596932849E+02    0.233983084664965340E+02
    0.159106207273144529E-02    0.468508561729109658E+02    0.233568862899315945E+02
    0.162212859022119833E-02    0.467921812372212358E+02    0.233978708501895269E+02
    0.170281524283215596E-02    0.466750938868126681E+02    0.233976095388507517E+02
    0.172939971179452280E-02    0.466241109781450191E+02    0.233974946928152754E+02
    0.185556167984114295E-02    0.464632848147437798E+02    0.233577588198783630E+02
    0.186647660189813219E-02    0.464315547329777871E+02    0.233970548673078085E+02
    0.186574223187942179E-02    0.464123417929663873E+02    0.233578763995986449E+02
    0.211254388983599713E-02    0.461438739873580559E+02    0.233963787405455790E+02
    0.216837083389730253E-02    0.460717074643405766E+02    0.233962053074826031E+02
    0.217660099478940178E-02    0.460441307332963561E+02    0.233961386092691264E+02
    0.224847701082166824E-02    0.459591534940370252E+02    0.233589552726864049E+02
    0.230889607333408268E-02    0.458861206599799374E+02    0.233957517553685292E+02
    0.237958626781004058E-02    0.458058064288975402E+02    0.233955519555091591E+02
    0.236224795879850851E-02    0.458004323187559379E+02    0.233593483319826021E+02
    0.234636579529748715E-02    0.457939243778307130E+02    0.233955222087099699E+02
    0.249511691626668700E-02    0.456509885232668395E+02    0.233951604540518758E+02
    0.252391959258338548E-02    0.456080335258654515E+02    0.233950502873541311E+02
    0.259025513626689107E-02    0.455361469417902853E+02    0.233600224780933665E+02
    0.263129540597700339E-02    0.454847071504763107E+02    0.233947300910949707E+02
    0.265680810923172705E-02    0.454454088132702836E+02    0.233602600333822608E+02
    0.275829420749509110E-02    0.453504348041312824E+02    0.233605122480431895E+02
    0.276435550430970643E-02    0.453260446656545142E+02    0.233943092118390013E+02
    0.333179659442470232E-02    0.449326363472318775E+02    0.233616695796885345E+02
    0.333007996072666413E-02    0.449136670680636669E+02    0.233931626914203221E+02
    0.350206097379944254E-02    0.447929564102354263E+02    0.233620759315035293E+02
    0.347033669292292138E-02    0.447911564621072955E+02    0.233928056014317356E+02
    0.380399075882518253E-02    0.445875582692337105E+02    0.233626937891015594E+02
    0.391128417036774954E-02    0.445119281951436676E+02    0.233919589245140607E+02
    0.390292044424817974E-02    0.444962094904134275E+02    0.233629770504363066E+02
    0.398423112709715439E-02    0.444349709961938046E+02    0.233631700905667117E+02
    0.395355781622800176E-02    0.444304279269649882E+02    0.233917023237570660E+02
    0.400183996755647167E-02    0.443861512054419123E+02    0.233633258744229906E+02
    0.396953132383123623E-02    0.443823636333731386E+02    0.233633380324771380E+02
    0.401951539664596302E-02    0.443373370053994407E+02    0.233914034609593777E+02
    0.400861415834708953E-02    0.443227685296040619E+02    0.233635307306390274E+02
    0.428455291398014294E-02    0.441696272816415956E+02    0.233640386052222695E+02
    0.437004811869124658E-02    0.441101116595541782E+02    0.233906455869738572E+02
    0.433993043586923272E-02    0.441039430611676622E+02    0.233906244050641803E+02
    0.430503377532055146E-02    0.441000897330286037E+02    0.233642756833204501E+02
    0.429891312050972082E-02    0.440829352437772855E+02    0.233643348283737708E+02
    0.434424749170674203E-02    0.440419545914568360E+02    0.233904096263864538E+02
    0.430546004872049692E-02    0.440398917079633563E+02    0.233644844217537084E+02
    0.461502785472061965E-02    0.438810238926741718E+02    0.233650521743067365E+02
    0.469630607377461221E-02    0.438261071840286718E+02    0.233652545817384372E+02
    0.480516005082944932E-02    0.437602789977458428E+02    0.233893851135565392E+02
    0.500045430872619445E-02    0.436606021598289473E+02    0.233890008331928918E+02
    0.495358774042741791E-02    0.436594354797547979E+02    0.233889962596539824E+02
    0.500741708508501814E-02    0.436178192393823210E+02    0.233660549220918945E+02
    0.505015993174530876E-02    0.435808198750556102E+02    0.233886837894731876E+02
    0.500093284720904557E-02    0.435804107709842654E+02    0.233886821407020875E+02
    0.498149200680007495E-02    0.435682008080831196E+02    0.233662540191417705E+02
    0.499879765752973132E-02    0.435412648698865326E+02    0.233663635994177241E+02
    0.497359155509628174E-02    0.435313752478809590E+02    0.233884827342409487E+02
    0.493324321455120268E-02    0.435276664507034567E+02    0.233664193339941306E+02
    0.490009051954373633E-02    0.435211523432878238E+02    0.233664461328242581E+02
    0.488982669141528603E-02    0.435053459770715634E+02    0.233665114328113646E+02
    0.492137492466758995E-02    0.434724838045385624E+02    0.233666484587719125E+02
    0.498318138376135228E-02    0.434275226616306469E+02    0.233880480374280175E+02
    0.495510110969366382E-02    0.434188245536066759E+02    0.233668760212708406E+02
    0.504784590203714596E-02    0.433617365034619269E+02    0.233671236326455904E+02
    0.530079632044501599E-02    0.432439455831075037E+02    0.233872325315338685E+02
    0.526875955187554486E-02    0.432360697885392682E+02    0.233871960194107480E+02
    0.538239616594425856E-02    0.431733923818838932E+02    0.233869004238442280E+02
    0.537430999148857860E-02    0.431563993157391081E+02    0.233680681631032670E+02
    0.532636574618028814E-02    0.431543213861992356E+02    0.233868086311896697E+02
    0.529820310440873819E-02    0.431449242475961441E+02    0.233681237711078289E+02
    0.525992165518684822E-02    0.431394274355572094E+02    0.233867363129761756E+02
    0.525512747310577077E-02    0.431212511768844351E+02    0.233866472875394038E+02
    0.527960513100917891E-02    0.430919570816765400E+02    0.233865019669383720E+02
    0.540240926516464322E-02    0.430259696713601940E+02    0.233687210843843509E+02
    0.535896621578477086E-02    0.430221175273493444E+02    0.233861457267480155E+02
    0.532595984583377619E-02    0.430144738037509455E+02    0.233861058479451032E+02
    0.532871450735345874E-02    0.429934396429723975E+02    0.233688916907439044E+02
    0.528437913075012391E-02    0.429901494303405869E+02    0.233859777029756195E+02
    0.527788268285230965E-02    0.429726096794166565E+02    0.233858840934499810E+02
    0.524680220070842824E-02    0.429644221271382989E+02    0.233858400392707431E+02
    0.519936423728755391E-02    0.429625869878269171E+02    0.233858301333208196E+02
    0.525605213603835830E-02    0.429208992989908609E+02    0.233856018668453274E+02
    0.521720960228678077E-02    0.429157342998961013E+02    0.233855731389798933E+02
    0.521446706919352718E-02    0.428967859172890797E+02    0.233694199726741907E+02
    0.522055723064653379E-02    0.428744514092057258E+02    0.233853397671349903E+02
    0.517872924130162102E-02    0.428705402880054081E+02    0.233853172989161386E+02
    0.514814385387716428E-02    0.428623872339581666E+02    0.233852702547019291E+02
    0.510158963371927336E-02    0.428605553318316979E+02    0.233696271940022378E+02
    0.505325968066304768E-02    0.428595926671858223E+02    0.233696327749546029E+02
    0.501722083870902689E-02    0.428539073747049031E+02    0.233696658165350755E+02
    0.500630807416575351E-02    0.428382622357322944E+02    0.233851293637873354E+02
    0.495864003109778000E-02    0.428373966682083420E+02    0.233697625786111622E+02
    0.491117357415486819E-02    0.428366338391605197E+02    0.233851197607268446E+02
    0.488318096684444824E-02    0.428280660099734405E+02    0.233850690348981658E+02
    0.485936474065821328E-02    0.428178442647919653E+02    0.233850080720944931E+02
    0.485793989662062446E-02    0.427984307830090955E+02    0.233699959236965853E+02
    0.482051399276657664E-02    0.427938985801711169E+02    0.233848632984841807E+02
    0.479033941824384864E-02    0.427864571625902315E+02    0.233700691099768498E+02
    0.474509515131271622E-02    0.427854367302832230E+02    0.233700753807750772E+02
    0.470936018049417527E-02    0.427805555878956483E+02    0.233847813887507137E+02
    0.473197393329734955E-02    0.427509748249334720E+02    0.233845964549944227E+02
    0.468568821008687707E-02    0.427506340971346290E+02    0.233702925424641776E+02
    0.464912805363382545E-02    0.427463003265952537E+02    0.233703200478630393E+02
    0.463776510224580066E-02    0.427311945175233490E+02    0.233704167624459345E+02
    0.461811334331791151E-02    0.427196871910486067E+02    0.233843954987920739E+02
    0.457635592668945764E-02    0.427178536354626104E+02    0.233843835416241603E+02
    0.453226242449330033E-02    0.427172172073801946E+02    0.233843793864658593E+02
    0.450191359280484836E-02    0.427106546014689172E+02    0.233843363939651638E+02
    0.447780845923000798E-02    0.427013922128719372E+02    0.233842752544494914E+02
    0.443972793260383018E-02    0.426984735036801126E+02    0.233706309645935839E+02
    0.440056599016920569E-02    0.426961933663704230E+02    0.233706461426697558E+02
    0.435680679880506155E-02    0.426961808930514266E+02    0.233706462257934859E+02
    0.432913706317367229E-02    0.426889232407654617E+02    0.233841920741373706E+02
    0.432491163940120892E-02    0.426708762799744932E+02    0.233840698341337365E+02
    0.434066555724007229E-02    0.426436043188171965E+02    0.233838807063022394E+02
    0.429906071706619066E-02    0.426428665780384719E+02    0.233838755129057745E+02
    0.426223260316266339E-02    0.426400734834402257E+02    0.233838558125431675E+02
    0.426658422403912094E-02    0.426180325807723648E+02    0.233711886630203018E+02
    0.423175757072742371E-02    0.426144248837014601E+02    0.233712148451442232E+02
    0.422402888784125484E-02    0.425980809292159748E+02    0.233835519757560846E+02
    0.418241336441338603E-02    0.425978828202601179E+02    0.233713363329109498E+02
    0.418109954323822759E-02    0.425785111787982089E+02    0.233714817478836601E+02
    0.414060078676263023E-02    0.425779779101638596E+02    0.233714858011108149E+02
    0.410483758990932458E-02    0.425753273436258297E+02    0.233833808510378240E+02
    0.407389528720163673E-02    0.425704604703829759E+02    0.233833436040544420E+02
    0.406169073843483646E-02    0.425564610500012250E+02    0.233832351288416405E+02
    0.404899283202118324E-02    0.425427233664522078E+02    0.233831266693208981E+02
    0.402342443209325988E-02    0.425353929223460980E+02    0.233718188999221432E+02
    0.402567706784843788E-02    0.425142734752555072E+02    0.233719916400194130E+02
    0.398566340351521990E-02    0.425142521528375070E+02    0.233719918171854708E+02
    0.395281985123163704E-02    0.425108012787220488E+02    0.233720205664600549E+02
    0.391533363846115721E-02    0.425098586072048192E+02    0.233720284464106420E+02
    0.387800511449388260E-02    0.425090179485964015E+02    0.233720354833034349E+02
    0.385602166961386940E-02    0.425003877070409786E+02    0.233827785783364490E+02
    0.381907512497803216E-02    0.424996431410840856E+02    0.233721145864993645E+02
    0.378831193257311068E-02    0.424958186609369832E+02    0.233721471961734153E+02
    0.377056546651340736E-02    0.424852097372722994E+02    0.233826481162419881E+02
    0.373384715183551919E-02    0.424847814796947745E+02    0.233722424517387815E+02
    0.374275035113046106E-02    0.424600182416043168E+02    0.233724627935721543E+02
    0.370597570236056448E-02    0.424597665568444143E+02    0.233724650831115284E+02
    0.367752308123050738E-02    0.424551808003101172E+02    0.233725069850000864E+02
    0.364222289849730875E-02    0.424544713366203723E+02    0.233725134994649011E+02
    0.360675530910589855E-02    0.424540425762636389E+02    0.233823693988045669E+02
    0.357682644794562804E-02    0.424507078195041885E+02    0.233823386374786679E+02
    0.354605394984122864E-02    0.424479888562972434E+02    0.233725734267055643E+02
    0.351556275563749297E-02    0.424452604726824703E+02    0.233822879685428830E+02
    0.348516801771346380E-02    0.424426271904666095E+02    0.233726235555476016E+02
    0.345124711306368575E-02    0.424421884043886308E+02    0.233822591583529587E+02
    0.342234601409727559E-02    0.424390071300530991E+02    0.233822291412245171E+02
    0.339466479876295978E-02    0.424352496552517309E+02    0.233726933964379100E+02
    0.336215030528600346E-02    0.424344982177486898E+02    0.233821862716465283E+02
    0.333028853246592751E-02    0.424335418066823991E+02    0.233821771284269069E+02
    0.331130931094246028E-02    0.424249723531460177E+02    0.233727924363091972E+02
    0.328412397382464322E-02    0.424214598164567462E+02    0.233728267729241992E+02
    0.325241560097762903E-02    0.424208637357350185E+02    0.233728326252580558E+02
    0.322140652552719555E-02    0.424200235532264713E+02    0.233820459526006132E+02
    0.319525558467925914E-02    0.424163255402626120E+02    0.233820094121206736E+02
    0.317609259755731801E-02    0.424083563032081585E+02    0.233729571838912733E+02
    0.314545214722732188E-02    0.424077444062865823E+02    0.233729633664868466E+02
    0.312502171489665399E-02    0.424007772360699562E+02    0.233818524654780333E+02
    0.310403133801923428E-02    0.423942563033695450E+02    0.233731018855144228E+02
    0.307551133977429720E-02    0.423927173463493858E+02    0.233731179721014009E+02
    0.305050675827768687E-02    0.423890442457865149E+02    0.233817302287441429E+02
    0.303071548018498142E-02    0.423820622524907975E+02    0.233816558057849875E+02
    0.332206396633546487E-02    0.421984538339608335E+02    0.233763897829041767E+02
    0.310435727821463175E-02    0.423340129702804830E+02    0.233811028132298340E+02
    0.331596431531868113E-02    0.422021294150067376E+02    0.233762421118361772E+02
    0.334120273541745885E-02    0.421869646815252608E+02    0.233777066461946035E+02
    0.332624895248112215E-02    0.421959359099403954E+02    0.233783825888312968E+02
    0.309975034413667670E-02    0.423369832185128772E+02    0.233737474420050830E+02
    0.322662193972794763E-02    0.422567548649705813E+02    0.233799716494329530E+02
    0.334070637043166032E-02    0.421872618211473878E+02    0.233777535932311835E+02
    0.307987970465781495E-02    0.423498452881231415E+02    0.233735930309922075E+02
    0.326308890058641440E-02    0.422342778421371605E+02    0.233753564039996036E+02
    0.328246257435349216E-02    0.422224385155861484E+02    0.233792553380722907E+02
    0.314651398781376707E-02    0.423070360277296018E+02    0.233741347676089752E+02
    0.317352108166473173E-02    0.422899429211597280E+02    0.233805091373969489E+02
    0.325157138432646863E-02    0.422413496019870962E+02    0.233796786606974472E+02
    0.315444190122564838E-02    0.423020031928803917E+02    0.233742044032044802E+02
    0.325286951198510777E-02    0.422405512995985859E+02    0.233752244154599538E+02
    0.317937860257538202E-02    0.422862548273054770E+02    0.233744326887008036E+02
    0.331772872960886880E-02    0.422010655042590770E+02    0.233762829218104216E+02
    0.332695605426184442E-02    0.421955107904482603E+02    0.233783618557951201E+02
    0.312364910791991437E-02    0.423216225581891834E+02    0.233809460828064353E+02
    0.317916890727209947E-02    0.422863867412704337E+02    0.233804561347679432E+02
    0.310887055530188056E-02    0.423311073772444644E+02    0.233738201714385063E+02
    0.320755811596148965E-02    0.422686064944788527E+02    0.233801757532491408E+02
    0.317986450135621275E-02    0.422859491942143464E+02    0.233744372905858171E+02
    0.326948400730676979E-02    0.422303620136552098E+02    0.233754431999181875E+02
    0.320822809157822421E-02    0.422681887900245528E+02    0.233747180198295652E+02
    0.304844503664234703E-02    0.423703630935837339E+02    0.233815280627196707E+02
    0.332971854884012153E-02    0.421938508056050310E+02    0.233782759688931847E+02
    0.334226772078583412E-02    0.421863272968704663E+02    0.233775508635343598E+02
    0.320172567490680350E-02    0.422722464909932398E+02    0.233802354463701221E+02
    0.319346547308130670E-02    0.422774130020343364E+02    0.233745687938099600E+02
    0.329824620914552459E-02    0.422128446158544506E+02    0.233758897509448147E+02
    0.322486590306202657E-02    0.422578436288353316E+02    0.233799910818420109E+02
    0.331303452743837538E-02    0.422038972765741107E+02    0.233761772047113148E+02
    0.334193960574905588E-02    0.421865236492700930E+02    0.233772721516059008E+02
    0.333936793552806147E-02    0.421880632702691827E+02    0.233770325485962438E+02
    0.334246346457969887E-02    0.421862101679756734E+02    0.233774739624083701E+02
    0.306978839957101164E-02    0.423564090987050932E+02    0.233735165706970065E+02
    0.333894775284612755E-02    0.421883149401225452E+02    0.233770056810221689E+02
    0.303424799811439095E-02    0.423796991322276497E+02    0.233816303170139541E+02
    0.322930658049372420E-02    0.422550915002588283E+02    0.233749451698019541E+02
    0.317459291044174538E-02    0.422892675528292088E+02    0.233804991421762089E+02
    0.316212190175282296E-02    0.422971397864137373E+02    0.233742731473994887E+02
    0.322390504467778968E-02    0.422584396235754980E+02    0.233800016567233016E+02
    0.313708416267960291E-02    0.423130388509447926E+02    0.233740535810940919E+02
    0.305464813606677425E-02    0.423662975475500119E+02    0.233814827252766264E+02
    0.307170701290339397E-02    0.423551594920435548E+02    0.233735310119123767E+02
    0.332824140954366982E-02    0.421947382482030093E+02    0.233765639106459417E+02
    0.334003532634421976E-02    0.421876635993451714E+02    0.233778075718754259E+02
    0.333501565629300408E-02    0.421906716189156654E+02    0.233768069301170165E+02
    0.328917471403197955E-02    0.422183529936877235E+02    0.233791501473911012E+02
    0.333296541524207793E-02    0.421919015210965682E+02    0.233767247109611489E+02
    0.308449406676089902E-02    0.423468510745105036E+02    0.233736284188156489E+02
    0.334149875320655706E-02    0.421867874970199779E+02    0.233772126901946251E+02
    0.312226918760358978E-02    0.423225062843434330E+02    0.233739293465611766E+02
    0.312629596322917900E-02    0.423199285558020435E+02    0.233809241064583944E+02
    0.318151008918317411E-02    0.422849144569321709E+02    0.233804339163393387E+02
    0.308494513908238273E-02    0.423465586185466876E+02    0.233736318928886035E+02
    0.331078373003850087E-02    0.422052564910930030E+02    0.233787573598846308E+02
    0.334216054345254192E-02    0.421863914323980325E+02    0.233775751563717691E+02
    0.334055224067211038E-02    0.421873540970304575E+02    0.233777667884896658E+02
    0.323400612926625329E-02    0.422521830538866610E+02    0.233798883657789460E+02
    0.309655201569844236E-02    0.423390478877536864E+02    0.233811646158096629E+02
    0.327319172713710351E-02    0.422280952222825476E+02    0.233793916288274843E+02
    0.331740516650408769E-02    0.422012605647417161E+02    0.233762753328454664E+02
    0.327009372807325746E-02    0.422299890716746020E+02    0.233754516635870893E+02
    0.332426530274517081E-02    0.421971289904864406E+02    0.233764483689439828E+02
    0.329979810904910444E-02    0.422119037916602835E+02    0.233759174274252892E+02
    0.328079744539941593E-02    0.422234533338226967E+02    0.233756063062632720E+02
    0.323343300669963083E-02    0.422525375203492430E+02    0.233749919152290602E+02
    0.330511714447779886E-02    0.422086825321137908E+02    0.233760162470778994E+02
    0.310838447908605951E-02    0.423314201044619409E+02    0.233810705755754000E+02
    0.328784777874611706E-02    0.422191600064691528E+02    0.233791714332752427E+02
    0.331459294311716281E-02    0.422029567193599746E+02    0.233762113115852266E+02
    0.323672409829053268E-02    0.422505028916245706E+02    0.233798570366229654E+02
    0.311988877303166854E-02    0.423240316636768839E+02    0.233809771008246159E+02
    0.325969405850076114E-02    0.422363596789319686E+02    0.233753116976251683E+02
    0.333717718963691054E-02    0.421893757730254535E+02    0.233779798165402752E+02
    0.334124939922530746E-02    0.421869367493788516E+02    0.233771850446723874E+02
    0.329547492755816662E-02    0.422145257799152844E+02    0.233758414858577055E+02
    0.331184728934910081E-02    0.422046141123666985E+02    0.233761518151566250E+02
    0.325749306372835829E-02    0.422377105653280722E+02    0.233752831829398495E+02
    0.315026178269840274E-02    0.423046552567040592E+02    0.233741675240705931E+02
    0.317414233087150296E-02    0.422895514390231426E+02    0.233743834918533224E+02
    0.331872629576898540E-02    0.422004642397804943E+02    0.233763066331492730E+02
    0.325713698510096466E-02    0.422379291985429006E+02    0.233752786033140296E+02
    0.330277040073273086E-02    0.422101031034099350E+02    0.233759718495631716E+02
    0.316761280729981488E-02    0.422936698735806047E+02    0.233743231202065864E+02
    0.333045431696551942E-02    0.421934089142948636E+02    0.233766352706579390E+02
    0.305224455854270944E-02    0.423678718851179781E+02    0.233733864976157939E+02
    0.324169507223541617E-02    0.422474336398274062E+02    0.233797987301028414E+02
    0.327663303129988254E-02    0.422259936060675471E+02    0.233793421356899103E+02
    0.326797463464285161E-02    0.422312855362491817E+02    0.233754223937447634E+02
    0.328047954903488330E-02    0.422236471353433700E+02    0.233756015339077869E+02
    0.332770319054034999E-02    0.421950616998161649E+02    0.233783394327543732E+02
    0.309174576752560114E-02    0.423421545573469018E+02    0.233812022426429920E+02
    0.306343461107377564E-02    0.423605529498314581E+02    0.233814177820915994E+02
    0.303236663085202371E-02    0.423809396048389715E+02    0.233732431233062528E+02
    0.321915312032724577E-02    0.422613897290008751E+02    0.233800533702995352E+02
    0.308918336919137421E-02    0.423438128183781188E+02    0.233812221735220511E+02
