    0.233492411183905979E+02   -0.254827893718943521E+02
    0.234024074389786954E+02   -0.245325872892741152E+02
    0.234007336555596019E+02   -0.240868288480251458E+02
    0.234005343946056819E+02   -0.240358219414923973E+02
    0.233551224480465613E+02   -0.238428352495187710E+02
    0.233996323487583666E+02   -0.238103986394170875E+02
    0.233556616374483355E+02   -0.237115935773329696E+02
    0.233563753439481054E+02   -0.235428086200602777E+02
    0.233983084664965340E+02   -0.234958213798466424E+02
    0.233978708501895269E+02   -0.233960906186106179E+02
    0.233970548673078085E+02   -0.232157773664888936E+02
    0.233961386092691264E+02   -0.230220653666481780E+02
    0.233957517553685292E+02   -0.229430603299899687E+02
    0.233955519555091591E+02   -0.229029032144487701E+02
    0.233955222087099699E+02   -0.228969621889153565E+02
    0.233951604540518758E+02   -0.228254942616334198E+02
    0.233950502873541311E+02   -0.228040167629327257E+02
    0.233600224780933665E+02   -0.227680734708951427E+02
    0.233602600333822608E+02   -0.227227044066351418E+02
    0.233605122480431895E+02   -0.226752174020656412E+02
    0.233616695796885345E+02   -0.224663181736159387E+02
    0.233931626914203221E+02   -0.224568335340318335E+02
    0.233620759315035293E+02   -0.223964782051177131E+02
    0.233928056014317356E+02   -0.223955782310536478E+02
    0.233626937891015594E+02   -0.222937791346168552E+02
    0.233919589245140607E+02   -0.222559640975718338E+02
    0.233629770504363066E+02   -0.222481047452067138E+02
    0.233631700905667117E+02   -0.222174854980969023E+02
    0.233917023237570660E+02   -0.222152139634824941E+02
    0.233633258744229906E+02   -0.221930756027209561E+02
    0.233633380324771380E+02   -0.221911818166865693E+02
    0.233914034609593777E+02   -0.221686685026997203E+02
    0.233635307306390274E+02   -0.221613842648020309E+02
    0.233640386052222695E+02   -0.220848136408207978E+02
    0.233640386052222695E+02   -0.220848136408207978E+02
    0.233906455869738572E+02   -0.220550558297770891E+02
    0.233906455869738572E+02   -0.220550558297770891E+02
    0.233906244050641803E+02   -0.220519715305838311E+02
    0.233642756833204501E+02   -0.220500448665143018E+02
    0.233643348283737708E+02   -0.220414676218886427E+02
    0.233904096263864538E+02   -0.220209772957284180E+02
    0.233644844217537084E+02   -0.220199458539816781E+02
    0.233650521743067365E+02   -0.219405119463370859E+02
    0.233652545817384372E+02   -0.219130535920143359E+02
    0.233652545817384372E+02   -0.219130535920143359E+02
    0.233893851135565392E+02   -0.218801394988729214E+02
    0.233893851135565392E+02   -0.218801394988729214E+02
    0.233890008331928918E+02   -0.218303010799144737E+02
    0.233889962596539824E+02   -0.218297177398773989E+02
    0.233660549220918945E+02   -0.218089096196911605E+02
    0.233886837894731876E+02   -0.217904099375278051E+02
    0.233886821407020875E+02   -0.217902053854921327E+02
    0.233662540191417705E+02   -0.217841004040415598E+02
    0.233663635994177241E+02   -0.217706324349432663E+02
    0.233884827342409487E+02   -0.217656876239404795E+02
    0.233664193339941306E+02   -0.217638332253517284E+02
    0.233664193339941306E+02   -0.217638332253517284E+02
    0.233664461328242581E+02   -0.217605761716439119E+02
    0.233665114328113646E+02   -0.217526729885357817E+02
    0.233666484587719125E+02   -0.217362419022692812E+02
    0.233666484587719125E+02   -0.217362419022692812E+02
    0.233880480374280175E+02   -0.217137613308153234E+02
    0.233668760212708406E+02   -0.217094122768033380E+02
    0.233668760212708406E+02   -0.217094122768033380E+02
    0.233671236326455904E+02   -0.216808682517309634E+02
    0.233872325315338685E+02   -0.216219727915537518E+02
    0.233871960194107480E+02   -0.216180348942696341E+02
    0.233869004238442280E+02   -0.215866961909419466E+02
    0.233869004238442280E+02   -0.215866961909419466E+02
    0.233680681631032670E+02   -0.215781996578695541E+02
    0.233680681631032670E+02   -0.215781996578695541E+02
    0.233868086311896697E+02   -0.215771606930996178E+02
    0.233681237711078289E+02   -0.215724621237980720E+02
    0.233681237711078289E+02   -0.215724621237980720E+02
    0.233867363129761756E+02   -0.215697137177786047E+02
    0.233866472875394038E+02   -0.215606255884422175E+02
    0.233865019669383720E+02   -0.215459785408382700E+02
    0.233865019669383720E+02   -0.215459785408382700E+02
    0.233687210843843509E+02   -0.215129848356800970E+02
    0.233687210843843509E+02   -0.215129848356800970E+02
    0.233861457267480155E+02   -0.215110587636746722E+02
    0.233861058479451032E+02   -0.215072369018754728E+02
    0.233861058479451032E+02   -0.215072369018754728E+02
    0.233688916907439044E+02   -0.214967198214861988E+02
    0.233859777029756195E+02   -0.214950747151702934E+02
    0.233858840934499810E+02   -0.214863048397083283E+02
    0.233858400392707431E+02   -0.214822110635691494E+02
    0.233858301333208196E+02   -0.214812934939134585E+02
    0.233856018668453274E+02   -0.214604496494954304E+02
    0.233855731389798933E+02   -0.214578671499480507E+02
    0.233694199726741907E+02   -0.214483929586445399E+02
    0.233853397671349903E+02   -0.214372257046028629E+02
    0.233853172989161386E+02   -0.214352701440027040E+02
    0.233852702547019291E+02   -0.214311936169790833E+02
    0.233852702547019291E+02   -0.214311936169790833E+02
    0.233696271940022378E+02   -0.214302776659158489E+02
    0.233696327749546029E+02   -0.214297963335929111E+02
    0.233696658165350755E+02   -0.214269536873524515E+02
    0.233851293637873354E+02   -0.214191311178661472E+02
    0.233851293637873354E+02   -0.214191311178661472E+02
    0.233697625786111622E+02   -0.214186983341041710E+02
    0.233697625786111622E+02   -0.214186983341041710E+02
    0.233851197607268446E+02   -0.214183169195802598E+02
    0.233850690348981658E+02   -0.214140330049867202E+02
    0.233850080720944931E+02   -0.214089221323959826E+02
    0.233850080720944931E+02   -0.214089221323959826E+02
    0.233699959236965853E+02   -0.213992153915045478E+02
    0.233848632984841807E+02   -0.213969492900855585E+02
    0.233700691099768498E+02   -0.213932285812951157E+02
    0.233700753807750772E+02   -0.213927183651416115E+02
    0.233700753807750772E+02   -0.213927183651416115E+02
    0.233847813887507137E+02   -0.213902777939478241E+02
    0.233847813887507137E+02   -0.213902777939478241E+02
    0.233845964549944227E+02   -0.213754874124667360E+02
    0.233702925424641776E+02   -0.213753170485673145E+02
    0.233703200478630393E+02   -0.213731501632976268E+02
    0.233703200478630393E+02   -0.213731501632976268E+02
    0.233704167624459345E+02   -0.213655972587616745E+02
    0.233843954987920739E+02   -0.213598435955243033E+02
    0.233843954987920739E+02   -0.213598435955243033E+02
    0.233843835416241603E+02   -0.213589268177313052E+02
    0.233843793864658593E+02   -0.213586086036900973E+02
    0.233843363939651638E+02   -0.213553273007344586E+02
    0.233843363939651638E+02   -0.213553273007344586E+02
    0.233842752544494914E+02   -0.213506961064359686E+02
    0.233706309645935839E+02   -0.213492367518400563E+02
    0.233706461426697558E+02   -0.213480966831852115E+02
    0.233706462257934859E+02   -0.213480904465257133E+02
    0.233841920741373706E+02   -0.213444616203827309E+02
    0.233840698341337365E+02   -0.213354381399872466E+02
    0.233840698341337365E+02   -0.213354381399872466E+02
    0.233838807063022394E+02   -0.213218021594085982E+02
    0.233838755129057745E+02   -0.213214332890192360E+02
    0.233838558125431675E+02   -0.213200367417201129E+02
    0.233711886630203018E+02   -0.213090162903861824E+02
    0.233712148451442232E+02   -0.213072124418507300E+02
    0.233835519757560846E+02   -0.212990404646079874E+02
    0.233713363329109498E+02   -0.212989414101300589E+02
    0.233714817478836601E+02   -0.212892555893991045E+02
    0.233714858011108149E+02   -0.212889889550819298E+02
    0.233833808510378240E+02   -0.212876636718129149E+02
    0.233833436040544420E+02   -0.212852302351914879E+02
    0.233832351288416405E+02   -0.212782305250006125E+02
    0.233831266693208981E+02   -0.212713616832261039E+02
    0.233718188999221432E+02   -0.212676964611730490E+02
    0.233719916400194130E+02   -0.212571367376277536E+02
    0.233719918171854708E+02   -0.212571260764187535E+02
    0.233719918171854708E+02   -0.212571260764187535E+02
    0.233720205664600549E+02   -0.212554006393610244E+02
    0.233720284464106420E+02   -0.212549293036024096E+02
    0.233720354833034349E+02   -0.212545089742982007E+02
    0.233827785783364490E+02   -0.212501938535204893E+02
    0.233721145864993645E+02   -0.212498215705420428E+02
    0.233721471961734153E+02   -0.212479093304684916E+02
    0.233826481162419881E+02   -0.212426048686361497E+02
    0.233722424517387815E+02   -0.212423907398473872E+02
    0.233724627935721543E+02   -0.212300091208021584E+02
    0.233724650831115284E+02   -0.212298832784222071E+02
    0.233725069850000864E+02   -0.212275904001550586E+02
    0.233725134994649011E+02   -0.212272356683101862E+02
    0.233823693988045669E+02   -0.212270212881318194E+02
    0.233823386374786679E+02   -0.212253539097520942E+02
    0.233725734267055643E+02   -0.212239944281486217E+02
    0.233822879685428830E+02   -0.212226302363412351E+02
    0.233726235555476016E+02   -0.212213135952333047E+02
    0.233822591583529587E+02   -0.212210942021943154E+02
    0.233822291412245171E+02   -0.212195035650265496E+02
    0.233726933964379100E+02   -0.212176248276258654E+02
    0.233821862716465283E+02   -0.212172491088743449E+02
    0.233821771284269069E+02   -0.212167709033411995E+02
    0.233727924363091972E+02   -0.212124861765730088E+02
    0.233728267729241992E+02   -0.212107299082283731E+02
    0.233728326252580558E+02   -0.212104318678675092E+02
    0.233820459526006132E+02   -0.212100117766132357E+02
    0.233820094121206736E+02   -0.212081627701313060E+02
    0.233729571838912733E+02   -0.212041781516040793E+02
    0.233818524654780333E+02   -0.212003886180349781E+02
    0.233731018855144228E+02   -0.211971281516847725E+02
    0.233731179721014009E+02   -0.211963586731746929E+02
    0.233816558057849875E+02   -0.211910311262453988E+02
    0.233763897829041767E+02   -0.210992269169804167E+02
    0.233762421118361772E+02   -0.211010647075033688E+02
    0.233777066461946035E+02   -0.210934823407626304E+02
    0.233783825888312968E+02   -0.210979679549701977E+02
    0.233799716494329530E+02   -0.211283774324852907E+02
    0.233735930309922075E+02   -0.211749226440615708E+02
    0.233753564039996036E+02   -0.211171389210685803E+02
    0.233792553380722907E+02   -0.211112192577930742E+02
    0.233741347676089752E+02   -0.211535180138648009E+02
    0.233805091373969489E+02   -0.211449714605798640E+02
    0.233796786606974472E+02   -0.211206748009935481E+02
    0.233742044032044802E+02   -0.211510015964401958E+02
    0.233752244154599538E+02   -0.211202756497992929E+02
    0.233744326887008036E+02   -0.211431274136527385E+02
    0.233762829218104216E+02   -0.211005327521295385E+02
    0.233783618557951201E+02   -0.210977553952241301E+02
    0.233809460828064353E+02   -0.211608112790945917E+02
    0.233804561347679432E+02   -0.211431933706352169E+02
    0.233738201714385063E+02   -0.211655536886222322E+02
    0.233801757532491408E+02   -0.211343032472394263E+02
    0.233744372905858171E+02   -0.211429745971071732E+02
    0.233754431999181875E+02   -0.211151810068276049E+02
    0.233747180198295652E+02   -0.211340943950122764E+02
    0.233815280627196707E+02   -0.211851815467918669E+02
    0.233782759688931847E+02   -0.210969254028025155E+02
    0.233775508635343598E+02   -0.210931636484352332E+02
    0.233745687938099600E+02   -0.211387065010171682E+02
    0.233758897509448147E+02   -0.211064223079272253E+02
    0.233799910818420109E+02   -0.211289218144176658E+02
    0.233761772047113148E+02   -0.211019486382870554E+02
    0.233772721516059008E+02   -0.210932618246350465E+02
    0.233770325485962438E+02   -0.210940316351345913E+02
    0.233774739624083701E+02   -0.210931050839878367E+02
    0.233735165706970065E+02   -0.211782045493525466E+02
    0.233770056810221689E+02   -0.210941574700612726E+02
    0.233749451698019541E+02   -0.211275457501294142E+02
    0.233742731473994887E+02   -0.211485698932068686E+02
    0.233800016567233016E+02   -0.211292198117877490E+02
    0.233740535810940919E+02   -0.211565194254723963E+02
    0.233814827252766264E+02   -0.211831487737750059E+02
    0.233735310119123767E+02   -0.211775797460217774E+02
    0.233765639106459417E+02   -0.210973691241015047E+02
    0.233778075718754259E+02   -0.210938317996725857E+02
    0.233768069301170165E+02   -0.210953358094578327E+02
    0.233791501473911012E+02   -0.211091764968438618E+02
    0.233767247109611489E+02   -0.210959507605482841E+02
    0.233736284188156489E+02   -0.211734255372552518E+02
    0.233772126901946251E+02   -0.210933937485099889E+02
    0.233739293465611766E+02   -0.211612531421717165E+02
    0.233804339163393387E+02   -0.211424572284660854E+02
    0.233787573598846308E+02   -0.211026282455465015E+02
    0.233777667884896658E+02   -0.210936770485152287E+02
    0.233811646158096629E+02   -0.211695239438768432E+02
    0.233793916288274843E+02   -0.211140476111412738E+02
    0.233762753328454664E+02   -0.211006302823708580E+02
    0.233754516635870893E+02   -0.211149945358373010E+02
    0.233764483689439828E+02   -0.210985644952432203E+02
    0.233759174274252892E+02   -0.211059518958301418E+02
    0.233756063062632720E+02   -0.211117266669113484E+02
    0.233749919152290602E+02   -0.211262687601746215E+02
    0.233760162470778994E+02   -0.211043412660568954E+02
    0.233810705755754000E+02   -0.211657100522309705E+02
    0.233791714332752427E+02   -0.211095800032345764E+02
    0.233762113115852266E+02   -0.211014783596799873E+02
    0.233798570366229654E+02   -0.211252514458122853E+02
    0.233809771008246159E+02   -0.211620158318384419E+02
    0.233753116976251683E+02   -0.211181798394659843E+02
    0.233779798165402752E+02   -0.210946878865127267E+02
    0.233771850446723874E+02   -0.210934683746894258E+02
    0.233758414858577055E+02   -0.211072628899576422E+02
    0.233761518151566250E+02   -0.211023070561833492E+02
    0.233752831829398495E+02   -0.211188552826640361E+02
    0.233741675240705931E+02   -0.211523276283520296E+02
    0.233743834918533224E+02   -0.211447757195115713E+02
    0.233763066331492730E+02   -0.211002321198902472E+02
    0.233752786033140296E+02   -0.211189645992714503E+02
    0.233743231202065864E+02   -0.211468349367903024E+02
    0.233766352706579390E+02   -0.210967044571474318E+02
    0.233733864976157939E+02   -0.211839359425589890E+02
    0.233797987301028414E+02   -0.211237168199137031E+02
    0.233793421356899103E+02   -0.211129968030337736E+02
    0.233754223937447634E+02   -0.211156427681245908E+02
    0.233783394327543732E+02   -0.210975308499080825E+02
    0.233814177820915994E+02   -0.211802764749157291E+02
    0.233732431233062528E+02   -0.211904698024194857E+02
    0.233800533702995352E+02   -0.211306948645004375E+02
