    0.200480628013610840E+02   -0.947886262951890123E+06   -0.460515351937698814E+01    1
    0.201901817321777344E+02   -0.925872133162239334E+06   -0.461515351937698259E+01    1
    0.202551674842834473E+02   -0.915892062221858883E+06   -0.462515351937698149E+01    1
    0.209471035003662109E+02   -0.812982843759651296E+06   -0.463515351937698661E+01    1
    0.209832811355590820E+02   -0.807770940303569776E+06   -0.464515351937698728E+01    1
    0.209851729869842529E+02   -0.807498853339117952E+06   -0.465515351937698174E+01    1
    0.216882467269897461E+02   -0.709556155943200225E+06   -0.466515351937698153E+01    1
    0.216961991786956787E+02   -0.708484534492788138E+06   -0.467515351937698398E+01    1
    0.221057450771331787E+02   -0.654391602008532849E+06   -0.468515351937698377E+01    1
    0.222186958789825439E+02   -0.639850923606246244E+06   -0.469515351937698444E+01    1
    0.222934126853942871E+02   -0.630322069201463601E+06   -0.470515351937698423E+01    1
    0.225222945213317871E+02   -0.601577041361596785E+06   -0.471515351937698135E+01    1
    0.225990664958953857E+02   -0.592085585436866037E+06   -0.472515351937698025E+01    1
    0.229982531070709229E+02   -0.543950017988490057E+06   -0.473515351937698448E+01    1
    0.232868182659149170E+02   -0.510424427958842134E+06   -0.474515351937698782E+01    1
    0.233522939682006836E+02   -0.502965873510068865E+06   -0.475515351937698494E+01    1
    0.233657968044281006E+02   -0.501434549233794911E+06   -0.476515351937698117E+01    1
    0.233920907974243164E+02   -0.498459310962069780E+06   -0.477515351937698451E+01    1
    0.234301853179931641E+02   -0.494164516334169428E+06   -0.478515351937698341E+01    1
    0.234693181514739990E+02   -0.489772013077324838E+06   -0.479515351937697876E+01    1
    0.235092997550964355E+02   -0.485304492884670151E+06   -0.480515351937698032E+01    1
    0.236168467998504639E+02   -0.473388846078266622E+06   -0.481515351937698277E+01    1
    0.236960375308990479E+02   -0.464709619538057537E+06   -0.482515351937698345E+01    1
    0.237472760677337646E+02   -0.459136718710634043E+06   -0.483515351937698323E+01    1
    0.239388716220855713E+02   -0.438595962295597303E+06   -0.484515351937698480E+01    1
    0.240549921989440918E+02   -0.426375598496738996E+06   -0.485515351937698814E+01    1
    0.240645539760589600E+02   -0.425377025741566846E+06   -0.486515351937698437E+01    1
    0.244305431842803955E+02   -0.388035484995640814E+06   -0.487515351937698149E+01    1
    0.399645924568176270E+02   -0.384649657167428348E+06   -0.488515351937698572E+01    1
    0.399073839187622070E+02   -0.378992686241498974E+06   -0.489515351937698817E+01    1
    0.245416581630706787E+02   -0.377037981879369006E+06   -0.490515351937698973E+01    1
    0.245635890960693359E+02   -0.374886071288922569E+06   -0.491515351937698775E+01    1
    0.245931446552276611E+02   -0.371995759710374638E+06   -0.492515351937698220E+01    1
    0.246956515312194824E+02   -0.362058039645657700E+06   -0.493515351937698199E+01    1
    0.247419285774230957E+02   -0.357615713009178522E+06   -0.494515351937698799E+01    1
    0.396751165390014648E+02   -0.356455837861621170E+06   -0.495515351937699045E+01    1
    0.395456182956695557E+02   -0.344190631401702762E+06   -0.496515351937698846E+01    1
    0.394850623607635498E+02   -0.338528872576964146E+06   -0.497515351937698824E+01    1
    0.249446237087249756E+02   -0.338481302453454235E+06   -0.498515351937698359E+01    1
    0.394559371471405029E+02   -0.335822496484060888E+06   -0.499515351937698426E+01    1
    0.250147664546966553E+02   -0.331982372491010581E+06   -0.500515351937698583E+01    1
    0.252617096900939941E+02   -0.309603746434721863E+06   -0.501515351937698384E+01    1
    0.391374349594116211E+02   -0.306935566252054356E+06   -0.502515351937698451E+01    1
    0.391364097595214844E+02   -0.306844682099602651E+06   -0.503515351937698608E+01    1
    0.389900040626525879E+02   -0.294004002337075362E+06   -0.504515351937698409E+01    1
    0.255358147621154785E+02   -0.285678163059631072E+06   -0.505515351937698298E+01    1
    0.255478358268737793E+02   -0.284650914358653303E+06   -0.506515351937698455E+01    1
    0.386905467510223389E+02   -0.268594690506836050E+06   -0.507515351937697989E+01    1
    0.386829638481140137E+02   -0.267966180393890943E+06   -0.508515351937698501E+01    1
    0.386628568172454834E+02   -0.266303171004388656E+06   -0.509515351937699013E+01    1
    0.257679796218872070E+02   -0.266166000198251219E+06   -0.510515351937699080E+01    1
    0.385946226119995117E+02   -0.260698264071130223E+06   -0.511515351937698348E+01    1
    0.384098470211029053E+02   -0.245819742483292153E+06   -0.512515351937698238E+01    1
    0.260419309139251709E+02   -0.244029731625347456E+06   -0.513515351937698394E+01    1
    0.382758533954620361E+02   -0.235303792323885544E+06   -0.514515351937697751E+01    1
    0.382555925846099854E+02   -0.233733716214295651E+06   -0.515515351937698085E+01    1
    0.261823236942291260E+02   -0.233057960330211179E+06   -0.516515351937698330E+01    1
    0.262100708484649658E+02   -0.230919378817866062E+06   -0.517515351937698220E+01    1
    0.262383139133453369E+02   -0.228752701141498634E+06   -0.518515351937698643E+01    1
    0.262990128993988037E+02   -0.224130723786801071E+06   -0.519515351937698533E+01    1
    0.263178968429565430E+02   -0.222702412377758214E+06   -0.520515351937697623E+01    1
    0.380941283702850342E+02   -0.221409212494436622E+06   -0.521515351937698224E+01    1
    0.263398730754852295E+02   -0.221045961477229284E+06   -0.522515351937697670E+01    1
    0.263834071159362793E+02   -0.217782859741659311E+06   -0.523515351937698092E+01    1
    0.380267250537872314E+02   -0.216363120801611774E+06   -0.524515351937698071E+01    1
    0.380242371559143066E+02   -0.216177979855681653E+06   -0.525515351937698583E+01    1
    0.380069255828857422E+02   -0.214891905897049117E+06   -0.526515351937698739E+01    1
    0.379236328601837158E+02   -0.208757759292282921E+06   -0.527515351937698007E+01    1
    0.376162791252136230E+02   -0.186891304733431898E+06   -0.528515351937697542E+01    1
    0.268563997745513916E+02   -0.183893997962255526E+06   -0.529515351937697609E+01    1
    0.269067859649658203E+02   -0.180452799764452880E+06   -0.530515351937697677E+01    1
    0.269185793399810791E+02   -0.179652049566121976E+06   -0.531515351937698188E+01    1
    0.269462954998016357E+02   -0.177777181075324770E+06   -0.532515351937698078E+01    1
    0.374648809432983398E+02   -0.176564921976661484E+06   -0.533515351937697613E+01    1
    0.270100212097167969E+02   -0.173503747767799534E+06   -0.534515351937697680E+01    1
    0.373677825927734375E+02   -0.170096656225596438E+06   -0.535515351937698103E+01    1
    0.372713243961334229E+02   -0.163790583184707561E+06   -0.536515351937698171E+01    1
    0.372461020946502686E+02   -0.162161296073011850E+06   -0.537515351937698238E+01    1
    0.271929955482482910E+02   -0.161522564369817672E+06   -0.538515351937698128E+01    1
    0.372112691402435303E+02   -0.159924583678403083E+06   -0.539515351937698018E+01    1
    0.272227787971496582E+02   -0.159612927962566842E+06   -0.540515351937698263E+01    1
    0.272848343849182129E+02   -0.155670552730510157E+06   -0.541515351937698153E+01    1
    0.273377859592437744E+02   -0.152345547355818155E+06   -0.542515351937697865E+01    1
    0.370630514621734619E+02   -0.150580877825979464E+06   -0.543515351937697933E+01    1
    0.370621657371520996E+02   -0.150525886977645510E+06   -0.544515351937698178E+01    1
    0.369698047637939453E+02   -0.144846738927948551E+06   -0.545515351937698245E+01    1
    0.368840980529785156E+02   -0.139674475282308209E+06   -0.546515351937698401E+01    1
    0.275589299201965332E+02   -0.138847310099560011E+06   -0.547515351937698025E+01    1
    0.275836336612701416E+02   -0.137378326245487202E+06   -0.548515351937698004E+01    1
    0.275893020629882812E+02   -0.137042362653650111E+06   -0.549515351937697805E+01    1
    0.276130568981170654E+02   -0.135638899857886863E+06   -0.550515351937697694E+01    1
    0.276606535911560059E+02   -0.132848578745372070E+06   -0.551515351937698295E+01    1
    0.366983079910278320E+02   -0.128785326968154841E+06   -0.552515351937698185E+01    1
    0.278343749046325684E+02   -0.122910482543507358E+06   -0.553515351937698163E+01    1
    0.278579747676849365E+02   -0.121590220437705124E+06   -0.554515351937698142E+01    1
    0.279021859169006348E+02   -0.119136084887496821E+06   -0.555515351937698032E+01    1
    0.364433526992797852E+02   -0.114561937027459964E+06   -0.556515351937698544E+01    1
    0.280446767807006836E+02   -0.111396845146221895E+06   -0.557515351937698611E+01    1
    0.363779711723327637E+02   -0.111048556042415352E+06   -0.558515351937698146E+01    1
    0.280558323860168457E+02   -0.110801915513954300E+06   -0.559515351937697680E+01    1
    0.363617110252380371E+02   -0.110183291299084653E+06   -0.560515351937697748E+01    1
    0.280736386775970459E+02   -0.109855606222703325E+06   -0.561515351937697904E+01    1
    0.281156432628631592E+02   -0.107639373825420946E+06   -0.562515351937698060E+01    1
    0.281329417228698730E+02   -0.106733246781360038E+06   -0.563515351937698039E+01    1
    0.281536173820495605E+02   -0.105655242871092778E+06   -0.564515351937698284E+01    1
    0.282421493530273438E+02   -0.101101201257429377E+06   -0.565515351937698085E+01    1
    0.282828688621520996E+02   -0.990403098747588956E+05   -0.566515351937697975E+01    1
    0.361197614669799805E+02   -0.977082597442885453E+05   -0.567515351937697954E+01    1
    0.360730719566345215E+02   -0.953872190958050778E+05   -0.568515351937697666E+01    1
    0.283852303028106689E+02   -0.939533848117477028E+05   -0.569515351937697734E+01    1
    0.360319781303405762E+02   -0.933674510975299490E+05   -0.570515351937697890E+01    1
    0.284397327899932861E+02   -0.912995886855756689E+05   -0.571515351937697780E+01    1
    0.359839618206024170E+02   -0.910348395778306585E+05   -0.572515351937697403E+01    1
    0.285429763793945312E+02   -0.863768099085162685E+05   -0.573515351937697382E+01    1
    0.358287203311920166E+02   -0.836953221217803803E+05   -0.574515351937697805E+01    1
    0.358015918731689453E+02   -0.824444203669317649E+05   -0.575515351937698227E+01    1
    0.357377552986145020E+02   -0.795380784949041554E+05   -0.576515351937698384E+01    1
    0.287854075431823730E+02   -0.753540028618628858E+05   -0.577515351937697918E+01    1
    0.288104367256164551E+02   -0.742588465030268562E+05   -0.578515351937698075E+01    1
    0.356116235256195068E+02   -0.739489976303440781E+05   -0.579515351937698409E+01    1
    0.288180398941040039E+02   -0.739277571975587925E+05   -0.580515351937698565E+01    1
    0.356063044071197510E+02   -0.737177769496202527E+05   -0.581515351937698366E+01    1
    0.288828337192535400E+02   -0.711362671676678729E+05   -0.582515351937698256E+01    1
    0.355345666408538818E+02   -0.706347513110302389E+05   -0.583515351937698412E+01    1
    0.289058458805084229E+02   -0.701577804979661305E+05   -0.584515351937698391E+01    1
    0.353965306282043457E+02   -0.648878838029357867E+05   -0.585515351937697837E+01    1
    0.290620827674865723E+02   -0.636938466692974398E+05   -0.586515351937697371E+01    1
    0.290869617462158203E+02   -0.626933900973852433E+05   -0.587515351937697705E+01    1
    0.353256916999816895E+02   -0.620333842101967020E+05   -0.588515351937697684E+01    1
    0.352913212940598839E+02   -0.606715614085529232E+05   -0.589515351937697751E+01    1
    0.352705419063568115E+02   -0.598555793000559133E+05   -0.590515351937697286E+01    1
    0.292256665229797363E+02   -0.572609525624857415E+05   -0.591515351937697531E+01    1
    0.351912033557891846E+02   -0.567909097294772801E+05   -0.592515351937697687E+01    1
    0.351713210874312665E+02   -0.560355342844407569E+05   -0.593515351937697400E+01    1
    0.351559948921203613E+02   -0.554567103116604849E+05   -0.594515351937698000E+01    1
    0.350671517848968506E+02   -0.521606351087603034E+05   -0.595515351937698156E+01    1
    0.350561857223510742E+02   -0.517608030799485423E+05   -0.596515351937697336E+01    1
    0.350392614784985383E+02   -0.511467531128359260E+05   -0.597515351937696959E+01    1
    0.294144260883331299E+02   -0.502638905162927840E+05   -0.598515351937697559E+01    1
    0.349649775028228760E+02   -0.484949455836926063E+05   -0.599515351937697627E+01    1
    0.349357324083713650E+02   -0.474703341283132322E+05   -0.600515351937697517E+01    1
    0.295016562938690186E+02   -0.471845394026714494E+05   -0.601515351937697851E+01    1
    0.295051586627960205E+02   -0.470629355683099566E+05   -0.602515351937697829E+01    1
    0.348984980583190918E+02   -0.461816664484043431E+05   -0.603515351937697453E+01    1
    0.348866059130112376E+02   -0.457738243806974933E+05   -0.604515351937697520E+01    1
    0.348837995927267954E+02   -0.456778455267061145E+05   -0.605515351937697410E+01    1
    0.296119010448455811E+02   -0.434321432374815922E+05   -0.606515351937697478E+01    1
    0.296743547916412354E+02   -0.413754703466341452E+05   -0.607515351937697723E+01    1
    0.296911563162379473E+02   -0.408307035988563439E+05   -0.608515351937697790E+01    1
    0.347237279012498945E+02   -0.403701848836618155E+05   -0.609515351937697769E+01    1
    0.297068325701374967E+02   -0.403256822941696155E+05   -0.610515351937697481E+01    1
    0.346124100685119629E+02   -0.368725495638563516E+05   -0.611515351937697282E+01    1
    0.298270956209872722E+02   -0.365560079156982902E+05   -0.612515351937697528E+01    1
    0.298527908325195312E+02   -0.357746000439826239E+05   -0.613515351937697417E+01    1
    0.345692729949951172E+02   -0.355598342748207797E+05   -0.614515351937697485E+01    1
    0.298803997039794922E+02   -0.349444199137349424E+05   -0.615515351937697819E+01    1
    0.298865993253066193E+02   -0.347593435944692828E+05   -0.616515351937697620E+01    1
    0.298992264270782471E+02   -0.343839109266029700E+05   -0.617515351937697776E+01    1
    0.345077879695301846E+02   -0.337299575904586163E+05   -0.618515351937698288E+01    1
    0.299690941713518910E+02   -0.323434891068653560E+05   -0.619515351937698000E+01    1
    0.344595539569854736E+02   -0.323283357367935096E+05   -0.620515351937697535E+01    1
    0.344590401649475098E+02   -0.323135659398839780E+05   -0.621515351937697247E+01    1
    0.344480133056640625E+02   -0.319973955921996603E+05   -0.622515351937697314E+01    1
    0.300244200229644775E+02   -0.307721009880162892E+05   -0.623515351937697559E+01    1
    0.300257349014282227E+02   -0.307352321391755686E+05   -0.624515351937698071E+01    1
    0.343959650270330997E+02   -0.305260498593597622E+05   -0.625515351937697694E+01    1
    0.343804621696472168E+02   -0.300945073438960972E+05   -0.626515351937697407E+01    1
    0.343791997432708740E+02   -0.300595015612807438E+05   -0.627515351937697385E+01    1
    0.343677306175231934E+02   -0.297424095157476222E+05   -0.628515351937697986E+01    1
    0.301071143150329590E+02   -0.284964656807041829E+05   -0.629515351937697432E+01    1
    0.301139903068542480E+02   -0.283111912975508567E+05   -0.630515351937697766E+01    1
    0.301194483867283829E+02   -0.281645537789908631E+05   -0.631515351937697567E+01    1
    0.342889094352722168E+02   -0.276087752786569399E+05   -0.632515351937697190E+01    1
    0.342865571087672691E+02   -0.275463221156456057E+05   -0.633515351937697790E+01    1
    0.301939503915793104E+02   -0.262011178049800801E+05   -0.634515351937697858E+01    1
    0.342281484603881836E+02   -0.260183246948318483E+05   -0.635515351937697659E+01    1
    0.342249250411987305E+02   -0.259352706467980424E+05   -0.636515351937697371E+01    1
    0.302238595485687256E+02   -0.254328840413315338E+05   -0.637515351937697350E+01    1
    0.302295255661010742E+02   -0.252886398380134015E+05   -0.638515351937697861E+01    1
    0.341954314708709717E+02   -0.251815232448383395E+05   -0.639515351937698195E+01    1
    0.341908987502839921E+02   -0.250666711200120590E+05   -0.640515351937697730E+01    1
    0.302696979045867920E+02   -0.242777325249317146E+05   -0.641515351937697620E+01    1
    0.303010576350399816E+02   -0.235029518285283630E+05   -0.642515351937697776E+01    1
    0.303039579535468206E+02   -0.234319321482276828E+05   -0.643515351937697222E+01    1
    0.340765500068664551E+02   -0.222562956730133374E+05   -0.644515351937697556E+01    1
    0.303566306751674730E+02   -0.221608861606398932E+05   -0.645515351937697535E+01    1
    0.340722887001849983E+02   -0.221548009489455799E+05   -0.646515351937697513E+01    1
    0.340218722820281982E+02   -0.209716468723587968E+05   -0.647515351937697048E+01    1
    0.340131843090057373E+02   -0.207710487223738091E+05   -0.648515351937697559E+01    1
    0.304174661636352539E+02   -0.207370805494397500E+05   -0.649515351937697538E+01    1
    0.340023511956825146E+02   -0.205222751585858823E+05   -0.650515351937697694E+01    1
    0.339839100837707520E+02   -0.201022469085358643E+05   -0.651515351937697318E+01    1
    0.339792378957581462E+02   -0.199965212172568790E+05   -0.652515351937697652E+01    1
    0.305043292045593262E+02   -0.187862711579347415E+05   -0.653515351937697631E+01    1
    0.305118973839370078E+02   -0.186208777583164738E+05   -0.654515351937697609E+01    1
    0.339150858524579277E+02   -0.185731133117314239E+05   -0.655515351937696966E+01    1
    0.339130837846437245E+02   -0.185295394289744363E+05   -0.656515351937697567E+01    1
    0.339036047458648682E+02   -0.183239303272155776E+05   -0.657515351937698256E+01    1
    0.338832604885101318E+02   -0.178865296353168160E+05   -0.658515351937698501E+01    1
    0.338427090644836426E+02   -0.170304877979797020E+05   -0.659515351937696881E+01    1
    0.338402727857998542E+02   -0.169797284855047910E+05   -0.660515351937696948E+01    1
    0.305921852708320756E+02   -0.169114499177077632E+05   -0.661515351937697371E+01    1
    0.306017341955106517E+02   -0.167136345212678571E+05   -0.662515351937697705E+01    1
    0.306326472759246826E+02   -0.160812487142201589E+05   -0.663515351937697861E+01    1
    0.306493987161833275E+02   -0.157436787997159863E+05   -0.664515351937698107E+01    1
    0.337642240524291992E+02   -0.154334890999300369E+05   -0.665515351937697286E+01    1
    0.337641984186272879E+02   -0.154329803946152824E+05   -0.666515351937697353E+01    1
    0.306734076985637429E+02   -0.152661233850463741E+05   -0.667515351937697510E+01    1
    0.306853544712066650E+02   -0.150312442676222090E+05   -0.668515351937697488E+01    1
    0.336867868900299072E+02   -0.139351251763145701E+05   -0.669515351937697734E+01    1
    0.336768496036529541E+02   -0.137484041545754953E+05   -0.670515351937697446E+01    1
    0.308178467317604898E+02   -0.125489230527375403E+05   -0.671515351937697247E+01    1
    0.336071482479974648E+02   -0.124742634702449468E+05   -0.672515351937697314E+01    1
    0.335814964771270752E+02   -0.120210112096588018E+05   -0.673515351937697382E+01    1
    0.335656332969665527E+02   -0.117449346875071078E+05   -0.674515351937697183E+01    1
    0.335565098075547965E+02   -0.115876127904759433E+05   -0.675515351937697428E+01    1
    0.335405647633729771E+02   -0.113152221401742318E+05   -0.676515351937697584E+01    1
    0.308955416530212759E+02   -0.111978298394787926E+05   -0.677515351937697829E+01    1
    0.309072005748748779E+02   -0.110017550673638034E+05   -0.678515351937697098E+01    1
    0.309328675270080566E+02   -0.105762337502410883E+05   -0.679515351937697432E+01    1
    0.334942710399627686E+02   -0.105428315320433285E+05   -0.680515351937697410E+01    1
    0.309467831037658243E+02   -0.103490603815294235E+05   -0.681515351937697567E+01    1
    0.309488928225797366E+02   -0.103148354675478986E+05   -0.682515351937697723E+01    1
    0.309546148777008057E+02   -0.102222963788882989E+05   -0.683515351937697613E+01    1
    0.334697264678142687E+02   -0.101444492528194187E+05   -0.684515351937697059E+01    1
    0.309603308749721826E+02   -0.101302739002793005E+05   -0.685515351937697126E+01    1
    0.334685366268209918E+02   -0.101253330412631840E+05   -0.686515351937697371E+01    1
    0.309620652108315220E+02   -0.101024353717062440E+05   -0.687515351937697083E+01    1
    0.309718573093414307E+02   -0.994598114161627018E+04   -0.688515351937697062E+01    1
    0.309776346408921803E+02   -0.985424921706930400E+04   -0.689515351937697307E+01    1
    0.309796494092219845E+02   -0.982235944146730617E+04   -0.690515351937697019E+01    1
    0.334413972818069141E+02   -0.969423017300237007E+04   -0.691515351937697176E+01    1
    0.309992933273315430E+02   -0.951415960098589130E+04   -0.692515351937697421E+01    1
    0.310082573873065961E+02   -0.937516159898052865E+04   -0.693515351937697400E+01    1
    0.310118377208709717E+02   -0.931993201989113186E+04   -0.694515351937697556E+01    1
    0.310134041309356689E+02   -0.929582048309084530E+04   -0.695515351937697623E+01    1
    0.310184470432733512E+02   -0.921840904038466579E+04   -0.696515351937697869E+01    1
    0.334082346607515603E+02   -0.918025374748525974E+04   -0.697515351937697670E+01    1
    0.334074330329895020E+02   -0.916800392351113260E+04   -0.698515351937697471E+01    1
    0.333986282348632812E+02   -0.903399775373644297E+04   -0.699515351937697627E+01    1
    0.310442780813533474E+02   -0.882699517051619478E+04   -0.700515351937697339E+01    1
    0.310476589202880859E+02   -0.877639820618404883E+04   -0.701515351937697229E+01    1
    0.310497629642486572E+02   -0.874498339766846402E+04   -0.702515351937697385E+01    1
    0.310809370107957150E+02   -0.828617642360127138E+04   -0.703515351937696920E+01    1
    0.333252963037023022E+02   -0.795647759991666499E+04   -0.704515351937696899E+01    1
    0.333026231825520398E+02   -0.763726276993309693E+04   -0.705515351937697233E+01    1
    0.311449813124351635E+02   -0.738264630831692739E+04   -0.706515351937697300E+01    1
    0.332721325047100507E+02   -0.721836416168947653E+04   -0.707515351937697190E+01    1
    0.311796057224273682E+02   -0.691604440194543986E+04   -0.708515351937697524E+01    1
    0.332442598341014204E+02   -0.684584961014395049E+04   -0.709515351937697947E+01    1
    0.332425737380981445E+02   -0.682363428887092778E+04   -0.710515351937697481E+01    1
    0.331935214996337891E+02   -0.619327823504873777E+04   -0.711515351937697194E+01    1
    0.331700853239072728E+02   -0.590298483800746362E+04   -0.712515351937697261E+01    1
    0.331440661261568295E+02   -0.558893627296047634E+04   -0.713515351937696796E+01    1
    0.331404076421794400E+02   -0.554547404394521436E+04   -0.714515351937696508E+01    1
    0.312990653514862061E+02   -0.542405740707094992E+04   -0.715515351937696753E+01    1
    0.331247398833075906E+02   -0.536128235128662072E+04   -0.716515351937696821E+01    1
    0.331227969430679607E+02   -0.533866005271234735E+04   -0.717515351937696444E+01    1
    0.313154007740291505E+02   -0.523424072185409022E+04   -0.718515351937696511E+01    1
    0.330942050411003876E+02   -0.501134534912807067E+04   -0.719515351937696845E+01    1
    0.330638303368689961E+02   -0.467509018808380733E+04   -0.720515351937697446E+01    1
    0.330496930343380342E+02   -0.452261630819033235E+04   -0.721515351937697869E+01    1
    0.330496126724639367E+02   -0.452175690394272988E+04   -0.722515351937697670E+01    1
    0.330371773242950439E+02   -0.438976764367923533E+04   -0.723515351937696849E+01    1
    0.330322437872990804E+02   -0.433795158401800654E+04   -0.724515351937696384E+01    1
    0.314089980716474173E+02   -0.421253053562751757E+04   -0.725515351937697073E+01    1
    0.330149634454010510E+02   -0.415891718727236912E+04   -0.726515351937697051E+01    1
    0.330129239360967048E+02   -0.413803898954119086E+04   -0.727515351937696853E+01    1
    0.314172542060424540E+02   -0.412779093889752039E+04   -0.728515351937696742E+01    1
    0.314263146652679559E+02   -0.403580052346118373E+04   -0.729515351937696988E+01    1
    0.330017864704132080E+02   -0.402496588919340593E+04   -0.730515351937697766E+01    1
    0.314279723167419434E+02   -0.401908423113135768E+04   -0.731515351937697655E+01    1
    0.314335872524613187E+02   -0.396272288293663587E+04   -0.732515351937697723E+01    1
    0.314345920085906982E+02   -0.395267997604055654E+04   -0.733515351937697524E+01    1
    0.314459431171417236E+02   -0.384011953938899023E+04   -0.734515351937696614E+01    1
    0.314478991970943191E+02   -0.382088923523575068E+04   -0.735515351937696948E+01    1
    0.329768554415144663E+02   -0.377761157786955937E+04   -0.736515351937697105E+01    1
    0.314526589329505413E+02   -0.377430075368836879E+04   -0.737515351937696906E+01    1
    0.314535555780509100E+02   -0.376555683175109789E+04   -0.738515351937697240E+01    1
    0.314586084633728333E+02   -0.371647449670235164E+04   -0.739515351937697218E+01    1
    0.329685967244739402E+02   -0.369742749681526584E+04   -0.740515351937697464E+01    1
    0.314636022467728083E+02   -0.366828751561894524E+04   -0.741515351937697265E+01    1
    0.329634393268183956E+02   -0.364779725145176508E+04   -0.742515351937696799E+01    1
    0.329593603089797540E+02   -0.360878562589346438E+04   -0.743515351937697044E+01    1
    0.329580689976925711E+02   -0.359647996142512966E+04   -0.744515351937697023E+01    1
    0.329374459652967246E+02   -0.340284482390326821E+04   -0.745515351937696646E+01    1
    0.329249333000775835E+02   -0.328801494956757415E+04   -0.746515351937696536E+01    1
    0.315121228823925570E+02   -0.321671905982368298E+04   -0.747515351937696515E+01    1
    0.315162381498528212E+02   -0.317980637887048897E+04   -0.748515351937696671E+01    1
    0.328973186142910663E+02   -0.304168786169584746E+04   -0.749515351937696561E+01    1
    0.315328622906645393E+02   -0.303290062071856300E+04   -0.750515351937696362E+01    1
    0.315513477476757842E+02   -0.287370239487200843E+04   -0.751515351937696874E+01    1
    0.315591061746940476E+02   -0.280818996785603122E+04   -0.752515351937696853E+01    1
    0.328484928316094269E+02   -0.263005308835102824E+04   -0.753515351937696742E+01    1
    0.315857452968122523E+02   -0.258911567892476523E+04   -0.754515351937696721E+01    1
    0.315930102463164317E+02   -0.253094751073829320E+04   -0.755515351937696877E+01    1
    0.328318598675179771E+02   -0.249679744474964446E+04   -0.756515351937697211E+01    1
    0.328310216291021533E+02   -0.249017563989877954E+04   -0.757515351937696835E+01    1
    0.315988943514450327E+02   -0.248433074784822429E+04   -0.758515351937696991E+01    1
    0.316009605292322426E+02   -0.246806665881463141E+04   -0.759515351937697325E+01    1
    0.328257739543914795E+02   -0.244892525231982427E+04   -0.760515351937697126E+01    1
    0.316084750325605413E+02   -0.240937661778714528E+04   -0.761515351937696572E+01    1
    0.328194092777336195E+02   -0.239936770262145956E+04   -0.762515351937696639E+01    1
    0.316151443818293814E+02   -0.235789315290635386E+04   -0.763515351937696973E+01    1
    0.328058945241207027E+02   -0.229585752721852305E+04   -0.764515351937696952E+01    1
    0.328034961223602295E+02   -0.227773243330323248E+04   -0.765515351937697019E+01    1
    0.316276737477516008E+02   -0.226271407130270654E+04   -0.766515351937697087E+01    1
    0.316280200326195455E+02   -0.226011207469922056E+04   -0.767515351937697066E+01    1
    0.316354576391374351E+02   -0.220459634306462203E+04   -0.768515351937697044E+01    1
    0.316382617087160938E+02   -0.218385011557935650E+04   -0.769515351937697201E+01    1
    0.316455190204669918E+02   -0.213062362225406378E+04   -0.770515351937697446E+01    1
    0.316524465402008524E+02   -0.208044510064601400E+04   -0.771515351937697069E+01    1
    0.316548697620026545E+02   -0.206303792156629970E+04   -0.772515351937696959E+01    1
    0.327689006744467974E+02   -0.202448420503820307E+04   -0.773515351937697382E+01    1
    0.316674695788072427E+02   -0.197373936394712382E+04   -0.774515351937697538E+01    1
    0.316694699853913875E+02   -0.195974891634271353E+04   -0.775515351937697517E+01    1
    0.327543958009367202E+02   -0.192286484686739027E+04   -0.776515351937697407E+01    1
    0.327485206810617768E+02   -0.188247116673505616E+04   -0.777515351937697297E+01    1
    0.316837200775038248E+02   -0.186156938928694035E+04   -0.778515351937696565E+01    1
    0.327433611457514573E+02   -0.184736195999758729E+04   -0.779515351937696011E+01    1
    0.316865748314622273E+02   -0.184221352626445901E+04   -0.780515351937696522E+01    1
    0.316899609240936044E+02   -0.181939038250889666E+04   -0.781515351937697123E+01    1
    0.327253186702728271E+02   -0.172726843684817709E+04   -0.782515351937697279E+01    1
    0.327016261751845363E+02   -0.157589902353238585E+04   -0.783515351937697524E+01    1
    0.326998133032402620E+02   -0.156461280385275518E+04   -0.784515351937695993E+01    1
    0.317339701358485868E+02   -0.153611285040094504E+04   -0.785515351937696593E+01    1
    0.326918618002587351E+02   -0.151560706260725624E+04   -0.786515351937697016E+01    1
    0.317406314080305094E+02   -0.149539699035074045E+04   -0.787515351937697172E+01    1
    0.317479759966158603E+02   -0.145116315813186793E+04   -0.788515351937697417E+01    1
    0.326781775843964084E+02   -0.143316594026050257E+04   -0.789515351937696952E+01    1
    0.317530884841095258E+02   -0.142078027135443563E+04   -0.790515351937697019E+01    1
    0.317532127165197764E+02   -0.142004613909312457E+04   -0.791515351937696643E+01    1
    0.317547857009027403E+02   -0.141076792516047317E+04   -0.792515351937696444E+01    1
    0.317579328277765782E+02   -0.139229978439455408E+04   -0.793515351937696778E+01    1
    0.326622462476203737E+02   -0.134020807301709692E+04   -0.794515351937696490E+01    1
    0.326593663576427673E+02   -0.132375107165213490E+04   -0.795515351937696735E+01    1
    0.317717913427929872E+02   -0.131248355506484495E+04   -0.796515351937696447E+01    1
    0.326552319173564030E+02   -0.130031069402924845E+04   -0.797515351937695893E+01    1
    0.326549069992194703E+02   -0.129847783518075903E+04   -0.798515351937696582E+01    1
    0.317786905787995266E+02   -0.127366536410953813E+04   -0.799515351937696650E+01    1
    0.326501795762388412E+02   -0.127196344316639261E+04   -0.800515351937696096E+01    1
    0.317859858853437487E+02   -0.123328177690903522E+04   -0.801515351937696785E+01    1
    0.326428074452485646E+02   -0.123118701026132089E+04   -0.802515351937697652E+01    1
    0.317929858135057337E+02   -0.119517401373695270E+04   -0.803515351937696920E+01    1
    0.317934919415097959E+02   -0.119244296764467322E+04   -0.804515351937696543E+01    1
    0.326277729982200100E+02   -0.115018613364032558E+04   -0.805515351937697233E+01    1
    0.326269589866458389E+02   -0.114588310162576181E+04   -0.806515351937697034E+01    1
    0.318054834179988930E+02   -0.112869706272259009E+04   -0.807515351937696657E+01    1
    0.326142303428910196E+02   -0.107970066312264453E+04   -0.808515351937696636E+01    1
    0.318154457211585822E+02   -0.107713855557675288E+04   -0.809515351937696259E+01    1
    0.318168129983074053E+02   -0.107016159374227595E+04   -0.810515351937696593E+01    1
    0.326106859925939645E+02   -0.106164117259300747E+04   -0.811515351937696572E+01    1
    0.326100513549103255E+02   -0.105842449212679549E+04   -0.812515351937696728E+01    1
    0.326091411214175650E+02   -0.105381995002899885E+04   -0.813515351937696707E+01    1
    0.318235911349197238E+02   -0.103592754437831559E+04   -0.814515351937696508E+01    1
    0.318237979551780441E+02   -0.103489221626006974E+04   -0.815515351937696664E+01    1
    0.326051550741604430E+02   -0.103378094831736371E+04   -0.816515351937696643E+01    1
    0.325924321270138790E+02   -0.971180288512239940E+03   -0.817515351937696622E+01    1
    0.318407167228828953E+02   -0.952053305717364879E+03   -0.818515351937696600E+01    1
    0.318444762949762072E+02   -0.934143208919732615E+03   -0.819515351937696224E+01    1
    0.325835535442169544E+02   -0.928723113188424009E+03   -0.820515351937696558E+01    1
    0.325786801553937835E+02   -0.905847815911772386E+03   -0.821515351937696714E+01    1
    0.325756929608237300E+02   -0.891976517678910113E+03   -0.822515351937696693E+01    1
    0.318539656495820829E+02   -0.889742231659919980E+03   -0.823515351937696671E+01    1
    0.325700207857507706E+02   -0.865951787449725998E+03   -0.824515351937696295E+01    1
    0.325673275512335678E+02   -0.853739116050670418E+03   -0.825515351937696096E+01    1
    0.318632273461422244E+02   -0.847518494778739750E+03   -0.826515351937696252E+01    1
    0.318637428315676061E+02   -0.845200687613053560E+03   -0.827515351937696408E+01    1
    0.318643960077141983E+02   -0.842268661461655824E+03   -0.828515351937696565E+01    1
    0.325619235442889874E+02   -0.829514434604958865E+03   -0.829515351937696543E+01    1
    0.318683491616149972E+02   -0.824640046541906258E+03   -0.830515351937696344E+01    1
    0.318710744847034100E+02   -0.812603340305646043E+03   -0.831515351937696146E+01    1
    0.325533764595876889E+02   -0.791963722272059613E+03   -0.832515351937696302E+01    1
    0.318758026386057907E+02   -0.791946555289722141E+03   -0.833515351937696813E+01    1
    0.325484955310821533E+02   -0.770939552482541558E+03   -0.834515351937696437E+01    1
    0.325484599006540236E+02   -0.770787199257181101E+03   -0.835515351937696593E+01    1
    0.318828487396240234E+02   -0.761694139939662136E+03   -0.836515351937696927E+01    1
    0.325461061587219902E+02   -0.760758774310179433E+03   -0.837515351937696906E+01    1
    0.318901966982613523E+02   -0.730822946617570437E+03   -0.838515351937696174E+01    1
    0.325366042281150669E+02   -0.720995889595733388E+03   -0.839515351937695975E+01    1
    0.325362990546349096E+02   -0.719737989063228270E+03   -0.840515351937696487E+01    1
    0.318934571472032289E+02   -0.717346202163372936E+03   -0.841515351937696821E+01    1
    0.318939885769011369E+02   -0.715162493063156148E+03   -0.842515351937696266E+01    1
    0.318966407659807274E+02   -0.704318392169499020E+03   -0.843515351937695534E+01    1
    0.319021977510615145E+02   -0.681889450172182251E+03   -0.844515351937695691E+01    1
    0.325257401026228408E+02   -0.676949373576093990E+03   -0.845515351937696202E+01    1
    0.325255155563354492E+02   -0.676054937115221151E+03   -0.846515351937696536E+01    1
    0.319047902638955563E+02   -0.671560909801070011E+03   -0.847515351937696160E+01    1
    0.319050701739599027E+02   -0.670450899726551711E+03   -0.848515351937696316E+01    1
    0.325170501138335837E+02   -0.642805542257526895E+03   -0.849515351937696295E+01    1
    0.325165494303864762E+02   -0.640867772208232623E+03   -0.850515351937696629E+01    1
    0.319151348880639354E+02   -0.631204988853745817E+03   -0.851515351937696785E+01    1
    0.325138531192678002E+02   -0.630487570600885647E+03   -0.852515351937696408E+01    1
    0.319194572913154104E+02   -0.614748591818307204E+03   -0.853515351937696032E+01    1
    0.319225113617121963E+02   -0.603265286698585896E+03   -0.854515351937695655E+01    1
    0.325051392036064613E+02   -0.597577577815234235E+03   -0.855515351937696344E+01    1
    0.319266319349038383E+02   -0.587961232823788578E+03   -0.856515351937696323E+01    1
    0.319276537002530176E+02   -0.584199979649884881E+03   -0.857515351937696124E+01    1
    0.319358011326205826E+02   -0.554686558918153878E+03   -0.858515351937696103E+01    1
    0.319364247582425023E+02   -0.552462549667519511E+03   -0.859515351937696259E+01    1
    0.324920158218234008E+02   -0.549849303346048146E+03   -0.860515351937696771E+01    1
    0.324810769714632102E+02   -0.511751332069003070E+03   -0.861515351937696039E+01    1
    0.319501283651582071E+02   -0.504849135940013525E+03   -0.862515351937695662E+01    1
    0.324779466696695991E+02   -0.501131077318340772E+03   -0.863515351937696352E+01    1
    0.324710339595437176E+02   -0.478122687786372239E+03   -0.864515351937696508E+01    1
    0.324675106732764220E+02   -0.466631157238708965E+03   -0.865515351937695954E+01    1
    0.324639609671924987E+02   -0.455214221371596750E+03   -0.866515351937696288E+01    1
    0.319654386864046103E+02   -0.454497547659287306E+03   -0.867515351937696266E+01    1
    0.319665251625955342E+02   -0.451038486724742654E+03   -0.868515351937696423E+01    1
    0.319669905112917405E+02   -0.449561560089061743E+03   -0.869515351937696934E+01    1
    0.324593219654594236E+02   -0.440537020021415742E+03   -0.870515351937696735E+01    1
    0.319727921222659219E+02   -0.431381180956115600E+03   -0.871515351937696181E+01    1
    0.319733240351663568E+02   -0.429735908972839070E+03   -0.872515351937695982E+01    1
    0.319748469211608715E+02   -0.425045472447771431E+03   -0.873515351937696316E+01    1
    0.319765651250469531E+02   -0.419789122006052821E+03   -0.874515351937695762E+01    1
    0.319796043683614677E+02   -0.410584015623205914E+03   -0.875515351937695741E+01    1
    0.319823364036024138E+02   -0.402410326907070498E+03   -0.876515351937696252E+01    1
    0.319833005931776100E+02   -0.399548489703842279E+03   -0.877515351937696231E+01    1
    0.324453690525125609E+02   -0.398052871170854417E+03   -0.878515351937696209E+01    1
    0.324428784287350851E+02   -0.390731603730524739E+03   -0.879515351937696188E+01    1
    0.319867301908256465E+02   -0.389465497310419948E+03   -0.880515351937695812E+01    1
    0.319871732729660962E+02   -0.388173826354745302E+03   -0.881515351937695790E+01    1
    0.319890156067957960E+02   -0.382830024171879643E+03   -0.882515351937695769E+01    1
    0.324392166540636566E+02   -0.380111956896215929E+03   -0.883515351937695925E+01    1
    0.319905433128913010E+02   -0.378431785440907902E+03   -0.884515351937695904E+01    1
    0.324373123535146135E+02   -0.374657095713290744E+03   -0.885515351937696238E+01    1
    0.324370550299011455E+02   -0.373923554964327934E+03   -0.886515351937696394E+01    1
    0.324367283006153286E+02   -0.372993384518949767E+03   -0.887515351937696018E+01    1
    0.324364390124965496E+02   -0.372170946978656048E+03   -0.888515351937696174E+01    1
    0.319930527712434731E+02   -0.371271970816343639E+03   -0.889515351937696330E+01    1
    0.324268973306619159E+02   -0.345644874186610025E+03   -0.890515351937696309E+01    1
    0.324265408966211837E+02   -0.344676570833243545E+03   -0.891515351937696288E+01    1
    0.324252356298261333E+02   -0.341144517753835089E+03   -0.892515351937696089E+01    1
    0.324225317935569919E+02   -0.333897344877180672E+03   -0.893515351937696423E+01    1
    0.324183954296006505E+02   -0.322991694664548902E+03   -0.894515351937696579E+01    1
    0.320125363025770895E+02   -0.318426672150687580E+03   -0.895515351937696202E+01    1
    0.320127130133898348E+02   -0.317969624205362209E+03   -0.896515351937696181E+01    1
    0.320137402374476494E+02   -0.315320712792329005E+03   -0.897515351937695982E+01    1
    0.320157755271493301E+02   -0.310112205729799939E+03   -0.898515351937695428E+01    1
    0.324114900525562319E+02   -0.305273683863828978E+03   -0.899515351937695407E+01    1
    0.320216719945732677E+02   -0.295322037545296666E+03   -0.900515351937695741E+01    1
    0.324058604292514048E+02   -0.291280894593866719E+03   -0.901515351937696252E+01    1
    0.320239858354702349E+02   -0.289639851091682431E+03   -0.902515351937696408E+01    1
    0.320248127001206555E+02   -0.287625917063940506E+03   -0.903515351937696032E+01    1
    0.324039992555502323E+02   -0.286744099480704449E+03   -0.904515351937695833E+01    1
    0.320307087898254395E+02   -0.273519057968496895E+03   -0.905515351937695989E+01    1
    0.323977813215548167E+02   -0.271908936932560323E+03   -0.906515351937695790E+01    1
    0.323958673551293970E+02   -0.267442128474198398E+03   -0.907515351937695591E+01    1
    0.323923802527667846E+02   -0.259424538978853093E+03   -0.908515351937695925E+01    1
    0.323911830092993753E+02   -0.256707732857961332E+03   -0.909515351937696437E+01    1
    0.323894417285919189E+02   -0.252789151638974460E+03   -0.910515351937696060E+01    1
    0.320403584717496415E+02   -0.251391988924112525E+03   -0.911515351937695506E+01    1
    0.323885945665333423E+02   -0.250896737757494151E+03   -0.912515351937696195E+01    1
    0.320410984225352280E+02   -0.249744481680810566E+03   -0.913515351937696529E+01    1
    0.320477644868956446E+02   -0.235218547323963890E+03   -0.914515351937696153E+01    1
    0.320493073338330987E+02   -0.231937646698775268E+03   -0.915515351937696131E+01    1
    0.320497446506665469E+02   -0.231013226982344577E+03   -0.916515351937695577E+01    1
    0.320542449653080297E+02   -0.221642547135068014E+03   -0.917515351937695733E+01    1
    0.320548331737518311E+02   -0.220436928708565915E+03   -0.918515351937696067E+01    1
    0.323737323284149170E+02   -0.219192060685263414E+03   -0.919515351937696046E+01    1
    0.323714425044969900E+02   -0.214558810397357661E+03   -0.920515351937696202E+01    1
    0.323709321022033691E+02   -0.213535209531384567E+03   -0.921515351937696536E+01    1
    0.320605885936021764E+02   -0.208874144235364724E+03   -0.922515351937696337E+01    1
    0.320606284253423794E+02   -0.208795599341125182E+03   -0.923515351937695961E+01    1
    0.323685116315355472E+02   -0.208726432343326934E+03   -0.924515351937695584E+01    1
    0.320618107105637904E+02   -0.206473482682917307E+03   -0.925515351937695918E+01    1
    0.323672674502360636E+02   -0.206283798237398912E+03   -0.926515351937696607E+01    1
    0.323653224311283978E+02   -0.202504966427153761E+03   -0.927515351937695876E+01    1
    0.320647370820939202E+02   -0.200802809066895890E+03   -0.928515351937695499E+01    1
    0.323615020110439886E+02   -0.195223598079821443E+03   -0.929515351937696188E+01    1
    0.323614139405355985E+02   -0.195057947939898241E+03   -0.930515351937696522E+01    1
    0.320689922168302530E+02   -0.192752951155015978E+03   -0.931515351937695790E+01    1
    0.320703768537200773E+02   -0.190183499845891788E+03   -0.932515351937696657E+01    1
    0.320790885269211401E+02   -0.174580567956861273E+03   -0.933515351937696458E+01    1
    0.323499427180176511E+02   -0.174331003476871587E+03   -0.934515351937696082E+01    1
    0.323498868921975316E+02   -0.174234254288724514E+03   -0.935515351937695883E+01    1
    0.320842555245874195E+02   -0.165785462469648223E+03   -0.936515351937696394E+01    1
    0.320856852004664717E+02   -0.163412301134108759E+03   -0.937515351937696728E+01    1
    0.323427598515457788E+02   -0.162210500793528297E+03   -0.938515351937696352E+01    1
    0.323410325120518038E+02   -0.159394307279003783E+03   -0.939515351937695797E+01    1
    0.323409107754042395E+02   -0.159197273495794775E+03   -0.940515351937695776E+01    1
    0.320891359058433778E+02   -0.157792207804373845E+03   -0.941515351937695755E+01    1
    0.320904264058886213E+02   -0.155729574892803385E+03   -0.942515351937696089E+01    1
    0.323362225273196202E+02   -0.151753622415148783E+03   -0.943515351937695712E+01    1
    0.320934191931807007E+02   -0.151028223474634501E+03   -0.944515351937694980E+01    1
    0.323348967014589661E+02   -0.149699631518513542E+03   -0.945515351937695137E+01    1
    0.323346181993650532E+02   -0.149271032569048572E+03   -0.946515351937695826E+01    1
    0.323319324517362077E+02   -0.145188796397068501E+03   -0.947515351937695982E+01    1
    0.323301600515359624E+02   -0.142545409893891019E+03   -0.948515351937695605E+01    1
    0.321010003838906783E+02   -0.139632278799155699E+03   -0.949515351937695584E+01    1
    0.321017667425063564E+02   -0.138521261408872220E+03   -0.950515351937695741E+01    1
    0.323271095752716064E+02   -0.138090084265533790E+03   -0.951515351937695897E+01    1
    0.321025129436467864E+02   -0.137446694151974810E+03   -0.952515351937695876E+01    1
    0.323235656105781288E+02   -0.133063647542650358E+03   -0.953515351937695854E+01    1
    0.323223089515588882E+02   -0.131319945732799738E+03   -0.954515351937695833E+01    1
    0.323221152249454065E+02   -0.131052935739838574E+03   -0.955515351937695989E+01    1
    0.323217418125761924E+02   -0.130539624070320173E+03   -0.956515351937696323E+01    1
    0.323212170283566991E+02   -0.129821247150554314E+03   -0.957515351937696302E+01    1
    0.321091118886192106E+02   -0.128254245194473242E+03   -0.958515351937695215E+01    1
    0.323179841069679981E+02   -0.125473490696445069E+03   -0.959515351937695371E+01    1
    0.321118714321160184E+02   -0.124575515122001292E+03   -0.960515351937695527E+01    1
    0.321131466527370435E+02   -0.122908472368795401E+03   -0.961515351937695861E+01    1
    0.323149709423386042E+02   -0.121541782863717017E+03   -0.962515351937695662E+01    1
    0.323149111927893031E+02   -0.121464994722489777E+03   -0.963515351937695286E+01    1
    0.323146423702151040E+02   -0.121120078435611902E+03   -0.964515351937695797E+01    1
    0.321150376698862843E+02   -0.120474763065815921E+03   -0.965515351937696309E+01    1
    0.321153959976648338E+02   -0.120018761851893586E+03   -0.966515351937695755E+01    1
    0.323133207222265568E+02   -0.119437780654864241E+03   -0.967515351937695556E+01    1
    0.321162033844430681E+02   -0.118997323152039513E+03   -0.968515351937696067E+01    1
    0.323125437011184502E+02   -0.118459168677301477E+03   -0.969515351937696224E+01    1
    0.321169076239814331E+02   -0.118113194280547205E+03   -0.970515351937696025E+01    1
    0.323112558765477971E+02   -0.116854257174403870E+03   -0.971515351937696003E+01    1
    0.323092398632038424E+02   -0.114384511985195275E+03   -0.972515351937696160E+01    1
    0.321202887757174693E+02   -0.113956818386814547E+03   -0.973515351937696316E+01    1
    0.323069865900950433E+02   -0.111685706354599560E+03   -0.974515351937696295E+01    1
    0.321233542946000981E+02   -0.110314985581755977E+03   -0.975515351937696273E+01    1
    0.321240101093735859E+02   -0.109551505450424685E+03   -0.976515351937695542E+01    1
    0.321272559582397719E+02   -0.105853875819016650E+03   -0.977515351937695698E+01    1
    0.321278915457283318E+02   -0.105145619301975600E+03   -0.978515351937696209E+01    1
    0.323001639597559276E+02   -0.103910554949247171E+03   -0.979515351937696011E+01    1
    0.321309189305229381E+02   -0.101843109123911930E+03   -0.980515351937695812E+01    1
    0.322953425826202576E+02   -0.987755322841873351E+02   -0.981515351937695613E+01    1
    0.321338741444352181E+02   -0.987325362974377612E+02   -0.982515351937695769E+01    1
    0.321339327041976617E+02   -0.986720280567089674E+02   -0.983515351937696103E+01    1
    0.321362231405004195E+02   -0.963398319697593308E+02   -0.984515351937696082E+01    1
    0.322926535045058927E+02   -0.960408415999675782E+02   -0.985515351937696060E+01    1
    0.321367347855057517E+02   -0.958280386103905215E+02   -0.986515351937695506E+01    1
    0.322912297151187104E+02   -0.946303978909078012E+02   -0.987515351937695307E+01    1
    0.322911050620282225E+02   -0.945081491512384275E+02   -0.988515351937695641E+01    1
    0.321388446899911884E+02   -0.937529398450448213E+02   -0.989515351937695975E+01    1
    0.322902064775514930E+02   -0.936327843948385237E+02   -0.990515351937695954E+01    1
    0.321393466390099292E+02   -0.932676658573420951E+02   -0.991515351937695577E+01    1
    0.322890217311925127E+02   -0.924944567695558817E+02   -0.992515351937695911E+01    1
    0.322888104313898197E+02   -0.922933246024710883E+02   -0.993515351937696067E+01    1
    0.322885061935324487E+02   -0.920047308277783600E+02   -0.994515351937695513E+01    1
    0.322884861775001468E+02   -0.919857855897093941E+02   -0.995515351937695492E+01    1
    0.322860403293657967E+02   -0.897094010941419242E+02   -0.996515351937695826E+01    1
    0.322858538702920725E+02   -0.895390038725690403E+02   -0.997515351937695982E+01    1
    0.321442894578846250E+02   -0.886613763377618369E+02   -0.998515351937696138E+01    1
    0.321443369477929934E+02   -0.886186372458421232E+02   -0.999515351937695584E+01    1
    0.322839943517641643E+02   -0.878640281232483034E+02   -0.100051535193769503E+02    1
    0.322836576447591597E+02   -0.875654717413841865E+02   -0.100151535193769536E+02    1
    0.322831746943078670E+02   -0.871397767741605804E+02   -0.100251535193769570E+02    1
    0.322830843248627062E+02   -0.870604526999370023E+02   -0.100351535193769603E+02    1
    0.321502834200573275E+02   -0.834952695839164960E+02   -0.100451535193769637E+02    1
    0.322772107627963294E+02   -0.821290855229070189E+02   -0.100551535193769475E+02    1
    0.322756880844265766E+02   -0.809227777855302577E+02   -0.100651535193769543E+02    1
    0.322755400977029012E+02   -0.808071217306365384E+02   -0.100751535193769577E+02    1
    0.322752589552104396E+02   -0.805881729793999000E+02   -0.100851535193769539E+02    1
    0.321546015357580401E+02   -0.800586763814757347E+02   -0.100951535193769484E+02    1
    0.321548382453274542E+02   -0.798771936712286248E+02   -0.101051535193769499E+02    1
    0.322738125983176971E+02   -0.794777749764767663E+02   -0.101151535193769551E+02    1
    0.321561501570727515E+02   -0.788843739724445214E+02   -0.101251535193769566E+02    1
    0.321564853044131951E+02   -0.786342780484082198E+02   -0.101351535193769582E+02    1
    0.321574205193161760E+02   -0.779440030291850405E+02   -0.101451535193769562E+02    1
    0.321576748561906811E+02   -0.777582161811378683E+02   -0.101551535193769507E+02    1
    0.322711078160334068E+02   -0.774731525164172865E+02   -0.101651535193769487E+02    1
    0.321588146458644957E+02   -0.769358025372951886E+02   -0.101751535193769485E+02    1
    0.322701985975835086E+02   -0.768203346905983437E+02   -0.101851535193769500E+02    1
    0.322697338942748502E+02   -0.764907664618457375E+02   -0.101951535193769534E+02    1
    0.322685168504002462E+02   -0.756407430767055473E+02   -0.102051535193769531E+02    1
    0.321608095341517455E+02   -0.755364350187024485E+02   -0.102151535193769565E+02    1
    0.322678663113784481E+02   -0.751941647477253099E+02   -0.102251535193769545E+02    1
    0.322671141848858269E+02   -0.746846044886196125E+02   -0.102351535193769507E+02    1
    0.322661152891807177E+02   -0.740190596352674106E+02   -0.102451535193769541E+02    1
    0.322659706636555725E+02   -0.739237574263711679E+02   -0.102551535193769521E+02    1
    0.322654830481521415E+02   -0.736044131257654328E+02   -0.102651535193769536E+02    1
    0.321640878513989747E+02   -0.733474657209979313E+02   -0.102751535193769570E+02    1
    0.321646792999239963E+02   -0.729672043214975048E+02   -0.102851535193769532E+02    1
    0.321650982903181628E+02   -0.727005327214166641E+02   -0.102951535193769512E+02    1
    0.321663702862244918E+02   -0.719047280688307069E+02   -0.103051535193769492E+02    1
    0.321665179669183345E+02   -0.718136764039482074E+02   -0.103151535193769526E+02    1
    0.322625441790113854E+02   -0.717441983006230259E+02   -0.103251535193769541E+02    1
    0.321670417920678773E+02   -0.714929674188145583E+02   -0.103351535193769539E+02    1
    0.322618656521990772E+02   -0.713304281089549761E+02   -0.103451535193769555E+02    1
    0.322618325740744396E+02   -0.713104075692211126E+02   -0.103551535193769570E+02    1
    0.321674252805545180E+02   -0.712604067187103709E+02   -0.103651535193769533E+02    1
    0.322612494416831339E+02   -0.709597674812032722E+02   -0.103751535193769513E+02    1
    0.321681642532348633E+02   -0.708175793413890915E+02   -0.103851535193769564E+02    1
    0.321684351581304497E+02   -0.706569921086442463E+02   -0.103951535193769562E+02    1
    0.321687983204835604E+02   -0.704431908828833286E+02   -0.104051535193769507E+02    1
    0.322599654920597061E+02   -0.702030728900161591E+02   -0.104151535193769558E+02    1
    0.321698266130618009E+02   -0.698469755119023148E+02   -0.104251535193769538E+02    1
    0.322583353519439697E+02   -0.692727688289335788E+02   -0.104351535193769482E+02    1
    0.322578065177218178E+02   -0.689782794074402261E+02   -0.104451535193769534E+02    1
    0.321717559178650490E+02   -0.687648806606053569E+02   -0.104551535193769531E+02    1
    0.322571051117233196E+02   -0.685932160609755215E+02   -0.104651535193769529E+02    1
    0.322570909127479410E+02   -0.685854860585031929E+02   -0.104751535193769580E+02    1
    0.321722722683099107E+02   -0.684833597272635899E+02   -0.104851535193769543E+02    1
    0.321726488123528185E+02   -0.682802158963169745E+02   -0.104951535193769523E+02    1
    0.321726916034306925E+02   -0.682572451984829627E+02   -0.105051535193769539E+02    1
    0.321727704371605867E+02   -0.682149878230975588E+02   -0.105151535193769536E+02    1
    0.322563291617780266E+02   -0.681745693307969702E+02   -0.105251535193769499E+02    1
    0.322553183584269476E+02   -0.676407771476633854E+02   -0.105351535193769514E+02    1
    0.322544929630159913E+02   -0.672146011258947595E+02   -0.105451535193769512E+02    1
    0.321749821164003009E+02   -0.670618955596732320E+02   -0.105551535193769528E+02    1
    0.321763428616991760E+02   -0.663835774905331562E+02   -0.105651535193769543E+02    1
    0.321764655439036176E+02   -0.663235869445888397E+02   -0.105751535193769524E+02    1
    0.322525181305967763E+02   -0.662303464060498754E+02   -0.105851535193769575E+02    1
    0.322524844611096739E+02   -0.662139985814639687E+02   -0.105951535193769573E+02    1
    0.321767736027996989E+02   -0.661737984498171130E+02   -0.106051535193769570E+02    1
    0.322519802380913845E+02   -0.659709156699738628E+02   -0.106151535193769551E+02    1
    0.321772003407899376E+02   -0.659683120509642862E+02   -0.106251535193769495E+02    1
    0.321782631544616891E+02   -0.654666742468719463E+02   -0.106351535193769458E+02    1
    0.321782820895820691E+02   -0.654578682096577893E+02   -0.106451535193769526E+02    1
    0.322507359165945928E+02   -0.653849674641883780E+02   -0.106551535193769560E+02    1
    0.321785935350811911E+02   -0.653136850730842724E+02   -0.106651535193769540E+02    1
    0.321788954599453660E+02   -0.651750953171850398E+02   -0.106751535193769556E+02    1
    0.322495081384687481E+02   -0.648262444200136230E+02   -0.106851535193769500E+02    1
    0.322494747624512712E+02   -0.648113255740836962E+02   -0.106951535193769480E+02    1
    0.321797690544922688E+02   -0.647806729762605755E+02   -0.107051535193769549E+02    1
    0.322490207311736015E+02   -0.646097937907771040E+02   -0.107151535193769494E+02    1
    0.321803475015769465E+02   -0.645248860578870165E+02   -0.107251535193769456E+02    1
    0.322485316255841568E+02   -0.643956472558991635E+02   -0.107351535193769543E+02    1
    0.321806753494462754E+02   -0.643818156429344839E+02   -0.107451535193769505E+02    1
    0.322484906560356848E+02   -0.643778484962068660E+02   -0.107551535193769414E+02    1
    0.321813508009377429E+02   -0.640913928672154043E+02   -0.107651535193769483E+02    1
    0.322472112389485233E+02   -0.638328372138087516E+02   -0.107751535193769499E+02    1
    0.322468453872120264E+02   -0.636808444487653134E+02   -0.107851535193769426E+02    1
    0.322460191900079778E+02   -0.633439078884786326E+02   -0.107951535193769441E+02    1
    0.321831768257607678E+02   -0.633355082169599370E+02   -0.108051535193769528E+02    1
    0.322456441887984511E+02   -0.631938606667396812E+02   -0.108151535193769561E+02    1
    0.321843300645315722E+02   -0.628801240966544412E+02   -0.108251535193769524E+02    1
    0.322448327017759695E+02   -0.628753298458419323E+02   -0.108351535193769521E+02    1
    0.322444418319442505E+02   -0.627249120405249130E+02   -0.108451535193769519E+02    1
    0.322442745319233737E+02   -0.626611281864594005E+02   -0.108551535193769482E+02    1
    0.322438389224250841E+02   -0.624967318797977427E+02   -0.108651535193769480E+02    1
    0.321855600748676096E+02   -0.624131953466563374E+02   -0.108751535193769477E+02    1
    0.321859833763316061E+02   -0.622569855947349495E+02   -0.108851535193769493E+02    1
    0.321861971451466218E+02   -0.621789711130855380E+02   -0.108951535193769473E+02    1
    0.321861977935245207E+02   -0.621787353791226209E+02   -0.109051535193769453E+02    1
    0.322420199732494339E+02   -0.618365308670271787E+02   -0.109151535193769469E+02    1
    0.321874595865822570E+02   -0.617301789409974404E+02   -0.109251535193769485E+02    1
    0.321875019155828070E+02   -0.617154848206893263E+02   -0.109351535193769500E+02    1
    0.321876264281930702E+02   -0.616723944411277074E+02   -0.109451535193769498E+02    1
    0.322412941137088183E+02   -0.615849026167945084E+02   -0.109551535193769460E+02    1
    0.321879880271300749E+02   -0.615483805620651765E+02   -0.109651535193769440E+02    1
    0.321883548484623461E+02   -0.614242865470925494E+02   -0.109751535193769456E+02    1
    0.321885915991078519E+02   -0.613451098552250613E+02   -0.109851535193769454E+02    1
    0.322400821955168126E+02   -0.611798135342017915E+02   -0.109951535193769434E+02    1
    0.321892528039004304E+02   -0.611277844390150875E+02   -0.110051535193769485E+02    1
    0.322390392116899349E+02   -0.608462507322458066E+02   -0.110151535193769536E+02    1
    0.322390186715188065E+02   -0.608398215367765687E+02   -0.110251535193769499E+02    1
    0.321901767146337789E+02   -0.608334901047679608E+02   -0.110351535193769461E+02    1
    0.321908276899812762E+02   -0.606326988254604657E+02   -0.110451535193769441E+02    1
    0.321918948731424379E+02   -0.603152704083448725E+02   -0.110551535193769439E+02    1
    0.321919936176425097E+02   -0.602866365328231666E+02   -0.110651535193769455E+02    1
    0.321920109815028539E+02   -0.602816142796251810E+02   -0.110751535193769488E+02    1
    0.321920752634161786E+02   -0.602630552435084468E+02   -0.110851535193769504E+02    1
    0.321921842647165661E+02   -0.602317060748339372E+02   -0.110951535193769502E+02    1
    0.321923803541349969E+02   -0.601756931198617195E+02   -0.111051535193769553E+02    1
    0.321933939627587833E+02   -0.598940071004939725E+02   -0.111151535193769551E+02    1
    0.321934315944485832E+02   -0.598838024088432519E+02   -0.111251535193769460E+02    1
    0.321936953350416246E+02   -0.598127920795919010E+02   -0.111351535193769493E+02    1
    0.321937090413756408E+02   -0.598091260939831884E+02   -0.111451535193769491E+02    1
    0.321937520635907219E+02   -0.597976347189401309E+02   -0.111551535193769507E+02    1
    0.321937869341920404E+02   -0.597883380588972884E+02   -0.111651535193769469E+02    1
    0.321941504240915037E+02   -0.596923571908822055E+02   -0.111751535193769467E+02    1
    0.321943020316214685E+02   -0.596528246981191046E+02   -0.111851535193769482E+02    1
    0.321947997340299850E+02   -0.595251153504084556E+02   -0.111951535193769498E+02    1
    0.321948919106715792E+02   -0.595018111877054707E+02   -0.112051535193769514E+02    1
    0.321951645166469547E+02   -0.594335275016511986E+02   -0.112151535193769529E+02    1
    0.321953062245638364E+02   -0.593984077471723495E+02   -0.112251535193769527E+02    1
    0.321955597400665283E+02   -0.593362200668849979E+02   -0.112351535193769525E+02    1
    0.321960687897525304E+02   -0.592138351380864378E+02   -0.112451535193769505E+02    1
    0.321961628094604180E+02   -0.591915941310766698E+02   -0.112551535193769485E+02    1
    0.321962694739201751E+02   -0.591664989872909501E+02   -0.112651535193769465E+02    1
    0.321963365104347901E+02   -0.591508017439260527E+02   -0.112751535193769428E+02    1
    0.322325377912541882E+02   -0.590810658849399033E+02   -0.112851535193769514E+02    1
    0.322324202310334869E+02   -0.590541299093036400E+02   -0.112951535193769441E+02    1
    0.321968317653792582E+02   -0.590366161925614250E+02   -0.113051535193769475E+02    1
    0.321970159813666825E+02   -0.589949449985979015E+02   -0.113151535193769508E+02    1
    0.321970284333824992E+02   -0.589921439295645058E+02   -0.113251535193769524E+02    1
    0.321972220728606828E+02   -0.589488404497335097E+02   -0.113351535193769486E+02    1
    0.322319051749674514E+02   -0.589382041043826490E+02   -0.113451535193769519E+02    1
    0.322317873542719724E+02   -0.589121631726304855E+02   -0.113551535193769464E+02    1
    0.321975257341722312E+02   -0.588818998071842543E+02   -0.113651535193769444E+02    1
    0.321978809853824188E+02   -0.588050852827180250E+02   -0.113751535193769477E+02    1
    0.322309063188345277E+02   -0.587230702048290709E+02   -0.113851535193769493E+02    1
    0.321984565758735855E+02   -0.586840584209328426E+02   -0.113951535193769544E+02    1
    0.321988198136653949E+02   -0.586098656258145709E+02   -0.114051535193769453E+02    1
    0.321988319541467050E+02   -0.586074150642964184E+02   -0.114151535193769433E+02    1
    0.322303127083759335E+02   -0.586012712015154591E+02   -0.114251535193769502E+02    1
    0.321991975253503782E+02   -0.585345085123144031E+02   -0.114351535193769465E+02    1
    0.321994413427339552E+02   -0.584868349377641294E+02   -0.114451535193769427E+02    1
    0.321995056133118283E+02   -0.584743949115034098E+02   -0.114551535193769425E+02    1
    0.321996156848402180E+02   -0.584532126644211587E+02   -0.114651535193769476E+02    1
    0.321996534298152355E+02   -0.584459847188184938E+02   -0.114751535193769509E+02    1
    0.322294796986121881E+02   -0.584379609272008409E+02   -0.114851535193769489E+02    1
    0.322004694020006355E+02   -0.582941912680208105E+02   -0.114951535193769505E+02    1
    0.322286691170192228E+02   -0.582875784186343822E+02   -0.115051535193769467E+02    1
    0.322284635122389886E+02   -0.582507715926825540E+02   -0.115151535193769430E+02    1
    0.322281716993765599E+02   -0.581994614657521225E+02   -0.115251535193769428E+02    1
    0.322279666226021746E+02   -0.581640548340803747E+02   -0.115351535193769426E+02    1
    0.322279321867121951E+02   -0.581581622689314983E+02   -0.115451535193769423E+02    1
    0.322013717545532785E+02   -0.581362570565626271E+02   -0.115551535193769439E+02    1
    0.322015132522770458E+02   -0.581124371925097094E+02   -0.115651535193769455E+02    1
    0.322017748569562343E+02   -0.580690736467031243E+02   -0.115751535193769453E+02    1
    0.322019992062716653E+02   -0.580325836423150321E+02   -0.115851535193769433E+02    1
    0.322270646962041383E+02   -0.580147298654783583E+02   -0.115951535193769448E+02    1
    0.322267486078642520E+02   -0.579648628003922681E+02   -0.116051535193769446E+02    1
    0.322026036684390959E+02   -0.579374768881593454E+02   -0.116151535193769408E+02    1
    0.322027107824769345E+02   -0.579211114960942410E+02   -0.116251535193769424E+02    1
    0.322032146558678676E+02   -0.578460986142233224E+02   -0.116351535193769458E+02    1
    0.322035717964172363E+02   -0.577948992174580098E+02   -0.116451535193769455E+02    1
    0.322035923527087533E+02   -0.577920019979202806E+02   -0.116551535193769418E+02    1
    0.322035926809396358E+02   -0.577919557807008175E+02   -0.116651535193769451E+02    1
    0.322037783054331257E+02   -0.577660395666215578E+02   -0.116751535193769502E+02    1
    0.322037975952536684E+02   -0.577633717026151885E+02   -0.116851535193769465E+02    1
    0.322042343390325669E+02   -0.577042435095260231E+02   -0.116951535193769445E+02    1
    0.322043612705633961E+02   -0.576875171270326348E+02   -0.117051535193769460E+02    1
    0.322247415792716581E+02   -0.576780831336528195E+02   -0.117151535193769476E+02    1
    0.322246962934541159E+02   -0.576722074661287678E+02   -0.117251535193769456E+02    1
    0.322246520433510995E+02   -0.576664915480451796E+02   -0.117351535193769418E+02    1
    0.322045969272661381E+02   -0.576570106321138383E+02   -0.117451535193769399E+02    1
    0.322046447985673225E+02   -0.576509004526100597E+02   -0.117551535193769414E+02    1
    0.322048016929660719E+02   -0.576310805361111917E+02   -0.117651535193769430E+02    1
    0.322242650576424552E+02   -0.576175720265534039E+02   -0.117751535193769463E+02    1
    0.322049149423717225E+02   -0.576169700348639111E+02   -0.117851535193769479E+02    1
    0.322240752106430648E+02   -0.575942743586138874E+02   -0.117951535193769459E+02    1
    0.322051078659126802E+02   -0.575933106239412922E+02   -0.118051535193769439E+02    1
    0.322238425721946840E+02   -0.575663547513966876E+02   -0.118151535193769472E+02    1
    0.322054742553622049E+02   -0.575496901967234606E+02   -0.118251535193769470E+02    1
    0.322235956357185742E+02   -0.575374774928126200E+02   -0.118351535193769397E+02    1
    0.322056547391897467E+02   -0.575288347356517491E+02   -0.118451535193769431E+02    1
    0.322057289856658997E+02   -0.575203764297040721E+02   -0.118551535193769446E+02    1
    0.322232397248756897E+02   -0.574972304177783329E+02   -0.118651535193769391E+02    1
    0.322059507692538816E+02   -0.574955308026529508E+02   -0.118751535193769389E+02    1
    0.322059604909828749E+02   -0.574944561231536611E+02   -0.118851535193769422E+02    1
    0.322231750372962935E+02   -0.574900896382721953E+02   -0.118951535193769455E+02    1
    0.322231581014837758E+02   -0.574882289670137681E+02   -0.119051535193769453E+02    1
    0.322231258096567785E+02   -0.574846913695559465E+02   -0.119151535193769504E+02    1
    0.322062997684176011E+02   -0.574577092014251107E+02   -0.119251535193769467E+02    1
    0.322064448440167155E+02   -0.574424460949370967E+02   -0.119351535193769447E+02    1
    0.322226607313468705E+02   -0.574352228030088980E+02   -0.119451535193769427E+02    1
    0.322067431919152369E+02   -0.574119046317615158E+02   -0.119551535193769443E+02    1
    0.322067558841525425E+02   -0.574106306234408521E+02   -0.119651535193769440E+02    1
    0.322223734734353826E+02   -0.574060521233489993E+02   -0.119751535193769421E+02    1
    0.322223336093050960E+02   -0.574020874715589002E+02   -0.119851535193769418E+02    1
    0.322223069611177948E+02   -0.573994485489194091E+02   -0.119951535193769452E+02    1
    0.322222946907135395E+02   -0.573982364904159112E+02   -0.120051535193769467E+02    1
    0.322069339250018061E+02   -0.573929768641292668E+02   -0.120151535193769430E+02    1
    0.322069894559067649E+02   -0.573875537125435429E+02   -0.120251535193769445E+02    1
    0.322069923065326691E+02   -0.573872763858882351E+02   -0.120351535193769426E+02    1
    0.322070304518039663E+02   -0.573835753894656264E+02   -0.120451535193769441E+02    1
    0.322070628080310399E+02   -0.573804506744324314E+02   -0.120551535193769492E+02    1
    0.322221118452592492E+02   -0.573804036365290102E+02   -0.120651535193769472E+02    1
    0.322070637908010156E+02   -0.573803559758806756E+02   -0.120751535193769470E+02    1
    0.322219968299686599E+02   -0.573694055992946801E+02   -0.120851535193769504E+02    1
    0.322074362276973858E+02   -0.573453589239316699E+02   -0.120951535193769466E+02    1
    0.322074536582185402E+02   -0.573437645308530151E+02   -0.121051535193769411E+02    1
    0.322215616048626714E+02   -0.573293217616144375E+02   -0.121151535193769444E+02    1
    0.322076957809317364E+02   -0.573220196434479021E+02   -0.121251535193769460E+02    1
    0.322079123712449373E+02   -0.573032039804638700E+02   -0.121351535193769386E+02    1
    0.322212153851066461E+02   -0.572991676320884977E+02   -0.121451535193769420E+02    1
    0.322211697570082620E+02   -0.572953081216052595E+02   -0.121551535193769453E+02    1
    0.322211529206218472E+02   -0.572938907286317800E+02   -0.121651535193769433E+02    1
    0.322080431119727209E+02   -0.572921370255582758E+02   -0.121751535193769413E+02    1
    0.322080933666876490E+02   -0.572879413018480577E+02   -0.121851535193769358E+02    1
    0.322207931461331896E+02   -0.572644702492076760E+02   -0.121951535193769427E+02    1
    0.322207514950704166E+02   -0.572611713029559439E+02   -0.122051535193769496E+02    1
    0.322084353419156457E+02   -0.572602489586919887E+02   -0.122151535193769423E+02    1
    0.322206936691395640E+02   -0.572566280698844778E+02   -0.122251535193769385E+02    1
    0.322206069992620669E+02   -0.572498988329466982E+02   -0.122351535193769383E+02    1
    0.322085798201956237E+02   -0.572489994795625989E+02   -0.122451535193769416E+02    1
    0.322205551518916309E+02   -0.572459192770598833E+02   -0.122551535193769450E+02    1
    0.322086359165220415E+02   -0.572447037097704481E+02   -0.122651535193769465E+02    1
    0.322086369028509125E+02   -0.572446285387478397E+02   -0.122751535193769445E+02    1
    0.322086994377786198E+02   -0.572398880034941442E+02   -0.122851535193769408E+02    1
    0.322087340972416811E+02   -0.572372821717878679E+02   -0.122951535193769388E+02    1
    0.322204383681312478E+02   -0.572370816154448789E+02   -0.123051535193769421E+02    1
    0.322204213001900825E+02   -0.572358046201854904E+02   -0.123151535193769419E+02    1
    0.322204000258879404E+02   -0.572342181350408978E+02   -0.123251535193769381E+02    1
    0.322089044683312196E+02   -0.572246966900985399E+02   -0.123351535193769379E+02    1
    0.322202565761399953E+02   -0.572236719850262858E+02   -0.123451535193769395E+02    1
    0.322202479407743496E+02   -0.572230455389149881E+02   -0.123551535193769428E+02    1
    0.322089362981564307E+02   -0.572223866003964474E+02   -0.123651535193769408E+02    1
    0.322202074130560305E+02   -0.572201182442131824E+02   -0.123751535193769424E+02    1
    0.322202020986912530E+02   -0.572197359505389329E+02   -0.123851535193769422E+02    1
    0.322201647584288864E+02   -0.572170600433297309E+02   -0.123951535193769384E+02    1
    0.322201032822304327E+02   -0.572126933862532141E+02   -0.124051535193769382E+02    1
    0.322091442863223207E+02   -0.572076109841061680E+02   -0.124151535193769398E+02    1
    0.322200166981845726E+02   -0.572066254044775988E+02   -0.124251535193769431E+02    1
    0.322091634077240627E+02   -0.572062803940068463E+02   -0.124351535193769447E+02    1
    0.322199999920241638E+02   -0.572054656528499237E+02   -0.124451535193769427E+02    1
    0.322092582753850820E+02   -0.571997481354782451E+02   -0.124551535193769389E+02    1
    0.322199029554312091E+02   -0.571987999880947342E+02   -0.124651535193769369E+02    1
    0.322198104472920619E+02   -0.571925576696054776E+02   -0.124751535193769385E+02    1
    0.322093843510149185E+02   -0.571912453690469889E+02   -0.124851535193769383E+02    1
    0.322094750363611126E+02   -0.571852552547418753E+02   -0.124951535193769399E+02    1
    0.322196834704426252E+02   -0.571841679053002778E+02   -0.125051535193769414E+02    1
    0.322196306808977866E+02   -0.571807406971615677E+02   -0.125151535193769394E+02    1
    0.322195674334757953E+02   -0.571766815349996591E+02   -0.125251535193769392E+02    1
    0.322098224901166503E+02   -0.571632793826800452E+02   -0.125351535193769408E+02    1
    0.322099137224398220E+02   -0.571577653610826530E+02   -0.125451535193769388E+02    1
    0.322099193679950204E+02   -0.571574276495382350E+02   -0.125551535193769404E+02    1
    0.322099271280133976E+02   -0.571569641190005200E+02   -0.125651535193769437E+02    1
    0.322192320645377777E+02   -0.571560138631984103E+02   -0.125751535193769470E+02    1
    0.322099891027318819E+02   -0.571532898455666114E+02   -0.125851535193769468E+02    1
    0.322191581649030141E+02   -0.571516533380567040E+02   -0.125951535193769413E+02    1
    0.322100237584420839E+02   -0.571512566676196485E+02   -0.126051535193769357E+02    1
    0.322191448155993285E+02   -0.571508731063352826E+02   -0.126151535193769408E+02    1
    0.322100551584927928E+02   -0.571494277736205305E+02   -0.126251535193769389E+02    1
    0.322101036673913654E+02   -0.571466271965324069E+02   -0.126351535193769404E+02    1
    0.322101401742587399E+02   -0.571445394092388312E+02   -0.126451535193769455E+02    1
    0.322101480525955566E+02   -0.571440910949667824E+02   -0.126551535193769382E+02    1
    0.322101772040540268E+02   -0.571424391524934663E+02   -0.126651535193769345E+02    1
    0.322101956875869391E+02   -0.571413973732765186E+02   -0.126751535193769378E+02    1
    0.322189244358559606E+02   -0.571383223127779871E+02   -0.126851535193769429E+02    1
    0.322189066601524985E+02   -0.571373370801612310E+02   -0.126951535193769462E+02    1
    0.322103356234459284E+02   -0.571336521798141064E+02   -0.127051535193769389E+02    1
    0.322187940532281445E+02   -0.571311897627779715E+02   -0.127151535193769352E+02    1
    0.322187712874321548E+02   -0.571299666904827461E+02   -0.127251535193769367E+02    1
    0.322104631018063827E+02   -0.571268147681047225E+02   -0.127351535193769383E+02    1
    0.322186786564206429E+02   -0.571250586170153127E+02   -0.127451535193769399E+02    1
    0.322105713836204330E+02   -0.571211704440270651E+02   -0.127551535193769396E+02    1
    0.322105853726545988E+02   -0.571204522006013775E+02   -0.127651535193769430E+02    1
    0.322184766330508197E+02   -0.571147355303200115E+02   -0.127751535193769410E+02    1
    0.322184662701888698E+02   -0.571142200968360143E+02   -0.127851535193769372E+02    1
    0.322107253291138989E+02   -0.571134043328387548E+02   -0.127951535193769352E+02    1
    0.322107516378727254E+02   -0.571121074966440148E+02   -0.128051535193769332E+02    1
    0.322183690422400844E+02   -0.571094511047293665E+02   -0.128151535193769330E+02    1
