    0.322494747624512712E+02   -0.648113255740836962E+02
    0.321875019155828070E+02   -0.617154848206893263E+02
    0.321933939627587833E+02   -0.598940071004939725E+02
    0.321955597400665283E+02   -0.593362200668849979E+02
    0.321961628094604180E+02   -0.591915941310766698E+02
    0.321962694739201751E+02   -0.591664989872909501E+02
    0.321963365104347901E+02   -0.591508017439260527E+02
    0.322325377912541882E+02   -0.590810658849399033E+02
    0.321970159813666825E+02   -0.589949449985979015E+02
    0.321972220728606828E+02   -0.589488404497335097E+02
    0.322319051749674514E+02   -0.589382041043826490E+02
    0.322317873542719724E+02   -0.589121631726304855E+02
    0.321975257341722312E+02   -0.588818998071842543E+02
    0.321978809853824188E+02   -0.588050852827180250E+02
    0.321984565758735855E+02   -0.586840584209328426E+02
    0.321988198136653949E+02   -0.586098656258145709E+02
    0.322303127083759335E+02   -0.586012712015154591E+02
    0.321996534298152355E+02   -0.584459847188184938E+02
    0.322294796986121881E+02   -0.584379609272008409E+02
    0.322004694020006355E+02   -0.582941912680208105E+02
    0.322286691170192228E+02   -0.582875784186343822E+02
    0.322284635122389886E+02   -0.582507715926825540E+02
    0.322281716993765599E+02   -0.581994614657521225E+02
    0.322279666226021746E+02   -0.581640548340803747E+02
    0.322279321867121951E+02   -0.581581622689314983E+02
    0.322013717545532785E+02   -0.581362570565626271E+02
    0.322015132522770458E+02   -0.581124371925097094E+02
    0.322017748569562343E+02   -0.580690736467031243E+02
    0.322019992062716653E+02   -0.580325836423150321E+02
    0.322270646962041383E+02   -0.580147298654783583E+02
    0.322267486078642520E+02   -0.579648628003922681E+02
    0.322026036684390959E+02   -0.579374768881593454E+02
    0.322027107824769345E+02   -0.579211114960942410E+02
    0.322027107824769345E+02   -0.579211114960942410E+02
    0.322032146558678676E+02   -0.578460986142233224E+02
    0.322032146558678676E+02   -0.578460986142233224E+02
    0.322035717964172363E+02   -0.577948992174580098E+02
    0.322035923527087533E+02   -0.577920019979202806E+02
    0.322035926809396358E+02   -0.577919557807008175E+02
    0.322035926809396358E+02   -0.577919557807008175E+02
    0.322037783054331257E+02   -0.577660395666215578E+02
    0.322037975952536684E+02   -0.577633717026151885E+02
    0.322037975952536684E+02   -0.577633717026151885E+02
    0.322042343390325669E+02   -0.577042435095260231E+02
    0.322042343390325669E+02   -0.577042435095260231E+02
    0.322043612705633961E+02   -0.576875171270326348E+02
    0.322247415792716581E+02   -0.576780831336528195E+02
    0.322246962934541159E+02   -0.576722074661287678E+02
    0.322246962934541159E+02   -0.576722074661287678E+02
    0.322246520433510995E+02   -0.576664915480451796E+02
    0.322045969272661381E+02   -0.576570106321138383E+02
    0.322045969272661381E+02   -0.576570106321138383E+02
    0.322046447985673225E+02   -0.576509004526100597E+02
    0.322048016929660719E+02   -0.576310805361111917E+02
    0.322242650576424552E+02   -0.576175720265534039E+02
    0.322242650576424552E+02   -0.576175720265534039E+02
    0.322049149423717225E+02   -0.576169700348639111E+02
    0.322240752106430648E+02   -0.575942743586138874E+02
    0.322051078659126802E+02   -0.575933106239412922E+02
    0.322238425721946840E+02   -0.575663547513966876E+02
    0.322238425721946840E+02   -0.575663547513966876E+02
    0.322054742553622049E+02   -0.575496901967234606E+02
    0.322235956357185742E+02   -0.575374774928126200E+02
    0.322056547391897467E+02   -0.575288347356517491E+02
    0.322057289856658997E+02   -0.575203764297040721E+02
    0.322057289856658997E+02   -0.575203764297040721E+02
    0.322232397248756897E+02   -0.574972304177783329E+02
    0.322232397248756897E+02   -0.574972304177783329E+02
    0.322059507692538816E+02   -0.574955308026529508E+02
    0.322059604909828749E+02   -0.574944561231536611E+02
    0.322231750372962935E+02   -0.574900896382721953E+02
    0.322231581014837758E+02   -0.574882289670137681E+02
    0.322231581014837758E+02   -0.574882289670137681E+02
    0.322231258096567785E+02   -0.574846913695559465E+02
    0.322062997684176011E+02   -0.574577092014251107E+02
    0.322062997684176011E+02   -0.574577092014251107E+02
    0.322064448440167155E+02   -0.574424460949370967E+02
    0.322226607313468705E+02   -0.574352228030088980E+02
    0.322067431919152369E+02   -0.574119046317615158E+02
    0.322067558841525425E+02   -0.574106306234408521E+02
    0.322067558841525425E+02   -0.574106306234408521E+02
    0.322223734734353826E+02   -0.574060521233489993E+02
    0.322223734734353826E+02   -0.574060521233489993E+02
    0.322223336093050960E+02   -0.574020874715589002E+02
    0.322223336093050960E+02   -0.574020874715589002E+02
    0.322223069611177948E+02   -0.573994485489194091E+02
    0.322222946907135395E+02   -0.573982364904159112E+02
    0.322222946907135395E+02   -0.573982364904159112E+02
    0.322069339250018061E+02   -0.573929768641292668E+02
    0.322069339250018061E+02   -0.573929768641292668E+02
    0.322069894559067649E+02   -0.573875537125435429E+02
    0.322069923065326691E+02   -0.573872763858882351E+02
    0.322070304518039663E+02   -0.573835753894656264E+02
    0.322070628080310399E+02   -0.573804506744324314E+02
    0.322221118452592492E+02   -0.573804036365290102E+02
    0.322070637908010156E+02   -0.573803559758806756E+02
    0.322070637908010156E+02   -0.573803559758806756E+02
    0.322219968299686599E+02   -0.573694055992946801E+02
    0.322074362276973858E+02   -0.573453589239316699E+02
    0.322074362276973858E+02   -0.573453589239316699E+02
    0.322074536582185402E+02   -0.573437645308530151E+02
    0.322074536582185402E+02   -0.573437645308530151E+02
    0.322215616048626714E+02   -0.573293217616144375E+02
    0.322215616048626714E+02   -0.573293217616144375E+02
    0.322076957809317364E+02   -0.573220196434479021E+02
    0.322079123712449373E+02   -0.573032039804638700E+02
    0.322212153851066461E+02   -0.572991676320884977E+02
    0.322212153851066461E+02   -0.572991676320884977E+02
    0.322211697570082620E+02   -0.572953081216052595E+02
    0.322211697570082620E+02   -0.572953081216052595E+02
    0.322211529206218472E+02   -0.572938907286317800E+02
    0.322211529206218472E+02   -0.572938907286317800E+02
    0.322080431119727209E+02   -0.572921370255582758E+02
    0.322080431119727209E+02   -0.572921370255582758E+02
    0.322080933666876490E+02   -0.572879413018480577E+02
    0.322207931461331896E+02   -0.572644702492076760E+02
    0.322207514950704166E+02   -0.572611713029559439E+02
    0.322084353419156457E+02   -0.572602489586919887E+02
    0.322206936691395640E+02   -0.572566280698844778E+02
    0.322206936691395640E+02   -0.572566280698844778E+02
    0.322206069992620669E+02   -0.572498988329466982E+02
    0.322206069992620669E+02   -0.572498988329466982E+02
    0.322085798201956237E+02   -0.572489994795625989E+02
    0.322205551518916309E+02   -0.572459192770598833E+02
    0.322086359165220415E+02   -0.572447037097704481E+02
    0.322086359165220415E+02   -0.572447037097704481E+02
    0.322086369028509125E+02   -0.572446285387478397E+02
    0.322086994377786198E+02   -0.572398880034941442E+02
    0.322087340972416811E+02   -0.572372821717878679E+02
    0.322087340972416811E+02   -0.572372821717878679E+02
    0.322204383681312478E+02   -0.572370816154448789E+02
    0.322204213001900825E+02   -0.572358046201854904E+02
    0.322204000258879404E+02   -0.572342181350408978E+02
    0.322089044683312196E+02   -0.572246966900985399E+02
    0.322202565761399953E+02   -0.572236719850262858E+02
    0.322202479407743496E+02   -0.572230455389149881E+02
    0.322089362981564307E+02   -0.572223866003964474E+02
    0.322202074130560305E+02   -0.572201182442131824E+02
    0.322202074130560305E+02   -0.572201182442131824E+02
    0.322202020986912530E+02   -0.572197359505389329E+02
    0.322201647584288864E+02   -0.572170600433297309E+02
    0.322201032822304327E+02   -0.572126933862532141E+02
    0.322091442863223207E+02   -0.572076109841061680E+02
    0.322200166981845726E+02   -0.572066254044775988E+02
    0.322091634077240627E+02   -0.572062803940068463E+02
    0.322199999920241638E+02   -0.572054656528499237E+02
    0.322199999920241638E+02   -0.572054656528499237E+02
    0.322092582753850820E+02   -0.571997481354782451E+02
    0.322199029554312091E+02   -0.571987999880947342E+02
    0.322198104472920619E+02   -0.571925576696054776E+02
    0.322093843510149185E+02   -0.571912453690469889E+02
    0.322094750363611126E+02   -0.571852552547418753E+02
    0.322196834704426252E+02   -0.571841679053002778E+02
    0.322196306808977866E+02   -0.571807406971615677E+02
    0.322196306808977866E+02   -0.571807406971615677E+02
    0.322195674334757953E+02   -0.571766815349996591E+02
    0.322098224901166503E+02   -0.571632793826800452E+02
    0.322099137224398220E+02   -0.571577653610826530E+02
    0.322099193679950204E+02   -0.571574276495382350E+02
    0.322099271280133976E+02   -0.571569641190005200E+02
    0.322192320645377777E+02   -0.571560138631984103E+02
    0.322099891027318819E+02   -0.571532898455666114E+02
    0.322191581649030141E+02   -0.571516533380567040E+02
    0.322100237584420839E+02   -0.571512566676196485E+02
    0.322191448155993285E+02   -0.571508731063352826E+02
    0.322100551584927928E+02   -0.571494277736205305E+02
    0.322101036673913654E+02   -0.571466271965324069E+02
    0.322101401742587399E+02   -0.571445394092388312E+02
    0.322101480525955566E+02   -0.571440910949667824E+02
    0.322101772040540268E+02   -0.571424391524934663E+02
    0.322101956875869391E+02   -0.571413973732765186E+02
    0.322189244358559606E+02   -0.571383223127779871E+02
    0.322189066601524985E+02   -0.571373370801612310E+02
    0.322103356234459284E+02   -0.571336521798141064E+02
    0.322187940532281445E+02   -0.571311897627779715E+02
    0.322104631018063827E+02   -0.571268147681047225E+02
    0.322186786564206429E+02   -0.571250586170153127E+02
    0.322105713836204330E+02   -0.571211704440270651E+02
    0.322105853726545988E+02   -0.571204522006013775E+02
    0.322184766330508197E+02   -0.571147355303200115E+02
    0.322184662701888698E+02   -0.571142200968360143E+02
    0.322107253291138989E+02   -0.571134043328387548E+02
    0.322107516378727254E+02   -0.571121074966440148E+02
    0.322183690422400844E+02   -0.571094511047293665E+02
    0.322134524037848138E+02   -0.570261395728121983E+02
    0.322136213104677793E+02   -0.570238667886582959E+02
    0.322135563215939982E+02   -0.570246980256284672E+02
    0.322132798740080730E+02   -0.570288383081775692E+02
    0.322135678103219334E+02   -0.570245471439054512E+02
    0.322136316840086465E+02   -0.570237391122594559E+02
    0.322132289854781746E+02   -0.570297071145376790E+02
    0.322128368514420060E+02   -0.570375143056640042E+02
    0.322127817643584251E+02   -0.570387688116514155E+02
    0.322128976652986339E+02   -0.570361745152613864E+02
    0.322131123505309347E+02   -0.570318235047239881E+02
    0.322126295271094421E+02   -0.570424378330562547E+02
    0.322123083521238058E+02   -0.570511519637066868E+02
    0.322123556874036865E+02   -0.570497846612248267E+02
    0.322124041025679446E+02   -0.570484158495409872E+02
    0.322122101814737505E+02   -0.570540791364078359E+02
    0.322125234606186268E+02   -0.570451695385643447E+02
    0.322118612862025913E+02   -0.570654809780060788E+02
    0.322119225066581265E+02   -0.570633675328449641E+02
    0.322118229566425853E+02   -0.570668286191809457E+02
    0.322119558920250455E+02   -0.570622352314315151E+02
    0.322117440295831230E+02   -0.570696629005513785E+02
    0.322141289710998535E+02   -0.570192350648569999E+02
    0.322145348569496761E+02   -0.570179061777666831E+02
    0.322142217986459727E+02   -0.570187450638749809E+02
    0.322144698963399350E+02   -0.570179770516885753E+02
    0.322143332044408695E+02   -0.570183026860182025E+02
    0.322139395106531623E+02   -0.570205776123484540E+02
    0.322142024883770333E+02   -0.570188379051445366E+02
    0.322140021697433454E+02   -0.570200827247926725E+02
    0.322141083206337484E+02   -0.570193590758300530E+02
    0.322143596147199105E+02   -0.570182211203652116E+02
    0.322145970280779821E+02   -0.570178889576480543E+02
    0.322115408695423611E+02   -0.570773253649035155E+02
    0.322114901281114641E+02   -0.570793216432460255E+02
    0.322112844311313822E+02   -0.570877519700302258E+02
    0.322108586768085559E+02   -0.571069226276903947E+02
    0.322109683707863539E+02   -0.571017613824626409E+02
    0.322108250121554107E+02   -0.571085374962815280E+02
    0.322108610940428690E+02   -0.571068072332192003E+02
    0.322112279704739848E+02   -0.570901607426196023E+02
    0.322179681399044497E+02   -0.570910657341721759E+02
    0.322169720928485646E+02   -0.570542966288262150E+02
    0.322165147563851875E+02   -0.570416701525675691E+02
    0.322159251761281098E+02   -0.570293449137388677E+02
    0.322154066840565605E+02   -0.570221845901297684E+02
    0.322158511844585860E+02   -0.570281124992763395E+02
    0.322164609641236410E+02   -0.570403610713481299E+02
    0.322163010835086396E+02   -0.570366889853310113E+02
    0.322148331954469214E+02   -0.570182746996103020E+02
    0.322173666010339659E+02   -0.570673403536197128E+02
    0.322165411632320442E+02   -0.570423263467609445E+02
    0.322162048233459259E+02   -0.570346359914503012E+02
    0.322171533379002994E+02   -0.570600416780756774E+02
    0.322180129784713216E+02   -0.570930198001010183E+02
    0.322172056844826358E+02   -0.570617792403043325E+02
    0.322155385454456606E+02   -0.570236791369952130E+02
    0.322161479764741827E+02   -0.570334793179297961E+02
    0.322167847688694735E+02   -0.570488009801419267E+02
    0.322176424190943749E+02   -0.570776436717716109E+02
    0.322160315576628875E+02   -0.570312396848402869E+02
    0.322166928654990485E+02   -0.570462690680631752E+02
    0.322179757728401270E+02   -0.570913965592776833E+02
    0.322156414730085601E+02   -0.570250004826609924E+02
    0.322166810864288493E+02   -0.570459523780996562E+02
    0.322153936215193966E+02   -0.570220486581045378E+02
    0.322159889464004436E+02   -0.570304633321884396E+02
    0.322170884414774008E+02   -0.570579362633982612E+02
    0.322163899290836326E+02   -0.570386891500855242E+02
    0.322165794198608495E+02   -0.570432928411543614E+02
    0.322183276588985450E+02   -0.571074579983544623E+02
    0.322183051478650881E+02   -0.571063830308420179E+02
    0.322174923481196203E+02   -0.570719168626319089E+02
    0.322178190591431104E+02   -0.570847539048463659E+02
    0.322164987036058221E+02   -0.570412756150856524E+02
    0.322162926694974558E+02   -0.570365048021965819E+02
    0.322178212661287944E+02   -0.570848452693313391E+02
    0.322157347751240195E+02   -0.570263154943183466E+02
    0.322183233175762922E+02   -0.571072501824651937E+02
    0.322163223346274208E+02   -0.570371582100931249E+02
    0.322162581035178803E+02   -0.570357576640228032E+02
    0.322159782003196966E+02   -0.570302712162696537E+02
    0.322178731803699776E+02   -0.570870123986624094E+02
    0.322136970466025190E+02   -0.570229663344732387E+02
    0.322158007698481441E+02   -0.570273129474339697E+02
    0.322147774495127308E+02   -0.570181192456127661E+02
    0.322122856959166057E+02   -0.570518165530427410E+02
    0.322145759295583929E+02   -0.570178892526739673E+02
    0.322117135260692677E+02   -0.570707796598437227E+02
    0.322159667770931151E+02   -0.570300686160743027E+02
