    0.200728952884674072E+02   -0.462484731777005014E+06   -0.460515351937698814E+01    1
    0.201306676864624023E+02   -0.457539812114719418E+06   -0.461515351937698259E+01    1
    0.203090798854827881E+02   -0.442436745570220344E+06   -0.462515351937698149E+01    1
    0.203383934497833252E+02   -0.439979520955897751E+06   -0.463515351937698661E+01    1
    0.206060028076171875E+02   -0.417863427352791419E+06   -0.464515351937698728E+01    1
    0.210052728652954102E+02   -0.385926710602624924E+06   -0.465515351937698174E+01    1
    0.212330985069274902E+02   -0.368272335149582534E+06   -0.466515351937698153E+01    1
    0.212553644180297852E+02   -0.366569106657090888E+06   -0.467515351937698398E+01    1
    0.212851428985595703E+02   -0.364297376115886611E+06   -0.468515351937698377E+01    1
    0.213039398193359375E+02   -0.362867038788391859E+06   -0.469515351937698444E+01    1
    0.214005041122436523E+02   -0.355563410060505092E+06   -0.470515351937698423E+01    1
    0.216194212436676025E+02   -0.339280645573558402E+06   -0.471515351937698135E+01    1
    0.398670172691345215E+02   -0.323824765264614893E+06   -0.472515351937698025E+01    1
    0.219843459129333496E+02   -0.312986410016814596E+06   -0.473515351937698448E+01    1
    0.220175862312316895E+02   -0.310644017223357747E+06   -0.474515351937698782E+01    1
    0.222375988960266113E+02   -0.295361938297072949E+06   -0.475515351937698494E+01    1
    0.222399961948394775E+02   -0.295197545007530600E+06   -0.476515351937698117E+01    1
    0.223545050621032715E+02   -0.287398474724014755E+06   -0.477515351937698451E+01    1
    0.393184077739715576E+02   -0.285625941372238274E+06   -0.478515351937698341E+01    1
    0.392989313602447510E+02   -0.284313885798406380E+06   -0.479515351937697876E+01    1
    0.224479317665100098E+02   -0.281112642022575310E+06   -0.480515351937698032E+01    1
    0.391423833370208740E+02   -0.273877537606312661E+06   -0.481515351937698277E+01    1
    0.391041767597198486E+02   -0.271360106901438325E+06   -0.482515351937698345E+01    1
    0.390841257572174072E+02   -0.270043598038969678E+06   -0.483515351937698323E+01    1
    0.390559518337249756E+02   -0.268199164511577808E+06   -0.484515351937698480E+01    1
    0.227178287506103516E+02   -0.263344194370391720E+06   -0.485515351937698814E+01    1
    0.388486421108245850E+02   -0.254821818417446717E+06   -0.486515351937698437E+01    1
    0.228954613208770752E+02   -0.251966442872144660E+06   -0.487515351937698149E+01    1
    0.229509186744689941E+02   -0.248465751185585425E+06   -0.488515351937698572E+01    1
    0.229539477825164795E+02   -0.248275247115600650E+06   -0.489515351937698817E+01    1
    0.386123085021972656E+02   -0.239989102741123032E+06   -0.490515351937698973E+01    1
    0.385689377784729004E+02   -0.237315383585447009E+06   -0.491515351937698775E+01    1
    0.231533229351043701E+02   -0.235897002490008395E+06   -0.492515351937698220E+01    1
    0.384014809131622314E+02   -0.227132578551972838E+06   -0.493515351937698199E+01    1
    0.233062291145324707E+02   -0.226618281541052187E+06   -0.494515351937698799E+01    1
    0.234545290470123291E+02   -0.217796945436924580E+06   -0.495515351937699045E+01    1
    0.234725809097290039E+02   -0.216735122582162207E+06   -0.496515351937698846E+01    1
    0.380842792987823486E+02   -0.208456170115675632E+06   -0.497515351937698824E+01    1
    0.236739683151245117E+02   -0.205065347269975988E+06   -0.498515351937698359E+01    1
    0.380032885074615479E+02   -0.203815955915168452E+06   -0.499515351937698426E+01    1
    0.379068911075592041E+02   -0.198361138613023795E+06   -0.500515351937698583E+01    1
    0.238254058361053467E+02   -0.196502768976926425E+06   -0.501515351937698384E+01    1
    0.377461469173431396E+02   -0.189429732001155789E+06   -0.502515351937698451E+01    1
    0.241150820255279541E+02   -0.180632708427854406E+06   -0.503515351937698608E+01    1
    0.374409198760986328E+02   -0.173036777869783953E+06   -0.504515351937698409E+01    1
    0.242911744117736816E+02   -0.171311983552142483E+06   -0.505515351937698298E+01    1
    0.373425841331481934E+02   -0.167913439683151606E+06   -0.506515351937698455E+01    1
    0.243854081630706787E+02   -0.166425542317990650E+06   -0.507515351937697989E+01    1
    0.244057691097259521E+02   -0.165379026994665968E+06   -0.508515351937698501E+01    1
    0.372834515571594238E+02   -0.164869682240621070E+06   -0.509515351937699013E+01    1
    0.244270205497741699E+02   -0.164290263222899754E+06   -0.510515351937699080E+01    1
    0.372616326808929443E+02   -0.163753622591675987E+06   -0.511515351937698348E+01    1
    0.244841217994689941E+02   -0.161382640271502692E+06   -0.512515351937698238E+01    1
    0.247038674354553223E+02   -0.150435329316112242E+06   -0.513515351937698394E+01    1
    0.369479680061340332E+02   -0.148128339465460216E+06   -0.514515351937697751E+01    1
    0.247998726367950439E+02   -0.145773238172936923E+06   -0.515515351937698085E+01    1
    0.368738877773284912E+02   -0.144552391380460525E+06   -0.516515351937698330E+01    1
    0.368198323249816895E+02   -0.141970645357788017E+06   -0.517515351937698220E+01    1
    0.367675578594207764E+02   -0.139496093869656906E+06   -0.518515351937698643E+01    1
    0.249746656417846680E+02   -0.137473624212590395E+06   -0.519515351937698533E+01    1
    0.366484367847442627E+02   -0.133938477118965006E+06   -0.520515351937697623E+01    1
    0.366294479370117188E+02   -0.133062991463404673E+06   -0.521515351937698224E+01    1
    0.366262900829315186E+02   -0.132917676275462261E+06   -0.522515351937697670E+01    1
    0.250788342952728271E+02   -0.132643143118872453E+06   -0.523515351937698092E+01    1
    0.365144300460815430E+02   -0.127821435926707141E+06   -0.524515351937698071E+01    1
    0.251987874507904053E+02   -0.127187756946390757E+06   -0.525515351937698583E+01    1
    0.364973521232604980E+02   -0.127052149573633302E+06   -0.526515351937698739E+01    1
    0.364863479137420654E+02   -0.126557688152918607E+06   -0.527515351937698007E+01    1
    0.364573633670806885E+02   -0.125259916324924343E+06   -0.528515351937697542E+01    1
    0.363683152198791504E+02   -0.121314672136524343E+06   -0.529515351937697609E+01    1
    0.253788411617279053E+02   -0.119214130513811368E+06   -0.530515351937697677E+01    1
    0.362153542041778564E+02   -0.114685194235538132E+06   -0.531515351937698188E+01    1
    0.361824440956115723E+02   -0.113283195786563127E+06   -0.532515351937698078E+01    1
    0.255468869209289551E+02   -0.112005200038393989E+06   -0.533515351937697613E+01    1
    0.360581099987030029E+02   -0.108064307375201606E+06   -0.534515351937697680E+01    1
    0.256455636024475098E+02   -0.107876907528628712E+06   -0.535515351937698103E+01    1
    0.256457889080047607E+02   -0.107867570249233599E+06   -0.536515351937698171E+01    1
    0.256529247760772705E+02   -0.107572049493723709E+06   -0.537515351937698238E+01    1
    0.360116314888000488E+02   -0.106144997819271463E+06   -0.538515351937698128E+01    1
    0.359983313083648682E+02   -0.105598938609709803E+06   -0.539515351937698018E+01    1
    0.359565913677215576E+02   -0.103894389517893738E+06   -0.540515351937698263E+01    1
    0.359543597698211670E+02   -0.103803647675489381E+06   -0.541515351937698153E+01    1
    0.257537603378295898E+02   -0.103439455550608007E+06   -0.542515351937697865E+01    1
    0.358845186233520508E+02   -0.100983791353801425E+06   -0.543515351937697933E+01    1
    0.258164465427398682E+02   -0.100911172276589190E+06   -0.544515351937698178E+01    1
    0.258711409568786621E+02   -0.987307808743052592E+05   -0.545515351937698245E+01    1
    0.258840811252593994E+02   -0.982184063603777904E+05   -0.546515351937698401E+01    1
    0.358064961433410645E+02   -0.978795491829335951E+05   -0.547515351937698025E+01    1
    0.357560062408447266E+02   -0.958965689935331029E+05   -0.548515351937698004E+01    1
    0.259970402717590332E+02   -0.938023427378852502E+05   -0.549515351937697805E+01    1
    0.260073578357696533E+02   -0.934040489805110265E+05   -0.550515351937697694E+01    1
    0.354449117183685303E+02   -0.841263085489425284E+05   -0.551515351937698295E+01    1
    0.353323113918304443E+02   -0.800560442951751756E+05   -0.552515351937698185E+01    1
    0.353251969814300537E+02   -0.798022647446945921E+05   -0.553515351937698163E+01    1
    0.263889932632446289E+02   -0.792672216893913137E+05   -0.554515351937698142E+01    1
    0.352996623516082764E+02   -0.788947335063896462E+05   -0.555515351937698032E+01    1
    0.352569198608398438E+02   -0.773872348308948567E+05   -0.556515351937698544E+01    1
    0.264541685581207275E+02   -0.769689060231468175E+05   -0.557515351937698611E+01    1
    0.352424800395965576E+02   -0.768812399814950186E+05   -0.558515351937698146E+01    1
    0.265311324596405029E+02   -0.742984418754689395E+05   -0.559515351937697680E+01    1
    0.265393447875976562E+02   -0.740162789611601329E+05   -0.560515351937697748E+01    1
    0.267363655567169189E+02   -0.674079579255701829E+05   -0.561515351937697904E+01    1
    0.348753094673156738E+02   -0.645729124302544151E+05   -0.562515351937698060E+01    1
    0.348256981372833252E+02   -0.629921706048945052E+05   -0.563515351937698039E+01    1
    0.269094252586364746E+02   -0.618583451208088081E+05   -0.564515351937698284E+01    1
    0.346840393543243408E+02   -0.585864550088046890E+05   -0.565515351937698085E+01    1
    0.270488584041595459E+02   -0.575605543942581280E+05   -0.566515351937697975E+01    1
    0.346479475498199463E+02   -0.574895126058945534E+05   -0.567515351937697954E+01    1
    0.346263372898101807E+02   -0.568376747118429994E+05   -0.568515351937697666E+01    1
    0.270920133590698242E+02   -0.562617515872343283E+05   -0.569515351937697734E+01    1
    0.271034574508666992E+02   -0.559198152395199577E+05   -0.570515351937697890E+01    1
    0.345561110973358154E+02   -0.547450978134887118E+05   -0.571515351937697780E+01    1
    0.345056557655334473E+02   -0.532658923385202870E+05   -0.572515351937697403E+01    1
    0.344573259353637695E+02   -0.518680110964601699E+05   -0.573515351937697382E+01    1
    0.272524106502532959E+02   -0.515643984698450513E+05   -0.574515351937697805E+01    1
    0.273061800003051758E+02   -0.500355772258445868E+05   -0.575515351937698227E+01    1
    0.343821907043457031E+02   -0.497317547332571048E+05   -0.576515351937698384E+01    1
    0.273719203472137451E+02   -0.481976693932983035E+05   -0.577515351937697918E+01    1
    0.343141520023345947E+02   -0.478360570426563572E+05   -0.578515351937698075E+01    1
    0.274191451072692871E+02   -0.468986456155045453E+05   -0.579515351937698409E+01    1
    0.274247586727142334E+02   -0.467454128828784160E+05   -0.580515351937698565E+01    1
    0.342710244655609131E+02   -0.466535259614751849E+05   -0.581515351937698366E+01    1
    0.342551863193511963E+02   -0.462229722493495210E+05   -0.582515351937698256E+01    1
    0.274564242362976074E+02   -0.458857427820695229E+05   -0.583515351937698412E+01    1
    0.274787578184304557E+02   -0.452842233961093298E+05   -0.584515351937698391E+01    1
    0.341031575202941895E+02   -0.421917500581481800E+05   -0.585515351937697837E+01    1
    0.276131224632263184E+02   -0.417491637055781539E+05   -0.586515351937697371E+01    1
    0.276152635052130080E+02   -0.416939978371421676E+05   -0.587515351937697705E+01    1
    0.276194441318511963E+02   -0.415863854751453910E+05   -0.588515351937697684E+01    1
    0.276979190065845664E+02   -0.395922133435080686E+05   -0.589515351937697751E+01    1
    0.277140223979949951E+02   -0.391890649454245577E+05   -0.590515351937697286E+01    1
    0.339846575260162354E+02   -0.391772336479019505E+05   -0.591515351937697531E+01    1
    0.277364599704742432E+02   -0.386307837299686580E+05   -0.592515351937697687E+01    1
    0.277489936351776123E+02   -0.383206722633726386E+05   -0.593515351937697400E+01    1
    0.277618670463562012E+02   -0.380034570738792681E+05   -0.594515351937698000E+01    1
    0.339103209972381592E+02   -0.373432694081456939E+05   -0.595515351937698156E+01    1
    0.339018630981445312E+02   -0.371373920862833329E+05   -0.596515351937697336E+01    1
    0.277982282638549805E+02   -0.371146046829709740E+05   -0.597515351937696959E+01    1
    0.338354396820068359E+02   -0.355403568649828012E+05   -0.598515351937697559E+01    1
    0.278876721858978271E+02   -0.349729482915301851E+05   -0.599515351937697627E+01    1
    0.337091469764709473E+02   -0.326007828054868151E+05   -0.600515351937697517E+01    1
    0.280359745025634766E+02   -0.315623739893118582E+05   -0.601515351937697851E+01    1
    0.280419027805328369E+02   -0.314296794761780257E+05   -0.602515351937697829E+01    1
    0.336513745784759521E+02   -0.312984222804003984E+05   -0.603515351937697453E+01    1
    0.281439030170440674E+02   -0.291904116415154967E+05   -0.604515351937697520E+01    1
    0.281626188755035400E+02   -0.287885283170510666E+05   -0.605515351937697410E+01    1
    0.334927595260873261E+02   -0.278594381241134070E+05   -0.606515351937697478E+01    1
    0.334701442718505859E+02   -0.273854295564769891E+05   -0.607515351937697723E+01    1
    0.333799377738019487E+02   -0.255352546508653504E+05   -0.608515351937697790E+01    1
    0.333697414398193359E+02   -0.253301997864803707E+05   -0.609515351937697769E+01    1
    0.333677196502685547E+02   -0.252896386548893097E+05   -0.610515351937697481E+01    1
    0.333387732505798340E+02   -0.247124855707668030E+05   -0.611515351937697282E+01    1
    0.283616475004396520E+02   -0.246873759380421106E+05   -0.612515351937697528E+01    1
    0.333145308494567871E+02   -0.242342583702346601E+05   -0.613515351937697417E+01    1
    0.284173616882556708E+02   -0.235958523427875334E+05   -0.614515351937697485E+01    1
    0.284214246273040771E+02   -0.235172204245215908E+05   -0.615515351937697819E+01    1
    0.332259786128997803E+02   -0.225271700680679387E+05   -0.616515351937697620E+01    1
    0.332193994522094727E+02   -0.224028308269575282E+05   -0.617515351937697776E+01    1
    0.284894967079162598E+02   -0.222193429098925335E+05   -0.618515351937698288E+01    1
    0.285430622100830078E+02   -0.212239953923202847E+05   -0.619515351937698000E+01    1
    0.285642981529235840E+02   -0.208357168887534754E+05   -0.620515351937697535E+01    1
    0.285752952098846436E+02   -0.206360578813529355E+05   -0.621515351937697247E+01    1
    0.286485633656771554E+02   -0.193304089832635073E+05   -0.622515351937697314E+01    1
    0.286923640295231657E+02   -0.185702928741013129E+05   -0.623515351937697559E+01    1
    0.329697549343109131E+02   -0.179395121649976936E+05   -0.624515351937698071E+01    1
    0.329580056667327881E+02   -0.177416797000865736E+05   -0.625515351937697694E+01    1
    0.287805545330047607E+02   -0.170861867918016396E+05   -0.626515351937697407E+01    1
    0.288234342839239446E+02   -0.163869679655700493E+05   -0.627515351937697385E+01    1
    0.288432991504669189E+02   -0.160680045250826424E+05   -0.628515351937697986E+01    1
    0.328543021024055406E+02   -0.160432087856377711E+05   -0.629515351937697432E+01    1
    0.288662806647395414E+02   -0.157029189947765062E+05   -0.630515351937697766E+01    1
    0.289104303449499191E+02   -0.150133564938244945E+05   -0.631515351937697567E+01    1
    0.327789723873138428E+02   -0.148631504751037919E+05   -0.632515351937697190E+01    1
    0.327764248847961426E+02   -0.148240332056069274E+05   -0.633515351937697790E+01    1
    0.327743804454803467E+02   -0.147926779260993808E+05   -0.634515351937697858E+01    1
    0.289281143022510747E+02   -0.147415093656532863E+05   -0.635515351937697659E+01    1
    0.327665292252410651E+02   -0.146725742258140126E+05   -0.636515351937697371E+01    1
    0.289536016653075094E+02   -0.143540855319181173E+05   -0.637515351937697350E+01    1
    0.289609400823326979E+02   -0.142434962057431003E+05   -0.638515351937697861E+01    1
    0.327326091638717998E+02   -0.141593254422460068E+05   -0.639515351937698195E+01    1
    0.327204671426801355E+02   -0.139778299873224569E+05   -0.640515351937697730E+01    1
    0.327048373222351074E+02   -0.137459283235798921E+05   -0.641515351937697620E+01    1
    0.290267229080200195E+02   -0.132713079514606707E+05   -0.642515351937697776E+01    1
    0.290332388877868652E+02   -0.131768857433756893E+05   -0.643515351937697222E+01    1
    0.326440180827158031E+02   -0.128620595146734267E+05   -0.644515351937697556E+01    1
    0.326105332374572754E+02   -0.123880075772716682E+05   -0.645515351937697535E+01    1
    0.290888036238399508E+02   -0.123854399720944912E+05   -0.646515351937697513E+01    1
    0.325594514785913489E+02   -0.116820334839173811E+05   -0.647515351937697048E+01    1
    0.291517496109008789E+02   -0.115185621113405959E+05   -0.648515351937697559E+01    1
    0.325467157363891602E+02   -0.115092558319801828E+05   -0.649515351937697538E+01    1
    0.325331887709694314E+02   -0.113271587477012217E+05   -0.650515351937697694E+01    1
    0.291789269447326660E+02   -0.111540349260935691E+05   -0.651515351937697318E+01    1
    0.325145967608530810E+02   -0.110792549385306120E+05   -0.652515351937697652E+01    1
    0.324876809120178223E+02   -0.107252393336018795E+05   -0.653515351937697631E+01    1
    0.292170485925903449E+02   -0.106526247630858416E+05   -0.654515351937697609E+01    1
    0.292206406593322754E+02   -0.106059753144947535E+05   -0.655515351937696966E+01    1
    0.292295740185833850E+02   -0.104904051242805017E+05   -0.656515351937697567E+01    1
    0.292422482633597127E+02   -0.103275298632669874E+05   -0.657515351937698256E+01    1
    0.324283352564532663E+02   -0.996506907012831653E+04   -0.658515351937698501E+01    1
    0.324138510922557828E+02   -0.978379662913190077E+04   -0.659515351937696881E+01    1
    0.292909232892043221E+02   -0.971390334304812677E+04   -0.660515351937696948E+01    1
    0.293012475967407227E+02   -0.958617441939171840E+04   -0.661515351937697371E+01    1
    0.293050050735473633E+02   -0.953989884686840196E+04   -0.662515351937697705E+01    1
    0.323760473728179932E+02   -0.931854583329983325E+04   -0.663515351937697861E+01    1
    0.293401836510231533E+02   -0.911210769783821706E+04   -0.664515351937698107E+01    1
    0.323244118690490723E+02   -0.870145644337775957E+04   -0.665515351937697286E+01    1
    0.293811455646113444E+02   -0.862640691580433304E+04   -0.666515351937697353E+01    1
    0.293880248069763184E+02   -0.854614764140499938E+04   -0.667515351937697510E+01    1
    0.294323671588512319E+02   -0.803785489203056750E+04   -0.668515351937697488E+01    1
    0.294424729070846780E+02   -0.792420451871403202E+04   -0.669515351937697734E+01    1
    0.294501096219596619E+02   -0.783886069328563372E+04   -0.670515351937697446E+01    1
    0.322193109989166260E+02   -0.751100342574052047E+04   -0.671515351937697247E+01    1
    0.322139430046081543E+02   -0.745256265437319144E+04   -0.672515351937697314E+01    1
    0.294930296868677786E+02   -0.736784939907493299E+04   -0.673515351937697382E+01    1
    0.295071706682432193E+02   -0.721587711257785213E+04   -0.674515351937697183E+01    1
    0.295310294196192658E+02   -0.696307861675349977E+04   -0.675515351937697428E+01    1
    0.321633088588714600E+02   -0.691260534005488989E+04   -0.676515351937697584E+01    1
    0.295367848873138428E+02   -0.690277450034103731E+04   -0.677515351937697829E+01    1
    0.321503092209262462E+02   -0.677727242533790013E+04   -0.678515351937697098E+01    1
    0.321180293313081506E+02   -0.644704218325085640E+04   -0.679515351937697432E+01    1
    0.295946171931175996E+02   -0.631146754062590662E+04   -0.680515351937697410E+01    1
    0.296131490321362101E+02   -0.612762362272584141E+04   -0.681515351937697567E+01    1
    0.296164488692528707E+02   -0.609517466007009898E+04   -0.682515351937697723E+01    1
    0.320640239637397642E+02   -0.591311069634812793E+04   -0.683515351937697613E+01    1
    0.320572706076859291E+02   -0.584797658474114087E+04   -0.684515351937697059E+01    1
    0.296474301815032959E+02   -0.579474885890345558E+04   -0.685515351937697126E+01    1
    0.296592565818688740E+02   -0.568208412548448632E+04   -0.686515351937697371E+01    1
    0.296644903018313855E+02   -0.563258039229420956E+04   -0.687515351937697083E+01    1
    0.296703910827636719E+02   -0.557702880660629216E+04   -0.688515351937697062E+01    1
    0.297103862860663277E+02   -0.520781212480978138E+04   -0.689515351937697307E+01    1
    0.319882631259319083E+02   -0.520323752462872199E+04   -0.690515351937697019E+01    1
    0.297152697170193889E+02   -0.516360329267685484E+04   -0.691515351937697176E+01    1
    0.319825601577758789E+02   -0.515165108469948154E+04   -0.692515351937697421E+01    1
    0.297292856277948800E+02   -0.503777451374120483E+04   -0.693515351937697400E+01    1
    0.319576656818389893E+02   -0.492950008476578023E+04   -0.694515351937697556E+01    1
    0.297773397274785161E+02   -0.461824247353894225E+04   -0.695515351937697623E+01    1
    0.319167204442496910E+02   -0.457485127116363492E+04   -0.696515351937697869E+01    1
    0.319104041548616308E+02   -0.452133114223879602E+04   -0.697515351937697670E+01    1
    0.297915518003393203E+02   -0.449768893743360059E+04   -0.698515351937697471E+01    1
    0.298114496751085412E+02   -0.433160830702217754E+04   -0.699515351937697627E+01    1
    0.298198332263253363E+02   -0.426257782665841933E+04   -0.700515351937697339E+01    1
    0.318533185901837825E+02   -0.405203697186784802E+04   -0.701515351937697229E+01    1
    0.318402484803135266E+02   -0.394824019653478990E+04   -0.702515351937697385E+01    1
    0.298785865062706684E+02   -0.379450768783899957E+04   -0.703515351937696920E+01    1
    0.298849490825555790E+02   -0.374546862594136655E+04   -0.704515351937696899E+01    1
    0.318131939660541576E+02   -0.373770829264205895E+04   -0.705515351937697233E+01    1
    0.318129446114554320E+02   -0.373579498355508849E+04   -0.706515351937697300E+01    1
    0.298867711184646119E+02   -0.373148480646104508E+04   -0.707515351937697190E+01    1
    0.298923492431640625E+02   -0.368883800516523843E+04   -0.708515351937697524E+01    1
    0.318005999658465370E+02   -0.364169301943489745E+04   -0.709515351937697947E+01    1
    0.317956459522247314E+02   -0.360427032234478474E+04   -0.710515351937697481E+01    1
    0.317928905898937799E+02   -0.358354085564864999E+04   -0.711515351937697194E+01    1
    0.299085080913595611E+02   -0.356669632446650667E+04   -0.712515351937697261E+01    1
    0.317768396110581222E+02   -0.346398621415487833E+04   -0.713515351937696796E+01    1
    0.299357585411181972E+02   -0.336542559405678776E+04   -0.714515351937696508E+01    1
    0.317598001205329687E+02   -0.333931387827736853E+04   -0.715515351937696753E+01    1
    0.299464935470812925E+02   -0.328776098233960283E+04   -0.716515351937696821E+01    1
    0.299502887472997834E+02   -0.326052340625765282E+04   -0.717515351937696444E+01    1
    0.317323625087738037E+02   -0.314342120025616850E+04   -0.718515351937696511E+01    1
    0.299684927161464039E+02   -0.313147092106930859E+04   -0.719515351937696845E+01    1
    0.317275079364260790E+02   -0.310938587411334356E+04   -0.720515351937697446E+01    1
    0.317184943812585942E+02   -0.304668972945142377E+04   -0.721515351937697869E+01    1
    0.299973857402801514E+02   -0.293205950835482508E+04   -0.722515351937697670E+01    1
    0.316834731988567171E+02   -0.280923138799356320E+04   -0.723515351937696849E+01    1
    0.300285780559676851E+02   -0.272424190629533678E+04   -0.724515351937696384E+01    1
    0.316646825573672146E+02   -0.268584926265337435E+04   -0.725515351937697073E+01    1
    0.300411797485050300E+02   -0.264248113605756953E+04   -0.726515351937697051E+01    1
    0.316461253916207461E+02   -0.256675990108994029E+04   -0.727515351937696853E+01    1
    0.316257574133234556E+02   -0.243920672125259443E+04   -0.728515351937696742E+01    1
    0.315991759300231934E+02   -0.227771120470107417E+04   -0.729515351937696988E+01    1
    0.315977140708342574E+02   -0.226899293420587719E+04   -0.730515351937697766E+01    1
    0.315963478084621308E+02   -0.226086017212878369E+04   -0.731515351937697655E+01    1
    0.315929406573752338E+02   -0.224064365300465170E+04   -0.732515351937697723E+01    1
    0.315928505980819558E+02   -0.224011053533662835E+04   -0.733515351937697524E+01    1
    0.301091531771596053E+02   -0.222327288723697302E+04   -0.734515351937696614E+01    1
    0.301109851623018692E+02   -0.221248381476824943E+04   -0.735515351937696948E+01    1
    0.315836921831743922E+02   -0.218623338203690764E+04   -0.736515351937697105E+01    1
    0.315812836984562288E+02   -0.217217567056037706E+04   -0.737515351937696906E+01    1
    0.315774743463051166E+02   -0.215003576771360895E+04   -0.738515351937697240E+01    1
    0.315569409102259755E+02   -0.203268602988252201E+04   -0.739515351937697218E+01    1
    0.301425832685735706E+02   -0.203059991872198498E+04   -0.740515351937697464E+01    1
    0.315497464851696918E+02   -0.199236381928189417E+04   -0.741515351937697265E+01    1
    0.301637183711682439E+02   -0.191338069768178138E+04   -0.742515351937696799E+01    1
    0.315320968627929688E+02   -0.189518993360666786E+04   -0.743515351937697044E+01    1
    0.315139064448100612E+02   -0.179763455427270992E+04   -0.744515351937697023E+01    1
    0.301919187594975824E+02   -0.176251601066238663E+04   -0.745515351937696646E+01    1
    0.314954173564910889E+02   -0.170117780528181424E+04   -0.746515351937696536E+01    1
    0.302086636668919013E+02   -0.167593193545625991E+04   -0.747515351937696515E+01    1
    0.302109921586823909E+02   -0.166406868330453585E+04   -0.748515351937696671E+01    1
    0.302137843424721453E+02   -0.164989993532583549E+04   -0.749515351937696561E+01    1
    0.314834912838222252E+02   -0.164040438142027529E+04   -0.750515351937696362E+01    1
    0.314815490858641880E+02   -0.163061449264208841E+04   -0.751515351937696874E+01    1
    0.314789378643035889E+02   -0.161749965237632205E+04   -0.752515351937696853E+01    1
    0.302269821003207113E+02   -0.158376910899263999E+04   -0.753515351937696742E+01    1
    0.314657436998955475E+02   -0.155206244199771891E+04   -0.754515351937696721E+01    1
    0.314610455198633900E+02   -0.152909627398090061E+04   -0.755515351937696877E+01    1
    0.302395626761749803E+02   -0.152202218741795377E+04   -0.756515351937697211E+01    1
    0.302396143357192386E+02   -0.152177123488407574E+04   -0.757515351937696835E+01    1
    0.314573542269431030E+02   -0.151117539516237866E+04   -0.758515351937696991E+01    1
    0.302489540546485465E+02   -0.147674986669791974E+04   -0.759515351937697325E+01    1
    0.302587926387786865E+02   -0.143007509131940651E+04   -0.760515351937697126E+01    1
    0.302714054346617836E+02   -0.137136687622403906E+04   -0.761515351937696572E+01    1
    0.314256894588470459E+02   -0.136190382699916745E+04   -0.762515351937696639E+01    1
    0.302741134166717529E+02   -0.135892735614752382E+04   -0.763515351937696973E+01    1
    0.314244330871435196E+02   -0.135614583375659186E+04   -0.764515351937696952E+01    1
    0.314152671390548122E+02   -0.131451838114496832E+04   -0.765515351937697019E+01    1
    0.314050888892472884E+02   -0.126907752221326223E+04   -0.766515351937697087E+01    1
    0.303116405010223389E+02   -0.119255336301116267E+04   -0.767515351937697066E+01    1
    0.313860444757048427E+02   -0.118626965693912302E+04   -0.768515351937697044E+01    1
    0.303133530666436322E+02   -0.118522839492876278E+04   -0.769515351937697201E+01    1
    0.313675561830444458E+02   -0.110864298281101696E+04   -0.770515351937697446E+01    1
    0.303519149726964059E+02   -0.102647592501939971E+04   -0.771515351937697069E+01    1
    0.303544963259504641E+02   -0.101627185334545266E+04   -0.772515351937696959E+01    1
    0.313441536800617406E+02   -0.101428669133132439E+04   -0.773515351937697382E+01    1
    0.313390205771501797E+02   -0.994173843188939031E+03   -0.774515351937697538E+01    1
    0.303632781536228720E+02   -0.981954699889500716E+03   -0.775515351937697517E+01    1
    0.313346261889100433E+02   -0.977122185382129487E+03   -0.776515351937697407E+01    1
    0.303739577252467825E+02   -0.941049238817690366E+03   -0.777515351937697297E+01    1
    0.303807978058008388E+02   -0.915327173193332101E+03   -0.778515351937696565E+01    1
    0.313183062023095324E+02   -0.915141432941199810E+03   -0.779515351937696011E+01    1
    0.303840289997496349E+02   -0.903305875101558058E+03   -0.780515351937696522E+01    1
    0.313092455119743533E+02   -0.881646052033304159E+03   -0.781515351937697123E+01    1
    0.313000831575835150E+02   -0.848439681984005006E+03   -0.782515351937697279E+01    1
    0.312952676755342551E+02   -0.831255346303523993E+03   -0.783515351937697524E+01    1
    0.304138239155888783E+02   -0.796375423060779440E+03   -0.784515351937695993E+01    1
    0.304173541069030762E+02   -0.784174426931726543E+03   -0.785515351937696593E+01    1
    0.304462608603171461E+02   -0.688000932138494363E+03   -0.786515351937697016E+01    1
    0.312513385487371700E+02   -0.683018087443557988E+03   -0.787515351937697172E+01    1
    0.304501136115259676E+02   -0.675685303457136342E+03   -0.788515351937697417E+01    1
    0.312436911904841601E+02   -0.658782905134376051E+03   -0.789515351937696952E+01    1
    0.304557197747544848E+02   -0.657975905055729186E+03   -0.790515351937697019E+01    1
    0.304676633556924834E+02   -0.621081768382460609E+03   -0.791515351937696643E+01    1
    0.304707981940369699E+02   -0.611586361454405392E+03   -0.792515351937696444E+01    1
    0.304731605691446852E+02   -0.604482451891973142E+03   -0.793515351937696778E+01    1
    0.304799050326021259E+02   -0.584445714094654591E+03   -0.794515351937696490E+01    1
    0.304804798186605730E+02   -0.582754867148232847E+03   -0.795515351937696735E+01    1
    0.312185695323475372E+02   -0.582447999093554017E+03   -0.796515351937696447E+01    1
    0.312099990264985045E+02   -0.557555386298196368E+03   -0.797515351937695893E+01    1
    0.312080423183892108E+02   -0.551954245548806853E+03   -0.798515351937696582E+01    1
    0.312070930231889712E+02   -0.549247841757968217E+03   -0.799515351937696650E+01    1
    0.312064776668355890E+02   -0.547497318503606834E+03   -0.800515351937696096E+01    1
    0.312044799327850342E+02   -0.541835089160038820E+03   -0.801515351937696785E+01    1
    0.304998117605624230E+02   -0.527418508242862913E+03   -0.802515351937697652E+01    1
    0.305006165871268990E+02   -0.525179280308633565E+03   -0.803515351937696920E+01    1
    0.311891875178224396E+02   -0.499544246080966445E+03   -0.804515351937696543E+01    1
    0.311847033000627007E+02   -0.487496363809768297E+03   -0.805515351937697233E+01    1
    0.305216197030674259E+02   -0.468567226018561541E+03   -0.806515351937697034E+01    1
    0.305232134181711103E+02   -0.464414906450828028E+03   -0.807515351937696657E+01    1
    0.305255018075319242E+02   -0.458488033130343922E+03   -0.808515351937696636E+01    1
    0.311717592058627133E+02   -0.453617367680230245E+03   -0.809515351937696259E+01    1
    0.305312235175051825E+02   -0.443851438065224556E+03   -0.810515351937696593E+01    1
    0.305324109063009210E+02   -0.440846668457525709E+03   -0.811515351937696572E+01    1
    0.311653336111020565E+02   -0.437295044139481945E+03   -0.812515351937696728E+01    1
    0.311646625499519914E+02   -0.435609374634147002E+03   -0.813515351937696707E+01    1
    0.311642376796189389E+02   -0.434543977299304231E+03   -0.814515351937696508E+01    1
    0.305398499835908410E+02   -0.422277097748237111E+03   -0.815515351937696664E+01    1
    0.305411073956510926E+02   -0.419181863357476857E+03   -0.816515351937696643E+01    1
    0.305439905959227609E+02   -0.412132139784302240E+03   -0.817515351937696622E+01    1
    0.311492335796356201E+02   -0.397841760730561703E+03   -0.818515351937696600E+01    1
    0.305520330349906537E+02   -0.392817426495746417E+03   -0.819515351937696224E+01    1
    0.305523586273193359E+02   -0.392046333228759181E+03   -0.820515351937696558E+01    1
    0.305527589168732518E+02   -0.391099493129700420E+03   -0.821515351937696714E+01    1
    0.311367811920670654E+02   -0.368742808978995470E+03   -0.822515351937696693E+01    1
    0.305748779389024676E+02   -0.340762825140538723E+03   -0.823515351937696671E+01    1
    0.305770990109747558E+02   -0.335923555766387494E+03   -0.824515351937696295E+01    1
    0.305782532617248535E+02   -0.333424188835705763E+03   -0.825515351937696096E+01    1
    0.305784821487324550E+02   -0.332929826953459383E+03   -0.826515351937696252E+01    1
    0.305803563661990303E+02   -0.328897491398814168E+03   -0.827515351937696408E+01    1
    0.311144349720149123E+02   -0.319620168816343607E+03   -0.828515351937696565E+01    1
    0.305863921466421189E+02   -0.316101756804539605E+03   -0.829515351937696543E+01    1
    0.305942082405090332E+02   -0.299962902804784221E+03   -0.830515351937696344E+01    1
    0.305967619705398803E+02   -0.294795348508359552E+03   -0.831515351937696146E+01    1
    0.306008588940493880E+02   -0.286613588389063352E+03   -0.832515351937696302E+01    1
    0.310973953489116965E+02   -0.284835097053897925E+03   -0.833515351937696813E+01    1
    0.306026266332307628E+02   -0.283124606323114222E+03   -0.834515351937696437E+01    1
    0.306051716515592886E+02   -0.278145215927506740E+03   -0.835515351937696593E+01    1
    0.306102671350723625E+02   -0.268330801446851126E+03   -0.836515351937696927E+01    1
    0.310865396750548797E+02   -0.263879884495842759E+03   -0.837515351937696906E+01    1
    0.310845983778006243E+02   -0.260231429085699688E+03   -0.838515351937696174E+01    1
    0.306153235844990697E+02   -0.258795971949146747E+03   -0.839515351937695975E+01    1
    0.310835665291255729E+02   -0.258304398392388805E+03   -0.840515351937696487E+01    1
    0.310791449138226632E+02   -0.250142819282826935E+03   -0.841515351937696821E+01    1
    0.306205846710923879E+02   -0.249091405753885653E+03   -0.842515351937696266E+01    1
    0.310777686421042887E+02   -0.247634220028907237E+03   -0.843515351937695534E+01    1
    0.306259475638366467E+02   -0.239425917923216105E+03   -0.844515351937695691E+01    1
    0.306308719069449893E+02   -0.230752537900247745E+03   -0.845515351937696202E+01    1
    0.306314676513777826E+02   -0.229716331654186718E+03   -0.846515351937696536E+01    1
    0.306369749775558340E+02   -0.220271018570723243E+03   -0.847515351937696160E+01    1
    0.306372013015744749E+02   -0.219888029811636898E+03   -0.848515351937696316E+01    1
    0.310607964652112614E+02   -0.217938198198944320E+03   -0.849515351937696295E+01    1
    0.310584547815373568E+02   -0.214021070159541694E+03   -0.850515351937696629E+01    1
    0.306413890547924694E+02   -0.212875059126710511E+03   -0.851515351937696785E+01    1
    0.310570406288633905E+02   -0.211676649096239743E+03   -0.852515351937696408E+01    1
    0.310551202297210693E+02   -0.208518457485179397E+03   -0.853515351937696032E+01    1
    0.306491538918123858E+02   -0.200241327012661628E+03   -0.854515351937695655E+01    1
    0.310440248854575103E+02   -0.190846655231843698E+03   -0.855515351937696344E+01    1
    0.310428181133924888E+02   -0.188983717021225004E+03   -0.856515351937696323E+01    1
    0.310418171344111151E+02   -0.187447268759024723E+03   -0.857515351937696124E+01    1
    0.306590929177005336E+02   -0.184770744081210950E+03   -0.858515351937696103E+01    1
    0.310392093295805793E+02   -0.183481903862853045E+03   -0.859515351937696259E+01    1
    0.306601130396191195E+02   -0.183227390335358052E+03   -0.860515351937696771E+01    1
    0.306611785959222019E+02   -0.181624147792737233E+03   -0.861515351937696039E+01    1
    0.310378103804435028E+02   -0.181377015149843913E+03   -0.862515351937695662E+01    1
    0.310373187241305146E+02   -0.180640959854050351E+03   -0.863515351937696352E+01    1
    0.310353766288421689E+02   -0.177752283031719941E+03   -0.864515351937696508E+01    1
    0.306656500311834144E+02   -0.174994983771030604E+03   -0.865515351937695954E+01    1
    0.306680338426317434E+02   -0.171525914568790540E+03   -0.866515351937696288E+01    1
    0.306681692108741828E+02   -0.171330276259646809E+03   -0.867515351937696266E+01    1
    0.306696116924285889E+02   -0.169254620821885510E+03   -0.868515351937696423E+01    1
    0.306704073534537365E+02   -0.168116797226604547E+03   -0.869515351937696934E+01    1
    0.306712131911724697E+02   -0.166969559420092793E+03   -0.870515351937696735E+01    1
    0.306723328269570246E+02   -0.165384164573447322E+03   -0.871515351937696181E+01    1
    0.306737611762592977E+02   -0.163376125732082755E+03   -0.872515351937695982E+01    1
    0.306768089426409638E+02   -0.159145757806258985E+03   -0.873515351937696316E+01    1
    0.306798770654546864E+02   -0.154961852107176213E+03   -0.874515351937695762E+01    1
    0.306799990247687688E+02   -0.154797089098290371E+03   -0.875515351937695741E+01    1
    0.310191503372533468E+02   -0.154791144864539746E+03   -0.876515351937696252E+01    1
    0.306802210854532795E+02   -0.154497396631046115E+03   -0.877515351937696231E+01    1
    0.310188639905088905E+02   -0.154404775450478411E+03   -0.878515351937696209E+01    1
    0.310173165798187256E+02   -0.152328143659909642E+03   -0.879515351937696188E+01    1
    0.310169295942787926E+02   -0.151811788181673450E+03   -0.880515351937695812E+01    1
    0.306840177472278057E+02   -0.149434187345943002E+03   -0.881515351937695790E+01    1
    0.306849606836556816E+02   -0.148194487640468850E+03   -0.882515351937695769E+01    1
    0.306866515523425853E+02   -0.145989197622414366E+03   -0.883515351937695925E+01    1
    0.306901861384298442E+02   -0.141452811778563017E+03   -0.884515351937695904E+01    1
    0.306923177696338776E+02   -0.138765111580707412E+03   -0.885515351937696238E+01    1
    0.306925595772711546E+02   -0.138462509948452066E+03   -0.886515351937696394E+01    1
    0.310064999653323881E+02   -0.138344726421443170E+03   -0.887515351937696018E+01    1
    0.306967376300044599E+02   -0.133307564580042055E+03   -0.888515351937696174E+01    1
    0.307002789511490946E+02   -0.129047080494089926E+03   -0.889515351937696330E+01    1
    0.307008265286641659E+02   -0.128397217672260552E+03   -0.890515351937696309E+01    1
    0.307028026574530628E+02   -0.126071814234166595E+03   -0.891515351937696288E+01    1
    0.309948468208312988E+02   -0.124322498427687634E+03   -0.892515351937696089E+01    1
    0.307047025963872358E+02   -0.123865390786074641E+03   -0.893515351937696423E+01    1
    0.307072799495378845E+02   -0.120918226812857640E+03   -0.894515351937696579E+01    1
    0.309903253086410011E+02   -0.119172974423113985E+03   -0.895515351937696202E+01    1
    0.309900037359944172E+02   -0.118812938614070788E+03   -0.896515351937696181E+01    1
    0.309888366016611130E+02   -0.117513122478630095E+03   -0.897515351937695982E+01    1
    0.309887909204325780E+02   -0.117462468739261183E+03   -0.898515351937695428E+01    1
    0.309887863148886638E+02   -0.117457362793089672E+03   -0.899515351937695407E+01    1
    0.309887815292942044E+02   -0.117452057412448696E+03   -0.900515351937695741E+01    1
    0.309882688522338867E+02   -0.116884752418557994E+03   -0.901515351937696252E+01    1
    0.307131076897940112E+02   -0.114449338634460432E+03   -0.902515351937696408E+01    1
    0.307132542133331299E+02   -0.114290180709703861E+03   -0.903515351937696032E+01    1
    0.309858511062622810E+02   -0.114237597049943687E+03   -0.904515351937695833E+01    1
    0.309825806218911239E+02   -0.110730866847741609E+03   -0.905515351937695989E+01    1
    0.307193792819521043E+02   -0.107789921724595558E+03   -0.906515351937695790E+01    1
    0.307206927529382128E+02   -0.106434898527551184E+03   -0.907515351937695591E+01    1
    0.309758156355470788E+02   -0.103747536696377978E+03   -0.908515351937695925E+01    1
    0.309741405989036878E+02   -0.102074730676184174E+03   -0.909515351937696437E+01    1
    0.309733431754066757E+02   -0.101286219786297067E+03   -0.910515351937696060E+01    1
    0.309732763584875883E+02   -0.101220379601406407E+03   -0.911515351937695506E+01    1
    0.307280932675116958E+02   -0.990570496915915726E+02   -0.912515351937696195E+01    1
    0.309705896457929164E+02   -0.986023992615785545E+02   -0.913515351937696529E+01    1
    0.309691737511513558E+02   -0.972458567468466981E+02   -0.914515351937696153E+01    1
    0.307320489593728468E+02   -0.952923461902506403E+02   -0.915515351937696131E+01    1
    0.309666236588642043E+02   -0.948429317998195387E+02   -0.916515351937695577E+01    1
    0.309654044997852367E+02   -0.937124291706235368E+02   -0.917515351937695733E+01    1
    0.307341965061079563E+02   -0.933006777311828301E+02   -0.918515351937696067E+01    1
    0.309632877151398169E+02   -0.917776937458531421E+02   -0.919515351937696046E+01    1
    0.307400505443336520E+02   -0.880580691660043300E+02   -0.920515351937696202E+01    1
    0.307425868128411253E+02   -0.858714381723997064E+02   -0.921515351937696536E+01    1
    0.307435131072998047E+02   -0.850856094485386762E+02   -0.922515351937696337E+01    1
    0.309548605508519330E+02   -0.844291017919115347E+02   -0.923515351937695961E+01    1
    0.307445001717440860E+02   -0.842557462949307023E+02   -0.924515351937695584E+01    1
    0.307451835424399462E+02   -0.836857556251498522E+02   -0.925515351937695918E+01    1
    0.307463151047684242E+02   -0.827501117547108151E+02   -0.926515351937696607E+01    1
    0.307465055918291412E+02   -0.825936083556664897E+02   -0.927515351937695876E+01    1
    0.309523208657426068E+02   -0.823253698467338779E+02   -0.928515351937695499E+01    1
    0.309514109532652526E+02   -0.815841481447345700E+02   -0.929515351937696188E+01    1
    0.307477476566891532E+02   -0.815802179570689674E+02   -0.930515351937696522E+01    1
    0.307483215048965164E+02   -0.811161693370368653E+02   -0.931515351937695790E+01    1
    0.309494577845526990E+02   -0.800153489502335020E+02   -0.932515351937696657E+01    1
    0.309493042221325929E+02   -0.798932947077146025E+02   -0.933515351937696458E+01    1
    0.307507753372192383E+02   -0.791614341786293210E+02   -0.934515351937696082E+01    1
    0.309478539787688547E+02   -0.787498760629479051E+02   -0.935515351937695883E+01    1
    0.309464017980885906E+02   -0.776217130287948578E+02   -0.936515351937696394E+01    1
    0.307538506453455582E+02   -0.767793356068766712E+02   -0.937515351937696728E+01    1
    0.307582050350225344E+02   -0.735352964323230225E+02   -0.938515351937696352E+01    1
    0.309408964368814665E+02   -0.734972564175479306E+02   -0.939515351937695797E+01    1
    0.307582926750183105E+02   -0.734715544041262518E+02   -0.940515351937695776E+01    1
    0.307588344554997413E+02   -0.730788662948445875E+02   -0.941515351937695755E+01    1
    0.309398369512371438E+02   -0.727312160604413407E+02   -0.942515351937696089E+01    1
    0.307596491382529180E+02   -0.724927761276958904E+02   -0.943515351937695712E+01    1
    0.309380178830952275E+02   -0.714368247687581430E+02   -0.944515351937694980E+01    1
    0.309380082613451250E+02   -0.714300482982158513E+02   -0.945515351937695137E+01    1
    0.307617008686065674E+02   -0.710401606197659703E+02   -0.946515351937695826E+01    1
    0.307618084953728683E+02   -0.709648867819657170E+02   -0.947515351937695982E+01    1
    0.309357139236770493E+02   -0.698352253364061824E+02   -0.948515351937695605E+01    1
    0.309349844806881791E+02   -0.693369631046025603E+02   -0.949515351937695584E+01    1
    0.307644820881151375E+02   -0.691245927743066204E+02   -0.950515351937695741E+01    1
    0.307646180651171761E+02   -0.690325179754844953E+02   -0.951515351937695897E+01    1
    0.307651426930372693E+02   -0.686786540156328300E+02   -0.952515351937695876E+01    1
    0.309335943027357665E+02   -0.683991044262557324E+02   -0.953515351937695854E+01    1
    0.309314627560875657E+02   -0.669909855723323204E+02   -0.954515351937695833E+01    1
    0.309304429501650766E+02   -0.663300895002539477E+02   -0.955515351937695989E+01    1
    0.307689760130273022E+02   -0.661595810746898820E+02   -0.956515351937696323E+01    1
    0.307690959644373407E+02   -0.660826430106512390E+02   -0.957515351937696302E+01    1
    0.309299082881809717E+02   -0.659869055258026549E+02   -0.958515351937695215E+01    1
    0.307699054934790439E+02   -0.655663989250523827E+02   -0.959515351937695371E+01    1
    0.307700578255556643E+02   -0.654698388003090628E+02   -0.960515351937695527E+01    1
    0.309281041664783807E+02   -0.648456936814064449E+02   -0.961515351937695861E+01    1
    0.309277594639935032E+02   -0.646305987306770930E+02   -0.962515351937695662E+01    1
    0.307741139421509118E+02   -0.629667218558253765E+02   -0.963515351937695286E+01    1
    0.309242189290642031E+02   -0.624760729529519807E+02   -0.964515351937695797E+01    1
    0.309235223628883666E+02   -0.620639429802215830E+02   -0.965515351937696309E+01    1
    0.307758251083383101E+02   -0.619500207443990050E+02   -0.966515351937695755E+01    1
    0.309206199307299130E+02   -0.603882857536559357E+02   -0.967515351937695556E+01    1
    0.309203643836806634E+02   -0.602439645574337419E+02   -0.968515351937696067E+01    1
    0.309185940236143786E+02   -0.592584281749665180E+02   -0.969515351937696224E+01    1
    0.307818082610555095E+02   -0.585784010821108296E+02   -0.970515351937696025E+01    1
    0.309159501093479676E+02   -0.578330680629888434E+02   -0.971515351937696003E+01    1
    0.309145905555349358E+02   -0.571217924279237081E+02   -0.972515351937696160E+01    1
    0.309136862923982925E+02   -0.566568617775335426E+02   -0.973515351937696316E+01    1
    0.307859530494573193E+02   -0.564098870085507045E+02   -0.974515351937696295E+01    1
    0.307870805651770283E+02   -0.558436522299040661E+02   -0.975515351937696273E+01    1
    0.309117897808287694E+02   -0.557029130924026390E+02   -0.976515351937695542E+01    1
    0.307900736081415793E+02   -0.543896643600994594E+02   -0.977515351937695698E+01    1
    0.309085699628361894E+02   -0.541489352206082799E+02   -0.978515351937696209E+01    1
    0.309076710706011966E+02   -0.537298457320988163E+02   -0.979515351937696011E+01    1
    0.309075724505813980E+02   -0.536842579515028149E+02   -0.980515351937695812E+01    1
    0.307926523259286107E+02   -0.531941629924018500E+02   -0.981515351937695613E+01    1
    0.307927560333623163E+02   -0.531471916246628311E+02   -0.982515351937695769E+01    1
    0.309047340229676664E+02   -0.524053707460601004E+02   -0.983515351937696103E+01    1
    0.307959445640342864E+02   -0.517448357801669800E+02   -0.984515351937696082E+01    1
    0.309027833294846701E+02   -0.515636619365386437E+02   -0.985515351937696060E+01    1
    0.307978464152960392E+02   -0.509469269932944897E+02   -0.986515351937695506E+01    1
    0.307984107795789441E+02   -0.507156939615209339E+02   -0.987515351937695307E+01    1
    0.307996662229243441E+02   -0.502104072277211273E+02   -0.988515351937695641E+01    1
    0.308000718579291757E+02   -0.500498315419154380E+02   -0.989515351937695975E+01    1
    0.308989973878687607E+02   -0.500165390521025728E+02   -0.990515351937695954E+01    1
    0.308985681335945515E+02   -0.498483293361833617E+02   -0.991515351937695577E+01    1
    0.308008237029783345E+02   -0.497556695075934243E+02   -0.992515351937695911E+01    1
    0.308981907367938646E+02   -0.497016529454079432E+02   -0.993515351937696067E+01    1
    0.308980758608473955E+02   -0.496572312437901786E+02   -0.994515351937695513E+01    1
    0.308974135208826723E+02   -0.494031589498832631E+02   -0.995515351937695492E+01    1
    0.308023821254226959E+02   -0.491602675097620647E+02   -0.996515351937695826E+01    1
    0.308961759392423048E+02   -0.489377877471715976E+02   -0.997515351937695982E+01    1
    0.308031503567590903E+02   -0.488738786901469950E+02   -0.998515351937696138E+01    1
    0.308050787830386774E+02   -0.481756880632417719E+02   -0.999515351937695584E+01    1
    0.308929920619437652E+02   -0.477966002904814147E+02   -0.100051535193769503E+02    1
    0.308070893191819692E+02   -0.474793036935421000E+02   -0.100151535193769536E+02    1
    0.308914203319768461E+02   -0.472630126705503386E+02   -0.100251535193769570E+02    1
    0.308913631079388864E+02   -0.472439568183508598E+02   -0.100351535193769603E+02    1
    0.308906800908528965E+02   -0.470185224078001269E+02   -0.100451535193769637E+02    1
    0.308085311281723477E+02   -0.469997282772039142E+02   -0.100551535193769475E+02    1
    0.308902791736144522E+02   -0.468879273632313769E+02   -0.100651535193769543E+02    1
    0.308107880051415215E+02   -0.462822831945572588E+02   -0.100751535193769577E+02    1
    0.308879897052599439E+02   -0.461666811103225925E+02   -0.100851535193769539E+02    1
    0.308877866285071860E+02   -0.461047218270227290E+02   -0.100951535193769484E+02    1
    0.308115595580019530E+02   -0.460463161096890445E+02   -0.101051535193769499E+02    1
    0.308118371766898633E+02   -0.459625706846016726E+02   -0.101151535193769551E+02    1
    0.308871364122535077E+02   -0.459085482887576433E+02   -0.101251535193769566E+02    1
    0.308121179036749169E+02   -0.458785117545801739E+02   -0.101351535193769582E+02    1
    0.308870112047991476E+02   -0.458711591625880786E+02   -0.101451535193769562E+02    1
    0.308865209213066834E+02   -0.457259535699921997E+02   -0.101551535193769507E+02    1
    0.308132535995144181E+02   -0.455448522879405076E+02   -0.101651535193769487E+02    1
    0.308135579980338825E+02   -0.454571676518025711E+02   -0.101751535193769485E+02    1
    0.308137808971432179E+02   -0.453934276366420590E+02   -0.101851535193769500E+02    1
    0.308141450551727338E+02   -0.452901446114721224E+02   -0.101951535193769534E+02    1
    0.308142974735035295E+02   -0.452472290218887352E+02   -0.102051535193769531E+02    1
    0.308846670784402271E+02   -0.451942111165540368E+02   -0.102151535193769565E+02    1
    0.308146271065672899E+02   -0.451550487793158553E+02   -0.102251535193769545E+02    1
    0.308838618963824416E+02   -0.449717839309031859E+02   -0.102351535193769507E+02    1
    0.308158914667547208E+02   -0.448095017891893903E+02   -0.102451535193769541E+02    1
    0.308162816652838885E+02   -0.447054320834869188E+02   -0.102551535193769521E+02    1
    0.308165294078414043E+02   -0.446399860761266467E+02   -0.102651535193769536E+02    1
    0.308824864587556682E+02   -0.446037696442186800E+02   -0.102751535193769570E+02    1
    0.308821468539439863E+02   -0.445152236385846649E+02   -0.102851535193769532E+02    1
    0.308819854691609095E+02   -0.444734673277542640E+02   -0.102951535193769512E+02    1
    0.308817478676180883E+02   -0.444123683581381101E+02   -0.103051535193769492E+02    1
    0.308174981180842309E+02   -0.443887746772491809E+02   -0.103151535193769526E+02    1
    0.308812056808380575E+02   -0.442746291449162612E+02   -0.103251535193769541E+02    1
    0.308811288891966349E+02   -0.442553099699716910E+02   -0.103351535193769539E+02    1
    0.308186098787855514E+02   -0.441096766868251606E+02   -0.103451535193769555E+02    1
    0.308189503559798723E+02   -0.440261716687633680E+02   -0.103551535193769570E+02    1
    0.308193488150229484E+02   -0.439296185053799846E+02   -0.103651535193769533E+02    1
    0.308788156052500575E+02   -0.436953515644123485E+02   -0.103751535193769513E+02    1
    0.308203553394065111E+02   -0.436913521265471232E+02   -0.103851535193769564E+02    1
    0.308204823201807798E+02   -0.436618661216702009E+02   -0.103951535193769562E+02    1
    0.308207636814178940E+02   -0.435969891595211791E+02   -0.104051535193769507E+02    1
    0.308782098641720388E+02   -0.435557652728082303E+02   -0.104151535193769558E+02    1
    0.308214395029701507E+02   -0.434437323983630748E+02   -0.104251535193769538E+02    1
    0.308218308722652061E+02   -0.433566442732261947E+02   -0.104351535193769482E+02    1
    0.308221976476734412E+02   -0.432761360593684401E+02   -0.104451535193769534E+02    1
    0.308769153560470144E+02   -0.432672552869454634E+02   -0.104551535193769531E+02    1
    0.308226791344136579E+02   -0.431720747037582129E+02   -0.104651535193769529E+02    1
    0.308227399722966808E+02   -0.431590574900786024E+02   -0.104751535193769580E+02    1
    0.308762276909886353E+02   -0.431194214052104030E+02   -0.104851535193769543E+02    1
    0.308233479861402770E+02   -0.430305827682374513E+02   -0.104951535193769523E+02    1
    0.308234070804107247E+02   -0.430182529883491824E+02   -0.105051535193769539E+02    1
    0.308753714876053280E+02   -0.429406187657719443E+02   -0.105151535193769536E+02    1
    0.308751869492337399E+02   -0.429028460034145454E+02   -0.105251535193769499E+02    1
    0.308749932824570301E+02   -0.428634964241894778E+02   -0.105351535193769514E+02    1
    0.308745619273684397E+02   -0.427769264309653323E+02   -0.105451535193769512E+02    1
    0.308248915497247182E+02   -0.427176484844170758E+02   -0.105551535193769528E+02    1
    0.308741181687788426E+02   -0.426894134653191344E+02   -0.105651535193769543E+02    1
    0.308255123926698182E+02   -0.425971326150552088E+02   -0.105751535193769524E+02    1
    0.308255436029796037E+02   -0.425911552130838373E+02   -0.105851535193769575E+02    1
    0.308257520265751630E+02   -0.425514367801039199E+02   -0.105951535193769573E+02    1
    0.308257904659604698E+02   -0.425441493287225896E+02   -0.106051535193769570E+02    1
    0.308728614493181830E+02   -0.424500871039225700E+02   -0.106151535193769551E+02    1
    0.308726409416026826E+02   -0.424093912537381570E+02   -0.106251535193769495E+02    1
    0.308724553968941322E+02   -0.423754480082616638E+02   -0.106351535193769458E+02    1
    0.308717154711457979E+02   -0.422428139197899597E+02   -0.106451535193769526E+02    1
    0.308277435157856132E+02   -0.421893718953537018E+02   -0.106551535193769560E+02    1
    0.308278777216242759E+02   -0.421661084121911074E+02   -0.106651535193769540E+02    1
    0.308279362432679100E+02   -0.421560090751617338E+02   -0.106751535193769556E+02    1
    0.308710147685930494E+02   -0.421212302446513860E+02   -0.106851535193769500E+02    1
    0.308699715137481689E+02   -0.419474526090378745E+02   -0.106951535193769480E+02    1
    0.308697600992733250E+02   -0.419132929753926149E+02   -0.107051535193769549E+02    1
    0.308294509483554862E+02   -0.419040985135078827E+02   -0.107151535193769494E+02    1
    0.308296135602401655E+02   -0.418781406030852139E+02   -0.107251535193769456E+02    1
    0.308298966798614131E+02   -0.418334484089609902E+02   -0.107351535193769543E+02    1
    0.308691799873036565E+02   -0.418213888323656349E+02   -0.107451535193769505E+02    1
    0.308690597274701304E+02   -0.418026720692901037E+02   -0.107551535193769414E+02    1
    0.308305103554658899E+02   -0.417387672955114652E+02   -0.107651535193769483E+02    1
    0.308305316917567573E+02   -0.417355293697169287E+02   -0.107751535193769499E+02    1
    0.308305539978145120E+02   -0.417321481515948136E+02   -0.107851535193769426E+02    1
    0.308685282866405295E+02   -0.417213398180962258E+02   -0.107951535193769441E+02    1
    0.308308578248135241E+02   -0.416864877154503759E+02   -0.108051535193769528E+02    1
    0.308309588364567162E+02   -0.416714700817713464E+02   -0.108151535193769561E+02    1
    0.308680757829256649E+02   -0.416538610759335981E+02   -0.108251535193769524E+02    1
    0.308678745089302033E+02   -0.416243704512408854E+02   -0.108351535193769521E+02    1
    0.308678719715870287E+02   -0.416240007394301372E+02   -0.108451535193769519E+02    1
    0.308677757737476810E+02   -0.416100217419241716E+02   -0.108551535193769482E+02    1
    0.308676129536500241E+02   -0.415865294547004893E+02   -0.108651535193769480E+02    1
    0.308673870251952422E+02   -0.415542813867953313E+02   -0.108751535193769477E+02    1
    0.308318027848945100E+02   -0.415491738725731778E+02   -0.108851535193769493E+02    1
    0.308318822412823366E+02   -0.415379520342503668E+02   -0.108951535193769473E+02    1
    0.308319750137659980E+02   -0.415249131511382075E+02   -0.109051535193769453E+02    1
    0.308669476508433362E+02   -0.414927309328772935E+02   -0.109151535193769469E+02    1
    0.308322091408562784E+02   -0.414923120773748266E+02   -0.109251535193769485E+02    1
    0.308322307543538159E+02   -0.414893245112666449E+02   -0.109351535193769500E+02    1
    0.308667416503160155E+02   -0.414644024046565249E+02   -0.109451535193769498E+02    1
    0.308324636746713630E+02   -0.414573647357057453E+02   -0.109551535193769460E+02    1
    0.308655404074084956E+02   -0.413059425077140574E+02   -0.109651535193769440E+02    1
    0.308654725148521436E+02   -0.412973296767568954E+02   -0.109751535193769456E+02    1
    0.308340841354112243E+02   -0.412469748396090381E+02   -0.109851535193769454E+02    1
    0.308649202178844817E+02   -0.412286293485104380E+02   -0.109951535193769434E+02    1
    0.308646614732937152E+02   -0.411972796684839295E+02   -0.110051535193769485E+02    1
    0.308644867311670517E+02   -0.411764094091020851E+02   -0.110151535193769536E+02    1
    0.308349154247696973E+02   -0.411471612804750890E+02   -0.110251535193769499E+02    1
    0.308349448681661187E+02   -0.411437269016608411E+02   -0.110351535193769461E+02    1
    0.308350206630538963E+02   -0.411349176874628313E+02   -0.110451535193769441E+02    1
    0.308351815355351668E+02   -0.411163719859374552E+02   -0.110551535193769439E+02    1
    0.308352131080168625E+02   -0.411127564409109993E+02   -0.110651535193769455E+02    1
    0.308637441469077558E+02   -0.410904315741686901E+02   -0.110751535193769488E+02    1
    0.308635486098760090E+02   -0.410685223483432793E+02   -0.110851535193769504E+02    1
    0.308357154041349126E+02   -0.410563034310289225E+02   -0.110951535193769502E+02    1
    0.308632780830928226E+02   -0.410387128366327048E+02   -0.111051535193769553E+02    1
    0.308632759563281738E+02   -0.410384807961145270E+02   -0.111151535193769551E+02    1
    0.308629416121774334E+02   -0.410024501505881602E+02   -0.111251535193769460E+02    1
    0.308628400913131280E+02   -0.409916859363319190E+02   -0.111351535193769493E+02    1
    0.308628251217979859E+02   -0.409901056686207212E+02   -0.111451535193769491E+02    1
    0.308627752940729891E+02   -0.409848584250623915E+02   -0.111551535193769507E+02    1
    0.308369464685163663E+02   -0.409264411026537402E+02   -0.111651535193769469E+02    1
    0.308619024549663585E+02   -0.408961485140762591E+02   -0.111751535193769467E+02    1
    0.308618157451035735E+02   -0.408876671684126691E+02   -0.111851535193769482E+02    1
    0.308373600413750495E+02   -0.408855225856798015E+02   -0.111951535193769498E+02    1
    0.308617569411584114E+02   -0.408819494544882218E+02   -0.112051535193769514E+02    1
    0.308374852287212029E+02   -0.408734052276993438E+02   -0.112151535193769529E+02    1
    0.308614941097862641E+02   -0.408567300505480375E+02   -0.112251535193769527E+02    1
    0.308605770573057185E+02   -0.407730447731327672E+02   -0.112351535193769525E+02    1
    0.308387172208197029E+02   -0.407608139003735914E+02   -0.112451535193769505E+02    1
    0.308391569017802780E+02   -0.407235583127685032E+02   -0.112551535193769485E+02    1
    0.308392262300174345E+02   -0.407178244231879916E+02   -0.112651535193769465E+02    1
    0.308393468322034394E+02   -0.407079410587022608E+02   -0.112751535193769428E+02    1
    0.308596516521377389E+02   -0.406953864789430355E+02   -0.112851535193769514E+02    1
    0.308596402422395286E+02   -0.406944715436389330E+02   -0.112951535193769441E+02    1
    0.308593606584954117E+02   -0.406723762770459132E+02   -0.113051535193769475E+02    1
    0.308400031131273167E+02   -0.406561889352547681E+02   -0.113151535193769508E+02    1
    0.308590227994033022E+02   -0.406465062162253687E+02   -0.113251535193769524E+02    1
    0.308588542223201650E+02   -0.406339381222749410E+02   -0.113351535193769486E+02    1
    0.308404126339164506E+02   -0.406256334607252256E+02   -0.113451535193769519E+02    1
    0.308406328932390963E+02   -0.406097516536205490E+02   -0.113551535193769464E+02    1
    0.308408445255099863E+02   -0.405948558540912501E+02   -0.113651535193769444E+02    1
    0.308408982395265241E+02   -0.405911319304322404E+02   -0.113751535193769477E+02    1
    0.308409240322790978E+02   -0.405893519177401600E+02   -0.113851535193769493E+02    1
    0.308580868678389351E+02   -0.405795885449592220E+02   -0.113951535193769544E+02    1
    0.308411303228228064E+02   -0.405753060081334738E+02   -0.114051535193769453E+02    1
    0.308579944981852137E+02   -0.405733624717281742E+02   -0.114151535193769433E+02    1
    0.308412240034632141E+02   -0.405690393782176457E+02   -0.114251535193769502E+02    1
    0.308579213044381646E+02   -0.405684771824302715E+02   -0.114351535193769465E+02    1
    0.308414627937329833E+02   -0.405533819767715755E+02   -0.114451535193769427E+02    1
    0.308576786754542809E+02   -0.405525881249656379E+02   -0.114551535193769425E+02    1
    0.308575897514509023E+02   -0.405468821521124809E+02   -0.114651535193769476E+02    1
    0.308416350074341636E+02   -0.405423718199429501E+02   -0.114751535193769509E+02    1
    0.308417829251007340E+02   -0.405331035389354994E+02   -0.114851535193769489E+02    1
    0.308418542473320372E+02   -0.405286968671978514E+02   -0.114951535193769505E+02    1
    0.308572445247035994E+02   -0.405253268482430968E+02   -0.115051535193769467E+02    1
    0.308419251199531175E+02   -0.405243581032009246E+02   -0.115151535193769430E+02    1
    0.308570766394872891E+02   -0.405151874292374430E+02   -0.115251535193769428E+02    1
    0.308570736108811872E+02   -0.405150065778769033E+02   -0.115351535193769426E+02    1
    0.308570362554868964E+02   -0.405127819302839356E+02   -0.115451535193769423E+02    1
    0.308421473209860437E+02   -0.405110144432351262E+02   -0.115551535193769439E+02    1
    0.308421957713625510E+02   -0.405081571069276833E+02   -0.115651535193769455E+02    1
    0.308569003557623134E+02   -0.405047823696181268E+02   -0.115751535193769453E+02    1
    0.308422609959260825E+02   -0.405043400448059927E+02   -0.115851535193769433E+02    1
    0.308568896292924819E+02   -0.405041572325577661E+02   -0.115951535193769448E+02    1
    0.308567511371988346E+02   -0.404961682221657000E+02   -0.116051535193769446E+02    1
    0.308424389379028412E+02   -0.404940988457459170E+02   -0.116151535193769408E+02    1
    0.308566028266647479E+02   -0.404877822015327453E+02   -0.116251535193769424E+02    1
    0.308566021179248153E+02   -0.404877425473330561E+02   -0.116351535193769458E+02    1
    0.308565762348229988E+02   -0.404862971211194349E+02   -0.116451535193769455E+02    1
    0.308426241449441427E+02   -0.404837073292678369E+02   -0.116551535193769418E+02    1
    0.308426393871937847E+02   -0.404828642895916033E+02   -0.116651535193769451E+02    1
    0.308426628705964490E+02   -0.404815690578623091E+02   -0.116751535193769502E+02    1
    0.308564325833946214E+02   -0.404783719682284158E+02   -0.116851535193769465E+02    1
    0.308563815561345578E+02   -0.404755963843332864E+02   -0.116951535193769445E+02    1
    0.308563402143864280E+02   -0.404733628411596271E+02   -0.117051535193769460E+02    1
    0.308428673335418253E+02   -0.404704774459450789E+02   -0.117151535193769476E+02    1
    0.308429108269272021E+02   -0.404681609793131969E+02   -0.117251535193769456E+02    1
    0.308429756780423574E+02   -0.404647349734238730E+02   -0.117351535193769418E+02    1
    0.308431470636080007E+02   -0.404558420985852649E+02   -0.117451535193769399E+02    1
    0.308432185577528060E+02   -0.404522015452728425E+02   -0.117551535193769414E+02    1
    0.308557806498134433E+02   -0.404444705123118737E+02   -0.117651535193769430E+02    1
    0.308556660493948556E+02   -0.404388609203902973E+02   -0.117751535193769463E+02    1
    0.308435410779387809E+02   -0.404362845042024688E+02   -0.117851535193769479E+02    1
    0.308435451678132146E+02   -0.404360879793920418E+02   -0.117951535193769459E+02    1
    0.308435967072346280E+02   -0.404336228467383094E+02   -0.118051535193769439E+02    1
    0.308555419028240259E+02   -0.404329020742885206E+02   -0.118151535193769472E+02    1
    0.308436273629177649E+02   -0.404321666175087628E+02   -0.118251535193769470E+02    1
    0.308436609910582931E+02   -0.404305777962176833E+02   -0.118351535193769397E+02    1
    0.308553735308447052E+02   -0.404250165918615494E+02   -0.118451535193769431E+02    1
    0.308550446998732362E+02   -0.404102672437705621E+02   -0.118551535193769446E+02    1
    0.308441349216385348E+02   -0.404091439378150881E+02   -0.118651535193769391E+02    1
    0.308441426625483750E+02   -0.404088086962696735E+02   -0.118751535193769389E+02    1
    0.308549601507929161E+02   -0.404066140593727212E+02   -0.118851535193769422E+02    1
    0.308443856474081279E+02   -0.403985281508414928E+02   -0.118951535193769455E+02    1
    0.308445661086215637E+02   -0.403911972224622815E+02   -0.119051535193769453E+02    1
    0.308447632681894746E+02   -0.403834844099910910E+02   -0.119151535193769504E+02    1
    0.308543803924208788E+02   -0.403830975208272278E+02   -0.119251535193769467E+02    1
    0.308543723749815513E+02   -0.403827910766994478E+02   -0.119351535193769447E+02    1
    0.308543649198751240E+02   -0.403825065854784526E+02   -0.119451535193769427E+02    1
    0.308448051442052247E+02   -0.403818860932570871E+02   -0.119551535193769443E+02    1
    0.308543080627539439E+02   -0.403803514447023986E+02   -0.119651535193769440E+02    1
    0.308449170728755817E+02   -0.403776825674522115E+02   -0.119751535193769421E+02    1
    0.308449891480400069E+02   -0.403750285642135935E+02   -0.119851535193769418E+02    1
    0.308541529422305807E+02   -0.403746026116517527E+02   -0.119951535193769452E+02    1
    0.308450075558673866E+02   -0.403743573702524401E+02   -0.120051535193769467E+02    1
    0.308450178671639783E+02   -0.403739825745729419E+02   -0.120151535193769430E+02    1
    0.308540702800040165E+02   -0.403716173808008065E+02   -0.120251535193769445E+02    1
    0.308451330257790737E+02   -0.403698543158592003E+02   -0.120351535193769426E+02    1
    0.308539420028350477E+02   -0.403670925748699219E+02   -0.120451535193769441E+02    1
    0.308452128368816716E+02   -0.403670551721595174E+02   -0.120551535193769492E+02    1
    0.308538318377268972E+02   -0.403633112441229258E+02   -0.120651535193769472E+02    1
    0.308537481411629173E+02   -0.403605030337587181E+02   -0.120751535193769470E+02    1
    0.308454368274613699E+02   -0.403594703127285968E+02   -0.120851535193769504E+02    1
    0.308537135737138897E+02   -0.403593594954199659E+02   -0.120951535193769466E+02    1
    0.308454528968039483E+02   -0.403589415267297014E+02   -0.121051535193769411E+02    1
    0.308536941511081402E+02   -0.403587211446649121E+02   -0.121151535193769444E+02    1
    0.308536864330797300E+02   -0.403584683151004029E+02   -0.121251535193769460E+02    1
    0.308454760093453970E+02   -0.403581845796025220E+02   -0.121351535193769386E+02    1
    0.308454826044251433E+02   -0.403579693676380771E+02   -0.121451535193769420E+02    1
    0.308455310456133844E+02   -0.403563992408842225E+02   -0.121551535193769453E+02    1
    0.308536011720709951E+02   -0.403557068749694139E+02   -0.121651535193769433E+02    1
