    0.398162233829498291E+02   -0.147821199730752129E+07   -0.460515351937698814E+01    1
    0.397842979431152344E+02   -0.147200653225647286E+07   -0.461515351937698259E+01    1
    0.394281280040740967E+02   -0.140366156143818982E+07   -0.462515351937698149E+01    1
    0.389506578445434570E+02   -0.131458913860475505E+07   -0.463515351937698661E+01    1
    0.387310516834259033E+02   -0.127460164462380507E+07   -0.464515351937698728E+01    1
    0.379489886760711670E+02   -0.113721389629415656E+07   -0.465515351937698174E+01    1
    0.376361298561096191E+02   -0.108444631598476693E+07   -0.466515351937698153E+01    1
    0.375978720188140869E+02   -0.107807966267692018E+07   -0.467515351937698398E+01    1
    0.372543203830718994E+02   -0.102174764341667283E+07   -0.468515351937698377E+01    1
    0.371560752391815186E+02   -0.100591635113500245E+07   -0.469515351937698444E+01    1
    0.370462501049041748E+02   -0.988365370739914244E+06   -0.470515351937698423E+01    1
    0.370093870162963867E+02   -0.982508963132519159E+06   -0.471515351937698135E+01    1
    0.368322515487670898E+02   -0.954610322835331433E+06   -0.472515351937698025E+01    1
    0.368053030967712402E+02   -0.950401186935976613E+06   -0.473515351937698448E+01    1
    0.365340650081634521E+02   -0.908553815257577342E+06   -0.474515351937698782E+01    1
    0.364998471736907959E+02   -0.903341517557712970E+06   -0.475515351937698494E+01    1
    0.364462316036224365E+02   -0.895204576118228026E+06   -0.476515351937698117E+01    1
    0.363085114955902100E+02   -0.874472276530381059E+06   -0.477515351937698451E+01    1
    0.362315809726715088E+02   -0.862996939156799810E+06   -0.478515351937698341E+01    1
    0.361716854572296143E+02   -0.854115102989749401E+06   -0.479515351937697876E+01    1
    0.358235085010528564E+02   -0.803394111547363573E+06   -0.480515351937698032E+01    1
    0.351282906532287598E+02   -0.706762359211724135E+06   -0.481515351937698277E+01    1
    0.349371647834777832E+02   -0.681281541367779486E+06   -0.482515351937698345E+01    1
    0.349327135086059570E+02   -0.680693673680870794E+06   -0.483515351937698323E+01    1
    0.348340058326721191E+02   -0.667722821351180086E+06   -0.484515351937698480E+01    1
    0.347999668121337891E+02   -0.663278798074379331E+06   -0.485515351937698814E+01    1
    0.347813653945922852E+02   -0.660856527636455372E+06   -0.486515351937698437E+01    1
    0.347444045543670654E+02   -0.656056648862430244E+06   -0.487515351937698149E+01    1
    0.345254313945770264E+02   -0.627978788460812415E+06   -0.488515351937698572E+01    1
    0.345209336280822754E+02   -0.627408497695445432E+06   -0.489515351937698817E+01    1
    0.344100153446197510E+02   -0.613426672236641170E+06   -0.490515351937698973E+01    1
    0.342719459533691406E+02   -0.596242432213321794E+06   -0.491515351937698775E+01    1
    0.342321944236755371E+02   -0.591340182636978454E+06   -0.492515351937698220E+01    1
    0.341768741607666016E+02   -0.584551637779167620E+06   -0.493515351937698199E+01    1
    0.341558706760406494E+02   -0.581984490587262670E+06   -0.494515351937698799E+01    1
    0.341349399089813232E+02   -0.579431851414800622E+06   -0.495515351937699045E+01    1
    0.334686601161956787E+02   -0.501106647126761207E+06   -0.496515351937698846E+01    1
    0.334139549732208252E+02   -0.494928276886035455E+06   -0.497515351937698824E+01    1
    0.332554459571838379E+02   -0.477242753475399339E+06   -0.498515351937698359E+01    1
    0.330078518390655518E+02   -0.450261452316745883E+06   -0.499515351937698426E+01    1
    0.323787868022918701E+02   -0.385240931521333114E+06   -0.500515351937698583E+01    1
    0.319002521038055420E+02   -0.339173121940479788E+06   -0.501515351937698384E+01    1
    0.318503832817077637E+02   -0.334541053633785807E+06   -0.502515351937698451E+01    1
    0.317881822586059570E+02   -0.328808143354526721E+06   -0.503515351937698608E+01    1
    0.317394316196441650E+02   -0.324349555024345056E+06   -0.504515351937698409E+01    1
    0.317125308513641357E+02   -0.321902321683763177E+06   -0.505515351937698298E+01    1
    0.316888940334320068E+02   -0.319759667278944573E+06   -0.506515351937698455E+01    1
    0.315505087375640869E+02   -0.307358742959423515E+06   -0.507515351937697989E+01    1
    0.314844417572021484E+02   -0.301524867134720553E+06   -0.508515351937698501E+01    1
    0.314165925979614258E+02   -0.295591799873290467E+06   -0.509515351937699013E+01    1
    0.313181340694427490E+02   -0.287086944636468193E+06   -0.510515351937699080E+01    1
    0.312411355972290039E+02   -0.280522316265278496E+06   -0.511515351937698348E+01    1
    0.312321031093597412E+02   -0.279757212700642005E+06   -0.512515351937698238E+01    1
    0.312283575534820557E+02   -0.279440249078751658E+06   -0.513515351937698394E+01    1
    0.311381506919860840E+02   -0.271860858190279745E+06   -0.514515351937697751E+01    1
    0.311334514617919922E+02   -0.271468873605805973E+06   -0.515515351937698085E+01    1
    0.310374760627746582E+02   -0.263524989186333492E+06   -0.516515351937698330E+01    1
    0.309289443492889404E+02   -0.254683938887468714E+06   -0.517515351937698220E+01    1
    0.309232103824615479E+02   -0.254221042234529566E+06   -0.518515351937698643E+01    1
    0.307297217845916748E+02   -0.238847749400479515E+06   -0.519515351937698533E+01    1
    0.306439185142517090E+02   -0.232183848184327973E+06   -0.520515351937697623E+01    1
    0.305796742439270020E+02   -0.227256048308261728E+06   -0.521515351937698224E+01    1
    0.304262983798980713E+02   -0.215705209500017925E+06   -0.522515351937697670E+01    1
    0.303826224803924561E+02   -0.212471056162933877E+06   -0.523515351937698092E+01    1
    0.300138998031616211E+02   -0.186141200851027330E+06   -0.524515351937698071E+01    1
    0.298751592636108398E+02   -0.176684792197441391E+06   -0.525515351937698583E+01    1
    0.297526597976684570E+02   -0.168540268878698844E+06   -0.526515351937698739E+01    1
    0.297416305541992188E+02   -0.167816406449708767E+06   -0.527515351937698007E+01    1
    0.295912146568298340E+02   -0.158099924025498884E+06   -0.528515351937697542E+01    1
    0.293400788307189941E+02   -0.142522907432957902E+06   -0.529515351937697609E+01    1
    0.292733800411224365E+02   -0.138521571605333971E+06   -0.530515351937697677E+01    1
    0.292022931575775146E+02   -0.134319705981051375E+06   -0.531515351937698188E+01    1
    0.200821292400360107E+02   -0.131982650998152239E+06   -0.532515351937698078E+01    1
    0.201575577259063721E+02   -0.127633579040601107E+06   -0.533515351937697613E+01    1
    0.290398442745208740E+02   -0.124960454378832612E+06   -0.534515351937697680E+01    1
    0.290113377571105957E+02   -0.123352948811403548E+06   -0.535515351937698103E+01    1
    0.289235484600067139E+02   -0.118467812126009943E+06   -0.536515351937698171E+01    1
    0.288307714462280273E+02   -0.113412395732831443E+06   -0.537515351937698238E+01    1
    0.204484391212463379E+02   -0.111544145837427219E+06   -0.538515351937698128E+01    1
    0.204669058322906494E+02   -0.110559281021970819E+06   -0.539515351937698018E+01    1
    0.204727554321289062E+02   -0.110248221522536362E+06   -0.540515351937698263E+01    1
    0.205064022541046143E+02   -0.108467520622536249E+06   -0.541515351937698153E+01    1
    0.286558389663696289E+02   -0.104180195484747062E+06   -0.542515351937697865E+01    1
    0.207115149497985840E+02   -0.979258567813785921E+05   -0.543515351937697933E+01    1
    0.284869599342346191E+02   -0.956392518709530996E+05   -0.544515351937698178E+01    1
    0.284833264350891113E+02   -0.954595037183956883E+05   -0.545515351937698245E+01    1
    0.207706522941589355E+02   -0.949865844561197737E+05   -0.546515351937698401E+01    1
    0.207900238037109375E+02   -0.940335105839564494E+05   -0.547515351937698025E+01    1
    0.284271526336669922E+02   -0.927021139197922603E+05   -0.548515351937698004E+01    1
    0.284245765209197998E+02   -0.925766299848853669E+05   -0.549515351937697805E+01    1
    0.283302044868469238E+02   -0.880382972046995419E+05   -0.550515351937697694E+01    1
    0.209373438358306885E+02   -0.869426397286329156E+05   -0.551515351937698295E+01    1
    0.209501814842224121E+02   -0.863378976489946654E+05   -0.552515351937698185E+01    1
    0.282765603065490723E+02   -0.855094010546978243E+05   -0.553515351937698163E+01    1
    0.282592356204986572E+02   -0.847005527070573444E+05   -0.554515351937698142E+01    1
    0.210209667682647705E+02   -0.830413226923098700E+05   -0.555515351937698032E+01    1
    0.282006013393402100E+02   -0.819915758910377044E+05   -0.556515351937698544E+01    1
    0.281901848316192627E+02   -0.815149258161559992E+05   -0.557515351937698611E+01    1
    0.210947728157043457E+02   -0.796723985346635163E+05   -0.558515351937698146E+01    1
    0.211186683177947998E+02   -0.785966219708448043E+05   -0.559515351937697680E+01    1
    0.211485886573791504E+02   -0.772599171740771271E+05   -0.560515351937697748E+01    1
    0.211689564994127508E+02   -0.763565330198299198E+05   -0.561515351937697904E+01    1
    0.280646646022796631E+02   -0.758804875219450332E+05   -0.562515351937698060E+01    1
    0.211891663074493408E+02   -0.754654091982898535E+05   -0.563515351937698039E+01    1
    0.280357384681701660E+02   -0.746106374817282485E+05   -0.564515351937698284E+01    1
    0.280207753181457520E+02   -0.739579640096983931E+05   -0.565515351937698085E+01    1
    0.280182278156280518E+02   -0.738471308399894915E+05   -0.566515351937697975E+01    1
    0.212644767761230469E+02   -0.721907590987676522E+05   -0.567515351937697954E+01    1
    0.212784731388092041E+02   -0.715901729055214673E+05   -0.568515351937697666E+01    1
    0.212877321243286133E+02   -0.711942470593354519E+05   -0.569515351937697734E+01    1
    0.279418408870697021E+02   -0.705624033429217379E+05   -0.570515351937697890E+01    1
    0.213068246841430664E+02   -0.703812912577196403E+05   -0.571515351937697780E+01    1
    0.279258996298698747E+02   -0.698863348687314428E+05   -0.572515351937697403E+01    1
    0.278624320030212402E+02   -0.672269447938853264E+05   -0.573515351937697382E+01    1
    0.214626193046569824E+02   -0.639220626582869736E+05   -0.574515351937697805E+01    1
    0.277610998377297449E+02   -0.630879019018146864E+05   -0.575515351937698227E+01    1
    0.277423535114864990E+02   -0.623365976497672818E+05   -0.576515351937698384E+01    1
    0.215381226678788593E+02   -0.609035236894007467E+05   -0.577515351937697918E+01    1
    0.215566611289978027E+02   -0.601735401336278737E+05   -0.578515351937698075E+01    1
    0.276835819687043454E+02   -0.600103578702738596E+05   -0.579515351937698409E+01    1
    0.276636955457470393E+02   -0.592332481454235385E+05   -0.580515351937698565E+01    1
    0.276602447032928467E+02   -0.590989138543580775E+05   -0.581515351937698366E+01    1
    0.216283988952636719E+02   -0.573902110540430585E+05   -0.582515351937698256E+01    1
    0.216684448719024658E+02   -0.558651443589536939E+05   -0.583515351937698412E+01    1
    0.275636278540439363E+02   -0.553997228011536281E+05   -0.584515351937698391E+01    1
    0.275622379779815674E+02   -0.553473805177328031E+05   -0.585515351937697837E+01    1
    0.275581073760986328E+02   -0.551919693950111541E+05   -0.586515351937697371E+01    1
    0.275411796569824219E+02   -0.545573578415401425E+05   -0.587515351937697705E+01    1
    0.275045669446263403E+02   -0.531973177043991891E+05   -0.588515351937697684E+01    1
    0.274949741363525391E+02   -0.528438149957230999E+05   -0.589515351937697751E+01    1
    0.274884510040283203E+02   -0.526041054537398231E+05   -0.590515351937697286E+01    1
    0.217723906040191650E+02   -0.520024275029088749E+05   -0.591515351937697531E+01    1
    0.274507069587707520E+02   -0.512278003520177153E+05   -0.592515351937697687E+01    1
    0.218980371952056885E+02   -0.475180009852843068E+05   -0.593515351937697400E+01    1
    0.219076471712007539E+02   -0.471833361643443059E+05   -0.594515351937698000E+01    1
    0.219249916076660156E+02   -0.465823143583474812E+05   -0.595515351937698156E+01    1
    0.272887755955166114E+02   -0.455301447936117183E+05   -0.596515351937697336E+01    1
    0.219560682773590088E+02   -0.455150765035913573E+05   -0.597515351937696959E+01    1
    0.272809667761148908E+02   -0.452638737721564175E+05   -0.598515351937697559E+01    1
    0.272654831409454346E+02   -0.447382103812206697E+05   -0.599515351937697627E+01    1
    0.272388989114507076E+02   -0.438428470003298280E+05   -0.600515351937697517E+01    1
    0.272223613031518141E+02   -0.432904225552352436E+05   -0.601515351937697851E+01    1
    0.272054935242797384E+02   -0.427305770412110651E+05   -0.602515351937697829E+01    1
    0.271787791681479796E+02   -0.418513762763980558E+05   -0.603515351937697453E+01    1
    0.270935726165771484E+02   -0.391081914343509343E+05   -0.604515351937697520E+01    1
    0.270555281639099121E+02   -0.379133924870541014E+05   -0.605515351937697410E+01    1
    0.270482385158538818E+02   -0.376865746505570569E+05   -0.606515351937697478E+01    1
    0.222250139713287354E+02   -0.367955841495313070E+05   -0.607515351937697723E+01    1
    0.222272691150404142E+02   -0.367263862257818037E+05   -0.608515351937697790E+01    1
    0.222500526905059814E+02   -0.360309367366537044E+05   -0.609515351937697769E+01    1
    0.269781446456909180E+02   -0.355403308700904599E+05   -0.610515351937697481E+01    1
    0.222690397193489531E+02   -0.354564519490054226E+05   -0.611515351937697282E+01    1
    0.222798836231231689E+02   -0.351304225363192818E+05   -0.612515351937697528E+01    1
    0.269618296623229980E+02   -0.350498000310575226E+05   -0.613515351937697417E+01    1
    0.269409275054931641E+02   -0.344263310561575418E+05   -0.614515351937697485E+01    1
    0.269003970357717677E+02   -0.332333323581719887E+05   -0.615515351937697819E+01    1
    0.268896791757762088E+02   -0.329213733488363650E+05   -0.616515351937697620E+01    1
    0.268392455577850342E+02   -0.314731768274327660E+05   -0.617515351937697776E+01    1
    0.268091344833374023E+02   -0.306240695914178723E+05   -0.618515351937698288E+01    1
    0.224534007091382648E+02   -0.301183464078318648E+05   -0.619515351937698000E+01    1
    0.267806303501129150E+02   -0.298309749267426851E+05   -0.620515351937697535E+01    1
    0.224713194370269775E+02   -0.296227248405075370E+05   -0.621515351937697247E+01    1
    0.267653623203406781E+02   -0.294104388848820199E+05   -0.622515351937697314E+01    1
    0.267578353459112179E+02   -0.292042177698865235E+05   -0.623515351937697559E+01    1
    0.225007736442371993E+02   -0.288169731107670013E+05   -0.624515351937698071E+01    1
    0.267051708341646332E+02   -0.277816335637626726E+05   -0.625515351937697694E+01    1
    0.225910386309440270E+02   -0.264168716005293536E+05   -0.626515351937697407E+01    1
    0.266472804546356201E+02   -0.262588675239415716E+05   -0.627515351937697385E+01    1
    0.226542408871624517E+02   -0.247984616023720519E+05   -0.628515351937697986E+01    1
    0.265787494182586670E+02   -0.245116816654857030E+05   -0.629515351937697432E+01    1
    0.226663232856443031E+02   -0.244948939649427557E+05   -0.630515351937697766E+01    1
    0.265774180222266345E+02   -0.244783335573581535E+05   -0.631515351937697567E+01    1
    0.226769769191741943E+02   -0.242287747074097097E+05   -0.632515351937697190E+01    1
    0.265187701389558228E+02   -0.230318761602123377E+05   -0.633515351937697790E+01    1
    0.227346939485121027E+02   -0.228123170640423705E+05   -0.634515351937697858E+01    1
    0.264776018232112236E+02   -0.220428367733274827E+05   -0.635515351937697659E+01    1
    0.264587403737867888E+02   -0.215969538350486691E+05   -0.636515351937697371E+01    1
    0.228002278906403504E+02   -0.212557400391965057E+05   -0.637515351937697350E+01    1
    0.228057056531861235E+02   -0.211281217002560006E+05   -0.638515351937697861E+01    1
    0.228482341146046473E+02   -0.201503863753945843E+05   -0.639515351937698195E+01    1
    0.263895444387704217E+02   -0.200001837986653009E+05   -0.640515351937697730E+01    1
    0.263837206363677979E+02   -0.198685908650188903E+05   -0.641515351937697620E+01    1
    0.263655958820164429E+02   -0.194618285697466781E+05   -0.642515351937697776E+01    1
    0.263564590267355641E+02   -0.192583708795031234E+05   -0.643515351937697222E+01    1
    0.263144423159052288E+02   -0.183365132960215051E+05   -0.644515351937697556E+01    1
    0.229420730740026606E+02   -0.180749534012039549E+05   -0.645515351937697535E+01    1
    0.263005852699279785E+02   -0.180374436767131047E+05   -0.646515351937697513E+01    1
    0.262764785186938994E+02   -0.175230198754072590E+05   -0.647515351937697048E+01    1
    0.262319154356240105E+02   -0.165916644827006057E+05   -0.648515351937697559E+01    1
    0.230256986618041992E+02   -0.163204351082275443E+05   -0.649515351937697538E+01    1
    0.261959671974182129E+02   -0.158588889744049156E+05   -0.650515351937697694E+01    1
    0.261884380427244956E+02   -0.157075093449723136E+05   -0.651515351937697318E+01    1
    0.230586075506286328E+02   -0.156545416517075701E+05   -0.652515351937697652E+01    1
    0.261849009990692139E+02   -0.156366449039501385E+05   -0.653515351937697631E+01    1
    0.230826707868638792E+02   -0.151764134057161373E+05   -0.654515351937697609E+01    1
    0.230971169471740723E+02   -0.148929352927312721E+05   -0.655515351937696966E+01    1
    0.261188773998515842E+02   -0.143432735819138525E+05   -0.656515351937697567E+01    1
    0.261077458006017302E+02   -0.141307101598466852E+05   -0.657515351937698256E+01    1
    0.261066333775256538E+02   -0.141095551019551749E+05   -0.658515351937698501E+01    1
    0.260992021770894631E+02   -0.139686417698040641E+05   -0.659515351937696881E+01    1
    0.231527056587955009E+02   -0.138270420068536296E+05   -0.660515351937696948E+01    1
    0.231660436676250576E+02   -0.135771772203448545E+05   -0.661515351937697371E+01    1
    0.260102776052355296E+02   -0.123372836333809282E+05   -0.662515351937697705E+01    1
    0.259980956203239799E+02   -0.121216866474275466E+05   -0.663515351937697861E+01    1
    0.232705705262438372E+02   -0.116979319147650313E+05   -0.664515351937698107E+01    1
    0.232879968375899580E+02   -0.113982393039905437E+05   -0.665515351937697286E+01    1
    0.232962192152594554E+02   -0.112581836284606034E+05   -0.666515351937697353E+01    1
    0.259438705444335938E+02   -0.111850674386632309E+05   -0.667515351937697510E+01    1
    0.233180260658264160E+02   -0.108909301885614550E+05   -0.668515351937697488E+01    1
    0.259071692755101317E+02   -0.105725014540970224E+05   -0.669515351937697734E+01    1
    0.233578700955981162E+02   -0.102356378152268953E+05   -0.670515351937697446E+01    1
    0.233733231835985009E+02   -0.998696109080386123E+04   -0.671515351937697247E+01    1
    0.258673235560589205E+02   -0.992698266527365377E+04   -0.672515351937697314E+01    1
    0.258536109560292289E+02   -0.970953490326595602E+04   -0.673515351937697382E+01    1
    0.233911634185899722E+02   -0.970367272476516882E+04   -0.674515351937697183E+01    1
    0.233928143978118896E+02   -0.967766257222585955E+04   -0.675515351937697428E+01    1
    0.258472358717316624E+02   -0.960926189484254064E+04   -0.676515351937697584E+01    1
    0.258379888533932167E+02   -0.946474152799217882E+04   -0.677515351937697829E+01    1
    0.258079477599074885E+02   -0.900279077019242504E+04   -0.678515351937697098E+01    1
    0.258049044513224182E+02   -0.895663762036318803E+04   -0.679515351937697432E+01    1
    0.234791459753123881E+02   -0.836619812842582178E+04   -0.680515351937697410E+01    1
    0.257616587939793291E+02   -0.831361541785869304E+04   -0.681515351937697567E+01    1
    0.235077812345123647E+02   -0.795227914810340189E+04   -0.682515351937697723E+01    1
    0.235100548792613893E+02   -0.791986389071066606E+04   -0.683515351937697613E+01    1
    0.235194814205169678E+02   -0.778617630322137757E+04   -0.684515351937697059E+01    1
    0.235550093650817871E+02   -0.729254423527282233E+04   -0.685515351937697126E+01    1
    0.256589985134845193E+02   -0.688306431827996676E+04   -0.686515351937697371E+01    1
    0.256511512883382053E+02   -0.677926739224650737E+04   -0.687515351937697083E+01    1
    0.256449484825134277E+02   -0.669777958129723356E+04   -0.688515351937697062E+01    1
    0.256137134753416831E+02   -0.629492509383913239E+04   -0.689515351937697307E+01    1
    0.236366117351250900E+02   -0.621994694473815434E+04   -0.690515351937697019E+01    1
    0.236405691563184313E+02   -0.617009790677024921E+04   -0.691515351937697176E+01    1
    0.236456525325775146E+02   -0.610636022452676025E+04   -0.692515351937697421E+01    1
    0.236550486087799072E+02   -0.598941909384965857E+04   -0.693515351937697400E+01    1
    0.255863356590270996E+02   -0.595209386616791289E+04   -0.694515351937697556E+01    1
    0.236599330558470484E+02   -0.592907516372400642E+04   -0.695515351937697623E+01    1
    0.255803015182425852E+02   -0.587782393359686284E+04   -0.696515351937697869E+01    1
    0.255753803253173828E+02   -0.581759769500514903E+04   -0.697515351937697670E+01    1
    0.236698722839355469E+02   -0.580722635492284007E+04   -0.698515351937697471E+01    1
    0.236710232898670085E+02   -0.579319746706652222E+04   -0.699515351937697627E+01    1
    0.236885313884323061E+02   -0.558189406199078530E+04   -0.700515351937697339E+01    1
    0.255535499747324764E+02   -0.555417423992488330E+04   -0.701515351937697229E+01    1
    0.255512108274598404E+02   -0.552631011906077038E+04   -0.702515351937697385E+01    1
    0.255084218744596001E+02   -0.502896878969458339E+04   -0.703515351937696920E+01    1
    0.237393522590776840E+02   -0.499077735816814857E+04   -0.704515351937696899E+01    1
    0.237451955773316428E+02   -0.492493163587087474E+04   -0.705515351937697233E+01    1
    0.254951310157775879E+02   -0.487926003739598582E+04   -0.706515351937697300E+01    1
    0.237524795532226562E+02   -0.484346404998922844E+04   -0.707515351937697190E+01    1
    0.237566162949312840E+02   -0.479749919874328225E+04   -0.708515351937697524E+01    1
    0.254789941963984603E+02   -0.470053491335663421E+04   -0.709515351937697947E+01    1
    0.254738926887512207E+02   -0.464472636362515004E+04   -0.710515351937697481E+01    1
    0.237942290306091309E+02   -0.438962521206877682E+04   -0.711515351937697194E+01    1
    0.254460978507995605E+02   -0.434651610551248632E+04   -0.712515351937697261E+01    1
    0.254396126614668461E+02   -0.427836013138553335E+04   -0.713515351937696796E+01    1
    0.238170019652723148E+02   -0.415147991062159144E+04   -0.714515351937696508E+01    1
    0.254265058040618896E+02   -0.414225811897556378E+04   -0.715515351937696753E+01    1
    0.238201166308651899E+02   -0.411942495021689956E+04   -0.716515351937696821E+01    1
    0.254196250442995435E+02   -0.407168871707912285E+04   -0.717515351937696444E+01    1
    0.238342074122716170E+02   -0.397596031598182253E+04   -0.718515351937696511E+01    1
    0.253919768333435059E+02   -0.379424016409683827E+04   -0.719515351937696845E+01    1
    0.238578666717280541E+02   -0.374079353246802748E+04   -0.720515351937697446E+01    1
    0.238605878168203631E+02   -0.371420571663607689E+04   -0.721515351937697869E+01    1
    0.238652873230767284E+02   -0.366851099052187328E+04   -0.722515351937697670E+01    1
    0.253572117906926238E+02   -0.345926799729767390E+04   -0.723515351937696849E+01    1
    0.253544583222914923E+02   -0.343339893981215891E+04   -0.724515351937696384E+01    1
    0.238924131339291854E+02   -0.341028622420343527E+04   -0.725515351937697073E+01    1
    0.238956575052251381E+02   -0.338003227122829276E+04   -0.726515351937697051E+01    1
    0.238979275932600963E+02   -0.335894372305935440E+04   -0.727515351937696853E+01    1
    0.253438533223575071E+02   -0.333467121798888229E+04   -0.728515351937696742E+01    1
    0.239049576542229723E+02   -0.329405486039594871E+04   -0.729515351937696988E+01    1
    0.239058394384494903E+02   -0.328596048796495279E+04   -0.730515351937697766E+01    1
    0.239115024620333223E+02   -0.323421386499111986E+04   -0.731515351937697655E+01    1
    0.239163863658905029E+02   -0.318991637654132774E+04   -0.732515351937697723E+01    1
    0.239259238716710598E+02   -0.310429097246325500E+04   -0.733515351937697524E+01    1
    0.253183405616578270E+02   -0.310305926690217575E+04   -0.734515351937696614E+01    1
    0.253087999613449064E+02   -0.301858843259370497E+04   -0.735515351937696948E+01    1
    0.239387694501531563E+02   -0.299080754400996238E+04   -0.736515351937697105E+01    1
    0.253031412335203392E+02   -0.296903775416580720E+04   -0.737515351937696906E+01    1
    0.252995474636146156E+02   -0.293778180221204047E+04   -0.738515351937697240E+01    1
    0.239460408450346307E+02   -0.292750551595891557E+04   -0.739515351937697218E+01    1
    0.252981871936180767E+02   -0.292599432962096216E+04   -0.740515351937697464E+01    1
    0.252882537411633450E+02   -0.284063394829062418E+04   -0.741515351937697265E+01    1
    0.252796797855158104E+02   -0.276797208437042991E+04   -0.742515351937696799E+01    1
    0.252772772312164307E+02   -0.274777997279655165E+04   -0.743515351937697044E+01    1
    0.239868295192718506E+02   -0.258496672945030696E+04   -0.744515351937697023E+01    1
    0.252575577091088910E+02   -0.258484180353218744E+04   -0.745515351937696646E+01    1
    0.239884281158447266E+02   -0.257197576769207126E+04   -0.746515351937696536E+01    1
    0.239900195598602295E+02   -0.255907543818345175E+04   -0.747515351937696515E+01    1
    0.252412376913987018E+02   -0.245375910103757542E+04   -0.748515351937696671E+01    1
    0.252409473422311095E+02   -0.245145789180156225E+04   -0.749515351937696561E+01    1
    0.252331090491109720E+02   -0.238974220567333941E+04   -0.750515351937696362E+01    1
    0.252175849318475578E+02   -0.226983360145120605E+04   -0.751515351937696874E+01    1
    0.252072691954629207E+02   -0.219186143481991257E+04   -0.752515351937696853E+01    1
    0.252059252688437780E+02   -0.218180361283887169E+04   -0.753515351937696742E+01    1
    0.240526808100193534E+02   -0.207691994648244327E+04   -0.754515351937696721E+01    1
    0.251902151107788086E+02   -0.206594578651456322E+04   -0.755515351937696877E+01    1
    0.240554439265169222E+02   -0.205681629545926626E+04   -0.756515351937697211E+01    1
    0.240558946314242341E+02   -0.205354636934999417E+04   -0.757515351937696835E+01    1
    0.251880491259286927E+02   -0.205022020605790931E+04   -0.758515351937696991E+01    1
    0.251706492900848389E+02   -0.192607302586260448E+04   -0.759515351937697325E+01    1
    0.240745028849436125E+02   -0.192081181937274096E+04   -0.760515351937697126E+01    1
    0.251694440841674805E+02   -0.191761750297974277E+04   -0.761515351937696572E+01    1
    0.240862525024701064E+02   -0.183928456015344364E+04   -0.762515351937696639E+01    1
    0.241064441677664831E+02   -0.170331000222192461E+04   -0.763515351937696973E+01    1
    0.251356972786028692E+02   -0.168840815901498718E+04   -0.764515351937696952E+01    1
    0.241098068363389508E+02   -0.168117230653733486E+04   -0.765515351937697019E+01    1
    0.251341994834167792E+02   -0.167857310312499408E+04   -0.766515351937697087E+01    1
    0.241122579574584961E+02   -0.166512691247532393E+04   -0.767515351937697066E+01    1
    0.241177028137661793E+02   -0.162975937964145578E+04   -0.768515351937697044E+01    1
    0.241179043582415957E+02   -0.162845751690150996E+04   -0.769515351937697201E+01    1
    0.251264488637266084E+02   -0.162813875893151362E+04   -0.770515351937697446E+01    1
    0.251262632242773662E+02   -0.162694021119872900E+04   -0.771515351937697069E+01    1
    0.251181439815108618E+02   -0.157495153763656253E+04   -0.772515351937696959E+01    1
    0.241281923142497199E+02   -0.156269416476809329E+04   -0.773515351937697382E+01    1
    0.241485156138803987E+02   -0.143676574208522334E+04   -0.774515351937697538E+01    1
    0.250911846701517121E+02   -0.140838259213049901E+04   -0.775515351937697517E+01    1
    0.241541057645955277E+02   -0.140305527755620506E+04   -0.776515351937697407E+01    1
    0.241716480255126953E+02   -0.129986797103987419E+04   -0.777515351937697297E+01    1
    0.241767817030590493E+02   -0.127041598135265940E+04   -0.778515351937696565E+01    1
    0.241782927513122559E+02   -0.126181136397448677E+04   -0.779515351937696011E+01    1
    0.241798951731686316E+02   -0.125271836817511394E+04   -0.780515351937696522E+01    1
    0.241824240031327804E+02   -0.123843533376297728E+04   -0.781515351937697123E+01    1
    0.241827446650120521E+02   -0.123663006043124983E+04   -0.782515351937697279E+01    1
    0.241908518531739425E+02   -0.119142543248749666E+04   -0.783515351937697524E+01    1
    0.241957514469739401E+02   -0.116451399127784816E+04   -0.784515351937695993E+01    1
    0.250413072415047893E+02   -0.112475275868895324E+04   -0.785515351937696593E+01    1
    0.250385880470275879E+02   -0.111020573539000247E+04   -0.786515351937697016E+01    1
    0.242070005038904092E+02   -0.110389074765989267E+04   -0.787515351937697172E+01    1
    0.242157559295126781E+02   -0.105782763424428367E+04   -0.788515351937697417E+01    1
    0.242170552716902421E+02   -0.105107532748667290E+04   -0.789515351937696952E+01    1
    0.250222277641296387E+02   -0.102468093989644990E+04   -0.790515351937697019E+01    1
    0.242244681672692828E+02   -0.101296617764779398E+04   -0.791515351937696643E+01    1
    0.250191429586156850E+02   -0.100893893834230084E+04   -0.792515351937696444E+01    1
    0.242270761465618385E+02   -0.999726088781958765E+03   -0.793515351937696778E+01    1
    0.250131997457437549E+02   -0.978953824407771890E+03   -0.794515351937696490E+01    1
    0.242363657422573624E+02   -0.953272722553425524E+03   -0.795515351937696735E+01    1
    0.249990158271037970E+02   -0.909220095495430769E+03   -0.796515351937696447E+01    1
    0.249952825177028650E+02   -0.891293984323415771E+03   -0.797515351937695893E+01    1
    0.249906025403989283E+02   -0.869074404590263612E+03   -0.798515351937696582E+01    1
    0.249898845555456290E+02   -0.865690374896129811E+03   -0.799515351937696650E+01    1
    0.249874427200890530E+02   -0.854230841050950062E+03   -0.800515351937696096E+01    1
    0.242639201618767153E+02   -0.821985183363049714E+03   -0.801515351937696785E+01    1
    0.242714292102991607E+02   -0.787892990701923623E+03   -0.802515351937697652E+01    1
    0.242714993408206716E+02   -0.787577991199364760E+03   -0.803515351937696920E+01    1
    0.249691032682889400E+02   -0.770604131477618807E+03   -0.804515351937696543E+01    1
    0.249616636763558226E+02   -0.737908100006688983E+03   -0.805515351937697233E+01    1
    0.249597986865941337E+02   -0.729822827346479244E+03   -0.806515351937697034E+01    1
    0.242868297653474912E+02   -0.720231338872686933E+03   -0.807515351937696657E+01    1
    0.249533827856153749E+02   -0.702348225296640067E+03   -0.808515351937696636E+01    1
    0.249520103630089025E+02   -0.696539587098893662E+03   -0.809515351937696259E+01    1
    0.242938049453109812E+02   -0.690585561281086598E+03   -0.810515351937696593E+01    1
    0.249411256794323499E+02   -0.651325547654183652E+03   -0.811515351937696572E+01    1
    0.243041426603179218E+02   -0.647794403220858499E+03   -0.812515351937696728E+01    1
    0.243091139690866029E+02   -0.627703857144896460E+03   -0.813515351937696707E+01    1
    0.243124782429437047E+02   -0.614287383630113482E+03   -0.814515351937696508E+01    1
    0.249309652599494207E+02   -0.610489198001358545E+03   -0.815515351937696664E+01    1
    0.249305069446563721E+02   -0.608678317809927876E+03   -0.816515351937696643E+01    1
    0.243221700191497803E+02   -0.576447528518006834E+03   -0.817515351937696622E+01    1
    0.243233266075690082E+02   -0.572012170588432241E+03   -0.818515351937696600E+01    1
    0.243298391802028462E+02   -0.547357157623338026E+03   -0.819515351937696224E+01    1
    0.249139774167620693E+02   -0.545165396054354574E+03   -0.820515351937696558E+01    1
    0.249082816899116892E+02   -0.524090745756220144E+03   -0.821515351937696714E+01    1
    0.243381594030372383E+02   -0.516649043592711109E+03   -0.822515351937696693E+01    1
    0.243398925404962299E+02   -0.510363981029263527E+03   -0.823515351937696671E+01    1
    0.249040016791741294E+02   -0.508527748674020472E+03   -0.824515351937696295E+01    1
    0.249033349411215141E+02   -0.506124470991165197E+03   -0.825515351937696096E+01    1
    0.243483104993179147E+02   -0.480384188311394837E+03   -0.826515351937696252E+01    1
    0.248924773946068498E+02   -0.467789305324373913E+03   -0.827515351937696408E+01    1
    0.248924391225090389E+02   -0.467656846662058172E+03   -0.828515351937696565E+01    1
    0.248875405832847534E+02   -0.450857986673226947E+03   -0.829515351937696543E+01    1
    0.243568976791308529E+02   -0.450736752692994571E+03   -0.830515351937696344E+01    1
    0.243608236312866211E+02   -0.437496871748043532E+03   -0.831515351937696146E+01    1
    0.243619681162821351E+02   -0.433674368098877210E+03   -0.832515351937696302E+01    1
    0.243668247594656151E+02   -0.417640124283932437E+03   -0.833515351937696813E+01    1
    0.243677617310619929E+02   -0.414581464544219955E+03   -0.834515351937696437E+01    1
    0.248738139214990071E+02   -0.405421338111932982E+03   -0.835515351937696593E+01    1
    0.248733886707656886E+02   -0.404052249522245063E+03   -0.836515351937696927E+01    1
    0.243722653066940396E+02   -0.400036834366812855E+03   -0.837515351937696906E+01    1
    0.248709058327685497E+02   -0.396105020960495608E+03   -0.838515351937696174E+01    1
    0.243751179555132786E+02   -0.390958361859788795E+03   -0.839515351937695975E+01    1
    0.243780932471359257E+02   -0.381600611022971009E+03   -0.840515351937696487E+01    1
    0.243789074823463565E+02   -0.379059472990738470E+03   -0.841515351937696821E+01    1
    0.243827080051299419E+02   -0.367310762705914385E+03   -0.842515351937696266E+01    1
    0.243854545076322466E+02   -0.358935525164979538E+03   -0.843515351937695534E+01    1
    0.243869443193383617E+02   -0.354432876739513119E+03   -0.844515351937695691E+01    1
    0.248565221768381619E+02   -0.351618291240849999E+03   -0.845515351937696202E+01    1
    0.248528121171536043E+02   -0.340573404478342468E+03   -0.846515351937696536E+01    1
    0.248489315977378240E+02   -0.329209663503762442E+03   -0.847515351937696160E+01    1
    0.248485767099008115E+02   -0.328180031893548176E+03   -0.848515351937696316E+01    1
    0.248470131534128562E+02   -0.323662911908810827E+03   -0.849515351937696295E+01    1
    0.248462659235599368E+02   -0.321515218517849689E+03   -0.850515351937696629E+01    1
    0.248446660225412188E+02   -0.316940816384942366E+03   -0.851515351937696785E+01    1
    0.248444796617291779E+02   -0.316410109139093265E+03   -0.852515351937696408E+01    1
    0.244002395754400823E+02   -0.315509377060943393E+03   -0.853515351937696032E+01    1
    0.244021734924764928E+02   -0.310036180982725909E+03   -0.854515351937695655E+01    1
    0.248356917839233233E+02   -0.291889491378035700E+03   -0.855515351937696344E+01    1
    0.248326691205092942E+02   -0.283684008259818484E+03   -0.856515351937696323E+01    1
    0.248304397215129455E+02   -0.277706936675457541E+03   -0.857515351937696124E+01    1
    0.244143965223919537E+02   -0.276551673378508838E+03   -0.858515351937696103E+01    1
    0.248298808608335513E+02   -0.276218595582684941E+03   -0.859515351937696259E+01    1
    0.248288363568879475E+02   -0.273447627254767951E+03   -0.860515351937696771E+01    1
    0.244161379996636541E+02   -0.271936681684106077E+03   -0.861515351937696039E+01    1
    0.244167164908941245E+02   -0.270412247870069166E+03   -0.862515351937695662E+01    1
    0.248263312254434183E+02   -0.266858693333298731E+03   -0.863515351937696352E+01    1
    0.248250226250966080E+02   -0.263448801211163357E+03   -0.864515351937696508E+01    1
    0.248238644236245349E+02   -0.260449105772673988E+03   -0.865515351937695954E+01    1
    0.244234233212861618E+02   -0.253051346385261240E+03   -0.866515351937696288E+01    1
    0.244265286982698555E+02   -0.245208059308227689E+03   -0.867515351937696266E+01    1
    0.248175819902203649E+02   -0.244477170221850741E+03   -0.868515351937696423E+01    1
    0.248148555765090038E+02   -0.237703035307005365E+03   -0.869515351937696934E+01    1
    0.244303207011706789E+02   -0.235798025792352377E+03   -0.870515351937696735E+01    1
    0.244311253683964580E+02   -0.233824890003401180E+03   -0.871515351937696181E+01    1
    0.248077833460137924E+02   -0.220574869378369044E+03   -0.872515351937695982E+01    1
    0.248065538474057199E+02   -0.217662515065426931E+03   -0.873515351937696316E+01    1
    0.244384952759280019E+02   -0.216138797471514152E+03   -0.874515351937695762E+01    1
    0.248039889494816492E+02   -0.211649272540883658E+03   -0.875515351937695741E+01    1
    0.244431417881421140E+02   -0.205345745109079104E+03   -0.876515351937696252E+01    1
    0.244452287698920685E+02   -0.200588024706891332E+03   -0.877515351937696231E+01    1
    0.244454748973397180E+02   -0.200030601587791239E+03   -0.878515351937696209E+01    1
    0.244461434511685098E+02   -0.198520393646531488E+03   -0.879515351937696188E+01    1
    0.244461748285154314E+02   -0.198449655433646655E+03   -0.880515351937695812E+01    1
    0.244490437627720887E+02   -0.192035106506917316E+03   -0.881515351937695790E+01    1
    0.247942212133570230E+02   -0.189520758339864329E+03   -0.882515351937695769E+01    1
    0.244503956166642986E+02   -0.189049079519006227E+03   -0.883515351937695925E+01    1
    0.247937585072231244E+02   -0.188502821769431080E+03   -0.884515351937695904E+01    1
    0.247926447711904743E+02   -0.186063885439487592E+03   -0.885515351937696238E+01    1
    0.244539623773470822E+02   -0.181283014189723531E+03   -0.886515351937696394E+01    1
    0.247901090535548256E+02   -0.180570249583022871E+03   -0.887515351937696018E+01    1
    0.244557446342441622E+02   -0.177463470602407426E+03   -0.888515351937696174E+01    1
    0.244562775030665094E+02   -0.176329382022795443E+03   -0.889515351937696330E+01    1
    0.247829321632506598E+02   -0.165467844044822385E+03   -0.890515351937696309E+01    1
    0.244636588967195259E+02   -0.160993844338192133E+03   -0.891515351937696288E+01    1
    0.244638696654457455E+02   -0.160566198740240765E+03   -0.892515351937696089E+01    1
    0.244655861126747531E+02   -0.157104742361311054E+03   -0.893515351937696423E+01    1
    0.244672087679081862E+02   -0.153867124112487375E+03   -0.894515351937696579E+01    1
    0.247750977808494781E+02   -0.149734903078803143E+03   -0.895515351937696202E+01    1
    0.247717393219165061E+02   -0.143231171551463092E+03   -0.896515351937696181E+01    1
    0.247679008057084715E+02   -0.135974688805606405E+03   -0.897515351937695982E+01    1
    0.244783391795505523E+02   -0.132567966700597879E+03   -0.898515351937695428E+01    1
    0.247649020095829471E+02   -0.130436933646733962E+03   -0.899515351937695407E+01    1
    0.247641000568930174E+02   -0.128975516968245927E+03   -0.900515351937695741E+01    1
    0.247574324744720471E+02   -0.117143928450141345E+03   -0.901515351937696252E+01    1
    0.247568062989991979E+02   -0.116062027622989277E+03   -0.902515351937696408E+01    1
    0.247557797184784540E+02   -0.114299174330494822E+03   -0.903515351937696032E+01    1
    0.247543544315327289E+02   -0.111874035197852947E+03   -0.904515351937695833E+01    1
    0.247515006880240804E+02   -0.107096553853622083E+03   -0.905515351937695989E+01    1
    0.244986581505382723E+02   -0.977772925267365736E+02   -0.906515351937695790E+01    1
    0.244990503787994385E+02   -0.971577248333945533E+02   -0.907515351937695591E+01    1
    0.245003986889604803E+02   -0.950429473213684446E+02   -0.908515351937695925E+01    1
    0.247437680115211514E+02   -0.946753682179580949E+02   -0.909515351937696437E+01    1
    0.245019577651712765E+02   -0.926266148729028913E+02   -0.910515351937696060E+01    1
    0.247419393676447541E+02   -0.918499268871943428E+02   -0.911515351937695506E+01    1
    0.247416108712948102E+02   -0.913469038438046397E+02   -0.912515351937696195E+01    1
    0.247409018442140827E+02   -0.902658883874970712E+02   -0.913515351937696529E+01    1
    0.245062896199196913E+02   -0.860762936984870919E+02   -0.914515351937696153E+01    1
    0.247378512755630560E+02   -0.856882871342880321E+02   -0.915515351937696131E+01    1
    0.245088179186852386E+02   -0.823642399058047943E+02   -0.916515351937695577E+01    1
    0.245092444531569598E+02   -0.817460711477335735E+02   -0.917515351937695733E+01    1
    0.245108408225954619E+02   -0.794531591456850919E+02   -0.918515351937696067E+01    1
    0.245121326916221349E+02   -0.776215014320857222E+02   -0.919515351937696046E+01    1
    0.247319901462371377E+02   -0.772276854997677447E+02   -0.920515351937696202E+01    1
    0.247286553654962802E+02   -0.726102546166200824E+02   -0.921515351937696536E+01    1
    0.247277785274040909E+02   -0.714198061256260246E+02   -0.922515351937696337E+01    1
    0.245167841583446631E+02   -0.712035025156681058E+02   -0.923515351937695961E+01    1
    0.245183111622239522E+02   -0.691569841920871227E+02   -0.924515351937695584E+01    1
    0.245216414682458499E+02   -0.647972264631647050E+02   -0.925515351937695918E+01    1
    0.245217767886764157E+02   -0.646230791571858703E+02   -0.926515351937696607E+01    1
    0.247225655478199400E+02   -0.645456232212380598E+02   -0.927515351937695876E+01    1
    0.245227303247058543E+02   -0.634025974949597924E+02   -0.928515351937695499E+01    1
    0.247201380450488202E+02   -0.614633164211060716E+02   -0.929515351937696188E+01    1
    0.245274280201863490E+02   -0.575597546457720171E+02   -0.930515351937696522E+01    1
    0.247149052465866887E+02   -0.550756701760740484E+02   -0.931515351937695790E+01    1
    0.245297416510072104E+02   -0.547860037735316965E+02   -0.932515351937696657E+01    1
    0.247143877737872835E+02   -0.544630473414107996E+02   -0.933515351937696458E+01    1
    0.245310147090378479E+02   -0.532890051508587774E+02   -0.934515351937696082E+01    1
    0.245311617851257324E+02   -0.531173946643194128E+02   -0.935515351937695883E+01    1
    0.245313200691744271E+02   -0.529330160543034438E+02   -0.936515351937696394E+01    1
    0.247119725333922915E+02   -0.516490604866783727E+02   -0.937515351937696728E+01    1
    0.245332731871966416E+02   -0.506843140793733653E+02   -0.938515351937696352E+01    1
    0.245345007128983141E+02   -0.492960150382221087E+02   -0.939515351937695797E+01    1
    0.245352899027765901E+02   -0.484136532112899971E+02   -0.940515351937695776E+01    1
    0.247084982544348861E+02   -0.477322115097057349E+02   -0.941515351937695755E+01    1
    0.245369518379743603E+02   -0.465815933344636832E+02   -0.942515351937696089E+01    1
    0.245382839554388994E+02   -0.451386514876444878E+02   -0.943515351937695712E+01    1
    0.247060337006665023E+02   -0.450474309085698295E+02   -0.944515351937694980E+01    1
    0.245395115443246254E+02   -0.438290546788225086E+02   -0.945515351937695137E+01    1
    0.245401976012676144E+02   -0.431055728015023973E+02   -0.946515351937695826E+01    1
    0.247022700473153662E+02   -0.410975603704798758E+02   -0.947515351937695982E+01    1
    0.247018701001250420E+02   -0.406884872786466190E+02   -0.948515351937695605E+01    1
    0.247011329237725263E+02   -0.399398576861136476E+02   -0.949515351937695584E+01    1
    0.247009990174874154E+02   -0.398046178290975519E+02   -0.950515351937695741E+01    1
    0.245464080920447820E+02   -0.368305463816338090E+02   -0.951515351937695897E+01    1
    0.245464309081063412E+02   -0.368084038771248814E+02   -0.952515351937695876E+01    1
    0.246975870931428787E+02   -0.364361796952783621E+02   -0.953515351937695854E+01    1
    0.246968988155717497E+02   -0.357747445504244226E+02   -0.954515351937695833E+01    1
    0.245476284578654642E+02   -0.356555650220228415E+02   -0.955515351937695989E+01    1
    0.246948142319846902E+02   -0.338084701813041590E+02   -0.956515351937696323E+01    1
    0.246947072923167532E+02   -0.337091004449336964E+02   -0.957515351937696302E+01    1
    0.245497952509209050E+02   -0.336163475184974914E+02   -0.958515351937695215E+01    1
    0.246938377091668819E+02   -0.329065097406956042E+02   -0.959515351937695371E+01    1
    0.246935057234357735E+02   -0.326026543244235825E+02   -0.960515351937695527E+01    1
    0.245514784353179643E+02   -0.320737585583062810E+02   -0.961515351937695861E+01    1
    0.246918920019395856E+02   -0.311457737930557244E+02   -0.962515351937695662E+01    1
    0.245529711219880937E+02   -0.307361096326204120E+02   -0.963515351937695286E+01    1
    0.246908438582103358E+02   -0.302173661412178127E+02   -0.964515351937695797E+01    1
    0.246902134108994815E+02   -0.296657149875285953E+02   -0.965515351937696309E+01    1
    0.246900144441451523E+02   -0.294926726774052490E+02   -0.966515351937695755E+01    1
    0.245543954621059619E+02   -0.294863123528939184E+02   -0.967515351937695556E+01    1
    0.245550895330967691E+02   -0.288867095431431267E+02   -0.968515351937696067E+01    1
    0.245551817449503886E+02   -0.288075126580969609E+02   -0.969515351937696224E+01    1
    0.245558630420855266E+02   -0.282257495596573094E+02   -0.970515351937696025E+01    1
    0.246878154872030606E+02   -0.276139927897615536E+02   -0.971515351937696003E+01    1
    0.245573517004236024E+02   -0.269752607327978566E+02   -0.972515351937696160E+01    1
    0.245577304372881144E+02   -0.266616463520621281E+02   -0.973515351937696316E+01    1
    0.245578552909352616E+02   -0.265586634508484494E+02   -0.974515351937696295E+01    1
    0.246863911471861179E+02   -0.264301524650545048E+02   -0.975515351937696273E+01    1
    0.245582556235464899E+02   -0.262298037775880601E+02   -0.976515351937695542E+01    1
    0.245583266630112362E+02   -0.261716616795413479E+02   -0.977515351937695698E+01    1
    0.246859019107285462E+02   -0.260295180819146736E+02   -0.978515351937696209E+01    1
    0.245585064681625340E+02   -0.260247893384824778E+02   -0.979515351937696011E+01    1
    0.246851602842709923E+02   -0.254280472466233007E+02   -0.980515351937695812E+01    1
    0.246845606789285554E+02   -0.249469072375594649E+02   -0.981515351937695613E+01    1
    0.246838157012639350E+02   -0.243555303309530693E+02   -0.982515351937695769E+01    1
    0.246835896998781941E+02   -0.241775314100634695E+02   -0.983515351937696103E+01    1
    0.245614620724051349E+02   -0.236698664573851829E+02   -0.984515351937696082E+01    1
    0.246818907761992037E+02   -0.228603975025270998E+02   -0.985515351937696060E+01    1
    0.245630002021789551E+02   -0.224885960125578137E+02   -0.986515351937695506E+01    1
    0.245633718240204679E+02   -0.222077379569889999E+02   -0.987515351937695307E+01    1
    0.245653101490266508E+02   -0.207714930208071706E+02   -0.988515351937695641E+01    1
    0.245660141867955062E+02   -0.202617324698247216E+02   -0.989515351937695975E+01    1
    0.246782967247384271E+02   -0.201958253227352245E+02   -0.990515351937695954E+01    1
    0.245661806562586413E+02   -0.201421276746599389E+02   -0.991515351937695577E+01    1
    0.245663127593707458E+02   -0.200474669312016687E+02   -0.992515351937695911E+01    1
    0.245672017535036602E+02   -0.194162554095598310E+02   -0.993515351937696067E+01    1
    0.245674207022970421E+02   -0.192623487247811696E+02   -0.994515351937695513E+01    1
    0.246764313636175707E+02   -0.188780843426830387E+02   -0.995515351937695492E+01    1
    0.246760760456677737E+02   -0.186321305992623216E+02   -0.996515351937695826E+01    1
    0.245696901356421087E+02   -0.177032452546011427E+02   -0.997515351937695982E+01    1
    0.246742959253690088E+02   -0.174242584013717483E+02   -0.998515351937696138E+01    1
    0.245701404922813396E+02   -0.174016927120542100E+02   -0.999515351937695584E+01    1
    0.245702520798474708E+02   -0.173273767431623469E+02   -0.100051535193769503E+02    1
    0.245705789718884304E+02   -0.171105883925453597E+02   -0.100151535193769536E+02    1
    0.246737811056431937E+02   -0.170825008518527568E+02   -0.100251535193769570E+02    1
    0.246733200921310498E+02   -0.167793425632494326E+02   -0.100351535193769603E+02    1
    0.246730544359675399E+02   -0.166058855730389041E+02   -0.100451535193769637E+02    1
    0.246721018730497903E+02   -0.159913514635097584E+02   -0.100551535193769475E+02    1
    0.246713750653958606E+02   -0.155302760607564245E+02   -0.100651535193769543E+02    1
    0.245734865672769693E+02   -0.152425471079875727E+02   -0.100751535193769577E+02    1
    0.245736708574377332E+02   -0.151277948252849175E+02   -0.100851535193769539E+02    1
    0.246704853735302621E+02   -0.149750783341499147E+02   -0.100951535193769484E+02    1
    0.245742009527594405E+02   -0.148001442374324306E+02   -0.101051535193769499E+02    1
    0.245746464315209465E+02   -0.145275777104102168E+02   -0.101151535193769551E+02    1
    0.246693208106623239E+02   -0.142636700575274809E+02   -0.101251535193769566E+02    1
    0.246691223836670979E+02   -0.141441867031819282E+02   -0.101351535193769582E+02    1
    0.246689639172808910E+02   -0.140491278700946669E+02   -0.101451535193769562E+02    1
    0.245755046936928352E+02   -0.140096141060477617E+02   -0.101551535193769507E+02    1
    0.245755193697371510E+02   -0.140008391046236955E+02   -0.101651535193769487E+02    1
    0.245757086652860011E+02   -0.138879040169667078E+02   -0.101751535193769485E+02    1
    0.246684389677919071E+02   -0.137365249120264323E+02   -0.101851535193769500E+02    1
    0.246684320760084788E+02   -0.137324443831374889E+02   -0.101951535193769534E+02    1
    0.245772841424819717E+02   -0.129657659317407212E+02   -0.102051535193769531E+02    1
    0.245774025672965735E+02   -0.128977355044569784E+02   -0.102151535193769565E+02    1
    0.245780499385855578E+02   -0.125290203736033483E+02   -0.102251535193769545E+02    1
    0.246662793699833998E+02   -0.124876250984517192E+02   -0.102351535193769507E+02    1
    0.246660033374469592E+02   -0.123322998180027774E+02   -0.102451535193769541E+02    1
    0.245785019423433120E+02   -0.122747601184745232E+02   -0.102551535193769521E+02    1
    0.246657520410469289E+02   -0.121917422344407882E+02   -0.102651535193769536E+02    1
    0.245791482058879254E+02   -0.119157699729267712E+02   -0.102751535193769570E+02    1
    0.245797040314841375E+02   -0.116112950653394478E+02   -0.102851535193769532E+02    1
    0.245797475138271615E+02   -0.115876427956489696E+02   -0.102951535193769512E+02    1
    0.246634237035369424E+02   -0.109278922646018604E+02   -0.103051535193769492E+02    1
    0.245812685091300764E+02   -0.107755322925381929E+02   -0.103151535193769526E+02    1
    0.246624875016965142E+02   -0.104392801279053558E+02   -0.103251535193769541E+02    1
    0.246622317017650268E+02   -0.103077282483367494E+02   -0.103351535193769539E+02    1
    0.245822254914482414E+02   -0.102797514951106113E+02   -0.103451535193769555E+02    1
    0.245826260182844969E+02   -0.100757333196003422E+02   -0.103551535193769570E+02    1
    0.246617591082138219E+02   -0.100668886863579026E+02   -0.103651535193769533E+02    1
    0.246612557630923064E+02   -0.981352316787548773E+01   -0.103751535193769513E+02    1
    0.245833462418157929E+02   -0.971403831933945483E+01   -0.103851535193769564E+02    1
    0.245837298622948026E+02   -0.952409622871316586E+01   -0.103951535193769562E+02    1
    0.246604387826070521E+02   -0.940919199426965136E+01   -0.104051535193769507E+02    1
    0.246596606732332759E+02   -0.903204574441554442E+01   -0.104151535193769558E+02    1
    0.245854052534691725E+02   -0.871664793496292312E+01   -0.104251535193769538E+02    1
    0.245855918645360099E+02   -0.862893634466652593E+01   -0.104351535193769482E+02    1
    0.245858442870206275E+02   -0.851100144566493988E+01   -0.104451535193769534E+02    1
    0.245858944706171627E+02   -0.848765228703340036E+01   -0.104551535193769531E+02    1
    0.245867803785900350E+02   -0.808077175077180243E+01   -0.104651535193769529E+02    1
    0.246575881987996937E+02   -0.806535441652291141E+01   -0.104751535193769580E+02    1
    0.246573153945309684E+02   -0.794220348225201001E+01   -0.104851535193769543E+02    1
    0.245871205514703917E+02   -0.792720747996383057E+01   -0.104951535193769523E+02    1
    0.246569380310871651E+02   -0.777342282081177594E+01   -0.105051535193769539E+02    1
    0.245882028981026473E+02   -0.744846226516622867E+01   -0.105151535193769536E+02    1
    0.245883109393245149E+02   -0.740149681752953903E+01   -0.105251535193769499E+02    1
    0.245887188159364953E+02   -0.722554053668053253E+01   -0.105351535193769514E+02    1
    0.246550472353490804E+02   -0.695520062702379249E+01   -0.105451535193769512E+02    1
    0.245897232295361334E+02   -0.680132363738698764E+01   -0.105551535193769528E+02    1
    0.245897987868115138E+02   -0.676993430220057668E+01   -0.105651535193769543E+02    1
    0.245898467628181798E+02   -0.675004121274593416E+01   -0.105751535193769524E+02    1
    0.246541783007554329E+02   -0.659453304473668389E+01   -0.105851535193769575E+02    1
    0.245902701733850577E+02   -0.657575344614020274E+01   -0.105951535193769573E+02    1
    0.245905045881182538E+02   -0.648024909626895695E+01   -0.106051535193769570E+02    1
    0.245911676226341598E+02   -0.621392822905084063E+01   -0.106151535193769551E+02    1
    0.246530674887820496E+02   -0.614755097915716320E+01   -0.106251535193769495E+02    1
    0.246527861039302323E+02   -0.603683228718418974E+01   -0.106351535193769458E+02    1
    0.245923493062300906E+02   -0.575323972274887829E+01   -0.106451535193769526E+02    1
    0.246517183031424949E+02   -0.562590110324759252E+01   -0.106551535193769560E+02    1
    0.246514414748225192E+02   -0.552175026217214615E+01   -0.106651535193769540E+02    1
    0.246513010088483462E+02   -0.546927821230055677E+01   -0.106751535193769556E+02    1
    0.246510544453583123E+02   -0.537778372328029342E+01   -0.106851535193769500E+02    1
    0.246508695403618034E+02   -0.530968024004592731E+01   -0.106951535193769480E+02    1
    0.245936202284630951E+02   -0.527771980355890591E+01   -0.107051535193769549E+02    1
    0.245945345990019248E+02   -0.494839941777802572E+01   -0.107151535193769494E+02    1
    0.246492848897126642E+02   -0.474398307368546401E+01   -0.107251535193769456E+02    1
    0.246476303828042411E+02   -0.418766386255131184E+01   -0.107351535193769543E+02    1
    0.246475707817781071E+02   -0.416827749091753130E+01   -0.107451535193769505E+02    1
    0.246474300318628217E+02   -0.412267645763753698E+01   -0.107551535193769414E+02    1
    0.245974293677971083E+02   -0.397642172478277800E+01   -0.107651535193769483E+02    1
    0.245977514186364452E+02   -0.387492007789067383E+01   -0.107751535193769499E+02    1
    0.246466210121645517E+02   -0.386548526145288251E+01   -0.107851535193769426E+02    1
    0.245979479404890320E+02   -0.381363429310814972E+01   -0.107951535193769441E+02    1
    0.245980060938694649E+02   -0.379559386127963272E+01   -0.108051535193769528E+02    1
    0.245981248403755899E+02   -0.375889064142779361E+01   -0.108151535193769561E+02    1
    0.245983368259009403E+02   -0.369381720613798770E+01   -0.108251535193769524E+02    1
    0.245983533702633785E+02   -0.368876277399307817E+01   -0.108351535193769521E+02    1
    0.246458450637133843E+02   -0.362668246355031076E+01   -0.108451535193769519E+02    1
    0.246456359962338212E+02   -0.356365931448511564E+01   -0.108551535193769482E+02    1
    0.246455866636652701E+02   -0.354886969288558163E+01   -0.108651535193769480E+02    1
    0.245990357265919926E+02   -0.348335121821667748E+01   -0.108751535193769477E+02    1
    0.245992187507941189E+02   -0.342926911261150513E+01   -0.108851535193769493E+02    1
    0.245993679343423466E+02   -0.338550397222378274E+01   -0.108951535193769473E+02    1
    0.246445342087017849E+02   -0.324077465426176659E+01   -0.109051535193769453E+02    1
    0.245998957093172876E+02   -0.323296130519683178E+01   -0.109151535193769469E+02    1
    0.246444353186705882E+02   -0.321255468184620652E+01   -0.109251535193769485E+02    1
    0.246441381593976203E+02   -0.312850874950366986E+01   -0.109351535193769500E+02    1
    0.246437901279116396E+02   -0.303151236293038551E+01   -0.109451535193769498E+02    1
    0.246006173503270702E+02   -0.303015882538387826E+01   -0.109551535193769460E+02    1
    0.246435751359328883E+02   -0.297236915965382220E+01   -0.109651535193769440E+02    1
    0.246013094161591823E+02   -0.284193251243435663E+01   -0.109751535193769456E+02    1
    0.246425870686754607E+02   -0.270816827002622995E+01   -0.109851535193769454E+02    1
    0.246018527553710911E+02   -0.269845454067857471E+01   -0.109951535193769434E+02    1
    0.246424841960756424E+02   -0.268137960793754093E+01   -0.110051535193769485E+02    1
    0.246419934073811575E+02   -0.255544081798461375E+01   -0.110151535193769536E+02    1
    0.246024983241851842E+02   -0.253289563167978082E+01   -0.110251535193769499E+02    1
    0.246025881448012242E+02   -0.251028369268252849E+01   -0.110351535193769461E+02    1
    0.246026660481259043E+02   -0.249075554326771575E+01   -0.110451535193769441E+02    1
    0.246026801933617527E+02   -0.248721807182581855E+01   -0.110551535193769439E+02    1
    0.246028651452122524E+02   -0.244120069378757520E+01   -0.110651535193769455E+02    1
    0.246415126231073245E+02   -0.243506021472323875E+01   -0.110751535193769488E+02    1
    0.246411830834648384E+02   -0.235425866815088991E+01   -0.110851535193769504E+02    1
    0.246032570670758517E+02   -0.234513533346269387E+01   -0.110951535193769502E+02    1
    0.246411032095986826E+02   -0.233488336865035961E+01   -0.111051535193769553E+02    1
    0.246410758315837271E+02   -0.232826098391839054E+01   -0.111151535193769551E+02    1
    0.246034829164903002E+02   -0.229066996454695859E+01   -0.111251535193769460E+02    1
    0.246041118083658681E+02   -0.214244965363555018E+01   -0.111351535193769493E+02    1
    0.246042704614200680E+02   -0.210585757245061078E+01   -0.111451535193769491E+02    1
    0.246050468662533639E+02   -0.193143444862463243E+01   -0.111551535193769507E+02    1
    0.246392571495683192E+02   -0.190984331395291052E+01   -0.111651535193769469E+02    1
    0.246052146913307936E+02   -0.189474640065120381E+01   -0.111751535193769467E+02    1
    0.246053309877568012E+02   -0.186953454584810208E+01   -0.111851535193769482E+02    1
    0.246053774191529797E+02   -0.185951708226814016E+01   -0.111951535193769498E+02    1
    0.246058026772293097E+02   -0.176905306009695829E+01   -0.112051535193769514E+02    1
    0.246059931988770231E+02   -0.172927510475082036E+01   -0.112151535193769529E+02    1
    0.246060331809378852E+02   -0.172098648378081442E+01   -0.112251535193769527E+02    1
    0.246061096731275377E+02   -0.170518605057298611E+01   -0.112351535193769525E+02    1
    0.246382744770568252E+02   -0.170138994315781278E+01   -0.112451535193769505E+02    1
    0.246381772548863331E+02   -0.168143855902820127E+01   -0.112551535193769485E+02    1
    0.246066636444173383E+02   -0.159299258823692225E+01   -0.112651535193769465E+02    1
    0.246066738632088153E+02   -0.159095993575044736E+01   -0.112751535193769428E+02    1
    0.246068338962167843E+02   -0.155930171708167165E+01   -0.112851535193769514E+02    1
    0.246374296211254240E+02   -0.153205786643864128E+01   -0.112951535193769441E+02    1
    0.246070389976164101E+02   -0.151920745792448719E+01   -0.113051535193769475E+02    1
    0.246373237861525247E+02   -0.151148992105541669E+01   -0.113151535193769508E+02    1
    0.246076672329781374E+02   -0.139974906373140628E+01   -0.113251535193769524E+02    1
    0.246082503144265985E+02   -0.129339914168507142E+01   -0.113351535193769486E+02    1
    0.246084190371796119E+02   -0.126343752018744526E+01   -0.113451535193769519E+02    1
    0.246084782768792181E+02   -0.125300426263839748E+01   -0.113551535193769464E+02    1
    0.246087289882586688E+02   -0.120934671160114293E+01   -0.113651535193769444E+02    1
    0.246355870957137242E+02   -0.119447118175761746E+01   -0.113751535193769477E+02    1
    0.246355456909995887E+02   -0.118738449431997806E+01   -0.113851535193769493E+02    1
    0.246088770073191085E+02   -0.118394936667688722E+01   -0.113951535193769544E+02    1
    0.246090701322484371E+02   -0.115123454424582983E+01   -0.114051535193769453E+02    1
    0.246091038854470270E+02   -0.114556588104998425E+01   -0.114151535193769433E+02    1
    0.246093101731625552E+02   -0.111123806521594326E+01   -0.114251535193769502E+02    1
    0.246349391215489675E+02   -0.108608285669966875E+01   -0.114351535193769465E+02    1
    0.246096528165784783E+02   -0.105542398941828619E+01   -0.114451535193769427E+02    1
    0.246347369092597219E+02   -0.105335909219426926E+01   -0.114551535193769425E+02    1
    0.246099809366916880E+02   -0.100338491980547673E+01   -0.114651535193769476E+02    1
    0.246343813090786838E+02   -0.997082865168976373E+00   -0.114751535193769509E+02    1
    0.246343427887360420E+02   -0.991083960186861956E+00   -0.114851535193769489E+02    1
    0.246343219824697464E+02   -0.987851632807052793E+00   -0.114951535193769505E+02    1
    0.246101616894265263E+02   -0.975306925330103325E+00   -0.115051535193769467E+02    1
    0.246341765726134163E+02   -0.965416454894285181E+00   -0.115151535193769430E+02    1
    0.246104367697224795E+02   -0.933379048938333011E+00   -0.115251535193769428E+02    1
    0.246338945906687101E+02   -0.922681354240203033E+00   -0.115351535193769426E+02    1
    0.246338193632966629E+02   -0.911452513349321980E+00   -0.115451535193769423E+02    1
    0.246106169159658918E+02   -0.906446170729201750E+00   -0.115551535193769439E+02    1
    0.246106661156907442E+02   -0.899162785893534156E+00   -0.115651535193769455E+02    1
    0.246336272940144596E+02   -0.883111954985392744E+00   -0.115751535193769453E+02    1
    0.246335221626799026E+02   -0.867799489742892227E+00   -0.115851535193769433E+02    1
    0.246334309936337270E+02   -0.854635236712530832E+00   -0.115951535193769448E+02    1
    0.246334051426356808E+02   -0.850921880561674060E+00   -0.116051535193769446E+02    1
    0.246333520388690737E+02   -0.843320658446649607E+00   -0.116151535193769408E+02    1
    0.246333222380504289E+02   -0.839070817596109242E+00   -0.116251535193769424E+02    1
    0.246332769462419208E+02   -0.832633612204500162E+00   -0.116351535193769458E+02    1
    0.246112912607043022E+02   -0.809317445211349185E+00   -0.116451535193769455E+02    1
    0.246328428032469660E+02   -0.772262777305168346E+00   -0.116551535193769418E+02    1
    0.246328045826865356E+02   -0.767063523940392011E+00   -0.116651535193769451E+02    1
    0.246117237161320190E+02   -0.750093857830261390E+00   -0.116751535193769502E+02    1
    0.246118210985674786E+02   -0.737087980605933279E+00   -0.116851535193769465E+02    1
    0.246118438989243202E+02   -0.734060432774442440E+00   -0.116951535193769445E+02    1
    0.246118975836399372E+02   -0.726958193738965086E+00   -0.117051535193769460E+02    1
    0.246119503106244437E+02   -0.720018584474975687E+00   -0.117151535193769476E+02    1
    0.246120259199669356E+02   -0.710129468713388223E+00   -0.117251535193769456E+02    1
    0.246321347595499560E+02   -0.678982312173487701E+00   -0.117351535193769418E+02    1
    0.246319995983367264E+02   -0.661905395512997652E+00   -0.117451535193769399E+02    1
    0.246124730289201850E+02   -0.653147568944248746E+00   -0.117551535193769414E+02    1
    0.246317122686267602E+02   -0.626380081140964329E+00   -0.117651535193769430E+02    1
    0.246130464164896736E+02   -0.583818780886554811E+00   -0.117751535193769463E+02    1
    0.246313257920176127E+02   -0.580263726581975225E+00   -0.117851535193769479E+02    1
    0.246131830723505551E+02   -0.567916906615953287E+00   -0.117951535193769459E+02    1
    0.246131951141404670E+02   -0.566527136545781351E+00   -0.118051535193769439E+02    1
    0.246132444089540812E+02   -0.560857271486544628E+00   -0.118151535193769472E+02    1
    0.246310031807758527E+02   -0.543232886874873144E+00   -0.118251535193769470E+02    1
    0.246308297818736506E+02   -0.523880059680722043E+00   -0.118351535193769397E+02    1
    0.246135749362443228E+02   -0.523644043115314983E+00   -0.118451535193769431E+02    1
    0.246136304574361837E+02   -0.517530296611449336E+00   -0.118551535193769446E+02    1
    0.246137133238509804E+02   -0.508478844768607163E+00   -0.118651535193769391E+02    1
    0.246137637895948025E+02   -0.503009584650012664E+00   -0.118751535193769389E+02    1
    0.246306141982105942E+02   -0.500356000018099656E+00   -0.118851535193769422E+02    1
    0.246305396655861948E+02   -0.492361603929528047E+00   -0.118951535193769455E+02    1
    0.246303261338443882E+02   -0.469851973721049032E+00   -0.119051535193769453E+02    1
    0.246302281488599064E+02   -0.459718251619924190E+00   -0.119151535193769504E+02    1
    0.246302047595351610E+02   -0.457317477765383451E+00   -0.119251535193769467E+02    1
    0.246142724550041123E+02   -0.449703730658937872E+00   -0.119351535193769447E+02    1
    0.246143132445791863E+02   -0.445572672902144584E+00   -0.119451535193769427E+02    1
    0.246143580050824653E+02   -0.441063969500733732E+00   -0.119551535193769443E+02    1
    0.246148780857547465E+02   -0.390557497794508268E+00   -0.119651535193769440E+02    1
    0.246148971995719279E+02   -0.388767293076624831E+00   -0.119751535193769421E+02    1
    0.246294613788039491E+02   -0.384663693879372881E+00   -0.119851535193769418E+02    1
    0.246150518749273246E+02   -0.374452483527410840E+00   -0.119951535193769452E+02    1
    0.246152058987889575E+02   -0.360502417194084490E+00   -0.120051535193769467E+02    1
    0.246153988843142031E+02   -0.343452363674853545E+00   -0.120151535193769430E+02    1
    0.246289979615241919E+02   -0.342952885582902989E+00   -0.120251535193769445E+02    1
    0.246154962691284958E+02   -0.335029590233610675E+00   -0.120351535193769426E+02    1
    0.246155943990454205E+02   -0.326665222304580005E+00   -0.120451535193769441E+02    1
    0.246287936476105926E+02   -0.325436755224254415E+00   -0.120551535193769492E+02    1
    0.246286505482426676E+02   -0.313486965675744134E+00   -0.120651535193769472E+02    1
    0.246157799810790898E+02   -0.311183773235277628E+00   -0.120751535193769470E+02    1
    0.246158153105669406E+02   -0.308286524402111517E+00   -0.120851535193769504E+02    1
    0.246158322350127676E+02   -0.306904271980692478E+00   -0.120951535193769466E+02    1
    0.246158437652462148E+02   -0.305964676171842753E+00   -0.121051535193769411E+02    1
    0.246159970736511120E+02   -0.293633427046097073E+00   -0.121151535193769444E+02    1
    0.246283858209552378E+02   -0.292071699764228199E+00   -0.121251535193769460E+02    1
    0.246161019127889702E+02   -0.285374061517385091E+00   -0.121351535193769386E+02    1
    0.246282461669781654E+02   -0.281135917029043114E+00   -0.121451535193769420E+02    1
    0.246161945155377211E+02   -0.278195767218032075E+00   -0.121551535193769453E+02    1
    0.246281616622135928E+02   -0.274639954555291499E+00   -0.121651535193769433E+02    1
    0.246279691083725965E+02   -0.260179753500466904E+00   -0.121751535193769413E+02    1
    0.246165696371938729E+02   -0.250240882363862827E+00   -0.121851535193769358E+02    1
    0.246277755783033001E+02   -0.246124673956616469E+00   -0.121951535193769427E+02    1
    0.246166551300323064E+02   -0.244121919127282094E+00   -0.122051535193769496E+02    1
    0.246275626019704745E+02   -0.231211671229167304E+00   -0.122151535193769423E+02    1
    0.246274376310097338E+02   -0.222731396423995420E+00   -0.122251535193769385E+02    1
    0.246169815400162406E+02   -0.221620730696239387E+00   -0.122351535193769383E+02    1
    0.246273664886127825E+02   -0.217993154373694459E+00   -0.122451535193769416E+02    1
    0.246170899762462128E+02   -0.214447567134540218E+00   -0.122551535193769450E+02    1
    0.246272833398974953E+02   -0.212537411021088307E+00   -0.122651535193769465E+02    1
    0.246272295434932147E+02   -0.209054771245388793E+00   -0.122751535193769445E+02    1
    0.246172181860643846E+02   -0.206160633896019990E+00   -0.122851535193769408E+02    1
    0.246172488151564792E+02   -0.204212052369516339E+00   -0.122951535193769388E+02    1
    0.246173854719571708E+02   -0.195664511041336253E+00   -0.123051535193769421E+02    1
    0.246174005141441796E+02   -0.194738271005605201E+00   -0.123151535193769419E+02    1
    0.246174234073753873E+02   -0.193334154732486885E+00   -0.123251535193769381E+02    1
    0.246268896989570294E+02   -0.187910704375152948E+00   -0.123351535193769379E+02    1
    0.246175626977294222E+02   -0.184935674859026705E+00   -0.123451535193769395E+02    1
    0.246175823623696139E+02   -0.183770014705548240E+00   -0.123551535193769428E+02    1
    0.246267981505658753E+02   -0.182467729335388518E+00   -0.123651535193769408E+02    1
    0.246176271801350488E+02   -0.181131858396911122E+00   -0.123751535193769424E+02    1
    0.246267612900832873E+02   -0.180306510557186606E+00   -0.123851535193769422E+02    1
    0.246267293423187823E+02   -0.178447412030173724E+00   -0.123951535193769384E+02    1
    0.246176757269846291E+02   -0.178303215482155497E+00   -0.124051535193769382E+02    1
    0.246176818615979727E+02   -0.177947922484399640E+00   -0.124151535193769398E+02    1
    0.246177522861216005E+02   -0.173903730665966927E+00   -0.124251535193769431E+02    1
    0.246265863642500733E+02   -0.170287403587081471E+00   -0.124351535193769447E+02    1
    0.246178307929268527E+02   -0.169470272521878573E+00   -0.124451535193769427E+02    1
    0.246178334015793254E+02   -0.169324310885683338E+00   -0.124551535193769389E+02    1
    0.246178569623452645E+02   -0.168009965996553517E+00   -0.124651535193769369E+02    1
    0.246265264003210440E+02   -0.166943078049537397E+00   -0.124751535193769385E+02    1
    0.246265140336078225E+02   -0.166259085690208752E+00   -0.124851535193769383E+02    1
    0.246179583724619775E+02   -0.162433918744949501E+00   -0.124951535193769399E+02    1
    0.246263984427014435E+02   -0.159960558028372113E+00   -0.125051535193769414E+02    1
    0.246181026775277800E+02   -0.154726328899481208E+00   -0.125151535193769394E+02    1
    0.246181479906008498E+02   -0.152361093900026279E+00   -0.125251535193769392E+02    1
    0.246182445660763243E+02   -0.147407824583089181E+00   -0.125351535193769408E+02    1
    0.246182706732753047E+02   -0.146089318356100839E+00   -0.125451535193769388E+02    1
    0.246183977830430578E+02   -0.139794526879659514E+00   -0.125551535193769404E+02    1
    0.246184336362116412E+02   -0.138056400614145341E+00   -0.125651535193769437E+02    1
    0.246258044120361710E+02   -0.130291083209622960E+00   -0.125751535193769470E+02    1
    0.246186069534879977E+02   -0.129886281054530622E+00   -0.125851535193769468E+02    1
    0.246186305683341544E+02   -0.128802862771225768E+00   -0.125951535193769413E+02    1
    0.246187365603356803E+02   -0.124028049667037218E+00   -0.126051535193769357E+02    1
    0.246188046443980575E+02   -0.121036832412496048E+00   -0.126151535193769408E+02    1
    0.246188384822902364E+02   -0.119572275676930517E+00   -0.126251535193769389E+02    1
    0.246188802808038041E+02   -0.117783414210084994E+00   -0.126351535193769404E+02    1
    0.246255020714575821E+02   -0.116925674851547992E+00   -0.126451535193769455E+02    1
    0.246254643677539242E+02   -0.115341021239314209E+00   -0.126551535193769382E+02    1
    0.246254595746835605E+02   -0.115140876944089615E+00   -0.126651535193769345E+02    1
    0.246254320118038521E+02   -0.113995643898741103E+00   -0.126751535193769378E+02    1
    0.246254214527462878E+02   -0.113559494278026363E+00   -0.126851535193769429E+02    1
