    0.246477789954919935E+02   -0.423620110932876770E+01
    0.246448873431822548E+02   -0.334256975594387740E+01
    0.246008026485559910E+02   -0.297916060973060315E+01
    0.246434558368749279E+02   -0.293980595373937925E+01
    0.246012154657840227E+02   -0.286712508636389396E+01
    0.246431326055409023E+02   -0.285249442979032786E+01
    0.246014243329813276E+02   -0.281127152445775375E+01
    0.246015751584527891E+02   -0.277128638149190243E+01
    0.246418332390577675E+02   -0.251500844525972855E+01
    0.246027253341131882E+02   -0.247594631032457713E+01
    0.246416127520078128E+02   -0.245988681922165497E+01
    0.246413629131621796E+02   -0.239817966463003085E+01
    0.246036203749791085E+02   -0.225784053493878245E+01
    0.246037057708059912E+02   -0.223756717027698482E+01
    0.246405101437218796E+02   -0.219357664991816392E+01
    0.246403625250161333E+02   -0.215910441884677073E+01
    0.246042697634134200E+02   -0.210601785623634674E+01
    0.246398457822067058E+02   -0.204063176437222626E+01
    0.246045649543577980E+02   -0.203878957334221012E+01
    0.246051749211999606E+02   -0.190340789387231846E+01
    0.246051901799956347E+02   -0.190008230262970756E+01
    0.246391665136656961E+02   -0.189009911225907556E+01
    0.246386892286182260E+02   -0.178786256288550094E+01
    0.246057739529112425E+02   -0.177509057556142968E+01
    0.246059165476204491E+02   -0.174522280600702184E+01
    0.246383323400191259E+02   -0.171332171264625899E+01
    0.246382798418892435E+02   -0.170249440776455252E+01
    0.246380013797744439E+02   -0.164565401101491648E+01
    0.246065043133295518E+02   -0.162485862169460415E+01
    0.246069017142967752E+02   -0.154598468087859731E+01
    0.246373981178043664E+02   -0.152592052381317567E+01
    0.246369813473684189E+02   -0.144592336137561572E+01
    0.246367999907983553E+02   -0.141180737744423168E+01
    0.246366786697558986E+02   -0.138922013727204052E+01
    0.246366073611065346E+02   -0.137603203024258502E+01
    0.246365021417827066E+02   -0.135669127976530302E+01
    0.246080131847143200E+02   -0.133612463770444490E+01
    0.246083637921555081E+02   -0.127320773591735237E+01
    0.246084383032018152E+02   -0.126003946957392676E+01
    0.246358449045644292E+02   -0.123909078711624399E+01
    0.246086790593032028E+02   -0.121797688502481893E+01
    0.246089898412146937E+02   -0.116477761128261870E+01
    0.246096522188144746E+02   -0.105552005155201289E+01
    0.246347221392397131E+02   -0.105098939904584809E+01
    0.246347221392397131E+02   -0.105098939904584809E+01
    0.246102064330306654E+02   -0.968421091703923098E+00
    0.246332572934006144E+02   -0.829848578252297742E+00
    0.246332572934006144E+02   -0.829848578252297742E+00
    0.246331323633909349E+02   -0.812260214834242489E+00
    0.246112955038532988E+02   -0.808724723312356897E+00
    0.246113547445164151E+02   -0.800473526101829980E+00
    0.246114967494136998E+02   -0.780877693354298907E+00
    0.246114967494136998E+02   -0.780877693354298907E+00
    0.246327618609724794E+02   -0.761274107550944268E+00
    0.246120030203938285E+02   -0.713116826566249418E+00
    0.246323771417247421E+02   -0.710191987499851018E+00
    0.246120616419093921E+02   -0.705482780598659209E+00
    0.246120616419093921E+02   -0.705482780598659209E+00
    0.246323401857244377E+02   -0.705384838868135189E+00
    0.246322930569171561E+02   -0.699279810062707563E+00
    0.246322930569171561E+02   -0.699279810062707563E+00
    0.246322702467288721E+02   -0.696335211152640965E+00
    0.246121582179548639E+02   -0.693002039920901036E+00
    0.246121912857417371E+02   -0.688756065439029452E+00
    0.246321947993202386E+02   -0.686643068386042277E+00
    0.246122282843199791E+02   -0.684021968096570898E+00
    0.246122282843199791E+02   -0.684021968096570898E+00
    0.246320706129205220E+02   -0.670848550609814853E+00
    0.246320706129205220E+02   -0.670848550609814853E+00
    0.246123712115267637E+02   -0.665898596988679703E+00
    0.246123712115267637E+02   -0.665898596988679703E+00
    0.246125377543846184E+02   -0.645110744723329965E+00
    0.246318263493678948E+02   -0.640358418465767909E+00
    0.246318263493678948E+02   -0.640358418465767909E+00
    0.246316479684662220E+02   -0.618574812082721026E+00
    0.246316479684662220E+02   -0.618574812082721026E+00
    0.246315270642282940E+02   -0.604041864744265689E+00
    0.246131169379774164E+02   -0.575582728374674835E+00
    0.246312281190064937E+02   -0.568911678828065037E+00
    0.246133756460019093E+02   -0.545914156778023907E+00
    0.246309572758107116E+02   -0.538072018198125224E+00
    0.246309572758107116E+02   -0.538072018198125224E+00
    0.246134486267728185E+02   -0.537699739762698359E+00
    0.246308989046722004E+02   -0.531548613099934508E+00
    0.246136547133524921E+02   -0.514871733531746312E+00
    0.246307080111349599E+02   -0.510519532309157809E+00
    0.246306796593870736E+02   -0.507436068491304848E+00
    0.246306796593870736E+02   -0.507436068491304848E+00
    0.246305853084575972E+02   -0.497248831507656863E+00
    0.246304299682700609E+02   -0.480724834278396185E+00
    0.246304299682700609E+02   -0.480724834278396185E+00
    0.246139794598542601E+02   -0.480003693624376560E+00
    0.246139794598542601E+02   -0.480003693624376560E+00
    0.246303287271905269E+02   -0.470121850774990691E+00
    0.246303287271905269E+02   -0.470121850774990691E+00
    0.246141802033678090E+02   -0.459125313820290870E+00
    0.246141802033678090E+02   -0.459125313820290870E+00
    0.246141965794769071E+02   -0.457444879207406063E+00
    0.246301223837971115E+02   -0.448917889457321417E+00
    0.246301223837971115E+02   -0.448917889457321417E+00
    0.246143884267598594E+02   -0.438014253949682630E+00
    0.246144083465932333E+02   -0.436023749382009052E+00
    0.246144083465932333E+02   -0.436023749382009052E+00
    0.246298474833921581E+02   -0.421516065925395811E+00
    0.246298374380750538E+02   -0.420533085890164804E+00
    0.246298374380750538E+02   -0.420533085890164804E+00
    0.246297190640159478E+02   -0.409046982087474309E+00
    0.246297190640159478E+02   -0.409046982087474309E+00
    0.246149841187496712E+02   -0.380685434987740212E+00
    0.246149841187496712E+02   -0.380685434987740212E+00
    0.246150783077009692E+02   -0.372036850681524589E+00
    0.246293049210957484E+02   -0.370273884678508303E+00
    0.246293049210957484E+02   -0.370273884678508303E+00
    0.246292533766524642E+02   -0.365601862554844725E+00
    0.246292268572549347E+02   -0.363211382745063815E+00
    0.246291479673191844E+02   -0.356153427122921251E+00
    0.246152608320617965E+02   -0.355600565439814442E+00
    0.246153240473380137E+02   -0.350007510562633517E+00
    0.246289718571194101E+02   -0.340685129192437763E+00
    0.246154530599978187E+02   -0.338751741629341407E+00
    0.246288554994785045E+02   -0.330682984924770440E+00
    0.246287226718368366E+02   -0.319477008215238722E+00
    0.246156929243840104E+02   -0.318391213234513304E+00
    0.246286659783232800E+02   -0.314762870610412360E+00
    0.246157920174700990E+02   -0.310194915323552756E+00
    0.246159297358508944E+02   -0.299012625545906685E+00
    0.246159297358508944E+02   -0.299012625545906685E+00
    0.246284382074611941E+02   -0.296238309341077477E+00
    0.246284382074611941E+02   -0.296238309341077477E+00
    0.246159945390270991E+02   -0.293834850689055793E+00
    0.246160577639740552E+02   -0.288835006834372521E+00
    0.246160577639740552E+02   -0.288835006834372521E+00
    0.246281575395663630E+02   -0.274325382267049278E+00
    0.246162905157682204E+02   -0.270870044390222331E+00
    0.246162905157682204E+02   -0.270870044390222331E+00
    0.246163041311044424E+02   -0.269840622194426505E+00
    0.246280862234327032E+02   -0.268918162583486942E+00
    0.246280531322321750E+02   -0.266431296166869558E+00
    0.246163538384195384E+02   -0.266102528383643344E+00
    0.246163679188496509E+02   -0.265049401673336349E+00
    0.246163935304330650E+02   -0.263140327208124913E+00
    0.246279204786909176E+02   -0.256602914074974153E+00
    0.246164960765686800E+02   -0.255580740382534977E+00
    0.246165380223484860E+02   -0.252527352402931560E+00
    0.246277282191561611E+02   -0.242758274799898588E+00
    0.246167255160824148E+02   -0.239154444315209547E+00
    0.246276476310488270E+02   -0.237095905963063375E+00
    0.246167667396906538E+02   -0.236274560695557689E+00
    0.246167667396906538E+02   -0.236274560695557689E+00
    0.246276200444573021E+02   -0.235176694993098623E+00
    0.246276200444573021E+02   -0.235176694993098623E+00
    0.246275759646306724E+02   -0.232130270316261655E+00
    0.246275562195478948E+02   -0.230773726632748089E+00
    0.246275073773360695E+02   -0.227439577071203020E+00
    0.246169598910459833E+02   -0.223070863947201270E+00
    0.246273925192957215E+02   -0.219719336716144992E+00
    0.246273797559943297E+02   -0.218871874897167362E+00
    0.246170470455550685E+02   -0.217269467872228450E+00
    0.246170470455550685E+02   -0.217269467872228450E+00
    0.246170482974248017E+02   -0.217186846446402959E+00
    0.246170540961081983E+02   -0.216804404282136820E+00
    0.246273408378927456E+02   -0.216300657037004629E+00
    0.246272699269223700E+02   -0.211665621454364961E+00
    0.246171496966999221E+02   -0.210561302805555961E+00
    0.246272445028005968E+02   -0.210019477975844276E+00
    0.246271774277084816E+02   -0.205716273668633043E+00
    0.246172280638292094E+02   -0.205530911331734290E+00
    0.246271737228060346E+02   -0.205480264661744155E+00
    0.246172861676384613E+02   -0.201851997148334128E+00
    0.246270601983651964E+02   -0.198333767005426154E+00
    0.246175034038157641E+02   -0.188480415849901467E+00
    0.246175740330456918E+02   -0.184263147180070086E+00
    0.246268172410494977E+02   -0.183593889684783518E+00
    0.246176669216946209E+02   -0.178814026038763008E+00
    0.246176943307748317E+02   -0.177227241506428962E+00
    0.246177398014593791E+02   -0.174616041906205333E+00
    0.246178334114016621E+02   -0.169323761462274958E+00
    0.246179624260541914E+02   -0.162213768873052666E+00
    0.246179658447736358E+02   -0.162028262400560286E+00
    0.246263921475718703E+02   -0.159622450586828390E+00
    0.246180463073018885E+02   -0.157705423139070322E+00
    0.246263543421078204E+02   -0.157602618490364998E+00
    0.246263532108017245E+02   -0.157542458265829660E+00
    0.246263129193155592E+02   -0.155410537534829807E+00
    0.246181580323738700E+02   -0.151840496392233154E+00
    0.246181718141194352E+02   -0.151128109123818632E+00
    0.246261391378761871E+02   -0.146453546035613863E+00
    0.246182786085079925E+02   -0.145690290638538722E+00
    0.246183069713606812E+02   -0.144270640472982437E+00
    0.246184045992358946E+02   -0.139462817256329696E+00
    0.246245695798050335E+02   -0.830765126993411318E-01
    0.246236535983219440E+02   -0.606682062255601284E-01
    0.246242801615066433E+02   -0.748351337814100182E-01
    0.246252261166531454E+02   -0.105748518867007563E+00
    0.246185937907107117E+02   -0.130493271795644350E+00
    0.246220048880311992E+02   -0.474097749526447843E-01
    0.246185990945311630E+02   -0.130248423542715652E+00
    0.246219641261886402E+02   -0.475229372970261202E-01
    0.246251085222565891E+02   -0.101281856311993879E+00
    0.246227140738958639E+02   -0.488464557772006966E-01
    0.246208690421147125E+02   -0.585275834553632551E-01
    0.246195383069454579E+02   -0.925703568753614842E-01
    0.246198804050185807E+02   -0.816532256114878841E-01
    0.246226561771258723E+02   -0.484877218859249420E-01
    0.246199019831933512E+02   -0.810148649838439983E-01
    0.246192988169474098E+02   -0.101104884619731036E+00
    0.246228426227632866E+02   -0.497964226076503605E-01
    0.246233804378821830E+02   -0.560655892653311450E-01
    0.246193771554483050E+02   -0.982323582112040183E-01
    0.246200642896250059E+02   -0.764043575096496064E-01
    0.246225739757425970E+02   -0.480521342329649354E-01
    0.246234449252476892E+02   -0.570660038916247156E-01
    0.246188808309906193E+02   -0.117760016917587779E+00
    0.246229190298365559E+02   -0.504613386444430143E-01
    0.246250192897751674E+02   -0.980106561553355515E-01
    0.246256528144497899E+02   -0.123443164033321229E+00
    0.246236092431361122E+02   -0.598558602252994981E-01
    0.246224258240978457E+02   -0.474855943279388210E-01
    0.246217005077013482E+02   -0.487685781604446852E-01
    0.246243535346819904E+02   -0.768229822238409854E-01
    0.246206346189885963E+02   -0.628789734494769603E-01
    0.246232345566456559E+02   -0.539989876661057522E-01
    0.246186236295089209E+02   -0.129120466088688074E+00
    0.246206432529720303E+02   -0.627062258085128305E-01
    0.246226569160057380E+02   -0.484920296343167093E-01
    0.246216887433607674E+02   -0.488449107615205533E-01
    0.246249771782655387E+02   -0.965022939821288395E-01
    0.246186888599861149E+02   -0.126159089393014345E+00
    0.246247885266196107E+02   -0.900238672051123928E-01
    0.246207574008226935E+02   -0.605121115944692797E-01
    0.246200240192354194E+02   -0.775168181713948301E-01
    0.246229505231776216E+02   -0.507571613418959303E-01
    0.246223257465324714E+02   -0.472619595701891868E-01
    0.246213509907414370E+02   -0.517922986372637284E-01
    0.246243808501948820E+02   -0.775806333168156254E-01
    0.246255275624914631E+02   -0.118007355429583544E+00
    0.246225992813187560E+02   -0.481770101753803137E-01
    0.246189238526156160E+02   -0.115942478369511506E+00
    0.246231614395309819E+02   -0.530657165920519203E-01
    0.246193189512408210E+02   -0.100359093900002999E+00
    0.246184196459137539E+02   -0.138732677954777450E+00
    0.246199711721222982E+02   -0.790082177219908338E-01
    0.246223967800947392E+02   -0.474074819264103178E-01
    0.246216182759857141E+02   -0.493392402130538796E-01
    0.246237728696489597E+02   -0.629775717268661328E-01
    0.246239469624481799E+02   -0.666754297718442634E-01
    0.246224596322223306E+02   -0.475901256532310010E-01
    0.246225395651575276E+02   -0.478954851708918300E-01
    0.246211780341780226E+02   -0.538671890366087536E-01
    0.246245732121309615E+02   -0.831867614294075908E-01
    0.246205622215339162E+02   -0.643650561750844091E-01
    0.246235410988191106E+02   -0.586569141607288791E-01
    0.246187804043215657E+02   -0.122094995115082233E+00
    0.246213865546143964E+02   -0.514131373153598401E-01
    0.246237880550892037E+02   -0.632846703407662498E-01
    0.246237779685058378E+02   -0.630803577574736429E-01
    0.246226042929290863E+02   -0.482027139467995289E-01
    0.246244154910085058E+02   -0.785552089417975441E-01
    0.246216280974965009E+02   -0.492665282890313375E-01
    0.246254664096954983E+02   -0.115426375983801566E+00
    0.246213000671608739E+02   -0.523634171430436834E-01
    0.246213623513801139E+02   -0.516694174904941197E-01
    0.246227301060145436E+02   -0.489533815140124826E-01
    0.246221046246297242E+02   -0.472226136624638165E-01
    0.246216468773595452E+02   -0.491309339954338412E-01
    0.246228302221807986E+02   -0.496955607548633729E-01
    0.246211765385200962E+02   -0.538868025496222897E-01
    0.246256668549838196E+02   -0.124065031873880266E+00
    0.246191998798785470E+02   -0.104845027025824405E+00
    0.246222074372075532E+02   -0.471630224224121736E-01
    0.246235207938310374E+02   -0.583111634946573698E-01
    0.246194478964885270E+02   -0.957059439884354046E-01
    0.246190652682481570E+02   -0.110135087136239262E+00
    0.246245674713555545E+02   -0.830125943281001533E-01
    0.246200870704147832E+02   -0.757842403471593595E-01
