    0.398256850242614746E+02   -0.350068690160362312E+05   -0.460515351937698814E+01    1
    0.396699905395507812E+02   -0.341036639694018231E+05   -0.461515351937698259E+01    1
    0.396258378028869629E+02   -0.338496763871848525E+05   -0.462515351937698149E+01    1
    0.396074533462524414E+02   -0.337442001733770303E+05   -0.463515351937698661E+01    1
    0.393088173866271973E+02   -0.320539031424293207E+05   -0.464515351937698728E+01    1
    0.390916192531585693E+02   -0.308518290045255744E+05   -0.465515351937698174E+01    1
    0.387907087802886963E+02   -0.292244132876877920E+05   -0.466515351937698153E+01    1
    0.387136280536651611E+02   -0.288146314263619934E+05   -0.467515351937698398E+01    1
    0.386306691169738770E+02   -0.283768321503332190E+05   -0.468515351937698377E+01    1
    0.379973220825195312E+02   -0.251449327757284627E+05   -0.469515351937698444E+01    1
    0.379781782627105713E+02   -0.250502854523202113E+05   -0.470515351937698423E+01    1
    0.378433859348297119E+02   -0.243889224691347190E+05   -0.471515351937698135E+01    1
    0.378027069568634033E+02   -0.241910677478980688E+05   -0.472515351937698025E+01    1
    0.377776384353637695E+02   -0.240695405992048400E+05   -0.473515351937698448E+01    1
    0.375527393817901611E+02   -0.229929635482062477E+05   -0.474515351937698782E+01    1
    0.374812602996826172E+02   -0.226559561263942087E+05   -0.475515351937698494E+01    1
    0.373069846630096436E+02   -0.218447149954325578E+05   -0.476515351937698117E+01    1
    0.371793985366821289E+02   -0.212601878988210701E+05   -0.477515351937698451E+01    1
    0.369842398166656494E+02   -0.203814180813593193E+05   -0.478515351937698341E+01    1
    0.368684864044189453E+02   -0.198689611450420998E+05   -0.479515351937697876E+01    1
    0.367356777191162109E+02   -0.192890359240974431E+05   -0.480515351937698032E+01    1
    0.364089334011077881E+02   -0.178988286128053878E+05   -0.481515351937698277E+01    1
    0.361150348186492920E+02   -0.166927846811683521E+05   -0.482515351937698345E+01    1
    0.361043071746826172E+02   -0.166495583606954351E+05   -0.483515351937698323E+01    1
    0.360705959796905518E+02   -0.165140861327961065E+05   -0.484515351937698480E+01    1
    0.358948147296905518E+02   -0.158166558427121872E+05   -0.485515351937698814E+01    1
    0.358237242698669434E+02   -0.155388703699183206E+05   -0.486515351937698437E+01    1
    0.201045036315917969E+02   -0.145527682607583938E+05   -0.487515351937698149E+01    1
    0.202464628219604492E+02   -0.140232387159950285E+05   -0.488515351937698572E+01    1
    0.353895425796508789E+02   -0.138957249712732373E+05   -0.489515351937698817E+01    1
    0.202857697010040283E+02   -0.138783528878813850E+05   -0.490515351937698973E+01    1
    0.353114986419677734E+02   -0.136101041485393816E+05   -0.491515351937698775E+01    1
    0.204553914070129395E+02   -0.132617533291903528E+05   -0.492515351937698220E+01    1
    0.205649626255035400E+02   -0.128708947056253128E+05   -0.493515351937698199E+01    1
    0.205977988243103027E+02   -0.127549011456099361E+05   -0.494515351937698799E+01    1
    0.206816482543945312E+02   -0.124610861294099941E+05   -0.495515351937699045E+01    1
    0.207840764522552490E+02   -0.121068154279906994E+05   -0.496515351937698846E+01    1
    0.347922170162200928E+02   -0.117851917403923399E+05   -0.497515351937698824E+01    1
    0.209464657306671143E+02   -0.115556268612465301E+05   -0.498515351937698359E+01    1
    0.346129906177520752E+02   -0.111858186663759097E+05   -0.499515351937698426E+01    1
    0.211346054077148438E+02   -0.109330928854222147E+05   -0.500515351937698583E+01    1
    0.211525201797485352E+02   -0.108747136480121990E+05   -0.501515351937698384E+01    1
    0.211826181411743164E+02   -0.107769846616731484E+05   -0.502515351937698451E+01    1
    0.212286210060119629E+02   -0.106284643939371781E+05   -0.503515351937698608E+01    1
    0.343974125385284424E+02   -0.104856010640530967E+05   -0.504515351937698409E+01    1
    0.343696415424346924E+02   -0.103970437993971227E+05   -0.505515351937698298E+01    1
    0.214894711971282959E+02   -0.980579892601578831E+04   -0.506515351937698455E+01    1
    0.214905846118927002E+02   -0.980235847435778487E+04   -0.507515351937697989E+01    1
    0.214916372299194336E+02   -0.979910643977641121E+04   -0.508515351937698501E+01    1
    0.341751337051391602E+02   -0.978731664073860156E+04   -0.509515351937699013E+01    1
    0.216057467460632324E+02   -0.944976791996355860E+04   -0.510515351937699080E+01    1
    0.337580549716949463E+02   -0.854200156792495545E+04   -0.511515351937698348E+01    1
    0.337545502185821533E+02   -0.853189597664355460E+04   -0.512515351937698238E+01    1
    0.337092292308807373E+02   -0.840175641879781142E+04   -0.513515351937698394E+01    1
    0.219755387306213379E+02   -0.836124547453985906E+04   -0.514515351937697751E+01    1
    0.336928677558898926E+02   -0.835502005262471357E+04   -0.515515351937698085E+01    1
    0.336183130741119385E+02   -0.814370587740597330E+04   -0.516515351937698330E+01    1
    0.221413123607635498E+02   -0.789489054428899726E+04   -0.517515351937698220E+01    1
    0.335100305080413818E+02   -0.784161563057387320E+04   -0.518515351937698643E+01    1
    0.334479582309722900E+02   -0.767101908509168788E+04   -0.519515351937698533E+01    1
    0.222812283039093018E+02   -0.751169275862299492E+04   -0.520515351937697623E+01    1
    0.222877931594848633E+02   -0.749394726461981827E+04   -0.521515351937698224E+01    1
    0.333281934261322021E+02   -0.734716570985559883E+04   -0.522515351937697670E+01    1
    0.224112796783447266E+02   -0.716406056412916496E+04   -0.523515351937698092E+01    1
    0.224978232383728027E+02   -0.693729055562368194E+04   -0.524515351937698071E+01    1
    0.225425505638122559E+02   -0.682152120496241605E+04   -0.525515351937698583E+01    1
    0.331057727336883545E+02   -0.676425451299487577E+04   -0.526515351937698739E+01    1
    0.226096177101135254E+02   -0.664975450299392469E+04   -0.527515351937698007E+01    1
    0.330431461334228516E+02   -0.660447188731457391E+04   -0.528515351937697542E+01    1
    0.226776623725891113E+02   -0.647772281518439286E+04   -0.529515351937697609E+01    1
    0.329134559631347656E+02   -0.627965934947585356E+04   -0.530515351937697677E+01    1
    0.227731418609619141E+02   -0.624013156469497335E+04   -0.531515351937698188E+01    1
    0.227743399143218994E+02   -0.623717852959570428E+04   -0.532515351937698078E+01    1
    0.228594470024108887E+02   -0.602918984791137336E+04   -0.533515351937697613E+01    1
    0.327219223976135254E+02   -0.581493902334923405E+04   -0.534515351937697680E+01    1
    0.327147424221038818E+02   -0.579786555684247924E+04   -0.535515351937698103E+01    1
    0.326945376396179199E+02   -0.574995475703425291E+04   -0.536515351937698171E+01    1
    0.326681172847747803E+02   -0.568760515895722165E+04   -0.537515351937698238E+01    1
    0.230471038818359375E+02   -0.558304840663360937E+04   -0.538515351937698128E+01    1
    0.325888013839721680E+02   -0.550246898947994578E+04   -0.539515351937698018E+01    1
    0.231166410446166992E+02   -0.542208322391360616E+04   -0.540515351937698263E+01    1
    0.231929099559783936E+02   -0.524824304332389420E+04   -0.541515351937698153E+01    1
    0.232477247714996338E+02   -0.512505285623672171E+04   -0.542515351937697865E+01    1
    0.323899745941162109E+02   -0.505184049205779957E+04   -0.543515351937697933E+01    1
    0.323493504524230957E+02   -0.496213694548602962E+04   -0.544515351937698178E+01    1
    0.233421790599822998E+02   -0.491621034452228378E+04   -0.545515351937698245E+01    1
    0.234079468250274658E+02   -0.477336072327568581E+04   -0.546515351937698401E+01    1
    0.234410965442657471E+02   -0.470215692733714968E+04   -0.547515351937698025E+01    1
    0.321775031089782715E+02   -0.459156540824687909E+04   -0.548515351937698004E+01    1
    0.235427832603454590E+02   -0.448707787599552375E+04   -0.549515351937697805E+01    1
    0.237632799148559570E+02   -0.403799971341486480E+04   -0.550515351937697694E+01    1
    0.237922260450679062E+02   -0.398080418389530496E+04   -0.551515351937698295E+01    1
    0.317130172252655029E+02   -0.366191563897294100E+04   -0.552515351937698185E+01    1
    0.240067529678344727E+02   -0.356963176404910291E+04   -0.553515351937698163E+01    1
    0.240577280521392822E+02   -0.347522588445455858E+04   -0.554515351937698142E+01    1
    0.315786457061767578E+02   -0.341256983741016484E+04   -0.555515351937698032E+01    1
    0.241420388221740723E+02   -0.332185954378999895E+04   -0.556515351937698544E+01    1
    0.315022361278533936E+02   -0.327470235895843734E+04   -0.557515351937698611E+01    1
    0.241922748088836670E+02   -0.323212303610739673E+04   -0.558515351937698146E+01    1
    0.314751863479614258E+02   -0.322657726339524015E+04   -0.559515351937697680E+01    1
    0.314330458641052246E+02   -0.315231377459375699E+04   -0.560515351937697748E+01    1
    0.242562094671835702E+02   -0.311969393658616627E+04   -0.561515351937697904E+01    1
    0.313811814785003662E+02   -0.306210114184490021E+04   -0.562515351937698060E+01    1
    0.312541580200195312E+02   -0.284669000278231306E+04   -0.563515351937698039E+01    1
    0.312332630157470703E+02   -0.281200803590186661E+04   -0.564515351937698284E+01    1
    0.244398105144500732E+02   -0.280789751139203872E+04   -0.565515351937698085E+01    1
    0.244586312770843506E+02   -0.277686319326224020E+04   -0.566515351937697975E+01    1
    0.244675818834913059E+02   -0.276216469978258147E+04   -0.567515351937697954E+01    1
    0.311837363243103027E+02   -0.273065182164571843E+04   -0.568515351937697666E+01    1
    0.311810016632080078E+02   -0.272619446330844175E+04   -0.569515351937697734E+01    1
    0.245453519301015675E+02   -0.263609455329954972E+04   -0.570515351937697890E+01    1
    0.311218071234058620E+02   -0.263060297552898692E+04   -0.571515351937697780E+01    1
    0.245748698711395264E+02   -0.258901521974427305E+04   -0.572515351937697403E+01    1
    0.245758116245269775E+02   -0.258752016455495095E+04   -0.573515351937697382E+01    1
    0.246260513875915947E+02   -0.250838947750832858E+04   -0.574515351937697805E+01    1
    0.310395085811614990E+02   -0.250053687227722321E+04   -0.575515351937698227E+01    1
    0.246649622917175293E+02   -0.244794707900929097E+04   -0.576515351937698384E+01    1
    0.246855211257934570E+02   -0.241630963327784821E+04   -0.577515351937697918E+01    1
    0.309326428452930919E+02   -0.233656649811272382E+04   -0.578515351937698075E+01    1
    0.309183144569396973E+02   -0.231500443240133791E+04   -0.579515351937698409E+01    1
    0.308738701443722370E+02   -0.224875845767086093E+04   -0.580515351937698565E+01    1
    0.248700380737576481E+02   -0.214157498296423955E+04   -0.581515351937698366E+01    1
    0.307809102535247803E+02   -0.211330822777497951E+04   -0.582515351937698256E+01    1
    0.307675212379113105E+02   -0.209414603263170284E+04   -0.583515351937698412E+01    1
    0.307185637950897217E+02   -0.202482194604136953E+04   -0.584515351937698391E+01    1
    0.249636042118072510E+02   -0.200859599349170253E+04   -0.585515351937697837E+01    1
    0.306911885738372803E+02   -0.198656723792308321E+04   -0.586515351937697371E+01    1
    0.250386343872701644E+02   -0.190504095232538566E+04   -0.587515351937697705E+01    1
    0.305821776390075684E+02   -0.183785315890817401E+04   -0.588515351937697684E+01    1
    0.250904631614685059E+02   -0.183510891212252022E+04   -0.589515351937697751E+01    1
    0.304908668127814089E+02   -0.171773957194593140E+04   -0.590515351937697286E+01    1
    0.304400861263275146E+02   -0.165269770031170424E+04   -0.591515351937697531E+01    1
    0.304326933323808966E+02   -0.164333343907194467E+04   -0.592515351937697687E+01    1
    0.252475905385051824E+02   -0.163109292928407490E+04   -0.593515351937697400E+01    1
    0.304171936881778535E+02   -0.162378683565493611E+04   -0.594515351937698000E+01    1
    0.303829705715179443E+02   -0.158104239529057281E+04   -0.595515351937698156E+01    1
    0.303812968730926514E+02   -0.157896658622314612E+04   -0.596515351937697336E+01    1
    0.252994302921551117E+02   -0.156642126485332642E+04   -0.597515351937696959E+01    1
    0.303525865077972412E+02   -0.154357088108830771E+04   -0.598515351937697559E+01    1
    0.253573453426361084E+02   -0.149571820775497440E+04   -0.599515351937697627E+01    1
    0.253603134971676845E+02   -0.149213866708488922E+04   -0.600515351937697517E+01    1
    0.253607118129730225E+02   -0.149165863192765846E+04   -0.601515351937697851E+01    1
    0.253956892849744413E+02   -0.144980638637152174E+04   -0.602515351937697829E+01    1
    0.254518580436706543E+02   -0.138384429322829328E+04   -0.603515351937697453E+01    1
    0.301714706420898438E+02   -0.132953462090177254E+04   -0.604515351937697520E+01    1
    0.255017042160034180E+02   -0.132659386496284128E+04   -0.605515351937697410E+01    1
    0.255154268727399014E+02   -0.131104521894594177E+04   -0.606515351937697478E+01    1
    0.255307006835937500E+02   -0.129384685413036232E+04   -0.607515351937697723E+01    1
    0.255398771491849601E+02   -0.128356875239114015E+04   -0.608515351937697790E+01    1
    0.301166868209838867E+02   -0.126793977969322668E+04   -0.609515351937697769E+01    1
    0.300847458839416504E+02   -0.123270225356609899E+04   -0.610515351937697481E+01    1
    0.300774141011529075E+02   -0.122468387539219339E+04   -0.611515351937697282E+01    1
    0.300689995288848877E+02   -0.121551357031241969E+04   -0.612515351937697528E+01    1
    0.256091630458831787E+02   -0.120728875844250069E+04   -0.613515351937697417E+01    1
    0.256236207485198975E+02   -0.119166641765096620E+04   -0.614515351937697485E+01    1
    0.300459897518157959E+02   -0.119061328890296704E+04   -0.615515351937697819E+01    1
    0.256253999658774951E+02   -0.118975090983978157E+04   -0.616515351937697620E+01    1
    0.256604356634838062E+02   -0.115234549087453206E+04   -0.617515351937697776E+01    1
    0.299892425537109375E+02   -0.113030571478801039E+04   -0.618515351937698288E+01    1
    0.299828058527339216E+02   -0.112356419455532750E+04   -0.619515351937698000E+01    1
    0.299589311149541828E+02   -0.109873504140143564E+04   -0.620515351937697535E+01    1
    0.299234712123870850E+02   -0.106236989561774658E+04   -0.621515351937697247E+01    1
    0.299211645126342773E+02   -0.106002552075341600E+04   -0.622515351937697314E+01    1
    0.298628604412078857E+02   -0.100162962771467028E+04   -0.623515351937697559E+01    1
    0.258086984380523816E+02   -0.100067174572013766E+04   -0.624515351937698071E+01    1
    0.258218656531282917E+02   -0.987719157713793720E+03   -0.625515351937697694E+01    1
    0.258630046328696537E+02   -0.947794726147747383E+03   -0.626515351937697407E+01    1
    0.259631770014475620E+02   -0.854026452494610794E+03   -0.627515351937697385E+01    1
    0.259930058157885924E+02   -0.827048812206952903E+03   -0.628515351937697986E+01    1
    0.296753896829398371E+02   -0.825082508236515082E+03   -0.629515351937697432E+01    1
    0.296483137580838481E+02   -0.800998694166114092E+03   -0.630515351937697766E+01    1
    0.260223675796236193E+02   -0.800916748130681299E+03   -0.631515351937697567E+01    1
    0.296465186784434138E+02   -0.799414604463550404E+03   -0.632515351937697190E+01    1
    0.260442457704627373E+02   -0.781718047898208511E+03   -0.633515351937697790E+01    1
    0.296074424494293780E+02   -0.765320189180173656E+03   -0.634515351937697858E+01    1
    0.260840997229954397E+02   -0.747344181523955058E+03   -0.635515351937697659E+01    1
    0.261015674497284564E+02   -0.732522140837644542E+03   -0.636515351937697371E+01    1
    0.295472811734379306E+02   -0.714282540631963343E+03   -0.637515351937697350E+01    1
    0.261322021484375000E+02   -0.706886221564892594E+03   -0.638515351937697861E+01    1
    0.261353456974029541E+02   -0.704281471841287498E+03   -0.639515351937698195E+01    1
    0.261528063112301723E+02   -0.689901176951795378E+03   -0.640515351937697730E+01    1
    0.294795262813568115E+02   -0.658913171904091882E+03   -0.641515351937697620E+01    1
    0.262163650989532471E+02   -0.638808973363632049E+03   -0.642515351937697776E+01    1
    0.294515846667326038E+02   -0.636730322982612734E+03   -0.643515351937697222E+01    1
    0.294434839359401366E+02   -0.630370243700823494E+03   -0.644515351937697556E+01    1
    0.294372463226318359E+02   -0.625494719829093356E+03   -0.645515351937697535E+01    1
    0.262348393708779142E+02   -0.624327299888902417E+03   -0.646515351937697513E+01    1
    0.294303829498615386E+02   -0.620151975517568530E+03   -0.647515351937697048E+01    1
    0.294253508869621712E+02   -0.616249376390344992E+03   -0.648515351937697559E+01    1
    0.262623058999369761E+02   -0.603103988380713076E+03   -0.649515351937697538E+01    1
    0.293432906028929850E+02   -0.554347974311483881E+03   -0.650515351937697694E+01    1
    0.263534112744308686E+02   -0.535337410691970945E+03   -0.651515351937697318E+01    1
    0.293075001239776611E+02   -0.528376782920375263E+03   -0.652515351937697652E+01    1
    0.292995816886276401E+02   -0.522715080755796976E+03   -0.653515351937697631E+01    1
    0.263711595535278320E+02   -0.522606184584704692E+03   -0.654515351937697609E+01    1
    0.263770856837373415E+02   -0.518389403537657699E+03   -0.655515351937696966E+01    1
    0.263981294631958008E+02   -0.503553740897583680E+03   -0.656515351937697567E+01    1
    0.292692546789276022E+02   -0.501313603933128945E+03   -0.657515351937698256E+01    1
    0.264107298851013184E+02   -0.494773786730562676E+03   -0.658515351937698501E+01    1
    0.292596007702656351E+02   -0.494594913968156902E+03   -0.659515351937696881E+01    1
    0.292384719848632812E+02   -0.480048586664868878E+03   -0.660515351937696948E+01    1
    0.264355226447684331E+02   -0.477723964236614961E+03   -0.661515351937697371E+01    1
    0.264476764886035234E+02   -0.469475180358630098E+03   -0.662515351937697705E+01    1
    0.292011370792931793E+02   -0.454876462452845431E+03   -0.663515351937697861E+01    1
    0.291992579402230206E+02   -0.453627442383445157E+03   -0.664515351937698107E+01    1
    0.264778727108074960E+02   -0.449292454860590169E+03   -0.665515351937697286E+01    1
    0.291814684867858887E+02   -0.441888401185195448E+03   -0.666515351937697353E+01    1
    0.291792314013209264E+02   -0.440423084594572686E+03   -0.667515351937697510E+01    1
    0.264928131470697110E+02   -0.439470679037196589E+03   -0.668515351937697488E+01    1
    0.264928979787763552E+02   -0.439415221408759692E+03   -0.669515351937697734E+01    1
    0.291518071471122866E+02   -0.422657947518951858E+03   -0.670515351937697446E+01    1
    0.291415441036224365E+02   -0.416103836342891555E+03   -0.671515351937697247E+01    1
    0.291360046425624475E+02   -0.412587579826057720E+03   -0.672515351937697314E+01    1
    0.265420773908409871E+02   -0.407854739248725934E+03   -0.673515351937697382E+01    1
    0.265738499164581299E+02   -0.388091247175585977E+03   -0.674515351937697183E+01    1
    0.290960882426801604E+02   -0.387691836600107138E+03   -0.675515351937697428E+01    1
    0.290726447105407715E+02   -0.373431846611783897E+03   -0.676515351937697584E+01    1
    0.266035294364885253E+02   -0.370073760084007631E+03   -0.677515351937697829E+01    1
    0.266122532377926149E+02   -0.364859393675071715E+03   -0.678515351937697098E+01    1
    0.266204714775085449E+02   -0.359981111973395969E+03   -0.679515351937697432E+01    1
    0.290375429166378538E+02   -0.352580869637917488E+03   -0.680515351937697410E+01    1
    0.266406719445550131E+02   -0.348130055252586772E+03   -0.681515351937697567E+01    1
    0.290296187715574803E+02   -0.347956827937912578E+03   -0.682515351937697723E+01    1
    0.290262210156064597E+02   -0.345983474175731317E+03   -0.683515351937697613E+01    1
    0.290151195751213429E+02   -0.339575155438916056E+03   -0.684515351937697059E+01    1
    0.266672472021663296E+02   -0.332841759837618895E+03   -0.685515351937697126E+01    1
    0.289998993577428976E+02   -0.330886814940224895E+03   -0.686515351937697371E+01    1
    0.266744149005921045E+02   -0.328777194372270742E+03   -0.687515351937697083E+01    1
    0.289762879304638261E+02   -0.317631666281205412E+03   -0.688515351937697062E+01    1
    0.289657674078074976E+02   -0.311813014815887186E+03   -0.689515351937697307E+01    1
    0.289599854178356679E+02   -0.308638084819454662E+03   -0.690515351937697019E+01    1
    0.267146158800388278E+02   -0.306444211678477018E+03   -0.691515351937697176E+01    1
    0.267160653705279145E+02   -0.305653671330671045E+03   -0.692515351937697421E+01    1
    0.289373450346393604E+02   -0.296362779820409799E+03   -0.693515351937697400E+01    1
    0.267407562073523053E+02   -0.292344643340446737E+03   -0.694515351937697556E+01    1
    0.289276492482094945E+02   -0.291182197170316556E+03   -0.695515351937697623E+01    1
    0.289236984742189769E+02   -0.289084375676770378E+03   -0.696515351937697869E+01    1
    0.288986036881981718E+02   -0.275936772088923306E+03   -0.697515351937697670E+01    1
    0.267803656702325554E+02   -0.271614214122987050E+03   -0.698515351937697471E+01    1
    0.288816654682159424E+02   -0.267235893340013206E+03   -0.699515351937697627E+01    1
    0.288689124584197998E+02   -0.260777084257109436E+03   -0.700515351937697339E+01    1
    0.288201393951956675E+02   -0.236806449852536616E+03   -0.701515351937697229E+01    1
    0.288033603758481540E+02   -0.228827831103097367E+03   -0.702515351937697385E+01    1
    0.287924516201019287E+02   -0.223714134031411248E+03   -0.703515351937696920E+01    1
    0.268811651977750401E+02   -0.222304835791105575E+03   -0.704515351937696899E+01    1
    0.268830712212509972E+02   -0.221420107339026458E+03   -0.705515351937697233E+01    1
    0.287851393222808838E+02   -0.220318790300841840E+03   -0.706515351937697300E+01    1
    0.287813298598159619E+02   -0.218560245947035725E+03   -0.707515351937697190E+01    1
    0.268996928857612438E+02   -0.213779731166129466E+03   -0.708515351937697524E+01    1
    0.287595857053821398E+02   -0.208657886000676342E+03   -0.709515351937697947E+01    1
    0.287526384301241222E+02   -0.205542607753836194E+03   -0.710515351937697481E+01    1
    0.287490103371708088E+02   -0.203925050467193330E+03   -0.711515351937697194E+01    1
    0.287475132942199707E+02   -0.203259473581264331E+03   -0.712515351937697261E+01    1
    0.287458766279985412E+02   -0.202533069786679732E+03   -0.713515351937696796E+01    1
    0.269267724821444823E+02   -0.201620370558552111E+03   -0.714515351937696508E+01    1
    0.269273164862355827E+02   -0.201379759218433890E+03   -0.715515351937696753E+01    1
    0.287374588635069301E+02   -0.198817609785594584E+03   -0.716515351937696821E+01    1
    0.287258899211883545E+02   -0.193767573432252163E+03   -0.717515351937696444E+01    1
    0.287186337813421488E+02   -0.190633407235092477E+03   -0.718515351937696511E+01    1
    0.269674455276622496E+02   -0.184028222205540516E+03   -0.719515351937696845E+01    1
    0.269678382791749343E+02   -0.183862274120978157E+03   -0.720515351937697446E+01    1
    0.269685797200435076E+02   -0.183549200157452503E+03   -0.721515351937697869E+01    1
    0.269813132286071777E+02   -0.178214245202268131E+03   -0.722515351937697670E+01    1
    0.269876853849688629E+02   -0.175574147761845495E+03   -0.723515351937696849E+01    1
    0.286595261995611956E+02   -0.166058000722658676E+03   -0.724515351937696384E+01    1
    0.270352556063695850E+02   -0.156489765135031121E+03   -0.725515351937697073E+01    1
    0.286300886992633821E+02   -0.154453312297513520E+03   -0.726515351937697051E+01    1
    0.270490407893047333E+02   -0.151165320284922586E+03   -0.727515351937696853E+01    1
    0.270535801461006180E+02   -0.149432274520880270E+03   -0.728515351937696742E+01    1
    0.286096924206435901E+02   -0.146660291805480313E+03   -0.729515351937696988E+01    1
    0.286068716803862060E+02   -0.145598487804250624E+03   -0.730515351937697766E+01    1
    0.285927820205688477E+02   -0.140352767420500157E+03   -0.731515351937697655E+01    1
    0.270784098084387139E+02   -0.140130308087742378E+03   -0.732515351937697723E+01    1
    0.270824372979211745E+02   -0.138649783533332709E+03   -0.733515351937697524E+01    1
    0.270920163419076090E+02   -0.135160216488927944E+03   -0.734515351937696614E+01    1
    0.270970037098952261E+02   -0.133361048269597148E+03   -0.735515351937696948E+01    1
    0.271254539489746094E+02   -0.123329398522429841E+03   -0.736515351937697105E+01    1
    0.271293732327861576E+02   -0.121978336167297087E+03   -0.737515351937696906E+01    1
    0.285274446010589600E+02   -0.117290595556597182E+03   -0.738515351937697240E+01    1
    0.271720539510267578E+02   -0.107749644216339505E+03   -0.739515351937697218E+01    1
    0.284938141998190027E+02   -0.106230470849865924E+03   -0.740515351937697464E+01    1
    0.271788871910950647E+02   -0.105553993725231933E+03   -0.741515351937697265E+01    1
    0.284791767597198486E+02   -0.101588643717709999E+03   -0.742515351937696799E+01    1
    0.272028880349055342E+02   -0.980222566800262314E+02   -0.743515351937697044E+01    1
    0.284547267825871586E+02   -0.940677621717409664E+02   -0.744515351937697023E+01    1
    0.284534112467734772E+02   -0.936713528223594523E+02   -0.745515351937696646E+01    1
    0.272189177850300936E+02   -0.931481811209633150E+02   -0.746515351937696536E+01    1
    0.272211920998668297E+02   -0.924667792946519143E+02   -0.747515351937696515E+01    1
    0.284441200489760213E+02   -0.908956392790599210E+02   -0.748515351937696671E+01    1
    0.284424299429916161E+02   -0.903952449435551983E+02   -0.749515351937696561E+01    1
    0.284378365074567441E+02   -0.890422816504634795E+02   -0.750515351937696362E+01    1
    0.272328729970047902E+02   -0.890067856094901373E+02   -0.751515351937696874E+01    1
    0.284136947323453413E+02   -0.821004086510267683E+02   -0.752515351937696853E+01    1
    0.272595379254970069E+02   -0.813573425669766124E+02   -0.753515351937696742E+01    1
    0.272651786192656758E+02   -0.797835508620311913E+02   -0.754515351937696721E+01    1
    0.283894673133943414E+02   -0.754192438277856638E+02   -0.755515351937696877E+01    1
    0.272823962756568648E+02   -0.750755374304471985E+02   -0.756515351937697211E+01    1
    0.283872653033219429E+02   -0.748261687998955267E+02   -0.757515351937696835E+01    1
    0.272861585266191184E+02   -0.740660026737499635E+02   -0.758515351937696991E+01    1
    0.283731662145531871E+02   -0.710847733480595139E+02   -0.759515351937697325E+01    1
    0.272974225053968880E+02   -0.710847211357988442E+02   -0.760515351937697126E+01    1
    0.283684028354981272E+02   -0.698426196142433184E+02   -0.761515351937696572E+01    1
    0.283658634915859551E+02   -0.691849462523185821E+02   -0.762515351937696639E+01    1
    0.283601837024463848E+02   -0.677252850079592577E+02   -0.763515351937696973E+01    1
    0.273104526466785522E+02   -0.677130601581186653E+02   -0.764515351937696952E+01    1
    0.283587968763623657E+02   -0.673712678143878918E+02   -0.765515351937697019E+01    1
    0.283472037315368652E+02   -0.644485080309897995E+02   -0.766515351937697087E+01    1
    0.283322988698511580E+02   -0.607869934786348693E+02   -0.767515351937697066E+01    1
    0.273427047693320198E+02   -0.597231491081618984E+02   -0.768515351937697044E+01    1
    0.273483698758843303E+02   -0.583720185817700639E+02   -0.769515351937697201E+01    1
    0.273545417518172229E+02   -0.569178117217118711E+02   -0.770515351937697446E+01    1
    0.273564466362698013E+02   -0.564727322462893326E+02   -0.771515351937697069E+01    1
    0.273631551012705430E+02   -0.549193573923687737E+02   -0.772515351937696959E+01    1
    0.273646698948879816E+02   -0.545716332305453307E+02   -0.773515351937697382E+01    1
    0.283046107970976948E+02   -0.542723171706443708E+02   -0.774515351937697538E+01    1
    0.273722975073876320E+02   -0.528376778421515567E+02   -0.775515351937697517E+01    1
    0.273757636721655260E+02   -0.520590909603808569E+02   -0.776515351937697407E+01    1
    0.282922311725057689E+02   -0.514803137614800690E+02   -0.777515351937697297E+01    1
    0.273801213990808279E+02   -0.510885386252705800E+02   -0.778515351937696565E+01    1
    0.282865995868139635E+02   -0.502349075620118271E+02   -0.779515351937696011E+01    1
    0.282864707978375343E+02   -0.502066069514021862E+02   -0.780515351937696522E+01    1
    0.273872671757999946E+02   -0.495170473443404902E+02   -0.781515351937697123E+01    1
    0.273895227078110715E+02   -0.490261764134072990E+02   -0.782515351937697279E+01    1
    0.273898115193295553E+02   -0.489635013508638792E+02   -0.783515351937697524E+01    1
    0.282765749209031370E+02   -0.480562016921824906E+02   -0.784515351937695993E+01    1
    0.282651542061128822E+02   -0.456337218325279395E+02   -0.785515351937696593E+01    1
    0.282638374543151585E+02   -0.453585057247839600E+02   -0.786515351937697016E+01    1
    0.282634637766813377E+02   -0.452805566534302883E+02   -0.787515351937697172E+01    1
    0.274078206597081930E+02   -0.451355700174151195E+02   -0.788515351937697417E+01    1
    0.274179154512014875E+02   -0.430589509791893477E+02   -0.789515351937696952E+01    1
    0.282519790432949662E+02   -0.429180047019378534E+02   -0.790515351937697019E+01    1
    0.274214458465576172E+02   -0.423444188985597663E+02   -0.791515351937696643E+01    1
    0.274215963354250789E+02   -0.423140956778877566E+02   -0.792515351937696444E+01    1
    0.282463890490774858E+02   -0.417913140416857871E+02   -0.793515351937696778E+01    1
    0.274242528775914067E+02   -0.417806231757878663E+02   -0.794515351937696490E+01    1
    0.274325272073611828E+02   -0.401410392803137697E+02   -0.795515351937696735E+01    1
    0.282325165093460271E+02   -0.390609764949596965E+02   -0.796515351937696447E+01    1
    0.282316180051939405E+02   -0.388873680596245350E+02   -0.797515351937695893E+01    1
    0.282281015816380147E+02   -0.382117069025437175E+02   -0.798515351937696582E+01    1
    0.282257424226394775E+02   -0.377617827711592682E+02   -0.799515351937696650E+01    1
    0.274472774262383723E+02   -0.373009309383008443E+02   -0.800515351937696096E+01    1
    0.282208964175966059E+02   -0.368460845407132069E+02   -0.801515351937696785E+01    1
    0.282206752441381852E+02   -0.368045646194224361E+02   -0.802515351937697652E+01    1
    0.282189209913826744E+02   -0.364760902442123722E+02   -0.803515351937696920E+01    1
    0.274524104595184326E+02   -0.363374322795661442E+02   -0.804515351937696543E+01    1
    0.274559109799438659E+02   -0.356877239836956832E+02   -0.805515351937697233E+01    1
    0.274649580815381071E+02   -0.340361924075436093E+02   -0.806515351937697034E+01    1
    0.274748953480998850E+02   -0.322680976597047291E+02   -0.807515351937696657E+01    1
    0.281942350161536481E+02   -0.320127001031583802E+02   -0.808515351937696636E+01    1
    0.274786210433205333E+02   -0.316175954163248107E+02   -0.809515351937696259E+01    1
    0.281761671232664881E+02   -0.289339919047820331E+02   -0.810515351937696593E+01    1
    0.281750451917766966E+02   -0.287480607799495331E+02   -0.811515351937696572E+01    1
    0.281749903310854286E+02   -0.287389847589193224E+02   -0.812515351937696728E+01    1
    0.281730638513585419E+02   -0.284212019777658789E+02   -0.813515351937696707E+01    1
    0.274998520340592805E+02   -0.280397017302045413E+02   -0.814515351937696508E+01    1
    0.275034225802413239E+02   -0.274595475029213993E+02   -0.815515351937696664E+01    1
    0.281640739594212022E+02   -0.269621681112559379E+02   -0.816515351937696643E+01    1
    0.281613469123840332E+02   -0.265273562456951701E+02   -0.817515351937696622E+01    1
    0.275112717341155921E+02   -0.262060159540144610E+02   -0.818515351937696600E+01    1
    0.281583828888554208E+02   -0.260588671296397543E+02   -0.819515351937696224E+01    1
    0.281566596031188965E+02   -0.257884539661998886E+02   -0.820515351937696558E+01    1
    0.281561110749250254E+02   -0.257026838850942774E+02   -0.821515351937696714E+01    1
    0.275145930215455508E+02   -0.256846306668187374E+02   -0.822515351937696693E+01    1
    0.275283566356289313E+02   -0.235812351431417682E+02   -0.823515351937696671E+01    1
    0.281318538934746876E+02   -0.220562442742735456E+02   -0.824515351937696295E+01    1
    0.281307010600594545E+02   -0.218900782349672802E+02   -0.825515351937696096E+01    1
    0.281302470941039786E+02   -0.218248225172917110E+02   -0.826515351937696252E+01    1
    0.281265505029569312E+02   -0.212971887414235006E+02   -0.827515351937696408E+01    1
    0.281248894190133285E+02   -0.210622604864433356E+02   -0.828515351937696565E+01    1
    0.281183600425720215E+02   -0.201518276739626678E+02   -0.829515351937696543E+01    1
    0.275528374654149530E+02   -0.200679711479779925E+02   -0.830515351937696344E+01    1
    0.275597680605977864E+02   -0.191263631758811492E+02   -0.831515351937696146E+01    1
    0.275604788061721422E+02   -0.190311219054623777E+02   -0.832515351937696302E+01    1
    0.281044400890983681E+02   -0.182801892658008356E+02   -0.833515351937696813E+01    1
    0.280978679608401052E+02   -0.174293113085260032E+02   -0.834515351937696437E+01    1
    0.275756442184133590E+02   -0.170575519520946983E+02   -0.835515351937696593E+01    1
    0.275770055029202332E+02   -0.168858773780730083E+02   -0.836515351937696927E+01    1
    0.275842803759338047E+02   -0.159837248367413363E+02   -0.837515351937696906E+01    1
    0.275847695489787981E+02   -0.159239875478609303E+02   -0.838515351937696174E+01    1
    0.280802584527881542E+02   -0.152531337521625545E+02   -0.839515351937695975E+01    1
    0.275907109723010642E+02   -0.152077302319688954E+02   -0.840515351937696487E+01    1
    0.280775768555385739E+02   -0.149349916347664049E+02   -0.841515351937696821E+01    1
    0.275938511364277659E+02   -0.148361172737499842E+02   -0.842515351937696266E+01    1
    0.275977354789827274E+02   -0.143830805638442811E+02   -0.843515351937695534E+01    1
    0.276046205273063947E+02   -0.135981211686762187E+02   -0.844515351937695691E+01    1
    0.276070241113022092E+02   -0.133295264187390767E+02   -0.845515351937696202E+01    1
    0.280621760447144872E+02   -0.131756618748028398E+02   -0.846515351937696536E+01    1
    0.276085959735944044E+02   -0.131553961002084314E+02   -0.847515351937696160E+01    1
    0.276121427079686939E+02   -0.127669105546614734E+02   -0.848515351937696316E+01    1
    0.276147434806253145E+02   -0.124859322854992172E+02   -0.849515351937696295E+01    1
    0.276154749378668249E+02   -0.124075017101662279E+02   -0.850515351937696629E+01    1
    0.276157531270000476E+02   -0.123777412420285451E+02   -0.851515351937696785E+01    1
    0.276197225048147814E+02   -0.119572053992446268E+02   -0.852515351937696408E+01    1
    0.276202720708586540E+02   -0.118995863032024527E+02   -0.853515351937696032E+01    1
    0.280447880812519834E+02   -0.113281475504740214E+02   -0.854515351937695655E+01    1
    0.280425301931272521E+02   -0.110990420268651633E+02   -0.855515351937696344E+01    1
    0.280417716758624955E+02   -0.110226331818657357E+02   -0.856515351937696323E+01    1
    0.280417381560705827E+02   -0.110192630472942739E+02   -0.857515351937696124E+01    1
    0.276290576637383509E+02   -0.109984330033713640E+02   -0.858515351937696103E+01    1
    0.280401990915465333E+02   -0.108651123064151953E+02   -0.859515351937696259E+01    1
    0.280373761667594721E+02   -0.105853699714942238E+02   -0.860515351937696771E+01    1
    0.280371570587158203E+02   -0.105638193960207030E+02   -0.861515351937696039E+01    1
    0.280369630079732204E+02   -0.105447528761021676E+02   -0.862515351937695662E+01    1
    0.276342854917625971E+02   -0.104800436495347533E+02   -0.863515351937696352E+01    1
    0.280359025094239698E+02   -0.104408771891125678E+02   -0.864515351937696508E+01    1
    0.280322942776151436E+02   -0.100915531550693096E+02   -0.865515351937695954E+01    1
    0.276413252805603769E+02   -0.980300900788197893E+01   -0.866515351937696288E+01    1
    0.280269012580988885E+02   -0.958125821834940439E+01   -0.867515351937696266E+01    1
    0.280239974567392807E+02   -0.931236273825033756E+01   -0.868515351937696423E+01    1
    0.280234527587890625E+02   -0.926238042303915776E+01   -0.869515351937696934E+01    1
    0.276475745999791727E+02   -0.922221705718847140E+01   -0.870515351937696735E+01    1
    0.276488901254328212E+02   -0.910237942543000500E+01   -0.871515351937696181E+01    1
    0.280211554217230869E+02   -0.905316303217731289E+01   -0.872515351937695982E+01    1
    0.276499796741462660E+02   -0.900376516602730170E+01   -0.873515351937696316E+01    1
    0.276511430339126107E+02   -0.889910849181959129E+01   -0.874515351937695762E+01    1
    0.280168445279650413E+02   -0.866750834624911093E+01   -0.875515351937695741E+01    1
    0.280165373217808167E+02   -0.864037096862824505E+01   -0.876515351937696252E+01    1
    0.276577077272266614E+02   -0.832089673607022995E+01   -0.877515351937696231E+01    1
    0.276585819715821799E+02   -0.824547766547501837E+01   -0.878515351937696209E+01    1
    0.280118329910846526E+02   -0.823054949586913409E+01   -0.879515351937696188E+01    1
    0.276610317978295264E+02   -0.803611955535285816E+01   -0.880515351937695812E+01    1
    0.276657779102092007E+02   -0.763884042128712260E+01   -0.881515351937695790E+01    1
    0.276671584040803964E+02   -0.752534385938447148E+01   -0.882515351937695769E+01    1
    0.276673082188204660E+02   -0.751308274389755848E+01   -0.883515351937695925E+01    1
    0.280032797893059993E+02   -0.751304081969620619E+01   -0.884515351937695904E+01    1
    0.280010943845496350E+02   -0.733542641648048654E+01   -0.885515351937696238E+01    1
    0.279993676011083608E+02   -0.719673043159010373E+01   -0.886515351937696394E+01    1
    0.276779211190933587E+02   -0.667231550102242110E+01   -0.887515351937696018E+01    1
    0.279926404149398920E+02   -0.667024750418451795E+01   -0.888515351937696174E+01    1
    0.279912649835302645E+02   -0.656531709678164699E+01   -0.889515351937696330E+01    1
    0.279851308982741038E+02   -0.610856939145116851E+01   -0.890515351937696309E+01    1
    0.276856977766677481E+02   -0.609106008734344773E+01   -0.891515351937696288E+01    1
    0.279820329650517152E+02   -0.588485922338771505E+01   -0.892515351937696089E+01    1
    0.279815650453978364E+02   -0.585147574357822897E+01   -0.893515351937696423E+01    1
    0.279809889846048989E+02   -0.581052342461332572E+01   -0.894515351937696579E+01    1
    0.279779305109598759E+02   -0.559580234897855622E+01   -0.895515351937696202E+01    1
    0.276927656777141848E+02   -0.558832648338810944E+01   -0.896515351937696181E+01    1
    0.276930016470798250E+02   -0.557196183940434686E+01   -0.897515351937695982E+01    1
    0.279772769078522678E+02   -0.555050670144453306E+01   -0.898515351937695428E+01    1
    0.279749796886911000E+02   -0.539295659958535989E+01   -0.899515351937695407E+01    1
    0.276963998053663545E+02   -0.533930405976723321E+01   -0.900515351937695741E+01    1
    0.279706383331905286E+02   -0.510223100812921082E+01   -0.901515351937696252E+01    1
    0.277012139272115618E+02   -0.501932743973681195E+01   -0.902515351937696408E+01    1
    0.277012219813766976E+02   -0.501880156635027497E+01   -0.903515351937696032E+01    1
    0.277026164395227461E+02   -0.492823066179310576E+01   -0.904515351937695833E+01    1
    0.279667613230314203E+02   -0.485035922232455796E+01   -0.905515351937695989E+01    1
    0.279663073391188277E+02   -0.482134469191325543E+01   -0.906515351937695790E+01    1
    0.277048336792297576E+02   -0.478616945119219306E+01   -0.907515351937695591E+01    1
    0.277049160998754580E+02   -0.478093481215250637E+01   -0.908515351937695925E+01    1
    0.277060179602933445E+02   -0.471127200021821135E+01   -0.909515351937696437E+01    1
    0.279631066513289461E+02   -0.461963398324047159E+01   -0.910515351937696060E+01    1
    0.279617035519305688E+02   -0.453278201629790711E+01   -0.911515351937695506E+01    1
    0.279589846124127739E+02   -0.436720835549701913E+01   -0.912515351937696195E+01    1
    0.279587415705847739E+02   -0.435258326410877761E+01   -0.913515351937696529E+01    1
    0.277171725002777194E+02   -0.403933804904465443E+01   -0.914515351937696153E+01    1
    0.279529324791320732E+02   -0.401158043051278224E+01   -0.915515351937696131E+01    1
    0.277180064590108692E+02   -0.399153591448534772E+01   -0.916515351937695577E+01    1
    0.279484118214806010E+02   -0.375758094413864763E+01   -0.917515351937695733E+01    1
    0.279474019573564476E+02   -0.370220021509803932E+01   -0.918515351937696067E+01    1
    0.279468463868654204E+02   -0.367194461443577813E+01   -0.919515351937696046E+01    1
    0.279460037018008798E+02   -0.362634005109650603E+01   -0.920515351937696202E+01    1
    0.277249091230538589E+02   -0.360888145361942936E+01   -0.921515351937696536E+01    1
    0.277250049222136390E+02   -0.360373400009824829E+01   -0.922515351937696337E+01    1
    0.277266597747802734E+02   -0.351552133085668173E+01   -0.923515351937695961E+01    1
    0.279395024602578133E+02   -0.328613011075144312E+01   -0.924515351937695584E+01    1
    0.279376666503650171E+02   -0.319378883923388246E+01   -0.925515351937695918E+01    1
    0.279374066218313928E+02   -0.318084209506881743E+01   -0.926515351937696607E+01    1
    0.277361379533063044E+02   -0.303597583616427880E+01   -0.927515351937695876E+01    1
    0.279336540658613686E+02   -0.299766975456941553E+01   -0.928515351937695499E+01    1
    0.279327813838653540E+02   -0.295605460943944465E+01   -0.929515351937696188E+01    1
    0.279314494124063941E+02   -0.289325257280945847E+01   -0.930515351937696522E+01    1
    0.279307828686435897E+02   -0.286214959403906111E+01   -0.931515351937695790E+01    1
    0.279290272968843638E+02   -0.278126458644759555E+01   -0.932515351937696657E+01    1
    0.279279011764990059E+02   -0.273017064188854119E+01   -0.933515351937696458E+01    1
    0.277435287980842276E+02   -0.269239560888898266E+01   -0.934515351937696082E+01    1
    0.277438643753716647E+02   -0.267742685563751781E+01   -0.935515351937695883E+01    1
    0.277438789928754375E+02   -0.267677607399098072E+01   -0.936515351937696394E+01    1
    0.279260583348225495E+02   -0.264789007260171116E+01   -0.937515351937696728E+01    1
    0.277447130057241935E+02   -0.263981756339612250E+01   -0.938515351937696352E+01    1
    0.277448607400745431E+02   -0.263330616688975461E+01   -0.939515351937695797E+01    1
    0.277451054192509474E+02   -0.262254530254407037E+01   -0.940515351937695776E+01    1
    0.279254645298457689E+02   -0.262172972715485031E+01   -0.941515351937695755E+01    1
    0.279235959120386248E+02   -0.254052729951872802E+01   -0.942515351937696089E+01    1
    0.279233441566839993E+02   -0.252971702745692717E+01   -0.943515351937695712E+01    1
    0.279228210327534043E+02   -0.250735299964926384E+01   -0.944515351937694980E+01    1
    0.279222072539700399E+02   -0.248128330173464029E+01   -0.945515351937695137E+01    1
    0.277496119953504561E+02   -0.242956195525650287E+01   -0.946515351937695826E+01    1
    0.279201438538071685E+02   -0.239498730196406084E+01   -0.947515351937695982E+01    1
    0.279199674920158998E+02   -0.238770763831001531E+01   -0.948515351937695605E+01    1
    0.277513912421458642E+02   -0.235609314886433063E+01   -0.949515351937695584E+01    1
    0.277517820870316640E+02   -0.234016086893019981E+01   -0.950515351937695741E+01    1
    0.279184831081761473E+02   -0.232703715595194049E+01   -0.951515351937695897E+01    1
    0.277521417038804188E+02   -0.232556727141390063E+01   -0.952515351937695876E+01    1
    0.277541861011518378E+02   -0.224380035233041220E+01   -0.953515351937695854E+01    1
    0.277548859158169705E+02   -0.221627844202607793E+01   -0.954515351937695833E+01    1
    0.277554322686724717E+02   -0.219495756839662537E+01   -0.955515351937695989E+01    1
    0.279121100176255439E+02   -0.207874602727708702E+01   -0.956515351937696323E+01    1
    0.279116534232899625E+02   -0.206171672660493055E+01   -0.957515351937696302E+01    1
    0.277593420490627949E+02   -0.204662448060019919E+01   -0.958515351937695215E+01    1
    0.279111961612226693E+02   -0.204476426901506469E+01   -0.959515351937695371E+01    1
    0.277597764769555191E+02   -0.203060225130621319E+01   -0.960515351937695527E+01    1
    0.277603209985035768E+02   -0.201064942784694534E+01   -0.961515351937695861E+01    1
    0.277621946308506473E+02   -0.194309737316882214E+01   -0.962515351937695662E+01    1
    0.279067026339049420E+02   -0.188358875788020574E+01   -0.963515351937695286E+01    1
    0.277642160006687675E+02   -0.187213582685163349E+01   -0.964515351937695797E+01    1
    0.277644824746538070E+02   -0.186292952150424274E+01   -0.965515351937696309E+01    1
    0.279060888294528944E+02   -0.186233590435991614E+01   -0.966515351937695755E+01    1
    0.277647468100376784E+02   -0.185383126614991101E+01   -0.967515351937695556E+01    1
    0.279058134555816650E+02   -0.185286076019198931E+01   -0.968515351937696067E+01    1
    0.277678564115964832E+02   -0.174935534827644634E+01   -0.969515351937696224E+01    1
    0.277684093562323042E+02   -0.173127070844395381E+01   -0.970515351937696025E+01    1
    0.277685109540024868E+02   -0.172796403779111385E+01   -0.971515351937696003E+01    1
    0.278990985547096138E+02   -0.163324161188503303E+01   -0.972515351937696160E+01    1
    0.277718596979259473E+02   -0.162178686612559830E+01   -0.973515351937696316E+01    1
    0.277726953112100858E+02   -0.159614379699732911E+01   -0.974515351937696295E+01    1
    0.277728896832132577E+02   -0.159022770926636681E+01   -0.975515351937696273E+01    1
    0.277730717754194210E+02   -0.158470207233537796E+01   -0.976515351937695542E+01    1
    0.277735142009812073E+02   -0.157134382630566827E+01   -0.977515351937695698E+01    1
    0.278966201161327838E+02   -0.155772912778498052E+01   -0.978515351937696209E+01    1
    0.277740353984500636E+02   -0.155572949307497854E+01   -0.979515351937696011E+01    1
    0.278958965172592386E+02   -0.153624684817691159E+01   -0.980515351937695812E+01    1
    0.278951802167030465E+02   -0.151523237611028061E+01   -0.981515351937695613E+01    1
    0.278951037058148650E+02   -0.151300250715144369E+01   -0.982515351937695769E+01    1
    0.277757617405516797E+02   -0.150495548567599990E+01   -0.983515351937696103E+01    1
    0.278935033928639982E+02   -0.146701562894625681E+01   -0.984515351937696082E+01    1
    0.278931336452444505E+02   -0.145656785867802774E+01   -0.985515351937696060E+01    1
    0.278929873819305101E+02   -0.145245334759956579E+01   -0.986515351937695506E+01    1
    0.278929101860090753E+02   -0.145028596106653551E+01   -0.987515351937695307E+01    1
    0.278921902753208499E+02   -0.143021315782726588E+01   -0.988515351937695641E+01    1
    0.278914845314965092E+02   -0.141078034536538377E+01   -0.989515351937695975E+01    1
    0.277791318420057216E+02   -0.141001838508247190E+01   -0.990515351937695954E+01    1
    0.277808054404818279E+02   -0.136492776781430103E+01   -0.991515351937695577E+01    1
    0.277816301430333255E+02   -0.134321004492857488E+01   -0.992515351937695911E+01    1
    0.278881800174713135E+02   -0.132301651957653266E+01   -0.993515351937696067E+01    1
    0.277827543090689346E+02   -0.131413969596543589E+01   -0.994515351937695513E+01    1
    0.278862206641153421E+02   -0.127348979265545781E+01   -0.995515351937695492E+01    1
    0.277853385220244391E+02   -0.124964670300912473E+01   -0.996515351937695826E+01    1
    0.277857833116630779E+02   -0.123887434085556913E+01   -0.997515351937695982E+01    1
    0.278846947649903392E+02   -0.123621442935020798E+01   -0.998515351937696138E+01    1
    0.278844041344927547E+02   -0.122924332143392556E+01   -0.999515351937695584E+01    1
    0.277865257025355561E+02   -0.122110897230935422E+01   -0.100051535193769503E+02    1
    0.277875168528783689E+02   -0.119780916683106287E+01   -0.100151535193769536E+02    1
    0.277878621699177657E+02   -0.118980387968743795E+01   -0.100251535193769570E+02    1
    0.278825140996222949E+02   -0.118491220011803411E+01   -0.100351535193769603E+02    1
    0.277886768187873514E+02   -0.117114842971862121E+01   -0.100451535193769637E+02    1
    0.277886909501175090E+02   -0.117082767409829147E+01   -0.100551535193769475E+02    1
    0.277890714545559057E+02   -0.116222747437566798E+01   -0.100651535193769543E+02    1
    0.277897090466313799E+02   -0.114797460975077059E+01   -0.100751535193769577E+02    1
    0.278804943274407826E+02   -0.113946087578217314E+01   -0.100851535193769539E+02    1
    0.278804678434114059E+02   -0.113887809594735634E+01   -0.100951535193769484E+02    1
    0.278802075148690598E+02   -0.113316775867706920E+01   -0.101051535193769499E+02    1
    0.277904149885259919E+02   -0.113242477763194205E+01   -0.101151535193769551E+02    1
    0.278800805180462135E+02   -0.113039404537723831E+01   -0.101251535193769566E+02    1
    0.277905602235413092E+02   -0.112925577589066983E+01   -0.101351535193769582E+02    1
    0.277906977256442289E+02   -0.112626497099165390E+01   -0.101451535193769562E+02    1
    0.277908037873298390E+02   -0.112396431583433798E+01   -0.101551535193769507E+02    1
    0.277912682610306661E+02   -0.111395362942875353E+01   -0.101651535193769487E+02    1
    0.277919557183949699E+02   -0.109932985093444668E+01   -0.101751535193769485E+02    1
    0.277920014497295291E+02   -0.109836520574884666E+01   -0.101851535193769500E+02    1
    0.278784900133796079E+02   -0.109632127376401178E+01   -0.101951535193769534E+02    1
    0.278783206935474865E+02   -0.109276655299838099E+01   -0.102051535193769531E+02    1
    0.278782605682032028E+02   -0.109150763338362400E+01   -0.102151535193769565E+02    1
    0.277926743258702409E+02   -0.108428946187694564E+01   -0.102251535193769545E+02    1
    0.278778856550549925E+02   -0.108369732077234993E+01   -0.102351535193769507E+02    1
    0.277936499030104329E+02   -0.106427316097078029E+01   -0.102451535193769541E+02    1
    0.278762852564928956E+02   -0.105112703464159951E+01   -0.102551535193769521E+02    1
    0.277946898539232556E+02   -0.104344644232194139E+01   -0.102651535193769536E+02    1
    0.278748667406455191E+02   -0.102330101918880434E+01   -0.102751535193769570E+02    1
    0.278742082548498047E+02   -0.101071698568191071E+01   -0.102851535193769532E+02    1
    0.278740315019653906E+02   -0.100737508518522589E+01   -0.102951535193769512E+02    1
    0.277965842485641090E+02   -0.100686159642828610E+01   -0.103051535193769492E+02    1
    0.278729116058480813E+02   -0.986554568464999448E+00   -0.103151535193769526E+02    1
    0.278727422688581186E+02   -0.983459501824310189E+00   -0.103251535193769541E+02    1
    0.278726887381987538E+02   -0.982483996978102958E+00   -0.103351535193769539E+02    1
    0.277980636737211597E+02   -0.979506034199714826E+00   -0.103451535193769555E+02    1
    0.278720663408097487E+02   -0.971244302149796068E+00   -0.103551535193769570E+02    1
    0.277989543235924970E+02   -0.963551303220650524E+00   -0.103651535193769533E+02    1
    0.278709326884623145E+02   -0.951256726477831660E+00   -0.103751535193769513E+02    1
    0.277997591461345017E+02   -0.949466300729215895E+00   -0.103851535193769564E+02    1
    0.278707576224172158E+02   -0.948225899894747482E+00   -0.103951535193769562E+02    1
    0.278707182416146537E+02   -0.947546177005655577E+00   -0.104051535193769507E+02    1
    0.278705814532964595E+02   -0.945191042634581202E+00   -0.104151535193769558E+02    1
    0.278002277088568199E+02   -0.941411379229526335E+00   -0.104251535193769538E+02    1
    0.278700675131704756E+02   -0.936423779235198483E+00   -0.104351535193769482E+02    1
    0.278005650669895914E+02   -0.935678157197212368E+00   -0.104451535193769534E+02    1
    0.278691551097223567E+02   -0.921176038230450689E+00   -0.104551535193769531E+02    1
    0.278014518767534717E+02   -0.920871629144435988E+00   -0.104651535193769529E+02    1
    0.278689216623466294E+02   -0.917339886260575832E+00   -0.104751535193769580E+02    1
    0.278040068429148164E+02   -0.880354045763301341E+00   -0.104851535193769543E+02    1
    0.278661721995038754E+02   -0.874155956290753600E+00   -0.104951535193769523E+02    1
    0.278045087608136683E+02   -0.872768034760159628E+00   -0.105051535193769539E+02    1
    0.278658723147447134E+02   -0.869668530595814282E+00   -0.105151535193769536E+02    1
    0.278658309876114778E+02   -0.869053551750747166E+00   -0.105251535193769499E+02    1
    0.278049684636780299E+02   -0.865927700322915106E+00   -0.105351535193769514E+02    1
    0.278652379828638281E+02   -0.860320785928202159E+00   -0.105451535193769512E+02    1
    0.278056825557601641E+02   -0.855506170354158102E+00   -0.105551535193769528E+02    1
    0.278062652328833479E+02   -0.847186502638610395E+00   -0.105651535193769543E+02    1
    0.278641030285141440E+02   -0.844084626483655454E+00   -0.105751535193769524E+02    1
    0.278065853389954682E+02   -0.842686280536332988E+00   -0.105851535193769575E+02    1
    0.278068489177509512E+02   -0.839018210074343962E+00   -0.105951535193769573E+02    1
    0.278072939106970516E+02   -0.832902279303906257E+00   -0.106051535193769570E+02    1
    0.278630246735515819E+02   -0.829239295356502648E+00   -0.106151535193769551E+02    1
    0.278629910945892334E+02   -0.828786116942690221E+00   -0.106251535193769495E+02    1
    0.278629652034907558E+02   -0.828437068103240026E+00   -0.106351535193769458E+02    1
    0.278629281688028705E+02   -0.827938355260813164E+00   -0.106451535193769526E+02    1
    0.278629042434507461E+02   -0.827616529181756544E+00   -0.106551535193769560E+02    1
    0.278627040663992709E+02   -0.824934818996550745E+00   -0.106651535193769540E+02    1
    0.278626240399969944E+02   -0.823868189889954250E+00   -0.106751535193769556E+02    1
    0.278079940189826758E+02   -0.823475276838172787E+00   -0.106851535193769500E+02    1
    0.278083923094885961E+02   -0.818218791750138341E+00   -0.106951535193769480E+02    1
    0.278085730629499608E+02   -0.815858761545894984E+00   -0.107051535193769549E+02    1
    0.278618909276541018E+02   -0.814242076565873996E+00   -0.107151535193769494E+02    1
    0.278617642864001027E+02   -0.812605727845780224E+00   -0.107251535193769456E+02    1
    0.278616977222391107E+02   -0.811748774744485146E+00   -0.107351535193769543E+02    1
    0.278616326118010242E+02   -0.810912624527861059E+00   -0.107451535193769505E+02    1
    0.278089706411963817E+02   -0.810723717228826413E+00   -0.107551535193769414E+02    1
    0.278608508126531795E+02   -0.801033953222014539E+00   -0.107651535193769483E+02    1
    0.278608261461861240E+02   -0.800727115882757357E+00   -0.107751535193769499E+02    1
    0.278601609807479562E+02   -0.792564547486302673E+00   -0.107851535193769426E+02    1
    0.278104889587495485E+02   -0.791821712440483494E+00   -0.107951535193769441E+02    1
    0.278105950705139229E+02   -0.790542664656850969E+00   -0.108051535193769528E+02    1
    0.278106256614867426E+02   -0.790174946061027783E+00   -0.108151535193769561E+02    1
    0.278106464627490197E+02   -0.789925164914033417E+00   -0.108251535193769524E+02    1
    0.278599129065150777E+02   -0.789575470639611310E+00   -0.108351535193769521E+02    1
    0.278109243204606464E+02   -0.786608860823342804E+00   -0.108451535193769519E+02    1
    0.278111286329789387E+02   -0.784194324645729912E+00   -0.108551535193769482E+02    1
    0.278111605729364442E+02   -0.783818700126207024E+00   -0.108651535193769480E+02    1
    0.278592639830171329E+02   -0.781898242403821109E+00   -0.108751535193769477E+02    1
    0.278586071395114914E+02   -0.774336151238986137E+00   -0.108851535193769493E+02    1
    0.278582689487816886E+02   -0.770524574305685883E+00   -0.108951535193769473E+02    1
    0.278124008015073265E+02   -0.769617371169352471E+00   -0.109051535193769453E+02    1
    0.278581769735450457E+02   -0.769497601392949759E+00   -0.109151535193769469E+02    1
    0.278124703086284981E+02   -0.768843640956577645E+00   -0.109251535193769485E+02    1
    0.278131133884407902E+02   -0.761796668554875045E+00   -0.109351535193769500E+02    1
    0.278133085294991034E+02   -0.759698109082960760E+00   -0.109451535193769498E+02    1
    0.278572204885779371E+02   -0.759061904300052270E+00   -0.109551535193769460E+02    1
    0.278141606946977049E+02   -0.750751178020602095E+00   -0.109651535193769440E+02    1
    0.278561542306785768E+02   -0.747953681143343596E+00   -0.109751535193769456E+02    1
