    0.420575114120343295E-96    0.441978632027103231E+03    0.268840006832671534E+02
    0.143230100257166621E-94    0.434902632983495153E+03    0.287789197247936350E+02
    0.136578347948626506E-93    0.430372570801819620E+03    0.268966108174209211E+02
    0.387868576806597670E-92    0.423659864345700043E+03    0.287666063288749356E+02
    0.133182787337179438E-90    0.416567412047950711E+03    0.269118344993692737E+02
    0.196039969397834448E-88    0.406563879599216705E+03    0.269230246543884277E+02
    0.295089644834473036E-87    0.401120788159163567E+03    0.287414170618168079E+02
    0.110781543998152864E-85    0.393849885789081782E+03    0.287331404876851195E+02
    0.499214001148865826E-84    0.386213766255473502E+03    0.287243652343750000E+02
    0.822120377164717519E-82    0.375985721954020391E+03    0.269581146497420789E+02
    0.170849062611487399E-80    0.369897594255332876E+03    0.269652700106826089E+02
    0.702220038748530518E-77    0.353235151080381570E+03    0.286854272678659541E+02
    0.334560841832004715E-74    0.340882496619435983E+03    0.270002133364848902E+02
    0.118548792496540320E-71    0.329121974311589270E+03    0.286557880763503015E+02
    0.149566393638261937E-70    0.324031972581611967E+03    0.286493936792057582E+02
    0.545515083725654125E-70    0.321423992467143250E+03    0.270244906972921015E+02
    0.451654813720363395E-69    0.317176446790090779E+03    0.270298874378204346E+02
    0.470779030240873949E-68    0.312468335339935606E+03    0.286346765950280329E+02
    0.569869999184418491E-68    0.312066296480914218E+03    0.286341600416525068E+02
    0.156775316778712368E-66    0.305417145281314845E+03    0.286255680163138919E+02
    0.322574674709397035E-64    0.294743762945544120E+03    0.270590114593505859E+02
    0.243289993812180688E-62    0.286077583647425513E+03    0.286000289361821203E+02
    0.144443029225251682E-60    0.277889981182641407E+03    0.270816325245841938E+02
    0.712845115767799512E-59    0.270072052997682476E+03    0.285782289947264339E+02
    0.204357373745460161E-58    0.267945670560929955E+03    0.285752844810485840E+02
    0.335018490376547683E-58    0.266937039696541888E+03    0.270967048485141007E+02
    0.282465560020159049E-57    0.262653127698022047E+03    0.285679042339324951E+02
    0.180700845793380673E-56    0.258921385019003537E+03    0.285626554489135742E+02
    0.197300824253884732E-56    0.258725611594101622E+03    0.285623790428800461E+02
    0.408847530246167525E-56    0.257248386175764438E+03    0.285602899995631958E+02
    0.558920375401961524E-56    0.256603056731741162E+03    0.271112130161784783E+02
    0.118597030827724821E-55    0.255078437687347389E+03    0.285572103682625027E+02
    0.145049808200488070E-54    0.250050576026966496E+03    0.285500237421845569E+02
    0.310031418546228566E-54    0.248511383118515568E+03    0.285478091891970607E+02
    0.249346095230991181E-53    0.244321876473356895E+03    0.285417462671967286E+02
    0.270364816697185968E-52    0.239534845591648491E+03    0.271358342217166033E+02
    0.822912266767221260E-52    0.237288690845017300E+03    0.271391391754150391E+02
    0.151205273902034373E-50    0.231446772972665485E+03    0.271478092670440674E+02
    0.104410805049406671E-49    0.227562213140090677E+03    0.271536354500642716E+02
    0.109347724691337470E-47    0.218239473222927955E+03    0.271678254339751604E+02
    0.204807123208624037E-47    0.216964401753879173E+03    0.285007988019622687E+02
    0.811288129562499184E-45    0.204980952193777540E+03    0.284820465082339425E+02
    0.626910596937623830E-42    0.191661080287943975E+03    0.272100452513408477E+02
    0.669495171103166706E-42    0.191509640266816120E+03    0.284602945351209797E+02
    0.308109717667852439E-41    0.188436606094187027E+03    0.272153628800021217E+02
    0.808400617689472422E-41    0.186487402486419683E+03    0.284519888827951348E+02
    0.138840973182666479E-40    0.185385689398964701E+03    0.272204366288608597E+02
    0.252567227733842729E-40    0.184168992876210865E+03    0.284481167793273926E+02
    0.150597093384489820E-39    0.180577961583792160E+03    0.272285180959202791E+02
    0.265629230820325199E-38    0.174817804492999556E+03    0.272383445791070500E+02
    0.354636003757686196E-38    0.174219823583840451E+03    0.272393739824893188E+02
    0.941961452725974572E-38    0.172246078721559513E+03    0.272427844092887952E+02
    0.158249547412180449E-37    0.171188490839572353E+03    0.272446199138946028E+02
    0.223046422846623887E-36    0.165876907207725424E+03    0.272539261065066469E+02
    0.238795089458132102E-35    0.161115285233929569E+03    0.284081912969483490E+02
    0.303318791371028213E-35    0.160616928131410248E+03    0.272632910731322760E+02
    0.823763476149583620E-34    0.153993559793345582E+03    0.283952823527399403E+02
    0.292797213805874861E-33    0.151437195965048005E+03    0.283905754601000879E+02
    0.880912797092424252E-33    0.149214239219144616E+03    0.272841387430452436E+02
    0.498303162195448249E-32    0.145728569009294205E+03    0.272906708717346191E+02
    0.523965889294589656E-32    0.145608133140890828E+03    0.272908979687850604E+02
    0.934277002441190569E-31    0.139826270184278485E+03    0.273019141352681949E+02
    0.228615313702961621E-30    0.138016564463399106E+03    0.283651793003082275E+02
    0.232674785052240690E-30    0.137961362527266459E+03    0.273055161942160751E+02
    0.234148080988204252E-30    0.137928738459897886E+03    0.273055794254165818E+02
    0.287003913543338122E-30    0.137501654236374520E+03    0.283641806333427624E+02
    0.328057088748299221E-30    0.137214270651185018E+03    0.273069660877469680E+02
    0.127083647402592870E-29    0.134485784732568504E+03    0.283582930701515892E+02
    0.293682195836356561E-28    0.128185309135550710E+03    0.283457742577414997E+02
    0.280341442279834273E-27    0.123653118787874774E+03    0.273340128559575284E+02
    0.912405956898267785E-27    0.121272965343398354E+03    0.273389119089195276E+02
    0.534491825347518751E-26    0.117717332323173665E+03    0.283242666546332167E+02
    0.643131039852754063E-26    0.117327268199919203E+03    0.273471416080714746E+02
    0.232119701755409664E-25    0.114740288620948093E+03    0.283179749934013962E+02
    0.722376981298116170E-25    0.112449700735066713E+03    0.283130776882171631E+02
    0.122801590247730078E-23    0.106763314706811641E+03    0.273698911018346145E+02
    0.595528693352504182E-23    0.103585555495338255E+03    0.282936332412694469E+02
    0.190003740616402694E-22    0.101245196933039225E+03    0.282883601849308839E+02
    0.198976489941980294E-22    0.101132911098381669E+03    0.273824828703624235E+02
    0.784276478896270354E-22    0.983697612322084325E+02    0.282817962985686933E+02
    0.111837903511149599E-21    0.976400132001336800E+02    0.273904734603309414E+02
    0.213914488916404817E-21    0.963229615645661994E+02    0.282770645618438721E+02
    0.648658015696383055E-21    0.940843029910003281E+02    0.282718305694832814E+02
    0.360232508906768011E-20    0.906354447178100315E+02    0.282636419848636535E+02
    0.524339845450978658E-20    0.898646640116702429E+02    0.282617904350886135E+02
    0.524737286313394923E-20    0.898431486192576330E+02    0.274088498845862460E+02
    0.113265687247988336E-19    0.882843013468851439E+02    0.274126197551808559E+02
    0.118148169569922898E-19    0.881798948717430875E+02    0.282577150697294464E+02
    0.236470764020761708E-19    0.867721247320619256E+02    0.274163091693515319E+02
    0.380092231666783375E-19    0.858029460175528129E+02    0.282518975646999486E+02
    0.320764281361743127E-17    0.769120204671321517E+02    0.282293766600273983E+02
    0.597310934576879466E-17    0.756485579094505880E+02    0.282260709706216524E+02
    0.759649436021087085E-17    0.751477194050014816E+02    0.274458356959508656E+02
    0.125259916945187593E-16    0.741274815078781302E+02    0.282220537862554579E+02
    0.189538909752590713E-16    0.732790746720432224E+02    0.274507936220130873E+02
    0.244655464229362762E-16    0.727485614312142133E+02    0.274522128847856024E+02
    0.253616575797472843E-16    0.726566161711445915E+02    0.282181291230474933E+02
    0.523173812842096208E-16    0.711884358419874701E+02    0.274564174373584002E+02
    0.520561007527838816E-16    0.711784491546454632E+02    0.274564445018768311E+02
    0.175265967806183268E-15    0.687304838775508671E+02    0.274631380009807913E+02
    0.526673845548481118E-15    0.665099302138689410E+02    0.274693155595442455E+02
    0.535128245502225141E-15    0.664580802911875281E+02    0.282011274687687425E+02
    0.836830029029322459E-15    0.655438511935293207E+02    0.281985525449657644E+02
    0.129767413365836699E-14    0.646464355237783650E+02    0.281960070996157839E+02
    0.163293378919353566E-14    0.641668260566746085E+02    0.281946393339646804E+02
    0.220745326018049711E-14    0.635439036318398891E+02    0.281928550531553768E+02
    0.295686577587007003E-14    0.629393228963115092E+02    0.274794737668383817E+02
    0.342812907874867345E-14    0.626235532834598203E+02    0.274803861093016515E+02
    0.170419184810971139E-13    0.593962303880360309E+02    0.274898488392060294E+02
    0.203076417318139897E-13    0.590255880815955436E+02    0.281796362862440120E+02
    0.108228433972823137E-12    0.556590943464706527E+02    0.275011410184997658E+02
    0.149371402143030010E-12    0.549947109193533166E+02    0.281673997979245812E+02
    0.294689488565817207E-12    0.536157381502922945E+02    0.281631088256835938E+02
    0.406472237368116505E-12    0.529525513322049264E+02    0.281610250473022461E+02
    0.461355133668259574E-12    0.526792463890926399E+02    0.275104261051979293E+02
    0.558823414173277112E-12    0.522759155373688742E+02    0.281588851820867916E+02
    0.831653523717415072E-12    0.514607507595066949E+02    0.275143002469096842E+02
    0.101415952453216991E-11    0.510439516043988917E+02    0.275156362146671292E+02
    0.145569320600179620E-11    0.503011075992201455E+02    0.275180312027540914E+02
    0.162780201327799017E-11    0.500576107405984772E+02    0.275188202001897260E+02
    0.203469025641128652E-11    0.495913848357208735E+02    0.281502521038055420E+02
    0.227176975403717694E-11    0.493509537238950315E+02    0.281494673363069339E+02
    0.261442225681211686E-11    0.490499857564172359E+02    0.275221063156056722E+02
    0.385595894808219736E-11    0.482528325731421575E+02    0.281458578563882362E+02
    0.579344447984325533E-11    0.474186180015799792E+02    0.275275009843270375E+02
    0.622615014136873923E-11    0.472545556601367238E+02    0.275280487537384033E+02
    0.629420370063715212E-11    0.472128137092847666E+02    0.281424002434280993E+02
    0.834614036035291704E-11    0.466284736346220754E+02    0.275301481449184493E+02
    0.236339943172183449E-10    0.445266998085021797E+02    0.281332845157135623E+02
    0.351368979076932872E-10    0.437135684325052623E+02    0.281304695300279164E+02
    0.403411919363269545E-10    0.434173258753448224E+02    0.275411512501343836E+02
    0.412210996464362869E-10    0.433541715288294895E+02    0.281292167398464699E+02
    0.101930025017483353E-09    0.415234989368005714E+02    0.281227506338135171E+02
    0.234522436221696313E-09    0.398369695137145570E+02    0.275539263426522929E+02
    0.242690110144959722E-09    0.397485013088317913E+02    0.275542493581628278E+02
    0.463884262272135387E-09    0.384328018613291249E+02    0.281114906921206860E+02
    0.565799668823541266E-09    0.380155918869508298E+02    0.281099353621856167E+02
    0.698843541497284786E-09    0.375732182634907090E+02    0.275623119759391955E+02
    0.704156984977328930E-09    0.375380693913887669E+02    0.275624442100524902E+02
    0.804463966177646506E-09    0.372517196838429214E+02    0.281070646327055691E+02
    0.102051686040591177E-08    0.367559430263884082E+02    0.275654034198496802E+02
    0.121215924322634188E-08    0.363917549404386875E+02    0.281037960503746120E+02
    0.125527283426526330E-08    0.363018555825182716E+02    0.281034520577979379E+02
    0.150712201574675120E-08    0.359161577113592969E+02    0.281019711806748589E+02
    0.176527306588068054E-08    0.355799506961410685E+02    0.281006735813760748E+02
    0.216846415074513325E-08    0.351485231714023314E+02    0.275715893979517048E+02
    0.265796479303866062E-08    0.347214400469837727E+02    0.275732575339376851E+02
    0.484516128502182690E-08    0.335006004085709250E+02    0.280925028741097229E+02
    0.489272315032918791E-08    0.334610634161851479E+02    0.280923449993133545E+02
    0.767217518702855108E-08    0.325413611322376966E+02    0.280886447848412146E+02
    0.923874434475079913E-08    0.321497495100846322E+02    0.280870527159525132E+02
    0.955719971056852598E-08    0.320619719423724234E+02    0.275838940412592812E+02
    0.108076333999906269E-07    0.317960561145471843E+02    0.280856060981750488E+02
    0.120816089718022894E-07    0.315531927227381601E+02    0.280846079182366957E+02
    0.130305748954078402E-07    0.313819644539333460E+02    0.275866867675009040E+02
    0.135327229064664783E-07    0.312863401330950879E+02    0.280835065131151609E+02
    0.147067222851149293E-07    0.310999521009469966E+02    0.275878542118950598E+02
    0.186252484080122429E-07    0.306075252730334100E+02    0.275899060233648576E+02
    0.237866536700093827E-07    0.300983121696339353E+02    0.275920459802535731E+02
    0.400827713334829119E-07    0.290346682772062934E+02    0.280740107234662517E+02
    0.459312795317980181E-07    0.287422687635698750E+02    0.280727497550662903E+02
    0.615838215441712645E-07    0.281357630785240076E+02    0.280701126201685298E+02
    0.107323729523825065E-06    0.270048619232987726E+02    0.276054739512977960E+02
    0.129061899069624360E-06    0.266159772220218969E+02    0.276072179445059689E+02
    0.134152719897368658E-06    0.265186037726492501E+02    0.276076567173004150E+02
    0.238552231641913247E-06    0.253473849021800675E+02    0.276130021743061747E+02
    0.266139663700060735E-06    0.251085190310839046E+02    0.276141082205174797E+02
    0.406017819490914735E-06    0.242437673780520768E+02    0.276181594857770563E+02
    0.431303008210993217E-06    0.241029397193075923E+02    0.276188264268237376E+02
    0.436140660290084378E-06    0.240606318627444011E+02    0.280515613276487308E+02
    0.458682778437953350E-06    0.239398437628395300E+02    0.280509871159085122E+02
    0.561511305248680058E-06    0.235152976600936832E+02    0.276216318882619909E+02
    0.566345743929219074E-06    0.234781519826610001E+02    0.280487780563314786E+02
    0.561407591040046492E-06    0.234756671051507340E+02    0.280487661050739980E+02
    0.782551865769424948E-06    0.227914410713702580E+02    0.276251391244340141E+02
    0.115745836491983234E-05    0.219885978451091013E+02    0.280414896899964212E+02
    0.127101574865937019E-05    0.217814181523219119E+02    0.276301330676036159E+02
    0.177641701843336085E-05    0.210918540687415579E+02    0.276336135571743142E+02
    0.179354211374661808E-05    0.210526659200402300E+02    0.276338131600258663E+02
    0.197654688942991347E-05    0.208383482642305964E+02    0.280356802274876884E+02
    0.218393730602403411E-05    0.206187922152330074E+02    0.276360364349719916E+02
    0.227208305507728823E-05    0.205196568058630646E+02    0.280340406010456817E+02
    0.238620884287479002E-05    0.204016392215235136E+02    0.276371585474538080E+02
    0.363575763845725576E-05    0.195394158821008723E+02    0.276416781487037007E+02
    0.373406038730284937E-05    0.194660584835658703E+02    0.276420675530150426E+02
    0.389554225627605670E-05    0.193613851417307501E+02    0.276426245549729792E+02
    0.422579506349863626E-05    0.191786360704781664E+02    0.276436009035714889E+02
    0.444838297267222833E-05    0.190559696116820447E+02    0.276442590557579493E+02
    0.672050670976801997E-05    0.182107238082450458E+02    0.276488572724420649E+02
    0.786872477611855648E-05    0.178752588916509616E+02    0.280198745369519315E+02
    0.873061437721822772E-05    0.176473794325632767E+02    0.276519859635792784E+02
    0.116319405888761622E-04    0.170535412916697275E+02    0.276553428935766341E+02
    0.125303460846015645E-04    0.168847441400973608E+02    0.280142799359864298E+02
    0.143820740658831760E-04    0.165890857689713336E+02    0.276580127263168016E+02
    0.151483020600832800E-04    0.164652740172434804E+02    0.280118572711944580E+02
    0.171146152790007823E-04    0.162011853318213568E+02    0.276602737047683078E+02
    0.189704477522615063E-04    0.159752861444182805E+02    0.276616039772143552E+02
    0.255607186817450114E-04    0.153589374250019652E+02    0.280053020603095391E+02
    0.288374510883624658E-04    0.150977010633360536E+02    0.280037169645696302E+02
    0.341066227064036482E-04    0.147420677587156561E+02    0.280015348086888025E+02
    0.364573870805765760E-04    0.145887627154853394E+02    0.276700032731462606E+02
    0.431087118403187064E-04    0.142336007030086300E+02    0.276722243647324149E+02
    0.431347207940458528E-04    0.142123943987732311E+02    0.279982305792521053E+02
    0.474400061123783374E-04    0.140021191510406560E+02    0.276736884215362338E+02
    0.482325080790757616E-04    0.139489844477129488E+02    0.276740263594428413E+02
    0.545938912074395830E-04    0.136812069304205775E+02    0.279948481977035044E+02
    0.542358025931167139E-04    0.136743684084732173E+02    0.279948041852073359E+02
    0.575502460374207933E-04    0.135357340974026652E+02    0.276766792144594298E+02
    0.589584843676166471E-04    0.134673838352317219E+02    0.276771222761147015E+02
    0.616866176938825393E-04    0.133569168895950341E+02    0.276778409832631134E+02
    0.732166516285084342E-04    0.129942051653861839E+02    0.276802242385620971E+02
    0.100170994318118481E-03    0.123472935803466353E+02    0.276845683869409243E+02
    0.121104443484777193E-03    0.119477442329563051E+02    0.276873151380783042E+02
    0.121817744776874439E-03    0.119159988531331322E+02    0.276875355652040014E+02
    0.159094279197580669E-03    0.113620569632634449E+02    0.276914362711649140E+02
    0.176855849974277769E-03    0.111303809304296664E+02    0.276930994011920895E+02
    0.185483328803621712E-03    0.110151209054479899E+02    0.279766544149279994E+02
    0.210362479797115520E-03    0.107433866441068826E+02    0.279746667514679608E+02
    0.236432693336246369E-03    0.104897237727994543E+02    0.276978031748330622E+02
    0.271885329571334500E-03    0.101902901282147802E+02    0.277000577404024142E+02
    0.283384955235311989E-03    0.100874384397705299E+02    0.277008408780697657E+02
    0.318698445686756019E-03    0.983256022936934215E+01    0.279677869907036651E+02
    0.360892661321541447E-03    0.956388976398836022E+01    0.279656883285869995E+02
    0.425482475885853215E-03    0.921460339329195222E+01    0.279629083621394940E+02
    0.433500562826471538E-03    0.915726472900695221E+01    0.277081423238561975E+02
    0.468306044212973653E-03    0.898280687247306631E+01    0.277095589490975343E+02
    0.517732102912483246E-03    0.876213505284179206E+01    0.277113740344276565E+02
    0.547143155242089734E-03    0.863162996221216083E+01    0.277124600947191837E+02
    0.584880415971571503E-03    0.847823609972196301E+01    0.279568394796996991E+02
    0.613020122330838095E-03    0.836425539533684947E+01    0.277147157266558750E+02
    0.664069363649378609E-03    0.818427770341258842E+01    0.279543303952591273E+02
    0.671286548955140998E-03    0.814265873123645889E+01    0.279539708692956985E+02
    0.667806076654142949E-03    0.813305526414798585E+01    0.279538877548704825E+02
    0.667459498971906457E-03    0.811409349263630553E+01    0.279537234765245017E+02
    0.821740679207156612E-03    0.767820117837588079E+01    0.279498821360091831E+02
    0.910764428921783829E-03    0.745248236078070025E+01    0.277227470647660290E+02
    0.914531440751517317E-03    0.742422722310031258E+01    0.277230051257287897E+02
    0.117003404011602826E-02    0.691147467513871039E+01    0.277277957930151864E+02
    0.119598100680506371E-02    0.684760681053498210E+01    0.277284075501090754E+02
    0.136918214112276564E-02    0.655711319155312200E+01    0.279393531126443371E+02
    0.135780213912193117E-02    0.655380572351123369E+01    0.277312680476671218E+02
    0.137036928831430968E-02    0.651537984608190168E+01    0.279389405143768919E+02
    0.142010474582511645E-02    0.642407909302756774E+01    0.277325564321933840E+02
    0.140699432186781903E-02    0.642262887515698022E+01    0.279380175941997777E+02
    0.162158542248566173E-02    0.611873170708768832E+01    0.279349337870121879E+02
    0.170705823344207493E-02    0.599599724469432438E+01    0.277369275891311844E+02
    0.176175083920599449E-02    0.591292414099844876E+01    0.277377985543024188E+02
    0.175206941797158310E-02    0.590394513242577368E+01    0.279326953611059565E+02
    0.174781869291076104E-02    0.588880326161873136E+01    0.277380529067388508E+02
    0.189849400295087319E-02    0.570341847644558175E+01    0.279305580840276733E+02
    0.192081217588952846E-02    0.566004415039869890E+01    0.279300894480281947E+02
    0.193076457313119372E-02    0.562970820744251377E+01    0.279297603030654962E+02
    0.192372854760063214E-02    0.561700985061596203E+01    0.279296221849045594E+02
    0.193857153648116921E-02    0.558163759923205660E+01    0.277413521451604979E+02
    0.197829468782949065E-02    0.552106995048730642E+01    0.277420164693474867E+02
    0.203800508679737556E-02    0.544159749859897346E+01    0.279276931285858154E+02
    0.211690448865071122E-02    0.534563061060853961E+01    0.277439680079615627E+02
    0.209993566332057277E-02    0.534172694465199882E+01    0.279265766148506316E+02
    0.209728079685591847E-02    0.532425706607310367E+01    0.277442086185697292E+02
    0.214203631941496794E-02    0.526202650469519106E+01    0.279256757000718707E+02
    0.213829959107614525E-02    0.524551850099291261E+01    0.277451005480620267E+02
    0.218040201737539985E-02    0.518652181726540906E+01    0.279248138501663448E+02
    0.220111529921219193E-02    0.514761198795657826E+01    0.279243664571333490E+02
    0.220789342098219859E-02    0.512146264460983414E+01    0.279240645198713722E+02
    0.221328669179419795E-02    0.509658315691682429E+01    0.279237762886932614E+02
    0.223613822774900751E-02    0.505603961496393506E+01    0.277472839550978705E+02
    0.230160460533059908E-02    0.497832729178630196E+01    0.277481952775780840E+02
    0.240876624763210331E-02    0.486731098818745522E+01    0.277495139445986325E+02
    0.239766605197359742E-02    0.485654878845269966E+01    0.277496428589435276E+02
    0.238557956034572607E-02    0.484665616602125215E+01    0.279208269921198990E+02
    0.238371951453986630E-02    0.482821618217537019E+01    0.277499831707865283E+02
    0.243580795864963093E-02    0.476498333608143376E+01    0.277507476202642671E+02
    0.260103986737674712E-02    0.461371773202369262E+01    0.279179835148035238E+02
    0.269340150102072426E-02    0.452393057348506566E+01    0.279168610200472962E+02
    0.269969946155251828E-02    0.449925944758671204E+01    0.279165498725834027E+02
    0.281329816553551508E-02    0.439682532122499037E+01    0.277553434775551580E+02
    0.281348470452074013E-02    0.437669271331060550E+01    0.277556024434771054E+02
    0.289917551627758138E-02    0.429668757646750699E+01    0.277566399763655696E+02
    0.289890424836746451E-02    0.427687471974342692E+01    0.279136894833339575E+02
    0.288988462825941336E-02    0.426310719952416228E+01    0.279135089622990584E+02
    0.292473634287062842E-02    0.421913168528109050E+01    0.279129295395454733E+02
    0.300063127372348889E-02    0.414789497793119288E+01    0.277586068876384573E+02
    0.300796021436863705E-02    0.412301600135620916E+01    0.279116478099340988E+02
    0.299156714203259282E-02    0.411394560441268808E+01    0.279115257408351880E+02
    0.331928451993529668E-02    0.388604185282401016E+01    0.279083917422218590E+02
    0.332184470456756706E-02    0.386449983509025108E+01    0.279080885297824466E+02
    0.345897784145896741E-02    0.376359411238323771E+01    0.279066510914975510E+02
    0.355700140501127946E-02    0.368770458421372949E+01    0.277650378769121531E+02
    0.375748871083428230E-02    0.355803868373379206E+01    0.279036294088411800E+02
    0.376883881833169196E-02    0.353200646360642345E+01    0.279032371464064823E+02
    0.422600420288057714E-02    0.328302653269888944E+01    0.277712243031643347E+02
    0.418888588911786770E-02    0.328067075816055720E+01    0.277712620663543888E+02
    0.417913880443194965E-02    0.326532996481972893E+01    0.277715085269092334E+02
    0.415313378923085064E-02    0.325781400172292823E+01    0.278989588962786499E+02
    0.420443343604661596E-02    0.321326126300892900E+01    0.278982362774877366E+02
    0.430034042891347824E-02    0.314815198198303259E+01    0.277734234542307590E+02
    0.431540548051483844E-02    0.312115777991944432E+01    0.277738730548798713E+02
    0.430262174836991418E-02    0.310709126849255712E+01    0.277741086483001709E+02
    0.433364967800022299E-02    0.307272022265551525E+01    0.277746881655982385E+02
    0.438396743884418919E-02    0.302963211544973454E+01    0.278951659394799272E+02
    0.435351851671104875E-02    0.302357161500314886E+01    0.277755266032941179E+02
    0.431322625026138700E-02    0.302216801207108743E+01    0.277755507205029772E+02
    0.437762440584468868E-02    0.297252795183202645E+01    0.277764100054748511E+02
    0.435664977604739972E-02    0.296213363614166214E+01    0.277765915269488097E+02
    0.446634319267059324E-02    0.289240036791417365E+01    0.278927643806891119E+02
    0.444433248145445232E-02    0.288228099056881648E+01    0.277780052146278109E+02
    0.441264060812530164E-02    0.287659378491251605E+01    0.278924812882741406E+02
    0.450363085830811881E-02    0.281577250245684718E+01    0.277792098540702312E+02
    0.451456623620351185E-02    0.279092213906802389E+01    0.277796666521124003E+02
    0.447816884295171823E-02    0.278711191522972079E+01    0.278908514970895069E+02
    0.445283232627877341E-02    0.277845961708912315E+01    0.278906913649341384E+02
    0.467492367449173253E-02    0.266111468755323477E+01    0.278884720116517713E+02
    0.476075713386071853E-02    0.260472692548452400E+01    0.277832166081178826E+02
    0.471930847173066860E-02    0.260221580286963183E+01    0.278873223806542399E+02
    0.470054628206368133E-02    0.259018289576786653E+01    0.277835041461752574E+02
    0.470288441160091747E-02    0.256918830999954118E+01    0.277839220511773419E+02
    0.475850011231322267E-02    0.252567532787829752E+01    0.278857893159862584E+02
    0.475873883802254306E-02    0.250557499385888871E+01    0.277852095827202987E+02
    0.473153671383954536E-02    0.249704028737124073E+01    0.278852036686762759E+02
    0.481458519990773329E-02    0.244224057201583111E+01    0.277865252261550921E+02
    0.493492013910248883E-02    0.237286737974049444E+01    0.277880083011291603E+02
    0.488884983248332426E-02    0.237162622466431827E+01    0.278825532620211902E+02
    0.487588978030605372E-02    0.235693514647936642E+01    0.278822330006560790E+02
    0.485231713575684943E-02    0.234662765852749544E+01    0.277885815309765576E+02
    0.481476755496201229E-02    0.234216482235373791E+01    0.277886797269749124E+02
    0.484600268411408946E-02    0.230923200759097780E+01    0.277894108460726130E+02
    0.480229971701505182E-02    0.230735053836441262E+01    0.277894529674106714E+02
    0.490718272571543952E-02    0.224414037178416459E+01    0.277908912980885106E+02
    0.501136898192104316E-02    0.218212210483360636E+01    0.278782392195022339E+02
    0.496568713347562887E-02    0.218043699337465124E+01    0.277923896082232247E+02
    0.494059269440396808E-02    0.217056975488961257E+01    0.277926263923997858E+02
    0.489430071492188284E-02    0.216939754261503159E+01    0.277926546093665863E+02
    0.490186924039399518E-02    0.214630714013628943E+01    0.278773742324417242E+02
    0.491215032782911856E-02    0.212211677099156937E+01    0.277938087265256506E+02
    0.489096891938572888E-02    0.211075950637870147E+01    0.277940907707790927E+02
    0.486753917950304149E-02    0.210036334527142587E+01    0.278762378702645890E+02
    0.491864785182394380E-02    0.205947302840944113E+01    0.278751992922613212E+02
    0.488764882410254974E-02    0.205211761055981690E+01    0.277955789315202395E+02
    0.498243496263798061E-02    0.199370292042180353E+01    0.277971189581433151E+02
    0.499565263136237617E-02    0.196840423915403262E+01    0.278727829686355335E+02
    0.495538323818292374E-02    0.196459134310166150E+01    0.278726783950462789E+02
    0.492071157105929309E-02    0.195863406352284319E+01    0.277980740997690532E+02
    0.487981988156012923E-02    0.195532374080909244E+01    0.277981655294512109E+02
    0.486120910201709184E-02    0.194296597335720089E+01    0.277985088532233959E+02
    0.481456489701377176E-02    0.194224900594560501E+01    0.277985288704269919E+02
    0.484662818886233328E-02    0.190897387138117414E+01    0.278711183294334504E+02
    0.480353601463082234E-02    0.190683572730282203E+01    0.277995315243435783E+02
    0.477712576045890083E-02    0.189786223953717537E+01    0.277997900863563174E+02
    0.477621975252394936E-02    0.187824158641054528E+01    0.278003621022570897E+02
    0.475462497883763491E-02    0.186730471197775061E+01    0.278699034638056595E+02
    0.471420602732300614E-02    0.186437934219776080E+01    0.278698165685450618E+02
    0.468807287011137417E-02    0.185549716790483576E+01    0.278695513816278471E+02
    0.468140888602967733E-02    0.183834214284746333E+01    0.278690332998260288E+02
    0.477016203798109363E-02    0.178077981104429894E+01    0.278033549515058915E+02
    0.472539267954336442E-02    0.177963903159573755E+01    0.278671968757813318E+02
    0.467858310848297439E-02    0.177954974115917475E+01    0.278033945186532776E+02
    0.464498366999377237E-02    0.177396464684392541E+01    0.278670137277436680E+02
    0.466533495813766137E-02    0.174522109192584884E+01    0.278660692530373488E+02
    0.465028055717814706E-02    0.173168525483170188E+01    0.278656142957531898E+02
    0.462866187649405448E-02    0.172100473060433701E+01    0.278652504326480113E+02
    0.461015715730243598E-02    0.170901646624687631E+01    0.278057518408152688E+02
    0.457026845002251724E-02    0.170639647018388585E+01    0.278647454814843059E+02
    0.462077259650980204E-02    0.166441652055560230E+01    0.278073448548746818E+02
    0.459027022481175821E-02    0.165766257044903975E+01    0.278629944432299865E+02
    0.454870667981062144E-02    0.165585446742056153E+01    0.278629273423446726E+02
    0.451426593485465717E-02    0.165105518012729457E+01    0.278078400809880293E+02
    0.451576756666499397E-02    0.163039000792215005E+01    0.278086241205113431E+02
    0.448623182220239843E-02    0.162351413698389990E+01    0.278088901533510899E+02
    0.444340891046078861E-02    0.162269665117650130E+01    0.278089219610154998E+02
    0.442770412339370430E-02    0.160977797385327670E+01    0.278094298084534088E+02
    0.439198390072633761E-02    0.160597828292417888E+01    0.278610074332788855E+02
    0.437017659946381445E-02    0.159593352000895794E+01    0.278099853586721828E+02
    0.434993688788711322E-02    0.158521768721684242E+01    0.278104238821786680E+02
    0.432635468997669657E-02    0.157608973123269536E+01    0.278108036173075703E+02
    0.428780555992258443E-02    0.157399020499798636E+01    0.278108917962818367E+02
    0.424885417609379562E-02    0.157224167822170635E+01    0.278109654773878319E+02
    0.421376934932721995E-02    0.156882520113393498E+01    0.278111100920044620E+02
    0.417809143144422766E-02    0.156583126631012570E+01    0.278112375357061516E+02
    0.413844399404169217E-02    0.156490061946561165E+01    0.278112772886016302E+02
    0.410189338361586966E-02    0.156264302415419376E+01    0.278592145235482747E+02
    0.406786833947313155E-02    0.155930213467489187E+01    0.278590706883324977E+02
    0.402906551484473290E-02    0.155847142634965286E+01    0.278115537320234409E+02
    0.399299493246794545E-02    0.155645724219147374E+01    0.278589475177525117E+02
    0.397121717790409768E-02    0.154739507686554889E+01    0.278120377004985500E+02
    0.393924843406255436E-02    0.154356045546769716E+01    0.278583809066539771E+02
    0.391106754701760120E-02    0.153791962682582595E+01    0.278124598589170340E+02
    0.388028635249543360E-02    0.153372245394117557E+01    0.278126493699675983E+02
    0.384381593646655620E-02    0.153260914688765237E+01    0.278126999048172046E+02
    0.380779835567979187E-02    0.153143803472037110E+01    0.278578353348076249E+02
    0.377183429848594858E-02    0.153041749123466797E+01    0.278577888011932373E+02
    0.375590798969492124E-02    0.151888023182487486E+01    0.278572558811341864E+02
    0.373031260164359731E-02    0.151255628503365758E+01    0.278136303118142933E+02
    0.369960872382604344E-02    0.150908623266225850E+01    0.278567931199620737E+02
    0.367150894624228893E-02    0.150433489098644091E+01    0.278140235254532051E+02
    0.363779902796584551E-02    0.150278268790468661E+01    0.278564899376181287E+02
    0.362618242514053989E-02    0.148917951741386356E+01    0.278147681101443922E+02
    0.359059578984429828E-02    0.148890406633503170E+01    0.278558066274562535E+02
    0.356621122367985991E-02    0.148253285944258950E+01    0.278554851996894897E+02
    0.354075128508622890E-02    0.147686249603589981E+01    0.278153937570152898E+02
    0.350844141415967764E-02    0.147519656551977318E+01    0.278551086255308888E+02
    0.347722484588666248E-02    0.147307132500614602E+01    0.278549981919282033E+02
    0.344870137075613042E-02    0.146954486832804321E+01    0.278548135686486233E+02
    0.342706478797912689E-02    0.146213206439903942E+01    0.278161688499295181E+02
    0.340166213701009051E-02    0.145701200815688869E+01    0.278541427978455189E+02
    0.336883444560577561E-02    0.145640671473968863E+01    0.278164787239916080E+02
    0.336165103504849688E-02    0.144067589461119994E+01    0.278173576659902935E+02
    0.332848893570739275E-02    0.144050350425342755E+01    0.278173675368250031E+02
    0.330489003810297997E-02    0.143473395739545251E+01    0.278177010871629058E+02
    0.327551035601361543E-02    0.143259297845681588E+01    0.278178264821203527E+02
    0.325081092499489690E-02    0.142773139894233481E+01    0.278181146183467405E+02
    0.321891148619805976E-02    0.142745385086270815E+01    0.278524573065776906E+02
    0.320526719221032007E-02    0.141594945173995379E+01    0.278517546993973077E+02
    0.318539496938327225E-02    0.140838777902186152E+01    0.278512760711969065E+02
    0.315488313649881381E-02    0.140763745098859094E+01    0.278193607267215057E+02
    0.312475699762684118E-02    0.140682732133328581E+01    0.278194130165256155E+02
    0.323167913974818513E-02    0.133950330759663516E+01    0.278246188163757324E+02
    0.331162294092348210E-02    0.129063025951692389E+01    0.278316057552802008E+02
    0.332050467774112380E-02    0.128527346143462506E+01    0.278369082519169737E+02
    0.325214095442822107E-02    0.132687995758919808E+01    0.278446773969302726E+02
    0.319580695611273481E-02    0.136182777819621204E+01    0.278226527393706817E+02
    0.323767167223736226E-02    0.133579812333487769E+01    0.278456071922695720E+02
    0.317182946766107884E-02    0.137688994580997459E+01    0.278214834683188990E+02
    0.330159141162236726E-02    0.129669783057111854E+01    0.278403996232565945E+02
    0.331806888696022876E-02    0.128674112063367496E+01    0.278329238628836428E+02
    0.316483549646215129E-02    0.138130487011390635E+01    0.278211590576979120E+02
    0.314070040244054721E-02    0.139661536062494429E+01    0.278200875577153717E+02
    0.332260519566453813E-02    0.128400868151470959E+01    0.278352061507798503E+02
    0.325656090079919254E-02    0.132416362665334919E+01    0.278262132190601434E+02
    0.315449633991304055E-02    0.138784933781547770E+01    0.278206914210605269E+02
    0.319465965599981293E-02    0.136254591049852025E+01    0.278225945467296967E+02
    0.330699597595034969E-02    0.129342659257975834E+01    0.278396928163426978E+02
    0.317914747047801484E-02    0.137228088731270526E+01    0.278218304812546116E+02
    0.317380082075773831E-02    0.137564729342054748E+01    0.278215761624707092E+02
    0.332237001633320459E-02    0.128415024973666814E+01    0.278347479349454119E+02
    0.322006314965888295E-02    0.134670508480329087E+01    0.278466412351947703E+02
    0.316948338569590302E-02    0.137836981732962238E+01    0.278492146363143647E+02
    0.328445332128576893E-02    0.130710658405790348E+01    0.278421818536493717E+02
    0.325949801049408216E-02    0.132236062890038730E+01    0.278441691058082341E+02
    0.331567749621999169E-02    0.128818307557478562E+01    0.278382233925483646E+02
    0.318419611729929553E-02    0.136910730549303872E+01    0.278220747124276997E+02
    0.331118435242643873E-02    0.129089515534025479E+01    0.278390557797783096E+02
    0.330427578389480038E-02    0.129507238316762785E+01    0.278305269864294438E+02
    0.329705103840521310E-02    0.129945013846965240E+01    0.278409260053056400E+02
    0.318204563232311194E-02    0.137045848576080420E+01    0.278219701815953968E+02
    0.326869563515648325E-02    0.131672499292052403E+01    0.278270972978806306E+02
    0.314780548214523307E-02    0.139209595149441046E+01    0.278203958285672321E+02
    0.329734519936506106E-02    0.129927170760232991E+01    0.278408933804839940E+02
    0.326227801521142887E-02    0.132065556888313629E+01    0.278439696028825843E+02
    0.331993589811604897E-02    0.128561607703066350E+01    0.278334753252775897E+02
    0.324329190019395511E-02    0.133232936175174643E+01    0.278452558625092017E+02
    0.329325991247634772E-02    0.130175116880057828E+01    0.278292575657448751E+02
    0.314468975905802563E-02    0.139407654788576596E+01    0.278202599531473034E+02
    0.323585464949802072E-02    0.133692086398456644E+01    0.278457183715827874E+02
    0.332144091408270552E-02    0.128470962884380380E+01    0.278340912858355587E+02
    0.330313803612004462E-02    0.129576115358037436E+01    0.278402076379041574E+02
    0.332202452385397000E-02    0.128435824008249178E+01    0.278361460679717112E+02
    0.332235997241885853E-02    0.128415629598045311E+01    0.278347366876507394E+02
    0.326995129753342422E-02    0.131595684476675290E+01    0.278433944339410004E+02
    0.330344658576852985E-02    0.129557434017140904E+01    0.278401684434202856E+02
    0.323193983261039651E-02    0.133934197824633516E+01    0.278246343439915691E+02
    0.327185060702135828E-02    0.131479550752725194E+01    0.278273426551117815E+02
    0.314613680809249386E-02    0.139315644681825623E+01    0.278502655988826291E+02
    0.326800108923969808E-02    0.131715000631715595E+01    0.278435442876606416E+02
    0.323157161964176837E-02    0.133956985002887685E+01    0.278246124183794450E+02
    0.331985745262330760E-02    0.128566333482234518E+01    0.278334488422591164E+02
    0.322385857174594488E-02    0.134434911420647274E+01    0.278241625088449105E+02
    0.329292775821856060E-02    0.130195289658282598E+01    0.278292233521329955E+02
    0.330842411869148798E-02    0.129256306902848594E+01    0.278311021172755879E+02
    0.328051528291797758E-02    0.130950600990594879E+01    0.278280578160697445E+02
    0.330299917061187623E-02    0.129584523630759918E+01    0.278402251772569329E+02
    0.323929723464920147E-02    0.133479422013920734E+01    0.278455067559019938E+02
    0.319866273777660469E-02    0.136004137088461663E+01    0.278477898472215735E+02
    0.331563528658590035E-02    0.128820853637597166E+01    0.278382323037105728E+02
    0.314305609513054534E-02    0.139511581633085235E+01    0.278201891448443135E+02
    0.318862900952125413E-02    0.136632493324920934E+01    0.278482959097639657E+02
    0.320627046806091966E-02    0.135529019948743379E+01    0.278231953662764226E+02
    0.327937852945809922E-02    0.131019916348664367E+01    0.278279601274236938E+02
    0.314343968794415221E-02    0.139487174215832499E+01    0.278202057444530340E+02
    0.322053070174178587E-02    0.134641470655897844E+01    0.278239735910711445E+02
    0.331752961706778407E-02    0.128706619750100160E+01    0.278327870059985649E+02
    0.326465234668201539E-02    0.131920047042571786E+01    0.278267928752990841E+02
    0.321870191593082991E-02    0.134755073376514423E+01    0.278467174982856172E+02
    0.319736492778114820E-02    0.136085300590630887E+01    0.278227321596843993E+02
    0.325201306317764258E-02    0.132695860963233736E+01    0.278259025211914590E+02
    0.320682376551630023E-02    0.135494509465248303E+01    0.278473638323555122E+02
    0.315061277441151984E-02    0.139031309596603170E+01    0.278500693136941599E+02
    0.315964674334625771E-02    0.138458656438282746E+01    0.278209226612223937E+02
    0.330793051007268694E-02    0.129286148629745790E+01    0.278310296550083365E+02
    0.322316260130654092E-02    0.134478092320689457E+01    0.278241227517432890E+02
    0.332145313500954416E-02    0.128470227004702098E+01    0.278364909375428020E+02
    0.326771586278670713E-02    0.131732457106973966E+01    0.278435659842689951E+02
    0.320296789980875542E-02    0.135735132959675808E+01    0.278475668205517337E+02
    0.313022942925640776E-02    0.140329442302659713E+01    0.278196430893264157E+02
    0.331010722248907150E-02    0.129154586219083400E+01    0.278313591307043069E+02
    0.330123857598975000E-02    0.129691157869646245E+01    0.278301460898310964E+02
    0.314319518352602001E-02    0.139502731309460715E+01    0.278201951618855503E+02
    0.319631042057298047E-02    0.136151272486936170E+01    0.278226783538971070E+02
    0.331760261886407002E-02    0.128702218825223835E+01    0.278377834272099101E+02
    0.320931105444647365E-02    0.135339444827452193E+01    0.278233573284762485E+02
    0.313844551057233323E-02    0.139805179290180681E+01    0.278199908784994747E+02
    0.321349618028910758E-02    0.135078803255504232E+01    0.278470048584107985E+02
    0.331059768590389117E-02    0.129124954122652214E+01    0.278391512999184130E+02
    0.329034643028235313E-02    0.130352131253791836E+01    0.278416248719284312E+02
    0.331256116232196999E-02    0.129006371644376272E+01    0.278317669834447443E+02
    0.332171891653784170E-02    0.128454223714323401E+01    0.278363446941989956E+02
    0.322140587748565152E-02    0.134587128255069199E+01    0.278465655352713490E+02
    0.332225640439230870E-02    0.128421864301190536E+01    0.278346317530140439E+02
    0.324685051219460305E-02    0.133013612029037032E+01    0.278450271803040010E+02
    0.331747290893064138E-02    0.128710038475981481E+01    0.278327730448929174E+02
    0.317309007639990414E-02    0.137609522572146314E+01    0.278215426774830199E+02
    0.320842955566417358E-02    0.135394386205821560E+01    0.278472783561880100E+02
    0.325706642171059903E-02    0.132385318769981697E+01    0.278443401338765817E+02
    0.319039792431833691E-02    0.136521572655623347E+01    0.278482080184797098E+02
    0.317081128638445776E-02    0.137753206402215089E+01    0.278491527073691998E+02
    0.328329639901197038E-02    0.130781119208046070E+01    0.278422861015177858E+02
