    0.106412137153886040E-95    0.455597934513682162E+03    0.297206491012101601E+02
    0.398721421677061348E-94    0.448330877646977797E+03    0.297160671426719460E+02
    0.492810107966974223E-93    0.443281985577889031E+03    0.297128609871881437E+02
    0.383268762440904764E-92    0.439159590293123586E+03    0.286300665987125598E+02
    0.130487657913256841E-91    0.436689335758698235E+03    0.297086457764933378E+02
    0.560348052809110692E-91    0.433754776825449483E+03    0.297067588276018455E+02
    0.347371405499439789E-87    0.416270423227770721E+03    0.286449199385730893E+02
    0.157561478760766852E-84    0.404016070303726337E+03    0.296872482482130096E+02
    0.187796537208828950E-80    0.385224302750881918E+03    0.296745306184625299E+02
    0.743999904141370721E-79    0.377845769008685238E+03    0.296694485200710787E+02
    0.112715504856779509E-77    0.372389776472786934E+03    0.286746385747613850E+02
    0.447592837216968053E-76    0.365006572315369283E+03    0.286798159269295923E+02
    0.252470198197660314E-75    0.361526583647095094E+03    0.286822752634683553E+02
    0.250109004587513980E-75    0.361525376394346722E+03    0.296580195426940918E+02
    0.808145958868275123E-75    0.359159684707972588E+03    0.286839550782935717E+02
    0.372135371251363111E-74    0.356085484512145456E+03    0.296541500850656874E+02
    0.960975829853084026E-74    0.354168101375493222E+03    0.286875168273881371E+02
    0.417137587132056959E-72    0.346606827293670904E+03    0.296473328450559457E+02
    0.801818174577318558E-72    0.345279895784406449E+03    0.296463707022361476E+02
    0.126962154314057714E-71    0.344340711243719340E+03    0.296456885337829590E+02
    0.339771790220145041E-71    0.342351940958729642E+03    0.286960548934867816E+02
    0.126802416901223058E-70    0.339698058941660747E+03    0.286979937553405762E+02
    0.456023352081698756E-70    0.337118231108956820E+03    0.286998861772785503E+02
    0.505591130570785453E-70    0.336891862546184029E+03    0.287000525925499907E+02
    0.143406821627549387E-69    0.334786777965468900E+03    0.287016029799395085E+02
    0.333803759637574558E-68    0.328471872226180665E+03    0.287062849732961070E+02
    0.389167442024978652E-67    0.323539789202353063E+03    0.296303208158853302E+02
    0.168458564779589676E-66    0.320589258776421900E+03    0.296280992031097412E+02
    0.124253573497272828E-65    0.316572819366624458E+03    0.296250575737778163E+02
    0.154367153472442237E-65    0.316118800460070474E+03    0.296247124671936035E+02
    0.131653862658269783E-64    0.311811945579103622E+03    0.296214256363833357E+02
    0.377718076808892307E-63    0.305078831667251052E+03    0.296162386530149107E+02
    0.496086927491796163E-63    0.304513625508039183E+03    0.287244951725006104E+02
    0.886403279824564723E-59    0.284912103068606541E+03    0.296003287913850386E+02
    0.335264861667502611E-58    0.282231435212349709E+03    0.287421262197566918E+02
    0.132690606280779655E-57    0.279460066429549101E+03    0.287443701445838471E+02
    0.195716771679794286E-57    0.278662769585529418E+03    0.295952777669271327E+02
    0.985374615308629984E-57    0.275410062950970882E+03    0.287476707900961159E+02
    0.714156883175336716E-55    0.266823561031874874E+03    0.295855403645007016E+02
    0.712849626176150570E-55    0.266807225366567934E+03    0.287547688902922332E+02
    0.123599334496093105E-54    0.265686505849618072E+03    0.295845931287351220E+02
    0.128059865608808804E-52    0.256385260089686767E+03    0.295767617830042830E+02
    0.220088783724487309E-50    0.246071853372358248E+03    0.295678979976355514E+02
    0.213473936093955660E-48    0.236902545562973700E+03    0.287804474255754741E+02
    0.268323768515168512E-48    0.236425186369375979E+03    0.295594246023766587E+02
    0.484545104021623007E-48    0.235223154013128635E+03    0.295583558082580566E+02
    0.145510053387997236E-47    0.233003914509698546E+03    0.287839208739369035E+02
    0.768121626697961173E-46    0.225051338505649738E+03    0.295491908436382857E+02
    0.151812507390577001E-45    0.223668771986182492E+03    0.295479279656170242E+02
    0.513408495229702641E-45    0.221211920866471900E+03    0.287946223368880680E+02
    0.139784233552972465E-44    0.219188694221386356E+03    0.295438064042968804E+02
    0.273398398026904467E-44    0.217827034181434442E+03    0.295425446715290576E+02
    0.127778556481678068E-43    0.214723126648681728E+03    0.288006432166403918E+02
    0.803232218380772934E-43    0.211026436403777950E+03    0.288041176148663993E+02
    0.103046856017366104E-41    0.205903016157963151E+03    0.288089882091545491E+02
    0.425565392486379874E-39    0.193836206140994165E+03    0.288207277044339136E+02
    0.446148125260585626E-39    0.193721741348545322E+03    0.288208409533811150E+02
    0.397094659560199150E-38    0.189329523816265350E+03    0.295150810591919956E+02
    0.498464197829865374E-37    0.184249639475120972E+03    0.295099524540391513E+02
    0.381182530813026720E-36    0.180160976135375790E+03    0.295057676574755732E+02
    0.753520935881219826E-36    0.178778019218126502E+03    0.288359553369752675E+02
    0.985333323946437537E-36    0.178221572855432271E+03    0.288365313613220664E+02
    0.203161539992465843E-35    0.176754359784991777E+03    0.288380549871658260E+02
    0.106202246610818322E-33    0.168821331738991603E+03    0.288464172115277506E+02
    0.159340509292933385E-33    0.167989935304789640E+03    0.288473061277330238E+02
    0.255642597217235254E-32    0.162419291350431962E+03    0.288533265080825778E+02
    0.417483351655778844E-32    0.161418362744782144E+03    0.288544204112521143E+02
    0.476260157887470313E-32    0.161134923569004570E+03    0.294855647936123084E+02
    0.119366441714824638E-31    0.159277285685659308E+03    0.294835224721520355E+02
    0.181396216753401544E-31    0.158420314529960820E+03    0.294825758021653925E+02
    0.145007456824665549E-30    0.154242941372299867E+03    0.288623761656142364E+02
    0.174943333769369935E-30    0.153847587478341410E+03    0.288628205008756211E+02
    0.849382761923634518E-30    0.150667491860734600E+03    0.288664182284848536E+02
    0.475469230174801991E-29    0.147202737182405258E+03    0.294699085163355043E+02
    0.349163763522625554E-28    0.143195089238074388E+03    0.288750445249911891E+02
    0.537870403227115223E-28    0.142310936045376081E+03    0.294642137101558248E+02
    0.272225885381877195E-26    0.134442566598064332E+03    0.288854808370188074E+02
    0.104308236809914127E-25    0.131735960114951524E+03    0.294515091756129408E+02
    0.149715270022360200E-25    0.130993190196548198E+03    0.288897004636048571E+02
    0.305238134258309155E-25    0.129548476297256741E+03    0.288914867684947829E+02
    0.368188498012071366E-24    0.124548300531548932E+03    0.294425360472407220E+02
    0.534919458616161811E-24    0.123781258209481209E+03    0.288987347135258474E+02
    0.750791502482517092E-24    0.123083234617926962E+03    0.288996251276070879E+02
    0.791065706809749623E-24    0.122958728526631518E+03    0.288997842584684257E+02
    0.564276654842446933E-23    0.119009231097331025E+03    0.294354140242246629E+02
    0.795984804513521800E-23    0.118301160213623717E+03    0.294344897690996028E+02
    0.213853883365900404E-22    0.116304564231733423E+03    0.294318660061552357E+02
    0.441996596901921427E-22    0.114832545853883460E+03    0.294299146290328295E+02
    0.832375440002236264E-22    0.113546583041263261E+03    0.294281978197218734E+02
    0.158228863412124041E-21    0.112241895058222809E+03    0.294264442593642030E+02
    0.761010636946729215E-21    0.109080685362647671E+03    0.294221448522791924E+02
    0.966005809820167049E-21    0.108583640336355586E+03    0.289188335074583627E+02
    0.156224435376784955E-20    0.107602222524086002E+03    0.294201086875326965E+02
    0.259821399919561399E-20    0.106564820904191038E+03    0.294186700005216082E+02
    0.429352120370061049E-20    0.105540255096040084E+03    0.294172408927223401E+02
    0.676972108261283984E-20    0.104609549701288813E+03    0.294159355030740528E+02
    0.295617100996831296E-19    0.101641509582947904E+03    0.294117254756681987E+02
    0.632673542901193090E-19    0.100099730543189850E+03    0.294095093121413385E+02
    0.863415376112160959E-19    0.994578478778691846E+02    0.294085805927569623E+02
    0.138061436013521009E-18    0.984990719262054029E+02    0.294071865939724937E+02
    0.593813983599412658E-18    0.955613372526041474E+02    0.289374323301013661E+02
    0.659012961453225555E-18    0.953329830700430847E+02    0.294025239091671367E+02
    0.159727519818693080E-17    0.935423605647137322E+02    0.289404506925171425E+02
    0.627712535080055701E-17    0.907851346594404731E+02    0.289446379841451495E+02
    0.383202014267745771E-16    0.871470044983717003E+02    0.293900105899622375E+02
    0.521931603166676523E-16    0.865090560016544998E+02    0.289512903067108383E+02
    0.114399255960417401E-15    0.849195697672650027E+02    0.289538152260644637E+02
    0.179936061434750919E-15    0.839937557703584901E+02    0.293849960932174525E+02
    0.205915880789115982E-15    0.837040234380093295E+02    0.293845294587858987E+02
    0.389775364643570842E-15    0.824078177472582496E+02    0.289578663930119760E+02
    0.169214774177641921E-14    0.794514512090511715E+02    0.293775596372292327E+02
    0.836954272348245350E-14    0.762342498590424924E+02    0.293721270120746212E+02
    0.848138510353143094E-14    0.761877008111722915E+02    0.289682483258033940E+02
    0.982884382006841227E-14    0.758728057399625868E+02    0.293715075127049055E+02
    0.112492782504485636E-13    0.755828404173114023E+02    0.289692865178795493E+02
    0.147719084964499178E-13    0.750179937543053938E+02    0.293700347628170633E+02
    0.172873283940780838E-13    0.746835008187612885E+02    0.289708401566999179E+02
    0.277175190540958741E-13    0.737193190192581511E+02    0.293677762829332565E+02
    0.664085904970652127E-13    0.719517955133248819E+02    0.293646603163538593E+02
    0.119896992010235083E-12    0.707501824110024984E+02    0.293625131752406645E+02
    0.169186252067753713E-12    0.700414479768321883E+02    0.293612354389695511E+02
    0.318350156635313938E-12    0.687571445624942896E+02    0.293588980055416613E+02
    0.571293682193304862E-12    0.675676415454260990E+02    0.293567069874620010E+02
    0.127238678525124302E-11    0.659461488111976735E+02    0.293536781353792016E+02
    0.158458306334099434E-11    0.654872951590900527E+02    0.289874837542587507E+02
    0.250043043203713639E-11    0.645550120217626073E+02    0.293510391592499502E+02
    0.783396712089040551E-11    0.622509997249827762E+02    0.293465816631626275E+02
    0.244371462943458092E-10    0.599557290739961957E+02    0.293420261739397930E+02
    0.309767191506983800E-10    0.594614659470840081E+02    0.293410293049518529E+02
    0.521858905874484735E-10    0.583983134753152626E+02    0.293388650956460530E+02
    0.567664716326649749E-10    0.582100460749382265E+02    0.290018167128331790E+02
    0.733821016087118220E-10    0.576765776843162783E+02    0.293373799324035645E+02
    0.958640144822021167E-10    0.571220764585995511E+02    0.290040657838921945E+02
    0.112548432369931094E-09    0.567811705235873418E+02    0.290047768046639121E+02
    0.165023440291718308E-09    0.559957627491310888E+02    0.293338689956804224E+02
    0.357734049517036034E-09    0.544283581377290488E+02    0.290097699488262251E+02
    0.953143010772496991E-09    0.524484078891696797E+02    0.290140955470177637E+02
    0.121075032960797078E-08    0.519499466944648560E+02    0.293250920996874953E+02
    0.592002809069960811E-08    0.487557448556657178E+02    0.290225010956646159E+02
    0.600381223056841078E-08    0.487076379650837055E+02    0.290226137606461450E+02
    0.106285762482696988E-07    0.475453347510365347E+02    0.290253624873143892E+02
    0.105933463522831720E-07    0.475319750407053476E+02    0.290253943850654181E+02
    0.104893903386704562E-07    0.475316986387668550E+02    0.293149006164099113E+02
    0.106829202903668612E-07    0.474751347803702686E+02    0.293147654855199420E+02
    0.109319207897710046E-07    0.474090531989004234E+02    0.290256882047694020E+02
    0.112766438609881949E-07    0.473269599000466101E+02    0.290258847654134371E+02
    0.142394299848314274E-07    0.468403974914811698E+02    0.293132403495303961E+02
    0.211319122057796718E-07    0.460308585940749140E+02    0.293112712892642264E+02
    0.295773643121478713E-07    0.453384085443383640E+02    0.290307307002439501E+02
    0.347934062493656159E-07    0.449935714570668353E+02    0.293087073797896949E+02
    0.459325810793892554E-07    0.444180778581446063E+02    0.293072642300474087E+02
    0.509854115318949132E-07    0.441893481567153543E+02    0.293066864148266788E+02
    0.512371828797658697E-07    0.441594962503565682E+02    0.293066108226776123E+02
    0.815343857272071942E-07    0.432103775594747077E+02    0.293041852044615538E+02
    0.225133300018072809E-06    0.411590419009298429E+02    0.292987865445945488E+02
    0.284308823887177122E-06    0.406723051327067466E+02    0.292974719646667126E+02
    0.468088521032496617E-06    0.396551123924625699E+02    0.290456157283551022E+02
    0.550114329593080321E-06    0.393121749863131598E+02    0.290465712547302246E+02
    0.810347385064210435E-06    0.385175011911813030E+02    0.292914812889201670E+02
    0.119711675514279731E-05    0.377170847623300460E+02    0.292891792387601981E+02
    0.130209081950027718E-05    0.375289740951837061E+02    0.290516639321502126E+02
    0.137462698522890694E-05    0.374005518638827397E+02    0.292882564895276793E+02
    0.136278985373137911E-05    0.373978487623447862E+02    0.290520470830262383E+02
    0.135177434640713002E-05    0.373940805652803903E+02    0.292882375493387883E+02
    0.155354416906174855E-05    0.370958389227431127E+02    0.292873613353503117E+02
    0.172905051915132357E-05    0.368617718356013881E+02    0.290536266142847879E+02
    0.201554053039130071E-05    0.365351418601297979E+02    0.290545996031097680E+02
    0.389975130860534935E-05    0.351950911174157426E+02    0.292816153550040816E+02
    0.415803749367414356E-05    0.350468302723063729E+02    0.290591410044560661E+02
    0.416615684133117766E-05    0.350229287054254641E+02    0.292810802074745453E+02
    0.648506906182448436E-05    0.341179117512050212E+02    0.290620721658187833E+02
    0.695034081010150059E-05    0.339593352939738296E+02    0.290625805279443803E+02
    0.790876838439250328E-05    0.336809725534922606E+02    0.292768169033140495E+02
    0.142929823219523013E-04    0.324773793453846693E+02    0.290674529385114155E+02
    0.179576816709564449E-04    0.320008807423054762E+02    0.290690694702273404E+02
    0.244067833120077625E-04    0.313671944890649570E+02    0.292690354660226966E+02
    0.318331241956202848E-04    0.308159019075201748E+02    0.292670893235348508E+02
    0.345396051078628331E-04    0.306327034060523822E+02    0.292664338991117994E+02
    0.358127678782178883E-04    0.305403077366379350E+02    0.290741940222639670E+02
    0.386092411801278396E-04    0.303699333723146587E+02    0.292654859274889461E+02
    0.546879165412367119E-04    0.296536311238862531E+02    0.292628525732128395E+02
    0.543146410256859443E-04    0.296473290400828020E+02    0.290774665887734756E+02
    0.538966130135411740E-04    0.296427814103684177E+02    0.292628121108829191E+02
    0.545485893283864317E-04    0.295987329819984062E+02    0.292626476572812635E+02
    0.685038214879768367E-04    0.291231376218565430E+02    0.290794426136956972E+02
    0.706169917410033555E-04    0.290423751020529970E+02    0.292605447602061801E+02
    0.941358066787923196E-04    0.284474397025276993E+02    0.290820551354406049E+02
    0.103599305552208950E-03    0.282358554322941764E+02    0.290828892857433559E+02
    0.111329356977158504E-03    0.280719307097785276E+02    0.292567545953479708E+02
    0.114153277917673659E-03    0.280018325086854851E+02    0.292564743760795025E+02
    0.133487452637811189E-03    0.276689017141891398E+02    0.290851647991130520E+02
    0.162044444372889094E-03    0.272611753943986841E+02    0.290868396536477931E+02
    0.160816825280874008E-03    0.272563847133673463E+02    0.292534361285349753E+02
    0.161857223225133045E-03    0.272234874685537243E+02    0.290869961710200933E+02
    0.167653765954817858E-03    0.271331148138600149E+02    0.290873726929575014E+02
    0.167506366241265768E-03    0.271148739696651973E+02    0.292528467633047242E+02
    0.178978349088577428E-03    0.269623869981465702E+02    0.292522069461542671E+02
    0.186788975810127080E-03    0.268569576694770262E+02    0.292517616444447270E+02
    0.192543407266756550E-03    0.267762734443657742E+02    0.292514192105066471E+02
    0.253950955381570642E-03    0.262026343669209716E+02    0.292489417234953351E+02
    0.315564520489628017E-03    0.257481903587363519E+02    0.290933733684320934E+02
    0.334084977381285668E-03    0.256141259177443033E+02    0.290939793423234754E+02
    0.413916917384380279E-03    0.251655861434931403E+02    0.290960427648984457E+02
    0.422973085431994965E-03    0.251022995871688117E+02    0.292439571151427273E+02
    0.455802457621517609E-03    0.249327976682064403E+02    0.292431590142594757E+02
    0.690669321437348944E-03    0.240815943686043532E+02    0.291012842575319404E+02
    0.928193655720761226E-03    0.234704359020740370E+02    0.291044234461063667E+02
    0.981548714024642636E-03    0.233386533961607974E+02    0.291051201995831335E+02
    0.117663766422970999E-02    0.229560842595879038E+02    0.291071865663827580E+02
    0.122012328350286771E-02    0.228635023162251514E+02    0.292325987589856986E+02
    0.121093693146554719E-02    0.228586173606075285E+02    0.292325717159435001E+02
    0.120214088007526178E-02    0.228531980596745434E+02    0.292325417010590911E+02
    0.127926472634158021E-02    0.227088351669351169E+02    0.291085589011763304E+02
    0.152990982741099983E-02    0.223309885329380116E+02    0.291107172920362522E+02
    0.153655723441088873E-02    0.223023174240971329E+02    0.291108842800012511E+02
    0.152987533714924037E-02    0.222910336214130709E+02    0.291109501289640846E+02
    0.178224179017526132E-02    0.219656621184744196E+02    0.291128814627012034E+02
    0.177104115495003707E-02    0.219582709340358448E+02    0.292273695691416968E+02
    0.176894216429993446E-02    0.219406426863372381E+02    0.292272629850140504E+02
    0.179630220610667258E-02    0.218899456837452604E+02    0.291133403158405315E+02
    0.185102140735695373E-02    0.218099309299731807E+02    0.292264663813320453E+02
    0.185957808969879632E-02    0.217807068706092615E+02    0.292262867334617518E+02
    0.188559218338268508E-02    0.217329222731995095E+02    0.291143039173675433E+02
    0.193604714947204475E-02    0.216601094423597864E+02    0.291147564344974796E+02
    0.205771266763365253E-02    0.215182161068428002E+02    0.292246465939256979E+02
    0.203740673433526736E-02    0.215180505465560969E+02    0.292246455438672150E+02
    0.207135011752206414E-02    0.214650048768991830E+02    0.292243080559320063E+02
    0.206667405743322886E-02    0.214495249684998939E+02    0.292242091723146515E+02
    0.216638837551325764E-02    0.213352832517811386E+02    0.291168219198923595E+02
    0.218544427722476868E-02    0.212977678507750134E+02    0.292232300140008903E+02
    0.217555143273926842E-02    0.212868417982063605E+02    0.291171368418541192E+02
    0.230808862701044424E-02    0.211485666319548002E+02    0.292222494104919015E+02
    0.231251088675944478E-02    0.211247383312452683E+02    0.291182045733784669E+02
    0.234355717300378493E-02    0.210780662586071799E+02    0.291185160833130254E+02
    0.233301928864153383E-02    0.210670796061139676E+02    0.292217059747536148E+02
    0.247504140078389466E-02    0.209288918806673294E+02    0.292207710697852576E+02
    0.246849652686692827E-02    0.209141875841385279E+02    0.291196250915527344E+02
    0.269365180688139463E-02    0.207196104836002810E+02    0.291209743111551163E+02
    0.269720327542215732E-02    0.206969753030952788E+02    0.292191619839305119E+02
    0.288365713853657932E-02    0.205432874709019977E+02    0.292180659069437496E+02
    0.296994040621229157E-02    0.204643223528779004E+02    0.291228027883860747E+02
    0.304392215809182144E-02    0.203951123927491089E+02    0.291233107958698803E+02
    0.312252913372911608E-02    0.203241195411445332E+02    0.291238376794409390E+02
    0.310954454807364430E-02    0.203124535918039157E+02    0.291239248344850381E+02
    0.318675374962028865E-02    0.202434005969906998E+02    0.291244441252704966E+02
    0.328587638619878657E-02    0.201621393264337812E+02    0.292152327768055819E+02
    0.326332037807770467E-02    0.201559157317659619E+02    0.291251106243652771E+02
    0.323429245061570333E-02    0.201537857534776386E+02    0.292151686869507259E+02
    0.323804049881563786E-02    0.201314694025431677E+02    0.292149970234439209E+02
    0.325114792081545841E-02    0.201033898468403329E+02    0.292147800897625061E+02
    0.335671065117525841E-02    0.200194830844003384E+02    0.291261701844883802E+02
    0.342426053357517638E-02    0.199596350360115693E+02    0.291266431171181495E+02
    0.345200296519250884E-02    0.199234968632098450E+02    0.292133644664728820E+02
    0.356440560179491607E-02    0.198394115109064018E+02    0.292126866244365146E+02
    0.358937053098223099E-02    0.198054524324734516E+02    0.292124097862581991E+02
    0.366181406136187543E-02    0.197454887880025005E+02    0.292119164757926733E+02
    0.367280255857344289E-02    0.197194961064474867E+02    0.291285948424619363E+02
    0.378789876374608639E-02    0.196377832287059597E+02    0.291292802114827367E+02
    0.376218985135342264E-02    0.196314037373210191E+02    0.292109614575012912E+02
    0.373548624646356017E-02    0.196256501344462357E+02    0.291293829606491386E+02
    0.383909141269688338E-02    0.195509346729559041E+02    0.292102741743670720E+02
    0.381753956005106065E-02    0.195421938858613160E+02    0.291300968519598555E+02
    0.383265866686639508E-02    0.195142886650809615E+02    0.291303384112624997E+02
    0.416041368030672931E-02    0.193301771041866672E+02    0.292083252142856225E+02
    0.415037092692789513E-02    0.193150107071455750E+02    0.291321080094245204E+02
    0.421294323436278376E-02    0.192650831096413384E+02    0.292077312420062469E+02
    0.427496938031430088E-02    0.192158522478807434E+02    0.291330199536833234E+02
    0.428294389768604875E-02    0.191921249281845512E+02    0.292070541504930823E+02
    0.425378896372157270E-02    0.191857859143211478E+02    0.291333009279626154E+02
    0.427537690842846440E-02    0.191556615991745041E+02    0.291335846094531910E+02
    0.442224436489941676E-02    0.190681114434483447E+02    0.291344218558812535E+02
    0.440544930723495241E-02    0.190557216204900151E+02    0.291345419305054705E+02
    0.437668058860417233E-02    0.190488249664339513E+02    0.291346089444431016E+02
    0.455087675733023382E-02    0.189507663109707316E+02    0.292047198423805412E+02
    0.454541798445280264E-02    0.189331667492536546E+02    0.292045434310643941E+02
    0.452949552633485821E-02    0.189201849867004306E+02    0.291358829367217282E+02
    0.457038150539355349E-02    0.188822127639791724E+02    0.291362681529087872E+02
    0.455841729937842954E-02    0.188674551679892417E+02    0.291364190512153698E+02
    0.453661809599179011E-02    0.188570424842262625E+02    0.291365259297440531E+02
    0.455036417382632605E-02    0.188309915916806041E+02    0.291367948232132434E+02
    0.455884171212158837E-02    0.188072689660867063E+02    0.292032540769640825E+02
    0.451633980328264902E-02    0.188060023520837660E+02    0.292032408499781866E+02
    0.447704972017594870E-02    0.188034775578325934E+02    0.292032144682935169E+02
    0.451978710091719121E-02    0.187644763452720618E+02    0.292028042356401620E+02
    0.447511338948007771E-02    0.187643427479335223E+02    0.291374928399439597E+02
    0.444407434972965854E-02    0.187582629236084486E+02    0.291375572583274050E+02
    0.444147485781737003E-02    0.187394331346672054E+02    0.291377575809632248E+02
    0.445410247728137559E-02    0.187137549746241909E+02    0.291380327745048078E+02
    0.443521159225610754E-02    0.187022554790795610E+02    0.292021388791344094E+02
    0.439137485511177303E-02    0.187021214138121827E+02    0.291381582309177141E+02
    0.435582238171924874E-02    0.186983792702220875E+02    0.291381986909432626E+02
    0.437185748213655880E-02    0.186710301837707107E+02    0.291384959592289619E+02
    0.434867334897241341E-02    0.186616644849320252E+02    0.291385984026222928E+02
    0.431178591548977194E-02    0.186587017599420726E+02    0.291386308786730908E+02
    0.440892313264217798E-02    0.185941451835464910E+02    0.292009486420295481E+02
    0.438522648069747650E-02    0.185849235807033679E+02    0.291394506804774451E+02
    0.448476320889525971E-02    0.185200347318396403E+02    0.291401902433783135E+02
    0.449603769083293039E-02    0.184950131361104830E+02    0.291404803488246884E+02
    0.447885998537469847E-02    0.184826690346192564E+02    0.291406245188901494E+02
    0.448597253081410661E-02    0.184594955020768801E+02    0.291993985736591810E+02
    0.444903221222655784E-02    0.184560329433530725E+02    0.291409380331335726E+02
    0.445317286919304483E-02    0.184341724347589775E+02    0.291990977874779105E+02
    0.451502162199987882E-02    0.183865861760412059E+02    0.291985239363683995E+02
    0.454941389521929147E-02    0.183514093067515738E+02    0.291422035035851579E+02
    0.473237490835499378E-02    0.182525517850355925E+02    0.291434542976499138E+02
    0.475590782095509663E-02    0.182226309335916206E+02    0.291964510676394653E+02
    0.475215949134689605E-02    0.182042078386257486E+02    0.291962078440062243E+02
    0.474013199212705398E-02    0.181892761640885716E+02    0.291960090362091051E+02
    0.470099330294238438E-02    0.181858584727313151E+02    0.291443323454588494E+02
    0.480541077538426762E-02    0.181219210717634844E+02    0.291452031113108418E+02
    0.476639948276787791E-02    0.181182237386865950E+02    0.291452543970254965E+02
    0.479876049936629225E-02    0.180846908170712695E+02    0.291945712122013177E+02
    0.478336905030495724E-02    0.180711158866630370E+02    0.291943783310041916E+02
    0.474327788146331614E-02    0.180679492618483053E+02    0.291459625451585609E+02
    0.469930663739027542E-02    0.180665761798601920E+02    0.291459821770132379E+02
    0.465492874453787321E-02    0.180655529209756693E+02    0.291459968175949626E+02
    0.461077610991868399E-02    0.180646137348073026E+02    0.291460102630969828E+02
    0.457330083372629436E-02    0.180609356730551127E+02    0.291460629909276676E+02
    0.453669730850904916E-02    0.180570075631356950E+02    0.291941762303268320E+02
    0.451831453214701726E-02    0.180451280612376763E+02    0.291462909318271315E+02
    0.450440507231393387E-02    0.180312944817679046E+02    0.291464922098145465E+02
    0.446757436120295663E-02    0.180277149019316667E+02    0.291937510894114673E+02
    0.443690209429041874E-02    0.180214933147906713E+02    0.291936598022617773E+02
    0.440959497985492915E-02    0.180138404397310623E+02    0.291467486356112140E+02
    0.438004612585126893E-02    0.180072876169093838E+02    0.291468456348631726E+02
    0.438307214012553792E-02    0.179859063668553674E+02    0.291471649813743703E+02
    0.439798599335692285E-02    0.179591127129039307E+02    0.291475715428543154E+02
    0.440763567394060560E-02    0.179347292929428974E+02    0.291923476593866233E+02
    0.437133353275761388E-02    0.179312698900192444E+02    0.291480019307002181E+02
    0.433924142296289710E-02    0.179260070366087696E+02    0.291480842260698019E+02
    0.430310008673671310E-02    0.179227347009207350E+02    0.291921601106994117E+02
    0.427481528333299721E-02    0.179159243418514862E+02    0.291482427529612309E+02
    0.427036475987464283E-02    0.178980076327070314E+02    0.291917683422984311E+02
    0.423793588211718482E-02    0.178932534667016760E+02    0.291486034593094239E+02
    0.423260040409144129E-02    0.178757730137769073E+02    0.291914099005838921E+02
    0.424839633288897397E-02    0.178483229710272226E+02    0.291909588676875735E+02
    0.421204595413678454E-02    0.178455091186055483E+02    0.291909120795401691E+02
    0.422891709835471457E-02    0.178175142172753560E+02    0.291904407114988587E+02
    0.419553178299952433E-02    0.178133659320142641E+02    0.291499257319797174E+02
    0.420437236218791383E-02    0.177891560828065884E+02    0.291899517921068856E+02
    0.419268180990855274E-02    0.177747249690340539E+02    0.291896982932133433E+02
    0.417361858318477177E-02    0.177638392770648963E+02    0.291895048772162156E+02
    0.417070075765310026E-02    0.177452379894254406E+02    0.291511258412941920E+02
    0.414557319903432770E-02    0.177373239958349060E+02    0.291512701958734013E+02
    0.411937333199921193E-02    0.177300040317901839E+02    0.291888909566757597E+02
    0.411328239164461800E-02    0.177129634371973239E+02    0.291885740218678862E+02
    0.407744557379426109E-02    0.177104647126302233E+02    0.291517685723748627E+02
    0.404586755627522540E-02    0.177060141201574552E+02    0.291884431968473415E+02
    0.401313891297785073E-02    0.177022587147498207E+02    0.291883721082290997E+02
    0.400359831175761422E-02    0.176870190582446476E+02    0.291880807345027975E+02
    0.398316483511849430E-02    0.176772527515924835E+02    0.291878914926938364E+02
    0.396223648168999611E-02    0.176677888597108677E+02    0.291877061650168841E+02
    0.395410175699084741E-02    0.176518992083680999E+02    0.291873905249953296E+02
    0.392662315686770954E-02    0.176458465098077859E+02    0.291872687607279531E+02
    0.392754379437712433E-02    0.176253776440353214E+02    0.291534452557422767E+02
    0.389822828528854333E-02    0.176203617994215627E+02    0.291535493810391273E+02
    0.386101377609963546E-02    0.176195465570295333E+02    0.291867292948348478E+02
    0.382300396801260210E-02    0.176193331423170179E+02    0.291867248454544885E+02
    0.378554190229549734E-02    0.176190280322929347E+02    0.291867184822878798E+02
    0.375175989510234892E-02    0.176169560571004880E+02    0.291866752057782008E+02
    0.372342630107477379E-02    0.176121175414957243E+02    0.291865737016460400E+02
    0.369954009604989186E-02    0.176049891004885453E+02    0.291538726561808161E+02
    0.366805330286921723E-02    0.176020839553068029E+02    0.291539344731240675E+02
    0.363816510577199886E-02    0.175984472021461933E+02    0.291862834701564893E+02
    0.360395173260353967E-02    0.175973442337535566E+02    0.291540358360966749E+02
    0.357397670102163134E-02    0.175940483322162571E+02    0.291861889621856108E+02
    0.355758747149143798E-02    0.175832408504276430E+02    0.291543412931612274E+02
    0.352473103790825045E-02    0.175817978635067078E+02    0.291543728795205190E+02
    0.350662027276181379E-02    0.175721007509018783E+02    0.291545868082046269E+02
    0.353959878408268954E-02    0.175333793618223091E+02    0.291554720981289179E+02
    0.350907480334473670E-02    0.175307012997248037E+02    0.291555353097520964E+02
    0.348690662831532871E-02    0.175233761471015974E+02    0.291557096226073966E+02
    0.345318421474550413E-02    0.175228125952624438E+02    0.291557231204203298E+02
    0.342514117249424288E-02    0.175191207493852836E+02    0.291558118593451141E+02
    0.339807278163899856E-02    0.175149892436394268E+02    0.291559118220035742E+02
    0.336629380864464887E-02    0.175137813693310349E+02    0.291559411796552013E+02
    0.334067795248666312E-02    0.175090585952528848E+02    0.291560565548174253E+02
    0.331698212912298011E-02    0.175032953830322455E+02    0.291561986401187454E+02
    0.329051788726591587E-02    0.174993161977436174E+02    0.291562975929149921E+02
    0.325993096365335185E-02    0.174979940908858786E+02    0.291563306273846088E+02
    0.322919377686070944E-02    0.174969411248256641E+02    0.291839386678422343E+02
    0.321992280932686687E-02    0.174826913535872634E+02    0.291567188975038611E+02
    0.319550811004243752E-02    0.174779139114832525E+02    0.291568424341786319E+02
    0.316947606353673323E-02    0.174742735384325414E+02    0.291833583178374134E+02
    0.314691297685337551E-02    0.174685621976712717E+02    0.291832080256166435E+02
    0.311961730967841300E-02    0.174659854533196857E+02    0.291571560112597581E+02
    0.309164732478489157E-02    0.174639980002646382E+02    0.291572089962899099E+02
    0.306641643150627275E-02    0.174603869403363774E+02    0.291829898357597628E+02
    0.303715947370732358E-02    0.174595607376863491E+02    0.291829675785847087E+02
    0.302036561456582586E-02    0.174506503506380710E+02    0.291575706236434797E+02
    0.299067071065057524E-02    0.174504107672269022E+02    0.291575772097088404E+02
    0.333299567708299519E-02    0.172336297897456170E+02    0.291730041767819266E+02
    0.333088568367396727E-02    0.172348963149823753E+02    0.291731535366634951E+02
    0.334319376554331619E-02    0.172275196597201692E+02    0.291721314507913050E+02
    0.333962636587371939E-02    0.172296549259331186E+02    0.291724739582054085E+02
    0.309651412982185365E-02    0.173808187852963911E+02    0.291806316859284891E+02
    0.334506650509196115E-02    0.172263996437388478E+02    0.291683700580641307E+02
    0.308289482167962980E-02    0.173896347288931210E+02    0.291593772352874012E+02
    0.311899509518430212E-02    0.173663510642573584E+02    0.291801433102142767E+02
    0.304828405363896833E-02    0.174122151405190095E+02    0.291816202184977911E+02
    0.330922973484495129E-02    0.172479418867813550E+02    0.291658989792876255E+02
    0.331771461528170431E-02    0.172428204403801466E+02    0.291739573263230341E+02
    0.334355602817595779E-02    0.172273029549567624E+02    0.291720933228099497E+02
    0.326462128020390402E-02    0.172750852700083044E+02    0.291762155402474832E+02
    0.326687376431087024E-02    0.172737058099116965E+02    0.291761364425017717E+02
    0.329906652739536807E-02    0.172540936784439793E+02    0.291654249604518441E+02
    0.332125219336850547E-02    0.172406890373931638E+02    0.291737587595386572E+02
    0.322162526955802660E-02    0.173016008457542583E+02    0.291627216977000714E+02
    0.334886808978961939E-02    0.172241279841924424E+02    0.291714088088642640E+02
    0.324544983512464356E-02    0.172868648651375061E+02    0.291634425795870271E+02
    0.311173817630757332E-02    0.173710098559866175E+02    0.291803031375554838E+02
    0.326766194368026397E-02    0.172732233399040709E+02    0.291761085300986736E+02
    0.323620629791233775E-02    0.172925692982570887E+02    0.291771409628704248E+02
    0.335260490793183076E-02    0.172218975381213966E+02    0.291699284064509925E+02
    0.333686788513749963E-02    0.172313075782320482E+02    0.291727077830813570E+02
    0.322539024707253720E-02    0.172992648948431409E+02    0.291774644281202882E+02
    0.312449820038552964E-02    0.173628254055494438E+02    0.291800206370274253E+02
    0.334658310645559974E-02    0.172254930801991257E+02    0.291685560507085810E+02
    0.312515035009118970E-02    0.173624080062651416E+02    0.291800060128099794E+02
    0.317052546177698080E-02    0.173335781244549096E+02    0.291613584332330902E+02
    0.311064363061446837E-02    0.173717134744647872E+02    0.291599686032942387E+02
    0.329862764282419724E-02    0.172543597620546976E+02    0.291748901349065051E+02
    0.321035478176014133E-02    0.173086098844906857E+02    0.291778933350138985E+02
    0.334604543122793982E-02    0.172258144338949393E+02    0.291718079262656609E+02
    0.335234653576303374E-02    0.172220516762511586E+02    0.291697545070870632E+02
    0.333342791841882225E-02    0.172333704354875294E+02    0.291729726174192692E+02
    0.333115645822985688E-02    0.172347337374721938E+02    0.291731347819335269E+02
    0.327092526979608006E-02    0.172712269903684792E+02    0.291759916180547485E+02
    0.309404637027247201E-02    0.173824133159887637E+02    0.291596115350597458E+02
    0.316652465278345228E-02    0.173361034694989051E+02    0.291790359853664079E+02
    0.329856548005611145E-02    0.172543974524887567E+02    0.291748928812558397E+02
    0.319587921680321253E-02    0.173176483239837182E+02    0.291782866977370574E+02
    0.321150890944684993E-02    0.173078910104973254E+02    0.291624344738156545E+02
    0.305170253181795588E-02    0.174099735103193574E+02    0.291815524802489143E+02
    0.335189592578553951E-02    0.172223205268965565E+02    0.291707314070705266E+02
    0.326602015362944436E-02    0.172742284638515997E+02    0.291641291278837613E+02
    0.321001096336401412E-02    0.173088240893569605E+02    0.291623927732135328E+02
    0.315503814272352591E-02    0.173433716233228168E+02    0.291609813808011644E+02
    0.334236868517187070E-02    0.172280133087626943E+02    0.291722156824322880E+02
    0.308554394187274218E-02    0.173879168742089689E+02    0.291808631545732666E+02
    0.325795006012037950E-02    0.172791764310315834E+02    0.291638513762508040E+02
    0.312652725024744910E-02    0.173615270266199602E+02    0.291603205865787736E+02
    0.334336402897515532E-02    0.172274178055601581E+02    0.291681820392531961E+02
    0.330083478796271493E-02    0.172530219893230807E+02    0.291655040564583672E+02
    0.300419339996957141E-02    0.174413545690955978E+02    0.291578287432357079E+02
    0.330322253774104546E-02    0.172515757572480943E+02    0.291746826793612328E+02
    0.300496551289480135E-02    0.174408406116911223E+02    0.291824524890356720E+02
    0.335271897725250827E-02    0.172218294911052361E+02    0.291701810838591911E+02
    0.310752951523090041E-02    0.173737167095442118E+02    0.291803948555888013E+02
    0.312396412150698060E-02    0.173631673001483584E+02    0.291800325997042833E+02
    0.318089027649008736E-02    0.173270505568441813E+02    0.291616189991905017E+02
    0.300361091540321447E-02    0.174417423876979356E+02    0.291578178665095038E+02
    0.306522121976571249E-02    0.174011333086057896E+02    0.291590143338286367E+02
    0.326948223098945737E-02    0.172721095279350578E+02    0.291642520735523192E+02
    0.333008900692611295E-02    0.172353747295019630E+02    0.291732080592458232E+02
    0.323933343847138643E-02    0.172906376348409445E+02    0.291770448248805749E+02
    0.316615565976591500E-02    0.173363365417525088E+02    0.291790450447256369E+02
    0.320250411957128918E-02    0.173135067120875696E+02    0.291781088632401477E+02
    0.333913993064061066E-02    0.172299462583213909E+02    0.291725168534411452E+02
    0.321202178816488385E-02    0.173075716355346927E+02    0.291624487990155359E+02
    0.302919032380096842E-02    0.174247820664974959E+02    0.291583028629908796E+02
    0.335130193749971815E-02    0.172226749775927743E+02    0.291709130724780934E+02
    0.333946951537151138E-02    0.172297488611034026E+02    0.291724878749383016E+02
    0.332115866447207399E-02    0.172407453596523190E+02    0.291737641469119318E+02
    0.323635641319931864E-02    0.172924765280245190E+02    0.291771363759717630E+02
    0.334361495037705739E-02    0.172272677100370295E+02    0.291720870507895498E+02
    0.334868028789272066E-02    0.172242401457694037E+02    0.291688564734386588E+02
    0.331395649164456345E-02    0.172450872138547915E+02    0.291661379319077625E+02
    0.314838447283717279E-02    0.173475938833636718E+02    0.291608235251636465E+02
    0.335009613053778490E-02    0.172233947121691706E+02    0.291711885762040062E+02
    0.333834163489656012E-02    0.172304244600146532E+02    0.291725856272532589E+02
    0.328919048631044764E-02    0.172600898309692390E+02    0.291650048087956115E+02
    0.324993878096978880E-02    0.172841004753064276E+02    0.291767090315667481E+02
    0.318042928284496731E-02    0.173273404298125975E+02    0.291616072594319427E+02
    0.312518186598257329E-02    0.173623878371667288E+02    0.291800053056054907E+02
    0.326383058415554740E-02    0.172755697316041861E+02    0.291762430755629012E+02
    0.320003080837505437E-02    0.173150519196324559E+02    0.291781756728138433E+02
    0.328465474646601847E-02    0.172628497015798636E+02    0.291754731089026720E+02
    0.332923256582499721E-02    0.172358891609475613E+02    0.291670300386451906E+02
    0.334332910305380282E-02    0.172274386983516585E+02    0.291681783690208043E+02
    0.311627730070276714E-02    0.173680945612410262E+02    0.291802034211413570E+02
    0.332926881194591353E-02    0.172358673866059391E+02    0.291670324535826495E+02
    0.328615095370245539E-02    0.172619388803925844E+02    0.291754136575654286E+02
    0.327592256789721549E-02    0.172681737353085900E+02    0.291758081416246000E+02
    0.323331737257336093E-02    0.172943554733624865E+02    0.291630669629351686E+02
    0.325773455148871752E-02    0.172793087324823667E+02    0.291764515439250225E+02
    0.318240197801064433E-02    0.173261002930571131E+02    0.291616575983889490E+02
    0.333484744018787502E-02    0.172325189278852413E+02    0.291674292340128787E+02
    0.308108175406111460E-02    0.173908112860383568E+02    0.291593395428836146E+02
    0.306892328959056885E-02    0.173987192342267605E+02    0.291812061258928424E+02
    0.316953902034802434E-02    0.173342004786531660E+02    0.291613339924625805E+02
