    0.292390814449196732E+02   -0.120477777832526058E+02
    0.291031534603199020E+02   -0.118571257213215748E+02
    0.292334915712202239E+02   -0.115129823072503470E+02
    0.292326510029577733E+02   -0.114364727335120069E+02
    0.292321467399597168E+02   -0.113910645695493198E+02
    0.292281255412044239E+02   -0.110421232577512765E+02
    0.291142402434176262E+02   -0.108716076769703331E+02
    0.292252744825108195E+02   -0.108088925438632018E+02
    0.292242849369819062E+02   -0.107306915733815060E+02
    0.291191721711032869E+02   -0.104903430034637886E+02
    0.291200981311085130E+02   -0.104226844262703100E+02
    0.292198666592742171E+02   -0.103988089173690419E+02
    0.291209680288928467E+02   -0.103602521366218649E+02
    0.292184366202396681E+02   -0.102974392655497891E+02
    0.292178798753717857E+02   -0.102587739173952954E+02
    0.291229608735574459E+02   -0.102213525574749351E+02
    0.291231161916031880E+02   -0.102107683394903965E+02
    0.291234288112019470E+02   -0.101895705410942465E+02
    0.291235908945068260E+02   -0.101786358071743912E+02
    0.292158773176102784E+02   -0.101234052438725310E+02
    0.291244957228469161E+02   -0.101182909945587927E+02
    0.292157586915869629E+02   -0.101155683699370034E+02
    0.291251319983527424E+02   -0.100765657219114964E+02
    0.292151563045811216E+02   -0.100760865927977754E+02
    0.292149392172143010E+02   -0.100619868743553766E+02
    0.291265125009745134E+02   -0.998804969799995135E+01
    0.291268194128710682E+02   -0.996874548066459276E+01
    0.291274851942047874E+02   -0.992733739840070406E+01
    0.291286499247312136E+02   -0.985643936103851992E+01
    0.292112188148323071E+02   -0.983094376703796158E+01
    0.292111434090801545E+02   -0.982646796420465662E+01
    0.291291780513730956E+02   -0.982493852282062541E+01
    0.292109849507811106E+02   -0.981708927617062699E+01
    0.291297313569892715E+02   -0.979236862758507876E+01
    0.291298207654049328E+02   -0.978714723427130018E+01
    0.291303957084014407E+02   -0.975384720037880371E+01
    0.292073102421867787E+02   -0.960978172217365767E+01
    0.291331959375464962E+02   -0.959849697051812356E+01
    0.292070107268659633E+02   -0.959374559502014357E+01
    0.291334672272076247E+02   -0.958404912803055531E+01
    0.291334750014132098E+02   -0.958363667291657961E+01
    0.292068076764270970E+02   -0.958294802932169176E+01
    0.292066135577813526E+02   -0.957268119008455720E+01
    0.291338975055724845E+02   -0.956135249259470932E+01
    0.291338975055724845E+02   -0.956135249259470932E+01
    0.291339361143437330E+02   -0.955932902257415584E+01
    0.291339628016980328E+02   -0.955793160952990739E+01
    0.292061571981017281E+02   -0.954875925626249078E+01
    0.291347015273425782E+02   -0.951965914460160079E+01
    0.291347015273425782E+02   -0.951965914460160079E+01
    0.291351029478565131E+02   -0.949919306729179169E+01
    0.291351029478565131E+02   -0.949919306729179169E+01
    0.291351640127706588E+02   -0.949610015183602663E+01
    0.291353665814952763E+02   -0.948587874583319035E+01
    0.292047507185524644E+02   -0.947692795532380927E+01
    0.292047507185524644E+02   -0.947692795532380927E+01
    0.291357057981362857E+02   -0.946889515325356079E+01
    0.291357057981362857E+02   -0.946889515325356079E+01
    0.292037702956997549E+02   -0.942854867050963819E+01
    0.292037702956997549E+02   -0.942854867050963819E+01
    0.292037314561991899E+02   -0.942666075524942393E+01
    0.291366085347273440E+02   -0.942450865102697399E+01
    0.291368280617640636E+02   -0.941389295333762277E+01
    0.292033820445793744E+02   -0.940977463026255023E+01
    0.292032174722440132E+02   -0.940188247097162311E+01
    0.292032174722440132E+02   -0.940188247097162311E+01
    0.292031010494301881E+02   -0.939632301040078488E+01
    0.292031010494301881E+02   -0.939632301040078488E+01
    0.292029508716498789E+02   -0.938918062944426168E+01
    0.291375144752884694E+02   -0.938114972967792404E+01
    0.291376106612516992E+02   -0.937661592145200196E+01
    0.291376106612516992E+02   -0.937661592145200196E+01
    0.292021057566550759E+02   -0.934959574700430629E+01
    0.292020602490543162E+02   -0.934749350153851921E+01
    0.291383308886542807E+02   -0.934309266738076794E+01
    0.291386509026699052E+02   -0.932843826577843771E+01
    0.292011667890115625E+02   -0.930682645854406054E+01
    0.292011667890115625E+02   -0.930682645854406054E+01
    0.292007577141470094E+02   -0.928859224532894245E+01
    0.292006037492834700E+02   -0.928179207306399512E+01
    0.291401068817968181E+02   -0.926363485167269829E+01
    0.291404099974763611E+02   -0.925052928832425181E+01
    0.291404099974763611E+02   -0.925052928832425181E+01
    0.291995365004706393E+02   -0.923559751761006709E+01
    0.291410176814051880E+02   -0.922465567209699167E+01
    0.291410455369057182E+02   -0.922348246088004231E+01
    0.291415769441136732E+02   -0.920131573396056979E+01
    0.291985506779914807E+02   -0.919439127267432710E+01
    0.291982058871626080E+02   -0.918031123688741779E+01
    0.291982058871626080E+02   -0.918031123688741779E+01
    0.291424531509703186E+02   -0.916565834234035037E+01
    0.291424531509703186E+02   -0.916565834234035037E+01
    0.291425090700142491E+02   -0.916342040645459477E+01
    0.291425090700142491E+02   -0.916342040645459477E+01
    0.291427670682367292E+02   -0.915315363806060311E+01
    0.291428675200088563E+02   -0.914918230797612075E+01
    0.291434979124382849E+02   -0.912459315991335274E+01
    0.291965664558790650E+02   -0.911571546517283338E+01
    0.291962271674730260E+02   -0.910283262286467831E+01
    0.291962271674730260E+02   -0.910283262286467831E+01
    0.291441521092774991E+02   -0.909968331190401969E+01
    0.291441641572867205E+02   -0.909923036558006082E+01
    0.291441894546930769E+02   -0.909827998991551112E+01
    0.291444966100773186E+02   -0.908681460006204134E+01
    0.291950138343462555E+02   -0.905812467341969096E+01
    0.291950138343462555E+02   -0.905812467341969096E+01
    0.291457940695431077E+02   -0.903988927374691009E+01
    0.291940995668661074E+02   -0.902584336207944737E+01
    0.291940995668661074E+02   -0.902584336207944737E+01
    0.291463796149384073E+02   -0.901950926999186997E+01
    0.291463796149384073E+02   -0.901950926999186997E+01
    0.291467393610956762E+02   -0.900723420452959722E+01
    0.291467393610956762E+02   -0.900723420452959722E+01
    0.291474034563013866E+02   -0.898506607541878211E+01
    0.291475006683216016E+02   -0.898187457368845088E+01
    0.291475006683216016E+02   -0.898187457368845088E+01
    0.291924786241135763E+02   -0.897158271209077895E+01
    0.291923480958990957E+02   -0.896737866430094321E+01
    0.291922773187084985E+02   -0.896510938024945148E+01
    0.291480591092488766E+02   -0.896380559978130442E+01
    0.291480813664421419E+02   -0.896309479172439083E+01
    0.291922020535631574E+02   -0.896270415186483227E+01
    0.291482554188506739E+02   -0.895756094855460105E+01
    0.291913989656586423E+02   -0.893755027423234338E+01
    0.291913989656586423E+02   -0.893755027423234338E+01
    0.291492230729397335E+02   -0.892759428991334048E+01
    0.291908211951861425E+02   -0.892003070367067430E+01
    0.291496361610555894E+02   -0.891521415908194648E+01
    0.291906537426198263E+02   -0.891504334334447712E+01
    0.291496859544736395E+02   -0.891373853505437097E+01
    0.291497369045871295E+02   -0.891223234491500982E+01
    0.291499295782897860E+02   -0.890657046421547705E+01
    0.291500064620575507E+02   -0.890432615874831157E+01
    0.291500445223080291E+02   -0.890321831039136136E+01
    0.291502153326220537E+02   -0.889827221028859583E+01
    0.291898122888026421E+02   -0.889059573696882666E+01
    0.291508470801844837E+02   -0.888034560425180430E+01
    0.291509279920776976E+02   -0.887809133642312176E+01
    0.291892541112795243E+02   -0.887494349161189078E+01
    0.291511846481269643E+02   -0.887100336394144762E+01
    0.291515751706590862E+02   -0.886040124931290407E+01
    0.291517994781340590E+02   -0.885441137679300283E+01
    0.291884511558079467E+02   -0.885321773951031865E+01
    0.291520407589951169E+02   -0.884804949990729384E+01
    0.291520445647835729E+02   -0.884794982692611676E+01
    0.291879324869843053E+02   -0.883967978777380026E+01
    0.291879324869843053E+02   -0.883967978777380026E+01
    0.291526814523545390E+02   -0.883156497485318681E+01
    0.291875516461892417E+02   -0.882998710283157173E+01
    0.291529128052794029E+02   -0.882575837007112085E+01
    0.291873344438526843E+02   -0.882455308994604692E+01
    0.291533351478292246E+02   -0.881535790038561551E+01
    0.291533775495715446E+02   -0.881432798165653431E+01
    0.291866778700249974E+02   -0.880854172915589295E+01
    0.291537108990254339E+02   -0.880632167163720858E+01
    0.291865758916755311E+02   -0.880611081077845270E+01
    0.291538966022836235E+02   -0.880193120956904629E+01
    0.291544231136278533E+02   -0.878975446047338416E+01
    0.291545291487966161E+02   -0.878735067197709263E+01
    0.291550372000828659E+02   -0.877605893823107586E+01
    0.291849017974484966E+02   -0.876835494102405910E+01
    0.291849017974484966E+02   -0.876835494102405910E+01
    0.291848426326059069E+02   -0.876709476538241717E+01
    0.291555612525472867E+02   -0.876480276859866514E+01
    0.291555612525472867E+02   -0.876480276859866514E+01
    0.291844520697780219E+02   -0.875890305160562299E+01
    0.291844353897504440E+02   -0.875855811565535802E+01
    0.291568618496594993E+02   -0.873858354292720030E+01
    0.291569852844135653E+02   -0.873622230809524680E+01
    0.291573577762135017E+02   -0.872923036584623269E+01
    0.291828876739033944E+02   -0.872830321287965383E+01
    0.291575431719918754E+02   -0.872582515990187346E+01
    0.291824566328661632E+02   -0.872049407501361706E+01
    0.291578934877415392E+02   -0.871952656646425517E+01
    0.291579956267879936E+02   -0.871772355550220901E+01
    0.291822814265678616E+02   -0.871739670026810920E+01
    0.291581847453095122E+02   -0.871442497740924793E+01
    0.291816195825199785E+02   -0.870609701633536837E+01
    0.291588226575399680E+02   -0.870368018144679567E+01
    0.291589104351716841E+02   -0.870224775401084294E+01
    0.291813554844217009E+02   -0.870176492935854817E+01
    0.291813004794263868E+02   -0.870087535955526548E+01
    0.291812798259470405E+02   -0.870054247077998433E+01
    0.291593693290946625E+02   -0.869494058884425058E+01
    0.291807880381183651E+02   -0.869279820283122895E+01
    0.291597934965192422E+02   -0.868845730074546907E+01
    0.291804200039480648E+02   -0.868723157937751367E+01
    0.291603655081564170E+02   -0.868012639039218215E+01
    0.291797532973014881E+02   -0.867764640917923025E+01
    0.291758646788390905E+02   -0.863455209845820093E+01
    0.291662094451149230E+02   -0.862213249518107006E+01
    0.291790565898030714E+02   -0.866831695438110472E+01
    0.291788611007807077E+02   -0.866582535326332071E+01
    0.291715770989957690E+02   -0.861239144657311151E+01
    0.291732234429630566E+02   -0.861775563564565239E+01
    0.291727241932848784E+02   -0.861571475204653758E+01
    0.291604697151787562E+02   -0.867865966156089463E+01
    0.291625257373838345E+02   -0.865293324028467659E+01
    0.291608056371490107E+02   -0.867403844619180653E+01
    0.291681504161482259E+02   -0.861379954935404513E+01
    0.291763678237677873E+02   -0.863889602768992582E+01
    0.291708343108236363E+02   -0.861125479013858985E+01
    0.291667089342156913E+02   -0.861946733915731578E+01
    0.291625144896904303E+02   -0.865305734499840540E+01
    0.291613260974762802E+02   -0.866720094203435565E+01
    0.291668816177572054E+02   -0.861862989269760860E+01
    0.291615210260159188E+02   -0.866474094433431752E+01
    0.291682600274445605E+02   -0.861349153502338893E+01
    0.291779440707786151E+02   -0.865487525646318723E+01
    0.291756397709506068E+02   -0.863272877557128915E+01
    0.291673579688802285E+02   -0.861654339141463232E+01
    0.291648158160632001E+02   -0.863147677655860868E+01
    0.291774546805400590E+02   -0.864952935023657510E+01
    0.291680219419204114E+02   -0.861418269292157035E+01
    0.291774605054123626E+02   -0.864959094160930775E+01
    0.291666280961731275E+02   -0.861987419431972057E+01
    0.291634887161915088E+02   -0.864298647431280287E+01
    0.291713585285416741E+02   -0.861197410656079931E+01
    0.291617080242042519E+02   -0.866243268328064353E+01
    0.291654415808402092E+02   -0.862693349155960831E+01
    0.291784025006306180E+02   -0.866019723080047932E+01
    0.291789680971380676E+02   -0.866718222482716349E+01
    0.291738353599922036E+02   -0.862074887357311503E+01
    0.291643104539375244E+02   -0.863555933520628294E+01
    0.291761185228064548E+02   -0.863669790315333330E+01
    0.291635809007016107E+02   -0.864210463762507963E+01
    0.291791649695717439E+02   -0.866972212598942882E+01
    0.291798597592741977E+02   -0.867913386234345730E+01
    0.291624271337649290E+02   -0.865402744210595110E+01
    0.291695121596919407E+02   -0.861120620290147798E+01
    0.291707859798200282E+02   -0.861120848594220867E+01
    0.291710128622827867E+02   -0.861145515366369985E+01
    0.291712343277462551E+02   -0.861176774802871314E+01
    0.291645408442037848E+02   -0.863365231193464844E+01
    0.291730191802679890E+02   -0.861687704933798138E+01
    0.291698164066026564E+02   -0.861099339113788709E+01
    0.291601206697113540E+02   -0.868363433717165378E+01
    0.291672376887164759E+02   -0.861703926319228053E+01
    0.291802152736063434E+02   -0.868421978588541243E+01
    0.291675989882501518E+02   -0.861561273784654702E+01
    0.291794038284208241E+02   -0.867287898119146483E+01
    0.291796988456356488E+02   -0.867689196494749027E+01
    0.291774719512703058E+02   -0.864971211146086461E+01
    0.291765915271380436E+02   -0.864094498545381562E+01
    0.291747350517335775E+02   -0.862613341665732847E+01
    0.291633739473562201E+02   -0.864410153152448046E+01
    0.291714362824366802E+02   -0.861211465130741338E+01
    0.291729852975870472E+02   -0.861673714729129614E+01
    0.291731977331404408E+02   -0.861764173088154806E+01
    0.291664303066556343E+02   -0.862090952144844813E+01
    0.291651356848622640E+02   -0.862908364066136713E+01
    0.291642860661729841E+02   -0.863576569553497286E+01
    0.291742773781211184E+02   -0.862324797958482847E+01
    0.291803410966378536E+02   -0.868606359096316183E+01
    0.291682566499843290E+02   -0.861350076638008844E+01
    0.291632252906629326E+02   -0.864557415551637476E+01
    0.291685339998713111E+02   -0.861279766542906167E+01
    0.291745822514935931E+02   -0.862513638294919005E+01
    0.291645052274052325E+02   -0.863394210754196578E+01
    0.291712004431868941E+02   -0.861171532343469970E+01
    0.291695434194921432E+02   -0.861117816555318072E+01
    0.291668451049304096E+02   -0.861880336929739777E+01
    0.291631718437924938E+02   -0.864611142390031517E+01
    0.291757624295571247E+02   -0.863371409489831798E+01
    0.291713116086622897E+02   -0.861189352700897182E+01
    0.291674198520669066E+02   -0.861629642264178663E+01
    0.291613787364985839E+02   -0.866653122042403190E+01
    0.291756240934707236E+02   -0.863260440662418205E+01
    0.291624087236068661E+02   -0.865423329725406276E+01
    0.291729068115935135E+02   -0.861641945634555739E+01
    0.291661895866117753E+02   -0.862224591488644343E+01
    0.291645560156180537E+02   -0.863352942722463546E+01
    0.291791945508400588E+02   -0.867010860645874892E+01
    0.291609748970944125E+02   -0.867177181361704896E+01
    0.291776997795858151E+02   -0.865216340952536989E+01
    0.291658011158624504E+02   -0.862457935169978818E+01
    0.291683297587475110E+02   -0.861330463093138654E+01
    0.291776023515344889E+02   -0.865110595237474200E+01
    0.291777774462167550E+02   -0.865301621743287086E+01
    0.291663417187617426E+02   -0.862139158287890162E+01
    0.291782844352896014E+02   -0.865879752946889880E+01
