    0.399548697471618652E+02   -0.841322654061655921E+05   -0.460515351937698814E+01    1
    0.395455455780029297E+02   -0.778677751695989718E+05   -0.461515351937698259E+01    1
    0.388194692134857178E+02   -0.673518143009211053E+05   -0.462515351937698149E+01    1
    0.386432456970214844E+02   -0.649145258692566931E+05   -0.463515351937698661E+01    1
    0.385283184051513672E+02   -0.633492064401322568E+05   -0.464515351937698728E+01    1
    0.384360718727111816E+02   -0.621066233257134736E+05   -0.465515351937698174E+01    1
    0.383633601665496826E+02   -0.611358542300322224E+05   -0.466515351937698153E+01    1
    0.200544810295104980E+02   -0.601089763937369426E+05   -0.467515351937698398E+01    1
    0.201521027088165283E+02   -0.588286131009478340E+05   -0.468515351937698377E+01    1
    0.381381523609161377E+02   -0.581776468802493255E+05   -0.469515351937698444E+01    1
    0.202363407611846924E+02   -0.577348637474957723E+05   -0.470515351937698423E+01    1
    0.380386805534362793E+02   -0.568943983276854124E+05   -0.471515351937698135E+01    1
    0.380047440528869629E+02   -0.564598707766592415E+05   -0.472515351937698025E+01    1
    0.379308331012725830E+02   -0.555192701983201914E+05   -0.473515351937698448E+01    1
    0.205913782119750977E+02   -0.532378476199026627E+05   -0.474515351937698782E+01    1
    0.377306449413299561E+02   -0.530113359243660088E+05   -0.475515351937698494E+01    1
    0.206687116622924805E+02   -0.522825015652895963E+05   -0.476515351937698117E+01    1
    0.373763859272003174E+02   -0.487152827940778152E+05   -0.477515351937698451E+01    1
    0.373263132572174072E+02   -0.481227013107456442E+05   -0.478515351937698341E+01    1
    0.210315954685211182E+02   -0.479151229916063749E+05   -0.479515351937697876E+01    1
    0.211463212966918945E+02   -0.465740058499249571E+05   -0.480515351937698032E+01    1
    0.371129417419433594E+02   -0.456382272134640953E+05   -0.481515351937698277E+01    1
    0.213886606693267822E+02   -0.438037024977491528E+05   -0.482515351937698345E+01    1
    0.214098322391510010E+02   -0.435657147042873767E+05   -0.483515351937698323E+01    1
    0.214857697486877441E+02   -0.427174412485631328E+05   -0.484515351937698480E+01    1
    0.367289221286773682E+02   -0.413326709393322890E+05   -0.485515351937698814E+01    1
    0.364476001262664795E+02   -0.383139192853381173E+05   -0.486515351937698437E+01    1
    0.364092433452606201E+02   -0.379111969374836117E+05   -0.487515351937698149E+01    1
    0.363519263267517090E+02   -0.373133701069144881E+05   -0.488515351937698572E+01    1
    0.220684766769409180E+02   -0.364857983523583098E+05   -0.489515351937698817E+01    1
    0.220685100555419922E+02   -0.364854554599319745E+05   -0.490515351937698973E+01    1
    0.361704862117767334E+02   -0.354522491437475474E+05   -0.491515351937698775E+01    1
    0.360575366020202637E+02   -0.343177187405961595E+05   -0.492515351937698220E+01    1
    0.223560070991516113E+02   -0.335918379813074862E+05   -0.493515351937698199E+01    1
    0.224554860591888428E+02   -0.326184391472227071E+05   -0.494515351937698799E+01    1
    0.226324820518493652E+02   -0.309219314922569720E+05   -0.495515351937699045E+01    1
    0.356829035282135010E+02   -0.306868058940978735E+05   -0.496515351937698846E+01    1
    0.356355917453765869E+02   -0.302427026028959081E+05   -0.497515351937698824E+01    1
    0.227108049392700195E+02   -0.301856695932568691E+05   -0.498515351937698359E+01    1
    0.227510237693786621E+02   -0.298110471173120932E+05   -0.499515351937698426E+01    1
    0.228414201736450195E+02   -0.289775801594364020E+05   -0.500515351937698583E+01    1
    0.354628014564514160E+02   -0.286482725290203962E+05   -0.501515351937698384E+01    1
    0.229044473171234131E+02   -0.284034553600614599E+05   -0.502515351937698451E+01    1
    0.354088199138641357E+02   -0.281590093448935149E+05   -0.503515351937698608E+01    1
    0.353484153747558594E+02   -0.276165285435940168E+05   -0.504515351937698409E+01    1
    0.352275002002716064E+02   -0.265464712959157659E+05   -0.505515351937698298E+01    1
    0.231694638729095459E+02   -0.260522540950075090E+05   -0.506515351937698455E+01    1
    0.232597267627716064E+02   -0.252746446692832469E+05   -0.507515351937697989E+01    1
    0.350661575794219971E+02   -0.251515830584907562E+05   -0.508515351937698501E+01    1
    0.349167847633361816E+02   -0.238937485214075678E+05   -0.509515351937699013E+01    1
    0.234374260902404785E+02   -0.237782152529463601E+05   -0.510515351937699080E+01    1
    0.236508214473724365E+02   -0.220415473589837093E+05   -0.511515351937698348E+01    1
    0.236803507804870605E+02   -0.218064181361228548E+05   -0.512515351937698238E+01    1
    0.346386957168579102E+02   -0.216380007020641424E+05   -0.513515351937698394E+01    1
    0.237062883377075195E+02   -0.216009292112859330E+05   -0.514515351937697751E+01    1
    0.346334719657897949E+02   -0.215966981164492827E+05   -0.515515351937698085E+01    1
    0.346251869201660156E+02   -0.215312717697464177E+05   -0.516515351937698330E+01    1
    0.238026809692382812E+02   -0.208457922870046059E+05   -0.517515351937698220E+01    1
    0.238171637058258057E+02   -0.207334963829771586E+05   -0.518515351937698643E+01    1
    0.238630473613739014E+02   -0.203797281028090219E+05   -0.519515351937698533E+01    1
    0.239870405197143555E+02   -0.194389611758597021E+05   -0.520515351937697623E+01    1
    0.240443885326385498E+02   -0.190113692233792135E+05   -0.521515351937698224E+01    1
    0.240461409091949463E+02   -0.189983782520945424E+05   -0.522515351937697670E+01    1
    0.240638303756713867E+02   -0.188674888851576834E+05   -0.523515351937698092E+01    1
    0.341682088375091553E+02   -0.180763301865359354E+05   -0.524515351937698071E+01    1
    0.242639470100402832E+02   -0.174182941742420808E+05   -0.525515351937698583E+01    1
    0.242956149578094482E+02   -0.171942717035825081E+05   -0.526515351937698739E+01    1
    0.243832254409790039E+02   -0.165820639141446663E+05   -0.527515351937698007E+01    1
    0.339336192607879639E+02   -0.164200761803675414E+05   -0.528515351937697542E+01    1
    0.339050292968750000E+02   -0.162236668402128271E+05   -0.529515351937697609E+01    1
    0.244474601745605469E+02   -0.161402566379622076E+05   -0.530515351937697677E+01    1
    0.244684624671936035E+02   -0.159970973923935126E+05   -0.531515351937698188E+01    1
    0.338028466701507568E+02   -0.155313502868406867E+05   -0.532515351937698078E+01    1
    0.337236249446868896E+02   -0.150049946414936276E+05   -0.533515351937697613E+01    1
    0.336179876327514648E+02   -0.143172556896535552E+05   -0.534515351937697680E+01    1
    0.247770202159881592E+02   -0.139674039035680144E+05   -0.535515351937698103E+01    1
    0.333916926383972168E+02   -0.128983176021524396E+05   -0.536515351937698171E+01    1
    0.333669650554656982E+02   -0.127477576409641006E+05   -0.537515351937698238E+01    1
    0.250573039054870605E+02   -0.122430675700544252E+05   -0.538515351937698128E+01    1
    0.331654942035675049E+02   -0.115540140092564798E+05   -0.539515351937698018E+01    1
    0.331015753746032715E+02   -0.111875549099628370E+05   -0.540515351937698263E+01    1
    0.330680871009826660E+02   -0.109979194154381839E+05   -0.541515351937698153E+01    1
    0.330611717700958252E+02   -0.109589617569577586E+05   -0.542515351937697865E+01    1
    0.252927148342132568E+02   -0.108825984765933645E+05   -0.543515351937697933E+01    1
    0.330251836776733398E+02   -0.107573388369282548E+05   -0.544515351937698178E+01    1
    0.329845523834228516E+02   -0.105319540692213159E+05   -0.545515351937698245E+01    1
    0.253745484352111816E+02   -0.104284488910196469E+05   -0.546515351937698401E+01    1
    0.255162477493286133E+02   -0.966497345186457460E+04   -0.547515351937698025E+01    1
    0.328166806697845459E+02   -0.962607307567764292E+04   -0.548515351937698004E+01    1
    0.255843877792358398E+02   -0.930817683573317845E+04   -0.549515351937697805E+01    1
    0.255997228622436523E+02   -0.922880472674847624E+04   -0.550515351937697694E+01    1
    0.256238198280334473E+02   -0.910476966111179354E+04   -0.551515351937698295E+01    1
    0.326756799221038818E+02   -0.889669434875025581E+04   -0.552515351937698185E+01    1
    0.326390302181243896E+02   -0.871181923559786446E+04   -0.553515351937698163E+01    1
    0.325978267192840576E+02   -0.850629316278686019E+04   -0.554515351937698142E+01    1
    0.325798833370208740E+02   -0.841755785915348679E+04   -0.555515351937698032E+01    1
    0.325528466701507568E+02   -0.828473316406357480E+04   -0.556515351937698544E+01    1
    0.325214636325836182E+02   -0.813188182020612294E+04   -0.557515351937698611E+01    1
    0.325134215810810403E+02   -0.809294226074713879E+04   -0.558515351937698146E+01    1
    0.258416950702667236E+02   -0.802142420922975089E+04   -0.559515351937697680E+01    1
    0.324889290332794189E+02   -0.797492584968248138E+04   -0.560515351937697748E+01    1
    0.258817161670821783E+02   -0.782989158280397714E+04   -0.561515351937697904E+01    1
    0.324517297744750977E+02   -0.779734245826366532E+04   -0.562515351937698060E+01    1
    0.324516165256500244E+02   -0.779680488249008431E+04   -0.563515351937698039E+01    1
    0.324424725187032621E+02   -0.775346082924017173E+04   -0.564515351937698284E+01    1
    0.324205565452575684E+02   -0.765006795172380225E+04   -0.565515351937698085E+01    1
    0.323930168151855469E+02   -0.752112899676784764E+04   -0.566515351937697975E+01    1
    0.323339068889617920E+02   -0.724808522834520227E+04   -0.567515351937697954E+01    1
    0.260284481410588420E+02   -0.714748244569912913E+04   -0.568515351937697666E+01    1
    0.322942511306981572E+02   -0.706773798298037400E+04   -0.569515351937697734E+01    1
    0.322628307342529297E+02   -0.692645891508214027E+04   -0.570515351937697890E+01    1
    0.261130082607269287E+02   -0.676836288521739425E+04   -0.571515351937697780E+01    1
    0.322135806083679199E+02   -0.670788360064285735E+04   -0.572515351937697403E+01    1
    0.321898606513513812E+02   -0.660386473258846763E+04   -0.573515351937697382E+01    1
    0.321057009696960449E+02   -0.624136685005600611E+04   -0.574515351937697805E+01    1
    0.262501335144042969E+02   -0.617555754183133740E+04   -0.575515351937698227E+01    1
    0.320505392551422119E+02   -0.600932931504639419E+04   -0.576515351937698384E+01    1
    0.263018727078903503E+02   -0.595895172132324205E+04   -0.577515351937697918E+01    1
    0.320304291804683743E+02   -0.592583119378014726E+04   -0.578515351937698075E+01    1
    0.263277826801426116E+02   -0.585193491653408637E+04   -0.579515351937698409E+01    1
    0.319546926021575928E+02   -0.561661909576474500E+04   -0.580515351937698565E+01    1
    0.263910111022264182E+02   -0.559485690483239978E+04   -0.581515351937698366E+01    1
    0.263929736614227295E+02   -0.558696994676554459E+04   -0.582515351937698256E+01    1
    0.319463086128234863E+02   -0.558289961761658924E+04   -0.583515351937698412E+01    1
    0.264159619808197021E+02   -0.549500138874972617E+04   -0.584515351937698391E+01    1
    0.319123299613149882E+02   -0.544728233069029193E+04   -0.585515351937697837E+01    1
    0.264355993270874023E+02   -0.541704436708337198E+04   -0.586515351937697371E+01    1
    0.264814174175262451E+02   -0.523732323148687283E+04   -0.587515351937697705E+01    1
    0.264948642253875732E+02   -0.518515461349151064E+04   -0.588515351937697684E+01    1
    0.265121030807495117E+02   -0.511865685952409240E+04   -0.589515351937697751E+01    1
    0.265653160883217723E+02   -0.491610267839200787E+04   -0.590515351937697286E+01    1
    0.266121048489509171E+02   -0.474138640535023387E+04   -0.591515351937697531E+01    1
    0.317114193013524606E+02   -0.467953006550987539E+04   -0.592515351937697687E+01    1
    0.316763987119324781E+02   -0.455167971281330028E+04   -0.593515351937697400E+01    1
    0.267463231313089977E+02   -0.425776658263096488E+04   -0.594515351937698000E+01    1
    0.315748439931045866E+02   -0.419096356244025901E+04   -0.595515351937698156E+01    1
    0.267677938938140869E+02   -0.418282012867136109E+04   -0.596515351937697336E+01    1
    0.267718827724456787E+02   -0.416862296178793258E+04   -0.597515351937696959E+01    1
    0.315518189078115086E+02   -0.411125453809469855E+04   -0.598515351937697559E+01    1
    0.267899751663208008E+02   -0.410609385967714752E+04   -0.599515351937697627E+01    1
    0.315445172786712646E+02   -0.408613766648504588E+04   -0.600515351937697517E+01    1
    0.315351603873533897E+02   -0.405406363666425614E+04   -0.601515351937697851E+01    1
    0.314655375480651855E+02   -0.381938402325501829E+04   -0.602515351937697829E+01    1
    0.314399254322052002E+02   -0.373481673869770566E+04   -0.603515351937697453E+01    1
    0.269046008586883545E+02   -0.372093916363617063E+04   -0.604515351937697520E+01    1
    0.269173407554626465E+02   -0.367930533065324471E+04   -0.605515351937697410E+01    1
    0.269431185722351074E+02   -0.359578186456008098E+04   -0.606515351937697478E+01    1
    0.313890409469604492E+02   -0.356961928033626373E+04   -0.607515351937697723E+01    1
    0.313758122920989990E+02   -0.352728562543549469E+04   -0.608515351937697790E+01    1
    0.313662732630765362E+02   -0.349691640055651260E+04   -0.609515351937697769E+01    1
    0.270288252830505371E+02   -0.332499183860020821E+04   -0.610515351937697481E+01    1
    0.312761975987374505E+02   -0.321663402178394381E+04   -0.611515351937697282E+01    1
    0.270852015085792814E+02   -0.315266483084971787E+04   -0.612515351937697528E+01    1
    0.271297883987426758E+02   -0.301963055398469169E+04   -0.613515351937697417E+01    1
    0.311727798523958946E+02   -0.290930908210407370E+04   -0.614515351937697485E+01    1
    0.271786465384274294E+02   -0.287715423810392849E+04   -0.615515351937697819E+01    1
    0.311420280005496579E+02   -0.282090845710182975E+04   -0.616515351937697620E+01    1
    0.272001969819722440E+02   -0.281540794999776972E+04   -0.617515351937697776E+01    1
    0.311279772000122961E+02   -0.278097271600894692E+04   -0.618515351937698288E+01    1
    0.272471002577221810E+02   -0.268334298178768722E+04   -0.619515351937698000E+01    1
    0.272519477441319893E+02   -0.266987541502298700E+04   -0.620515351937697535E+01    1
    0.272829782962799072E+02   -0.258446976970448077E+04   -0.621515351937697247E+01    1
    0.273150332848157262E+02   -0.249770716002936342E+04   -0.622515351937697314E+01    1
    0.273376458347096687E+02   -0.243739630007786855E+04   -0.623515351937697559E+01    1
    0.309684741497039795E+02   -0.234764865342646772E+04   -0.624515351937698071E+01    1
    0.274005448818206787E+02   -0.227352584639676388E+04   -0.625515351937697694E+01    1
    0.274166764000419860E+02   -0.223242059737579984E+04   -0.626515351937697407E+01    1
    0.274359420006159880E+02   -0.218382252201281472E+04   -0.627515351937697385E+01    1
    0.274373582905431199E+02   -0.218027107240732312E+04   -0.628515351937697986E+01    1
    0.274450820265706561E+02   -0.216095430404349145E+04   -0.629515351937697432E+01    1
    0.308619248867034912E+02   -0.207868786502982175E+04   -0.630515351937697766E+01    1
    0.274883859397745738E+02   -0.205425108019101390E+04   -0.631515351937697567E+01    1
    0.274946825442726421E+02   -0.203896178823437094E+04   -0.632515351937697190E+01    1
    0.275141060350423530E+02   -0.199215937436142053E+04   -0.633515351937697790E+01    1
    0.275209073406471205E+02   -0.197590010319986050E+04   -0.634515351937697858E+01    1
    0.275234711170196533E+02   -0.196978847870975687E+04   -0.635515351937697659E+01    1
    0.308135509490966797E+02   -0.196199858265747753E+04   -0.636515351937697371E+01    1
    0.275475992542088619E+02   -0.191273674167089007E+04   -0.637515351937697350E+01    1
    0.307736003398895264E+02   -0.186818048714004817E+04   -0.638515351937697861E+01    1
    0.307713592065276593E+02   -0.186298590742708211E+04   -0.639515351937698195E+01    1
    0.307537209987640381E+02   -0.182235703783761301E+04   -0.640515351937697730E+01    1
    0.276289040547544360E+02   -0.172668900585366328E+04   -0.641515351937697620E+01    1
    0.307046081902119141E+02   -0.171159886582401737E+04   -0.642515351937697776E+01    1
    0.276427763573882004E+02   -0.169590031506979153E+04   -0.643515351937697222E+01    1
    0.276965272426605225E+02   -0.157923259890673535E+04   -0.644515351937697556E+01    1
    0.277096958705828058E+02   -0.155128711699238215E+04   -0.645515351937697535E+01    1
    0.277176523486458990E+02   -0.153452403972316279E+04   -0.646515351937697513E+01    1
    0.306100022792816162E+02   -0.150807964399184380E+04   -0.647515351937697048E+01    1
    0.277424669265747070E+02   -0.148283169802356338E+04   -0.648515351937697559E+01    1
    0.305754832862481187E+02   -0.143704509856839240E+04   -0.649515351937697538E+01    1
    0.305636467770942382E+02   -0.141308431203322698E+04   -0.650515351937697694E+01    1
    0.305492620627016898E+02   -0.138423796958512912E+04   -0.651515351937697318E+01    1
    0.277951461156241457E+02   -0.137604596593269844E+04   -0.652515351937697652E+01    1
    0.278302185341927952E+02   -0.130717681285618733E+04   -0.653515351937697631E+01    1
    0.305032694339752197E+02   -0.129401525067245348E+04   -0.654515351937697609E+01    1
    0.278409623677775713E+02   -0.128643595343257607E+04   -0.655515351937696966E+01    1
    0.278423774242401123E+02   -0.128371664581948835E+04   -0.656515351937697567E+01    1
    0.304956734180450439E+02   -0.127940872910303597E+04   -0.657515351937698256E+01    1
    0.278512191048241071E+02   -0.126679121917679549E+04   -0.658515351937698501E+01    1
    0.278583049774169922E+02   -0.125330852421181316E+04   -0.659515351937696881E+01    1
    0.278665516866051952E+02   -0.123770849170797283E+04   -0.660515351937696948E+01    1
    0.278682309501653975E+02   -0.123454393894711120E+04   -0.661515351937697371E+01    1
    0.279069651057012607E+02   -0.116268206231147406E+04   -0.662515351937697705E+01    1
    0.304271841049194336E+02   -0.115147832483258571E+04   -0.663515351937697861E+01    1
    0.304204654693603516E+02   -0.113929412673339107E+04   -0.664515351937698107E+01    1
    0.279301377475740189E+02   -0.112072838045501635E+04   -0.665515351937697286E+01    1
    0.279326760768890381E+02   -0.111617998022243137E+04   -0.666515351937697353E+01    1
    0.279475247078328266E+02   -0.108975963438731969E+04   -0.667515351937697510E+01    1
    0.279494369389766923E+02   -0.108638036000112083E+04   -0.668515351937697488E+01    1
    0.279587359778752926E+02   -0.107002260188491618E+04   -0.669515351937697734E+01    1
    0.303683999282773556E+02   -0.104708729667353055E+04   -0.670515351937697446E+01    1
    0.279766104098227686E+02   -0.103893133651319886E+04   -0.671515351937697247E+01    1
    0.279832330508771960E+02   -0.102752907727642969E+04   -0.672515351937697314E+01    1
    0.303554519808833767E+02   -0.102476563303311377E+04   -0.673515351937697382E+01    1
    0.280011910119232148E+02   -0.996929961976460618E+03   -0.674515351937697183E+01    1
    0.280024747268287157E+02   -0.994760466513492929E+03   -0.675515351937697428E+01    1
    0.303344988117839236E+02   -0.989157101016125921E+03   -0.676515351937697584E+01    1
    0.303318073585200771E+02   -0.984629181030014365E+03   -0.677515351937697829E+01    1
    0.303128489659363893E+02   -0.953031719517799957E+03   -0.678515351937697098E+01    1
    0.280384546313439103E+02   -0.934923661348564565E+03   -0.679515351937697432E+01    1
    0.303013207332585743E+02   -0.934072111037092100E+03   -0.680515351937697410E+01    1
    0.280626879342794169E+02   -0.895677550332888018E+03   -0.681515351937697567E+01    1
    0.280641608824784257E+02   -0.893319479757421277E+03   -0.682515351937697723E+01    1
    0.280836098475396270E+02   -0.862477569794412261E+03   -0.683515351937697613E+01    1
    0.280973770942957444E+02   -0.840976401257975112E+03   -0.684515351937697059E+01    1
    0.280979756887423484E+02   -0.840047758571416807E+03   -0.685515351937697126E+01    1
    0.302353335359850028E+02   -0.829247523684843713E+03   -0.686515351937697371E+01    1
    0.302261533904938737E+02   -0.815163406738008234E+03   -0.687515351937697083E+01    1
    0.281233978271484375E+02   -0.801087008693839266E+03   -0.688515351937697062E+01    1
    0.302121257781982422E+02   -0.793877799112411935E+03   -0.689515351937697307E+01    1
    0.281634258115449754E+02   -0.741636888028246631E+03   -0.690515351937697019E+01    1
    0.301484274864196777E+02   -0.700802430661831863E+03   -0.691515351937697176E+01    1
    0.281997239589691162E+02   -0.689730189720004660E+03   -0.692515351937697421E+01    1
    0.301364568881361379E+02   -0.683966239593785758E+03   -0.693515351937697400E+01    1
    0.282055711746215820E+02   -0.681546852883587803E+03   -0.694515351937697556E+01    1
    0.282192150624021032E+02   -0.662644204313950695E+03   -0.695515351937697623E+01    1
    0.301173410236656416E+02   -0.657510302550513074E+03   -0.696515351937697869E+01    1
    0.301149651386366060E+02   -0.654259061335130582E+03   -0.697515351937697670E+01    1
    0.282418018895254370E+02   -0.631943619398129272E+03   -0.698515351937697471E+01    1
    0.300899526230505536E+02   -0.620526569184841037E+03   -0.699515351937697627E+01    1
    0.282561549381881107E+02   -0.612818071204548914E+03   -0.700515351937697339E+01    1
    0.282950358160399809E+02   -0.562506011493241090E+03   -0.701515351937697229E+01    1
    0.283016153091539024E+02   -0.554208447349719336E+03   -0.702515351937697385E+01    1
    0.283226123616156968E+02   -0.528147328768518037E+03   -0.703515351937696920E+01    1
    0.300138318538665771E+02   -0.523436210383142679E+03   -0.704515351937696899E+01    1
    0.283319592524398196E+02   -0.516751290982877094E+03   -0.705515351937697233E+01    1
    0.299993775567074294E+02   -0.505946977620038297E+03   -0.706515351937697300E+01    1
    0.283604598045349121E+02   -0.482782648644656888E+03   -0.707515351937697190E+01    1
    0.283639188234564870E+02   -0.478739942030872157E+03   -0.708515351937697524E+01    1
    0.283640230464217282E+02   -0.478618400697439824E+03   -0.709515351937697947E+01    1
    0.283661499785506308E+02   -0.476141475930237107E+03   -0.710515351937697481E+01    1
    0.283672762766938469E+02   -0.474832492410811028E+03   -0.711515351937697194E+01    1
    0.299701631069183350E+02   -0.471521154166134806E+03   -0.712515351937697261E+01    1
    0.283764834687604370E+02   -0.464200708913185622E+03   -0.713515351937696796E+01    1
    0.299609665521907758E+02   -0.460939580695997734E+03   -0.714515351937696508E+01    1
    0.299575128092304297E+02   -0.456997297720019390E+03   -0.715515351937696753E+01    1
    0.299522602558135986E+02   -0.451034833670882279E+03   -0.716515351937696821E+01    1
    0.283944243708328052E+02   -0.443836160578998829E+03   -0.717515351937696444E+01    1
    0.299366067590002594E+02   -0.433502375209371735E+03   -0.718515351937696511E+01    1
    0.284095517852036252E+02   -0.427026982579836840E+03   -0.719515351937696845E+01    1
    0.284100888945951731E+02   -0.426436246272876190E+03   -0.720515351937697446E+01    1
    0.284175739488991184E+02   -0.418247287164836621E+03   -0.721515351937697869E+01    1
    0.299222788973256151E+02   -0.417765368040995497E+03   -0.722515351937697670E+01    1
    0.284262713800818148E+02   -0.408833734934524955E+03   -0.723515351937696849E+01    1
    0.284298109554284508E+02   -0.405034048866280727E+03   -0.724515351937696384E+01    1
    0.284328363936868982E+02   -0.401800647593071005E+03   -0.725515351937697073E+01    1
    0.299073983786041460E+02   -0.401735708904277772E+03   -0.726515351937697051E+01    1
    0.298988903478646719E+02   -0.392714573644205188E+03   -0.727515351937696853E+01    1
    0.298961053656909357E+02   -0.389784381481590344E+03   -0.728515351937696742E+01    1
    0.298852311063151106E+02   -0.378450564474626390E+03   -0.729515351937696988E+01    1
    0.298784421130584050E+02   -0.371461392612914665E+03   -0.730515351937697766E+01    1
    0.284682778907998824E+02   -0.364909019829138117E+03   -0.731515351937697655E+01    1
    0.298704372662828774E+02   -0.363306168212665398E+03   -0.732515351937697723E+01    1
    0.284748020429252833E+02   -0.358315948519273547E+03   -0.733515351937697524E+01    1
    0.284854686260223389E+02   -0.347669310192644559E+03   -0.734515351937696614E+01    1
    0.298508112353401991E+02   -0.343703664031372341E+03   -0.735515351937696948E+01    1
    0.298185477874622613E+02   -0.312689741965504993E+03   -0.736515351937697105E+01    1
    0.298081752483487747E+02   -0.303038780478363947E+03   -0.737515351937696906E+01    1
    0.285375717907550097E+02   -0.298029025013918215E+03   -0.738515351937697240E+01    1
    0.297800089986617920E+02   -0.277617052606855566E+03   -0.739515351937697218E+01    1
    0.285664526218476205E+02   -0.272205014833900009E+03   -0.740515351937697464E+01    1
    0.285801510894819444E+02   -0.260378290298727848E+03   -0.741515351937697265E+01    1
    0.297504400809640188E+02   -0.252164074433729866E+03   -0.742515351937696799E+01    1
    0.286003828048706055E+02   -0.243407513449349835E+03   -0.743515351937697044E+01    1
    0.297381544113159180E+02   -0.241960461296136998E+03   -0.744515351937697023E+01    1
    0.297381297671805598E+02   -0.241940213033970906E+03   -0.745515351937696646E+01    1
    0.286037298266495128E+02   -0.240657042482449185E+03   -0.746515351937696536E+01    1
    0.297265262529367220E+02   -0.232504053093873523E+03   -0.747515351937696515E+01    1
    0.297263782559140921E+02   -0.232384957494098245E+03   -0.748515351937696671E+01    1
    0.297259465599424360E+02   -0.232037745756777440E+03   -0.749515351937696561E+01    1
    0.297245472823272507E+02   -0.230914164136547186E+03   -0.750515351937696362E+01    1
    0.286210673593517910E+02   -0.226669014168823992E+03   -0.751515351937696874E+01    1
    0.297133180977656295E+02   -0.222000001265439721E+03   -0.752515351937696853E+01    1
    0.297124815008705525E+02   -0.221343178979757170E+03   -0.753515351937696742E+01    1
    0.286319563800721610E+02   -0.218105988902872440E+03   -0.754515351937696721E+01    1
    0.296968005422907773E+02   -0.209219204638083795E+03   -0.755515351937696877E+01    1
    0.296855622615234402E+02   -0.200748962833231076E+03   -0.756515351937697211E+01    1
    0.286566066741943359E+02   -0.199354849064127421E+03   -0.757515351937696835E+01    1
    0.296787511597234044E+02   -0.195704381964553932E+03   -0.758515351937696991E+01    1
    0.296735134509223641E+02   -0.191870764588729202E+03   -0.759515351937697325E+01    1
    0.286716647760350583E+02   -0.188332824846821950E+03   -0.760515351937697126E+01    1
    0.296654045581817627E+02   -0.186013928567228078E+03   -0.761515351937696572E+01    1
    0.286902346398423944E+02   -0.175191966781677394E+03   -0.762515351937696639E+01    1
    0.296473571049916202E+02   -0.173320159902028678E+03   -0.763515351937696973E+01    1
    0.296406913399307967E+02   -0.168750905914167333E+03   -0.764515351937696952E+01    1
    0.287009251117706299E+02   -0.167853159034490659E+03   -0.765515351937697019E+01    1
    0.296347916126251221E+02   -0.164760374233724406E+03   -0.766515351937697087E+01    1
    0.287062693054780169E+02   -0.164246449331286328E+03   -0.767515351937697066E+01    1
    0.296329331038384822E+02   -0.163513721353828032E+03   -0.768515351937697044E+01    1
    0.287092973209626265E+02   -0.162221226503015743E+03   -0.769515351937697201E+01    1
    0.296172121979483727E+02   -0.153168318093433669E+03   -0.770515351937697446E+01    1
    0.287252687582901132E+02   -0.151758550360202236E+03   -0.771515351937697069E+01    1
    0.287313678441142741E+02   -0.147860479701614224E+03   -0.772515351937696959E+01    1
    0.296085756946824645E+02   -0.147637072714401540E+03   -0.773515351937697382E+01    1
    0.287371300763236022E+02   -0.144227133984588420E+03   -0.774515351937697538E+01    1
    0.287400235367572101E+02   -0.142420791691843135E+03   -0.775515351937697517E+01    1
    0.287468965639597371E+02   -0.138178617549910115E+03   -0.776515351937697407E+01    1
    0.287508962021980494E+02   -0.135741410968723727E+03   -0.777515351937697297E+01    1
    0.295876461929260870E+02   -0.134680341432675874E+03   -0.778515351937696565E+01    1
    0.287577746227023283E+02   -0.131604116792414629E+03   -0.779515351937696011E+01    1
    0.287592869993958651E+02   -0.130703617193088803E+03   -0.780515351937696522E+01    1
    0.287605514196359451E+02   -0.129953295296620695E+03   -0.781515351937697123E+01    1
    0.295658797575590029E+02   -0.121877655681273893E+03   -0.782515351937697279E+01    1
    0.287762756218696012E+02   -0.120815576922451967E+03   -0.783515351937697524E+01    1
    0.295624494885333569E+02   -0.119922536948419435E+03   -0.784515351937695993E+01    1
    0.295469904915113055E+02   -0.111322716611620052E+03   -0.785515351937696593E+01    1
    0.287952144632783202E+02   -0.110284563642509184E+03   -0.786515351937697016E+01    1
    0.295418393611907959E+02   -0.108533935627680876E+03   -0.787515351937697172E+01    1
    0.295380972443443710E+02   -0.106532053433704505E+03   -0.788515351937697417E+01    1
    0.295357026624720049E+02   -0.105261676643506931E+03   -0.789515351937696952E+01    1
    0.288050459796612373E+02   -0.105022293682674345E+03   -0.790515351937697019E+01    1
    0.288073691557622986E+02   -0.103799248616415426E+03   -0.791515351937696643E+01    1
    0.295328838952803139E+02   -0.103776889092487778E+03   -0.792515351937696444E+01    1
    0.295313675297317033E+02   -0.102982897018454366E+03   -0.793515351937696778E+01    1
    0.295279186461327683E+02   -0.101189394767113811E+03   -0.794515351937696490E+01    1
    0.288130281917495559E+02   -0.100852698443396775E+03   -0.795515351937696735E+01    1
    0.288179463904703113E+02   -0.983295130198228549E+02   -0.796515351937696447E+01    1
    0.295054769307358242E+02   -0.899394050732126118E+02   -0.797515351937695893E+01    1
    0.288359844792230504E+02   -0.893749222032477633E+02   -0.798515351937696582E+01    1
    0.288367923560801955E+02   -0.889848824128600029E+02   -0.799515351937696650E+01    1
    0.295027065277099609E+02   -0.886011259912549178E+02   -0.800515351937696096E+01    1
    0.288386163636250075E+02   -0.881077308078680517E+02   -0.801515351937696785E+01    1
    0.294966672290893683E+02   -0.857222456725687323E+02   -0.802515351937697652E+01    1
    0.294942353397117358E+02   -0.845778855544510009E+02   -0.803515351937696920E+01    1
    0.294877660738891265E+02   -0.815753292694793544E+02   -0.804515351937696543E+01    1
    0.294857613965234790E+02   -0.806571923785968181E+02   -0.805515351937697233E+01    1
    0.294772005378212469E+02   -0.768017616904337928E+02   -0.806515351937697034E+01    1
    0.294755266452093245E+02   -0.760603057374103741E+02   -0.807515351937696657E+01    1
    0.294734760769581321E+02   -0.751575239342550958E+02   -0.808515351937696636E+01    1
    0.294730625182003365E+02   -0.749761878889722340E+02   -0.809515351937696259E+01    1
    0.288682774961711033E+02   -0.745193642961801572E+02   -0.810515351937696593E+01    1
    0.288734926381262689E+02   -0.722617536700284546E+02   -0.811515351937696572E+01    1
    0.288758861875193986E+02   -0.712387693288555965E+02   -0.812515351937696728E+01    1
    0.294590979301843667E+02   -0.689982574338076233E+02   -0.813515351937696707E+01    1
    0.294556798738814756E+02   -0.675780362898285745E+02   -0.814515351937696508E+01    1
    0.288860106468200684E+02   -0.670033201899664732E+02   -0.815515351937696664E+01    1
    0.288895343188030544E+02   -0.655640163752952532E+02   -0.816515351937696643E+01    1
    0.288918336430928520E+02   -0.646345020471495388E+02   -0.817515351937696622E+01    1
    0.294469693190195301E+02   -0.640351641798782367E+02   -0.818515351937696600E+01    1
    0.289027820406858496E+02   -0.603134568629276728E+02   -0.819515351937696224E+01    1
    0.294369416487972231E+02   -0.600924803853178275E+02   -0.820515351937696558E+01    1
    0.294325912706889063E+02   -0.584272372813095586E+02   -0.821515351937696714E+01    1
    0.294319859462491564E+02   -0.581977001147483648E+02   -0.822515351937696693E+01    1
    0.294297850131988525E+02   -0.573675802601370250E+02   -0.823515351937696671E+01    1
    0.289160157621797680E+02   -0.553219146478807033E+02   -0.824515351937696295E+01    1
    0.294237091193653626E+02   -0.551123247173045883E+02   -0.825515351937696096E+01    1
    0.289188425813372731E+02   -0.542885215457737544E+02   -0.826515351937696252E+01    1
    0.294185169727440794E+02   -0.532274143509056188E+02   -0.827515351937696408E+01    1
    0.294149840189456491E+02   -0.519671375324421163E+02   -0.828515351937696565E+01    1
    0.289262975160212079E+02   -0.516186784762131694E+02   -0.829515351937696543E+01    1
    0.289266483145704925E+02   -0.514950271334727674E+02   -0.830515351937696344E+01    1
    0.289289128780364990E+02   -0.507010854059343856E+02   -0.831515351937696146E+01    1
    0.294055293336982686E+02   -0.486832712902361990E+02   -0.832515351937696302E+01    1
    0.289358167054714528E+02   -0.483264276593678730E+02   -0.833515351937696813E+01    1
    0.289409713699666753E+02   -0.465983729886859379E+02   -0.834515351937696437E+01    1
    0.293973880635887070E+02   -0.459592002697367406E+02   -0.835515351937696593E+01    1
    0.293933811491366939E+02   -0.446536920941045423E+02   -0.836515351937696927E+01    1
    0.289474567697103353E+02   -0.444788013205265429E+02   -0.837515351937696906E+01    1
    0.289482742229158738E+02   -0.442159573165043795E+02   -0.838515351937696174E+01    1
    0.293912949094661649E+02   -0.439831603846141661E+02   -0.839515351937695975E+01    1
    0.293869653912591602E+02   -0.426117139613668456E+02   -0.840515351937696487E+01    1
    0.289544818184584472E+02   -0.422515071042206003E+02   -0.841515351937696821E+01    1
    0.293831864786894315E+02   -0.414368427122394323E+02   -0.842515351937696266E+01    1
    0.289589373061730164E+02   -0.408758893781664483E+02   -0.843515351937695534E+01    1
    0.293777644695235551E+02   -0.397872116442572974E+02   -0.844515351937695691E+01    1
    0.289685220991899257E+02   -0.380139475763595840E+02   -0.845515351937696202E+01    1
    0.289692005784368298E+02   -0.378163955798541735E+02   -0.846515351937696536E+01    1
    0.289715652859011996E+02   -0.371330713423753949E+02   -0.847515351937696160E+01    1
    0.293679762533840929E+02   -0.369168554472770509E+02   -0.848515351937696316E+01    1
    0.289732043897772584E+02   -0.366641697287195001E+02   -0.849515351937696295E+01    1
    0.289737123803949146E+02   -0.365196367439268244E+02   -0.850515351937696629E+01    1
    0.293665647506713867E+02   -0.365143715431971501E+02   -0.851515351937696785E+01    1
    0.293663522845205449E+02   -0.364540372934551868E+02   -0.852515351937696408E+01    1
    0.289739919609649945E+02   -0.364402500149224622E+02   -0.853515351937696032E+01    1
    0.293621166196330208E+02   -0.352648577857762646E+02   -0.854515351937695655E+01    1
    0.289790472714161211E+02   -0.350243039983741369E+02   -0.855515351937696344E+01    1
    0.293585933546495994E+02   -0.342954591940675613E+02   -0.856515351937696323E+01    1
    0.289829705086528904E+02   -0.339509184421788959E+02   -0.857515351937696124E+01    1
    0.293543090669271720E+02   -0.331408644196903595E+02   -0.858515351937696103E+01    1
    0.289863770817200503E+02   -0.330369503083164631E+02   -0.859515351937696259E+01    1
    0.293534110422270338E+02   -0.329022171003357542E+02   -0.860515351937696771E+01    1
    0.293515555725918915E+02   -0.324128269185273794E+02   -0.861515351937696039E+01    1
    0.293509750672762522E+02   -0.322607382653889303E+02   -0.862515351937695662E+01    1
    0.289904153381655512E+02   -0.319752488560753889E+02   -0.863515351937696352E+01    1
    0.289906145112772577E+02   -0.319234945096789637E+02   -0.864515351937696508E+01    1
    0.289941448910243480E+02   -0.310156623780620855E+02   -0.865515351937695954E+01    1
    0.289970212046418325E+02   -0.302893505879015059E+02   -0.866515351937696288E+01    1
    0.289989485233090676E+02   -0.298093702028294771E+02   -0.867515351937696266E+01    1
    0.290025536766709067E+02   -0.289259669528209571E+02   -0.868515351937696423E+01    1
    0.290038721191013700E+02   -0.286075921991283089E+02   -0.869515351937696934E+01    1
    0.293308815388986659E+02   -0.272968198047776518E+02   -0.870515351937696735E+01    1
    0.290097510233636520E+02   -0.272185699009046900E+02   -0.871515351937696181E+01    1
    0.290100983557717065E+02   -0.271380689939793029E+02   -0.872515351937695982E+01    1
    0.293288498752747131E+02   -0.268274279426980868E+02   -0.873515351937696316E+01    1
    0.293285544168183883E+02   -0.267596630562381606E+02   -0.874515351937695762E+01    1
    0.293242810388998194E+02   -0.257936636669664097E+02   -0.875515351937695741E+01    1
    0.293215025782571743E+02   -0.251797623431847981E+02   -0.876515351937696252E+01    1
    0.290188066514108840E+02   -0.251767918512946487E+02   -0.877515351937696231E+01    1
    0.290200064161012179E+02   -0.249151793169723135E+02   -0.878515351937696209E+01    1
    0.290203110738134953E+02   -0.248490792257817965E+02   -0.879515351937696188E+01    1
    0.293193050783895330E+02   -0.247021331122010750E+02   -0.880515351937695812E+01    1
    0.293158581137497514E+02   -0.239670033437674128E+02   -0.881515351937695790E+01    1
    0.293139774544112583E+02   -0.235731642773567529E+02   -0.882515351937695769E+01    1
    0.293100500106811523E+02   -0.227671954986870233E+02   -0.883515351937695925E+01    1
    0.290321004643113341E+02   -0.223943177679083760E+02   -0.884515351937695904E+01    1
    0.290346777742701931E+02   -0.218844566708175563E+02   -0.885515351937696238E+01    1
    0.293041475716261530E+02   -0.215978931614469829E+02   -0.886515351937696394E+01    1
    0.293039431160068702E+02   -0.215582925596261852E+02   -0.887515351937696018E+01    1
    0.293039385433398181E+02   -0.215574075801624261E+02   -0.888515351937696174E+01    1
    0.292971208465959378E+02   -0.202715730330031718E+02   -0.889515351937696330E+01    1
    0.290455978727840289E+02   -0.198307729396609886E+02   -0.890515351937696309E+01    1
    0.292882443536695973E+02   -0.186982026415348770E+02   -0.891515351937696288E+01    1
    0.290523060651814262E+02   -0.186547290624475792E+02   -0.892515351937696089E+01    1
    0.292879085436519411E+02   -0.186409173562318742E+02   -0.893515351937696423E+01    1
    0.290525576834506154E+02   -0.186118833143393303E+02   -0.894515351937696579E+01    1
    0.292852197830234431E+02   -0.181881279284014603E+02   -0.895515351937696202E+01    1
    0.292799426257177799E+02   -0.173298548180774645E+02   -0.896515351937696181E+01    1
    0.290608322311861862E+02   -0.172539138965014800E+02   -0.897515351937695982E+01    1
    0.292790432234618336E+02   -0.171875945907844994E+02   -0.898515351937695428E+01    1
    0.292786600854669103E+02   -0.171273483064601244E+02   -0.899515351937695407E+01    1
    0.292765543540027871E+02   -0.168000245117581457E+02   -0.900515351937695741E+01    1
    0.290648882806343778E+02   -0.166244325089880078E+02   -0.901515351937696252E+01    1
    0.290658861579414172E+02   -0.164732138456192239E+02   -0.902515351937696408E+01    1
    0.292723176630134958E+02   -0.161608902602861946E+02   -0.903515351937696032E+01    1
    0.292714943230791391E+02   -0.160396969467248063E+02   -0.904515351937695833E+01    1
    0.292714084578128677E+02   -0.160271142870207832E+02   -0.905515351937695989E+01    1
    0.292698148703820635E+02   -0.157955263868246405E+02   -0.906515351937695790E+01    1
    0.290706129785732443E+02   -0.157764812557816168E+02   -0.907515351937695591E+01    1
    0.290708294113079404E+02   -0.157453529190473027E+02   -0.908515351937695925E+01    1
    0.290710552850357331E+02   -0.157129389944495035E+02   -0.909515351937696437E+01    1
    0.292685639761713006E+02   -0.156163138359452880E+02   -0.910515351937696060E+01    1
    0.292684272716485694E+02   -0.155968657114371130E+02   -0.911515351937695506E+01    1
    0.290736269094378983E+02   -0.153491022835364017E+02   -0.912515351937696195E+01    1
    0.290742231143376060E+02   -0.152661164729769681E+02   -0.913515351937696529E+01    1
    0.292659844522797314E+02   -0.152538981413956840E+02   -0.914515351937696153E+01    1
    0.290746729277467253E+02   -0.152038472142162142E+02   -0.915515351937696131E+01    1
    0.292641892350965094E+02   -0.150073555635143165E+02   -0.916515351937695577E+01    1
    0.292623048383469708E+02   -0.147535807323783263E+02   -0.917515351937695733E+01    1
    0.292617477322046078E+02   -0.146795380997015474E+02   -0.918515351937696067E+01    1
    0.292601575453298359E+02   -0.144706627292563805E+02   -0.919515351937696046E+01    1
    0.290805176288552900E+02   -0.144213533674028724E+02   -0.920515351937696202E+01    1
    0.292594464839568431E+02   -0.143784463910916216E+02   -0.921515351937696536E+01    1
    0.290808590591205061E+02   -0.143771700173520127E+02   -0.922515351937696337E+01    1
    0.292591287327846956E+02   -0.143374742243321123E+02   -0.923515351937695961E+01    1
    0.292583950503980930E+02   -0.142434280884311999E+02   -0.924515351937695584E+01    1
    0.290826115478380807E+02   -0.141530403948070713E+02   -0.925515351937695918E+01    1
    0.290831501653313182E+02   -0.140850479595902769E+02   -0.926515351937696607E+01    1
    0.290834075034831017E+02   -0.140527109984049954E+02   -0.927515351937695876E+01    1
    0.290837120215248888E+02   -0.140145691879886076E+02   -0.928515351937695499E+01    1
    0.292560793631079257E+02   -0.139517019690878570E+02   -0.929515351937696188E+01    1
    0.290860897808939498E+02   -0.137213604754768337E+02   -0.930515351937696522E+01    1
    0.292533930295035596E+02   -0.136230011378213334E+02   -0.931515351937695790E+01    1
    0.290881816138371718E+02   -0.134701725278696642E+02   -0.932515351937696657E+01    1
    0.292502416508225593E+02   -0.132507030860601489E+02   -0.933515351937696458E+01    1
    0.292490853158036828E+02   -0.131176985264084198E+02   -0.934515351937696082E+01    1
    0.290915446130505266E+02   -0.130796106302070267E+02   -0.935515351937695883E+01    1
    0.290917932466955165E+02   -0.130513850399449822E+02   -0.936515351937696394E+01    1
    0.292484813625313080E+02   -0.130489992343269758E+02   -0.937515351937696728E+01    1
    0.292483554054068335E+02   -0.130347381888468874E+02   -0.938515351937696352E+01    1
    0.290925086407511166E+02   -0.129706703057613826E+02   -0.939515351937695797E+01    1
    0.290948363536477466E+02   -0.127131680625911585E+02   -0.940515351937695776E+01    1
    0.292452590837612263E+02   -0.126913844451218694E+02   -0.941515351937695755E+01    1
    0.292445866581113023E+02   -0.126186515038384055E+02   -0.942515351937696089E+01    1
    0.292436222428345687E+02   -0.125154772448943845E+02   -0.943515351937695712E+01    1
    0.290976459328399031E+02   -0.124127989721146701E+02   -0.944515351937694980E+01    1
    0.290997100312941370E+02   -0.121994043377630170E+02   -0.945515351937695137E+01    1
    0.291005067875002119E+02   -0.121186811640381791E+02   -0.946515351937695826E+01    1
    0.292390814449196732E+02   -0.120477777832526058E+02   -0.947515351937695982E+01    1
    0.291012859752636501E+02   -0.120406260765468112E+02   -0.948515351937695605E+01    1
    0.292385186438338955E+02   -0.119918870643397053E+02   -0.949515351937695584E+01    1
    0.292379631862174776E+02   -0.119371748671179176E+02   -0.950515351937695741E+01    1
    0.292376751069697214E+02   -0.119089750157277230E+02   -0.951515351937695897E+01    1
    0.292375178696431135E+02   -0.118936338208937293E+02   -0.952515351937695876E+01    1
    0.292373964180499861E+02   -0.118818086180654241E+02   -0.953515351937695854E+01    1
    0.292373775508200850E+02   -0.118799735143943597E+02   -0.954515351937695833E+01    1
    0.291030614854768253E+02   -0.118660451205533821E+02   -0.955515351937695989E+01    1
    0.291031534603199020E+02   -0.118571257213215748E+02   -0.956515351937696323E+01    1
    0.292369257238788265E+02   -0.118361808041478334E+02   -0.957515351937696302E+01    1
    0.291044684209526352E+02   -0.117309435248482821E+02   -0.958515351937695215E+01    1
    0.292352754430726769E+02   -0.116787386586275606E+02   -0.959515351937695371E+01    1
    0.292346059151112101E+02   -0.116159868835281035E+02   -0.960515351937695527E+01    1
    0.292334915712202239E+02   -0.115129823072503470E+02   -0.961515351937695861E+01    1
    0.292326510029577733E+02   -0.114364727335120069E+02   -0.962515351937695662E+01    1
    0.292323261340148619E+02   -0.114071765965893945E+02   -0.963515351937695286E+01    1
    0.292321467399597168E+02   -0.113910645695493198E+02   -0.964515351937695797E+01    1
    0.292312526393249072E+02   -0.113114563702218884E+02   -0.965515351937696309E+01    1
    0.292302111029638070E+02   -0.112201790474010430E+02   -0.966515351937695755E+01    1
    0.292281255412044239E+02   -0.110421232577512765E+02   -0.967515351937695556E+01    1
    0.291142402434176262E+02   -0.108716076769703331E+02   -0.968515351937696067E+01    1
    0.292252744825108195E+02   -0.108088925438632018E+02   -0.969515351937696224E+01    1
    0.292251798956947759E+02   -0.108013563909325701E+02   -0.970515351937696025E+01    1
    0.291156740062569561E+02   -0.107571424713046060E+02   -0.971515351937696003E+01    1
    0.292245351623865375E+02   -0.107503323733948886E+02   -0.972515351937696160E+01    1
    0.292242849369819062E+02   -0.107306915733815060E+02   -0.973515351937696316E+01    1
    0.291160528066987538E+02   -0.107273973368067796E+02   -0.974515351937696295E+01    1
    0.291167157968250265E+02   -0.106758358950827166E+02   -0.975515351937696273E+01    1
    0.292219206749272402E+02   -0.105495856707445999E+02   -0.976515351937695542E+01    1
    0.291191721711032869E+02   -0.104903430034637886E+02   -0.977515351937695698E+01    1
    0.291200981311085130E+02   -0.104226844262703100E+02   -0.978515351937696209E+01    1
    0.292198666592742171E+02   -0.103988089173690419E+02   -0.979515351937696011E+01    1
    0.291204788434695345E+02   -0.103952261192151614E+02   -0.980515351937695812E+01    1
    0.291209680288928467E+02   -0.103602521366218649E+02   -0.981515351937695613E+01    1
    0.292184366202396681E+02   -0.102974392655497891E+02   -0.982515351937695769E+01    1
    0.292178798753717857E+02   -0.102587739173952954E+02   -0.983515351937696103E+01    1
    0.291229608735574459E+02   -0.102213525574749351E+02   -0.984515351937696082E+01    1
    0.291231161916031880E+02   -0.102107683394903965E+02   -0.985515351937696060E+01    1
    0.291234288112019470E+02   -0.101895705410942465E+02   -0.986515351937695506E+01    1
    0.292168650453238641E+02   -0.101894485624200328E+02   -0.987515351937695307E+01    1
    0.291235908945068260E+02   -0.101786358071743912E+02   -0.988515351937695641E+01    1
    0.292158773176102784E+02   -0.101234052438725310E+02   -0.989515351937695975E+01    1
    0.291244957228469161E+02   -0.101182909945587927E+02   -0.990515351937695954E+01    1
    0.292157586915869629E+02   -0.101155683699370034E+02   -0.991515351937695577E+01    1
    0.291251319983527424E+02   -0.100765657219114964E+02   -0.992515351937695911E+01    1
    0.292151563045811216E+02   -0.100760865927977754E+02   -0.993515351937696067E+01    1
    0.292149392172143010E+02   -0.100619868743553766E+02   -0.994515351937695513E+01    1
    0.291265125009745134E+02   -0.998804969799995135E+01   -0.995515351937695492E+01    1
    0.291268194128710682E+02   -0.996874548066459276E+01   -0.996515351937695826E+01    1
    0.291274851942047874E+02   -0.992733739840070406E+01   -0.997515351937695982E+01    1
    0.291286499247312136E+02   -0.985643936103851992E+01   -0.998515351937696138E+01    1
    0.292112188148323071E+02   -0.983094376703796158E+01   -0.999515351937695584E+01    1
    0.292111434090801545E+02   -0.982646796420465662E+01   -0.100051535193769503E+02    1
    0.291291780513730956E+02   -0.982493852282062541E+01   -0.100151535193769536E+02    1
    0.292109849507811106E+02   -0.981708927617062699E+01   -0.100251535193769570E+02    1
    0.291297313569892715E+02   -0.979236862758507876E+01   -0.100351535193769603E+02    1
    0.291298207654049328E+02   -0.978714723427130018E+01   -0.100451535193769637E+02    1
    0.291303957084014407E+02   -0.975384720037880371E+01   -0.100551535193769475E+02    1
    0.292073102421867787E+02   -0.960978172217365767E+01   -0.100651535193769543E+02    1
    0.291331959375464962E+02   -0.959849697051812356E+01   -0.100751535193769577E+02    1
    0.292070107268659633E+02   -0.959374559502014357E+01   -0.100851535193769539E+02    1
    0.291334672272076247E+02   -0.958404912803055531E+01   -0.100951535193769484E+02    1
    0.291334750014132098E+02   -0.958363667291657961E+01   -0.101051535193769499E+02    1
    0.292068076764270970E+02   -0.958294802932169176E+01   -0.101151535193769551E+02    1
    0.292066135577813526E+02   -0.957268119008455720E+01   -0.101251535193769566E+02    1
    0.291338975055724845E+02   -0.956135249259470932E+01   -0.101351535193769582E+02    1
    0.291339361143437330E+02   -0.955932902257415584E+01   -0.101451535193769562E+02    1
    0.291339628016980328E+02   -0.955793160952990739E+01   -0.101551535193769507E+02    1
    0.292061571981017281E+02   -0.954875925626249078E+01   -0.101651535193769487E+02    1
    0.291347015273425782E+02   -0.951965914460160079E+01   -0.101751535193769485E+02    1
    0.291351029478565131E+02   -0.949919306729179169E+01   -0.101851535193769500E+02    1
    0.291351640127706588E+02   -0.949610015183602663E+01   -0.101951535193769534E+02    1
    0.291353665814952763E+02   -0.948587874583319035E+01   -0.102051535193769531E+02    1
    0.292047507185524644E+02   -0.947692795532380927E+01   -0.102151535193769565E+02    1
    0.291357057981362857E+02   -0.946889515325356079E+01   -0.102251535193769545E+02    1
    0.292037702956997549E+02   -0.942854867050963819E+01   -0.102351535193769507E+02    1
    0.292037314561991899E+02   -0.942666075524942393E+01   -0.102451535193769541E+02    1
    0.291366085347273440E+02   -0.942450865102697399E+01   -0.102551535193769521E+02    1
    0.291368280617640636E+02   -0.941389295333762277E+01   -0.102651535193769536E+02    1
    0.292033820445793744E+02   -0.940977463026255023E+01   -0.102751535193769570E+02    1
    0.292032174722440132E+02   -0.940188247097162311E+01   -0.102851535193769532E+02    1
    0.292031010494301881E+02   -0.939632301040078488E+01   -0.102951535193769512E+02    1
    0.292029508716498789E+02   -0.938918062944426168E+01   -0.103051535193769492E+02    1
    0.291375144752884694E+02   -0.938114972967792404E+01   -0.103151535193769526E+02    1
    0.291376106612516992E+02   -0.937661592145200196E+01   -0.103251535193769541E+02    1
    0.292021057566550759E+02   -0.934959574700430629E+01   -0.103351535193769539E+02    1
    0.292020602490543162E+02   -0.934749350153851921E+01   -0.103451535193769555E+02    1
    0.291383308886542807E+02   -0.934309266738076794E+01   -0.103551535193769570E+02    1
    0.291386509026699052E+02   -0.932843826577843771E+01   -0.103651535193769533E+02    1
    0.292011667890115625E+02   -0.930682645854406054E+01   -0.103751535193769513E+02    1
    0.292007577141470094E+02   -0.928859224532894245E+01   -0.103851535193769564E+02    1
    0.292006037492834700E+02   -0.928179207306399512E+01   -0.103951535193769562E+02    1
    0.291401068817968181E+02   -0.926363485167269829E+01   -0.104051535193769507E+02    1
    0.291404099974763611E+02   -0.925052928832425181E+01   -0.104151535193769558E+02    1
    0.291995365004706393E+02   -0.923559751761006709E+01   -0.104251535193769538E+02    1
    0.291410176814051880E+02   -0.922465567209699167E+01   -0.104351535193769482E+02    1
    0.291410455369057182E+02   -0.922348246088004231E+01   -0.104451535193769534E+02    1
    0.291415769441136732E+02   -0.920131573396056979E+01   -0.104551535193769531E+02    1
    0.291985506779914807E+02   -0.919439127267432710E+01   -0.104651535193769529E+02    1
    0.291982058871626080E+02   -0.918031123688741779E+01   -0.104751535193769580E+02    1
    0.291424531509703186E+02   -0.916565834234035037E+01   -0.104851535193769543E+02    1
    0.291425090700142491E+02   -0.916342040645459477E+01   -0.104951535193769523E+02    1
    0.291427670682367292E+02   -0.915315363806060311E+01   -0.105051535193769539E+02    1
    0.291428675200088563E+02   -0.914918230797612075E+01   -0.105151535193769536E+02    1
    0.291434979124382849E+02   -0.912459315991335274E+01   -0.105251535193769499E+02    1
    0.291965664558790650E+02   -0.911571546517283338E+01   -0.105351535193769514E+02    1
    0.291962271674730260E+02   -0.910283262286467831E+01   -0.105451535193769512E+02    1
    0.291441521092774991E+02   -0.909968331190401969E+01   -0.105551535193769528E+02    1
    0.291441641572867205E+02   -0.909923036558006082E+01   -0.105651535193769543E+02    1
    0.291441894546930769E+02   -0.909827998991551112E+01   -0.105751535193769524E+02    1
    0.291444966100773186E+02   -0.908681460006204134E+01   -0.105851535193769575E+02    1
    0.291950138343462555E+02   -0.905812467341969096E+01   -0.105951535193769573E+02    1
    0.291457940695431077E+02   -0.903988927374691009E+01   -0.106051535193769570E+02    1
    0.291940995668661074E+02   -0.902584336207944737E+01   -0.106151535193769551E+02    1
    0.291463796149384073E+02   -0.901950926999186997E+01   -0.106251535193769495E+02    1
    0.291467393610956762E+02   -0.900723420452959722E+01   -0.106351535193769458E+02    1
    0.291474034563013866E+02   -0.898506607541878211E+01   -0.106451535193769526E+02    1
    0.291475006683216016E+02   -0.898187457368845088E+01   -0.106551535193769560E+02    1
    0.291924786241135763E+02   -0.897158271209077895E+01   -0.106651535193769540E+02    1
    0.291923480958990957E+02   -0.896737866430094321E+01   -0.106751535193769556E+02    1
    0.291922773187084985E+02   -0.896510938024945148E+01   -0.106851535193769500E+02    1
    0.291480591092488766E+02   -0.896380559978130442E+01   -0.106951535193769480E+02    1
    0.291480813664421419E+02   -0.896309479172439083E+01   -0.107051535193769549E+02    1
    0.291922020535631574E+02   -0.896270415186483227E+01   -0.107151535193769494E+02    1
    0.291482554188506739E+02   -0.895756094855460105E+01   -0.107251535193769456E+02    1
    0.291913989656586423E+02   -0.893755027423234338E+01   -0.107351535193769543E+02    1
    0.291492230729397335E+02   -0.892759428991334048E+01   -0.107451535193769505E+02    1
    0.291908211951861425E+02   -0.892003070367067430E+01   -0.107551535193769414E+02    1
    0.291496361610555894E+02   -0.891521415908194648E+01   -0.107651535193769483E+02    1
    0.291906537426198263E+02   -0.891504334334447712E+01   -0.107751535193769499E+02    1
    0.291496859544736395E+02   -0.891373853505437097E+01   -0.107851535193769426E+02    1
    0.291497369045871295E+02   -0.891223234491500982E+01   -0.107951535193769441E+02    1
    0.291499295782897860E+02   -0.890657046421547705E+01   -0.108051535193769528E+02    1
    0.291500064620575507E+02   -0.890432615874831157E+01   -0.108151535193769561E+02    1
    0.291500445223080291E+02   -0.890321831039136136E+01   -0.108251535193769524E+02    1
    0.291502153326220537E+02   -0.889827221028859583E+01   -0.108351535193769521E+02    1
    0.291898122888026421E+02   -0.889059573696882666E+01   -0.108451535193769519E+02    1
    0.291508470801844837E+02   -0.888034560425180430E+01   -0.108551535193769482E+02    1
    0.291509279920776976E+02   -0.887809133642312176E+01   -0.108651535193769480E+02    1
    0.291892541112795243E+02   -0.887494349161189078E+01   -0.108751535193769477E+02    1
    0.291511846481269643E+02   -0.887100336394144762E+01   -0.108851535193769493E+02    1
    0.291515751706590862E+02   -0.886040124931290407E+01   -0.108951535193769473E+02    1
    0.291517994781340590E+02   -0.885441137679300283E+01   -0.109051535193769453E+02    1
    0.291884511558079467E+02   -0.885321773951031865E+01   -0.109151535193769469E+02    1
    0.291520407589951169E+02   -0.884804949990729384E+01   -0.109251535193769485E+02    1
    0.291520445647835729E+02   -0.884794982692611676E+01   -0.109351535193769500E+02    1
    0.291879324869843053E+02   -0.883967978777380026E+01   -0.109451535193769498E+02    1
    0.291526814523545390E+02   -0.883156497485318681E+01   -0.109551535193769460E+02    1
    0.291875516461892417E+02   -0.882998710283157173E+01   -0.109651535193769440E+02    1
    0.291529128052794029E+02   -0.882575837007112085E+01   -0.109751535193769456E+02    1
    0.291873344438526843E+02   -0.882455308994604692E+01   -0.109851535193769454E+02    1
    0.291533351478292246E+02   -0.881535790038561551E+01   -0.109951535193769434E+02    1
    0.291533775495715446E+02   -0.881432798165653431E+01   -0.110051535193769485E+02    1
    0.291866778700249974E+02   -0.880854172915589295E+01   -0.110151535193769536E+02    1
    0.291537108990254339E+02   -0.880632167163720858E+01   -0.110251535193769499E+02    1
    0.291865758916755311E+02   -0.880611081077845270E+01   -0.110351535193769461E+02    1
    0.291538966022836235E+02   -0.880193120956904629E+01   -0.110451535193769441E+02    1
    0.291544231136278533E+02   -0.878975446047338416E+01   -0.110551535193769439E+02    1
    0.291545291487966161E+02   -0.878735067197709263E+01   -0.110651535193769455E+02    1
    0.291550372000828659E+02   -0.877605893823107586E+01   -0.110751535193769488E+02    1
    0.291849017974484966E+02   -0.876835494102405910E+01   -0.110851535193769504E+02    1
    0.291848426326059069E+02   -0.876709476538241717E+01   -0.110951535193769502E+02    1
    0.291555612525472867E+02   -0.876480276859866514E+01   -0.111051535193769553E+02    1
    0.291844520697780219E+02   -0.875890305160562299E+01   -0.111151535193769551E+02    1
    0.291844353897504440E+02   -0.875855811565535802E+01   -0.111251535193769460E+02    1
    0.291568618496594993E+02   -0.873858354292720030E+01   -0.111351535193769493E+02    1
    0.291569852844135653E+02   -0.873622230809524680E+01   -0.111451535193769491E+02    1
    0.291573577762135017E+02   -0.872923036584623269E+01   -0.111551535193769507E+02    1
    0.291828876739033944E+02   -0.872830321287965383E+01   -0.111651535193769469E+02    1
    0.291575431719918754E+02   -0.872582515990187346E+01   -0.111751535193769467E+02    1
    0.291824566328661632E+02   -0.872049407501361706E+01   -0.111851535193769482E+02    1
    0.291578934877415392E+02   -0.871952656646425517E+01   -0.111951535193769498E+02    1
    0.291579956267879936E+02   -0.871772355550220901E+01   -0.112051535193769514E+02    1
    0.291822814265678616E+02   -0.871739670026810920E+01   -0.112151535193769529E+02    1
    0.291581847453095122E+02   -0.871442497740924793E+01   -0.112251535193769527E+02    1
    0.291816195825199785E+02   -0.870609701633536837E+01   -0.112351535193769525E+02    1
    0.291588226575399680E+02   -0.870368018144679567E+01   -0.112451535193769505E+02    1
    0.291589104351716841E+02   -0.870224775401084294E+01   -0.112551535193769485E+02    1
    0.291813554844217009E+02   -0.870176492935854817E+01   -0.112651535193769465E+02    1
    0.291813004794263868E+02   -0.870087535955526548E+01   -0.112751535193769428E+02    1
    0.291812798259470405E+02   -0.870054247077998433E+01   -0.112851535193769514E+02    1
    0.291809956640090391E+02   -0.869602505116559499E+01   -0.112951535193769441E+02    1
    0.291593693290946625E+02   -0.869494058884425058E+01   -0.113051535193769475E+02    1
    0.291807880381183651E+02   -0.869279820283122895E+01   -0.113151535193769508E+02    1
    0.291806823273544822E+02   -0.869117924033902511E+01   -0.113251535193769524E+02    1
    0.291597934965192422E+02   -0.868845730074546907E+01   -0.113351535193769486E+02    1
    0.291804200039480648E+02   -0.868723157937751367E+01   -0.113451535193769519E+02    1
    0.291599160949747720E+02   -0.868663189811290870E+01   -0.113551535193769464E+02    1
