    0.299232736277920282E+02   -0.671844878444493965E+01
    0.297452968964045468E+02   -0.481166840723365219E+01
    0.299044806312470044E+02   -0.441368107448371472E+01
    0.297535746548329030E+02   -0.391265466759084068E+01
    0.297550678572628406E+02   -0.376074262284437255E+01
    0.298973642847351897E+02   -0.367057646914576274E+01
    0.297581752111560149E+02   -0.345466525794590762E+01
    0.297609041306827358E+02   -0.319706251963590926E+01
    0.298896574974060059E+02   -0.294614084492887507E+01
    0.298891891648446162E+02   -0.290480976607079633E+01
    0.298872664540717565E+02   -0.273836000795934753E+01
    0.297697381391272913E+02   -0.243497775236033487E+01
    0.297703621448009024E+02   -0.238529630021800498E+01
    0.297712648514748182E+02   -0.231439454210665074E+01
    0.297714526939907778E+02   -0.229978476624091943E+01
    0.297734165024790407E+02   -0.215001717766262779E+01
    0.298794786048642322E+02   -0.211733651137907319E+01
    0.298781459072402669E+02   -0.201961014768064029E+01
    0.298778252657561794E+02   -0.199647033962610543E+01
    0.298770555449212658E+02   -0.194151183326656751E+01
    0.297768379638407339E+02   -0.190203879904966078E+01
    0.297772174206539368E+02   -0.187555088914428625E+01
    0.297773247705030215E+02   -0.186809409790742498E+01
    0.298759780914410307E+02   -0.186598043121098178E+01
    0.297775515692579731E+02   -0.185239337040536811E+01
    0.298757039386190257E+02   -0.184702237224744614E+01
    0.298748633059099902E+02   -0.178955033665315311E+01
    0.297790744332055048E+02   -0.174884266971837299E+01
    0.297803503214410057E+02   -0.166459644652836625E+01
    0.297823251361606793E+02   -0.153871421472814696E+01
    0.297825269255050529E+02   -0.152616021471312546E+01
    0.297826088832517790E+02   -0.152107769647640456E+01
    0.298691618189922536E+02   -0.142597982348235996E+01
    0.298688506907556999E+02   -0.140745523399201944E+01
    0.297847023170321492E+02   -0.139445779392436653E+01
    0.297849149962777098E+02   -0.138193889237598144E+01
    0.298678723091101759E+02   -0.135008943145637361E+01
    0.297855001973837332E+02   -0.134782060460968722E+01
    0.297855001973837332E+02   -0.134782060460968722E+01
    0.297856263031484723E+02   -0.134053147963668406E+01
    0.298672078063081123E+02   -0.131189500240979706E+01
    0.298656356920760118E+02   -0.122400503688970774E+01
    0.298656041177629774E+02   -0.122227545944522831E+01
    0.298652224094978749E+02   -0.120147716776538838E+01
    0.297881127477547096E+02   -0.120137827900215055E+01
    0.297881127477547096E+02   -0.120137827900215055E+01
    0.297881790577189065E+02   -0.119778627989383391E+01
    0.298650079057520905E+02   -0.118987933839463311E+01
    0.298649471271347267E+02   -0.118660491272038526E+01
    0.297887320036848600E+02   -0.116807405467882908E+01
    0.297887320036848600E+02   -0.116807405467882908E+01
    0.297887457689047714E+02   -0.116733987371974246E+01
    0.297887637175207303E+02   -0.116638296762770910E+01
    0.297888331848181878E+02   -0.116268368273534062E+01
    0.297896766647344329E+02   -0.111830798332184811E+01
    0.297897876430616897E+02   -0.111254386238341896E+01
    0.297898373906311917E+02   -0.110996563747457744E+01
    0.297904829946715211E+02   -0.107682211495861657E+01
    0.298623989159686225E+02   -0.105399552824958431E+01
    0.298623989159686225E+02   -0.105399552824958431E+01
    0.297912418448547101E+02   -0.103861421903747120E+01
    0.297919332981109619E+02   -0.100450484539355633E+01
    0.297919332981109619E+02   -0.100450484539355633E+01
    0.297919728506302555E+02   -0.100257405004022160E+01
    0.297922322720581931E+02   -0.989964670974093019E+00
    0.297922322720581931E+02   -0.989964670974093019E+00
    0.298607876282448856E+02   -0.974856263375094345E+00
    0.298607553073399785E+02   -0.973306156764694119E+00
    0.298606468064297701E+02   -0.968113209756322757E+00
    0.298606468064297701E+02   -0.968113209756322757E+00
    0.298599964438199734E+02   -0.937333312953307907E+00
    0.298598891355886451E+02   -0.932311872769292727E+00
    0.297938197981721018E+02   -0.914863353835383752E+00
    0.298591406837233109E+02   -0.897738754231054648E+00
    0.297946547843180269E+02   -0.876784804963136266E+00
    0.297946547843180269E+02   -0.876784804963136266E+00
    0.297950415347904247E+02   -0.859479741852111845E+00
    0.297950415347904247E+02   -0.859479741852111845E+00
    0.298577415945774405E+02   -0.835223461088954511E+00
    0.297956491098676466E+02   -0.832718708439353250E+00
    0.297958681197583886E+02   -0.823199564449410670E+00
    0.297958681197583886E+02   -0.823199564449410670E+00
    0.297958908819135573E+02   -0.822214089416193339E+00
    0.297958908819135573E+02   -0.822214089416193339E+00
    0.297964101085134523E+02   -0.799932328242921153E+00
    0.297964101085134523E+02   -0.799932328242921153E+00
    0.297964988567116791E+02   -0.796161782603283741E+00
    0.297969558455551109E+02   -0.776921564070751303E+00
    0.298560540484381534E+02   -0.763481552066286540E+00
    0.298560540484381534E+02   -0.763481552066286540E+00
    0.298557622728562180E+02   -0.751483491862312447E+00
    0.298557622728562180E+02   -0.751483491862312447E+00
    0.297978429572706247E+02   -0.740410625791180665E+00
    0.298554086399288963E+02   -0.737102284614138847E+00
    0.298545060308029946E+02   -0.701193106221564721E+00
    0.297990163924360871E+02   -0.693815545721569227E+00
    0.297990163924360871E+02   -0.693815545721569227E+00
    0.298540251452783778E+02   -0.682529466213091629E+00
    0.298540251452783778E+02   -0.682529466213091629E+00
    0.298534686602950678E+02   -0.661337637665014300E+00
    0.298534686602950678E+02   -0.661337637665014300E+00
    0.297999476284582911E+02   -0.658215861330118557E+00
    0.297999476284582911E+02   -0.658215861330118557E+00
    0.298001045234321680E+02   -0.652338053038285959E+00
    0.298001045234321680E+02   -0.652338053038285959E+00
    0.298529462647816537E+02   -0.641840272950587987E+00
    0.298004716408345338E+02   -0.638719875399594739E+00
    0.298004716408345338E+02   -0.638719875399594739E+00
    0.298521664800932882E+02   -0.613450340869767685E+00
    0.298520068265473384E+02   -0.607743228515819522E+00
    0.298520068265473384E+02   -0.607743228515819522E+00
    0.298516150153901556E+02   -0.593889135645293109E+00
    0.298022664966097928E+02   -0.574868335096809124E+00
    0.298508697309093733E+02   -0.568132411611696364E+00
    0.298025604126243522E+02   -0.564844012154164243E+00
    0.298027524783481823E+02   -0.558359033311505937E+00
    0.298027524783481823E+02   -0.558359033311505937E+00
    0.298030806595267848E+02   -0.547398249626790623E+00
    0.298035052102053264E+02   -0.533443561616791517E+00
    0.298038372051280263E+02   -0.522707720882675142E+00
    0.298038372051280263E+02   -0.522707720882675142E+00
    0.298038479883927749E+02   -0.522361617461429062E+00
    0.298038738633177900E+02   -0.521531793789450249E+00
    0.298490536994005389E+02   -0.508641649347469027E+00
    0.298490536994005389E+02   -0.508641649347469027E+00
    0.298047580186107233E+02   -0.493742166933799076E+00
    0.298047580186107233E+02   -0.493742166933799076E+00
    0.298050363293856364E+02   -0.485222142032816217E+00
    0.298050363293856364E+02   -0.485222142032816217E+00
    0.298052041987684291E+02   -0.480135762073891526E+00
    0.298479950124884255E+02   -0.476100392143220474E+00
    0.298479950124884255E+02   -0.476100392143220474E+00
    0.298477191407838660E+02   -0.467879687351447748E+00
    0.298477191407838660E+02   -0.467879687351447748E+00
    0.298477000707603288E+02   -0.467315374211402679E+00
    0.298056914944465134E+02   -0.465595363045757382E+00
    0.298474600647301216E+02   -0.460256924002188428E+00
    0.298473363520807098E+02   -0.456650238753121496E+00
    0.298061320850063858E+02   -0.452736046536297621E+00
    0.298064438840119088E+02   -0.443800659743288639E+00
    0.298064438840119088E+02   -0.443800659743288639E+00
    0.298064773474070570E+02   -0.442849805429525456E+00
    0.298065262679898453E+02   -0.441462572636851125E+00
    0.298465899876430178E+02   -0.435347536604751451E+00
    0.298067826645301004E+02   -0.434247020992396093E+00
    0.298463961099433526E+02   -0.429942061568131362E+00
    0.298463961099433526E+02   -0.429942061568131362E+00
    0.298459729705406573E+02   -0.418328150271420618E+00
    0.298452099810801030E+02   -0.398022701946904756E+00
    0.298081515892231224E+02   -0.397286940208119166E+00
    0.298448828417682321E+02   -0.389567290467063176E+00
    0.298084946998228730E+02   -0.388436203964637239E+00
    0.298084946998228730E+02   -0.388436203964637239E+00
    0.298085691097531154E+02   -0.386538601261953163E+00
    0.298087757051281912E+02   -0.381310823667251719E+00
    0.298444317464622557E+02   -0.378154886038529314E+00
    0.298443264182959922E+02   -0.375531363162933562E+00
    0.298090296069729312E+02   -0.374968193106517578E+00
    0.298090296069729312E+02   -0.374968193106517578E+00
    0.298090327758638765E+02   -0.374889604968946077E+00
    0.298441887583660233E+02   -0.372126037319242542E+00
    0.298441887583660233E+02   -0.372126037319242542E+00
    0.298091632617935431E+02   -0.371665831200961416E+00
    0.298094155080031413E+02   -0.365501740398990527E+00
    0.298096431770396535E+02   -0.360015061853842078E+00
    0.298096431770396535E+02   -0.360015061853842078E+00
    0.298098228254680855E+02   -0.355737099758370534E+00
    0.298099659683015084E+02   -0.352360932262185234E+00
    0.298099659683015084E+02   -0.352360932262185234E+00
    0.298099687987424318E+02   -0.352294463979428873E+00
    0.298100608920751284E+02   -0.350137949067558518E+00
    0.298101202423785487E+02   -0.348754485195447606E+00
    0.298431247439247187E+02   -0.346704278381908537E+00
    0.298102827462955702E+02   -0.344991845354518378E+00
    0.298103720781947317E+02   -0.342939259470891655E+00
    0.298427091206596202E+02   -0.337206482112861194E+00
    0.298107908730155771E+02   -0.333466204411543732E+00
    0.298424854406229656E+02   -0.332195506665989682E+00
    0.298424764353361809E+02   -0.331995239722837177E+00
    0.298109566181300920E+02   -0.329785205093261868E+00
    0.298423497634762214E+02   -0.329190291393837320E+00
    0.298423098578257182E+02   -0.328311317714686635E+00
    0.298111144170559257E+02   -0.326316579030711484E+00
    0.298112121484173507E+02   -0.324185875692651670E+00
    0.298421025323981866E+02   -0.323780746713587531E+00
    0.298113444345870455E+02   -0.321323215868430712E+00
    0.298419367403465827E+02   -0.320201277477415336E+00
    0.298114554277881254E+02   -0.318940319842217324E+00
    0.298418471763416946E+02   -0.318283661401787210E+00
    0.298116429992838405E+02   -0.314952752708446804E+00
    0.298117012827098335E+02   -0.313723785373353103E+00
    0.298414732929137401E+02   -0.310400439639455517E+00
    0.298411789544980053E+02   -0.304332693976319568E+00
    0.298409056135531223E+02   -0.298806912181098783E+00
    0.298127076278512639E+02   -0.293257256394474197E+00
    0.298130717469302589E+02   -0.286202858105806979E+00
    0.298134360915080521E+02   -0.279330708691386265E+00
    0.298134809004613892E+02   -0.278498427639228940E+00
    0.298394960183975542E+02   -0.271978936915135583E+00
    0.298139530817595499E+02   -0.269899778962046699E+00
    0.298140962770742597E+02   -0.267354082073753774E+00
    0.298141333540769615E+02   -0.266699634393856078E+00
    0.298142401954235652E+02   -0.264824585000051571E+00
    0.298143205982578223E+02   -0.263424113000217619E+00
    0.298143218859258852E+02   -0.263401758112635609E+00
    0.298197533418937510E+02   -0.189855198026746164E+00
    0.298195132422296467E+02   -0.192229947701988702E+00
    0.298250258943531890E+02   -0.158142906567359964E+00
    0.298182861732710585E+02   -0.205632345780042886E+00
    0.298344575931395362E+02   -0.198928657636810197E+00
    0.298254037415513196E+02   -0.157371470204914626E+00
    0.298156946064100978E+02   -0.240896480973751548E+00
    0.298253311995404111E+02   -0.157504004063118708E+00
    0.298287628076186131E+02   -0.159339395469845158E+00
    0.298259053357884696E+02   -0.156657548621485121E+00
    0.298295826638840254E+02   -0.162228699839451401E+00
    0.298173594149058268E+02   -0.217158157660700180E+00
    0.298233571955416679E+02   -0.163951046261321925E+00
    0.298340284379476941E+02   -0.194356334964662536E+00
    0.298253312083042523E+02   -0.157503987604673212E+00
    0.298144690863628625E+02   -0.260861616203887980E+00
    0.298372438103472248E+02   -0.234912790308814068E+00
    0.298186200770206966E+02   -0.201775659716855460E+00
    0.298250300734623295E+02   -0.158133276238162201E+00
    0.298301921566059356E+02   -0.164989196391185200E+00
    0.298176324795375081E+02   -0.213636627637651649E+00
    0.298270970100439570E+02   -0.156380215531371491E+00
    0.298352947657844005E+02   -0.208593503864782259E+00
    0.298150027986348363E+02   -0.251907215404344687E+00
    0.298244489331868152E+02   -0.159708209069454043E+00
    0.298313824830270065E+02   -0.171886743398456443E+00
    0.298146769419800926E+02   -0.257326678323329283E+00
    0.298207978682438579E+02   -0.180467590183448823E+00
    0.298340434099152390E+02   -0.194511489734253834E+00
    0.298331926185777583E+02   -0.186194721493214865E+00
    0.298333795323971387E+02   -0.187934616940495375E+00
    0.298340404794811960E+02   -0.194481096782319313E+00
    0.298264999903722483E+02   -0.156269533506581182E+00
    0.298187880152461453E+02   -0.199895182332406940E+00
    0.298206460326502771E+02   -0.181736898877643910E+00
    0.298226984940013438E+02   -0.167321683493472539E+00
    0.298217007516484820E+02   -0.173589281852389227E+00
    0.298217927286519071E+02   -0.172952925464496865E+00
    0.298329460124746966E+02   -0.183974347968096030E+00
    0.298369836165566582E+02   -0.231090241819815578E+00
    0.298214781915176310E+02   -0.175178317917932480E+00
    0.298339217313817642E+02   -0.193259662201758747E+00
    0.298234520103251057E+02   -0.163516104574152776E+00
    0.298275235307520461E+02   -0.156766245667771836E+00
    0.298313176071420152E+02   -0.171459470761509553E+00
    0.298291820398280052E+02   -0.160698743692751639E+00
    0.298263074078545714E+02   -0.156340750159903175E+00
    0.298283754847864557E+02   -0.158303166742097379E+00
    0.298206104236517078E+02   -0.182039274617673941E+00
    0.298376949550845758E+02   -0.241766274129498498E+00
    0.298308880147987239E+02   -0.168779532849094277E+00
    0.298300095986164351E+02   -0.164107558295877587E+00
    0.298161907005602451E+02   -0.233415061934848955E+00
    0.298341719955111557E+02   -0.195857003873087104E+00
    0.298222407145928443E+02   -0.170023552018597757E+00
    0.298278667913274163E+02   -0.157262710375954629E+00
    0.298250130781964842E+02   -0.158172593238954440E+00
    0.298211894173215910E+02   -0.177343933085411964E+00
    0.298359426752021903E+02   -0.216749922590643157E+00
    0.298377859036389808E+02   -0.243182568563950818E+00
    0.298203797466829812E+02   -0.184041270775894716E+00
    0.298370772490249720E+02   -0.232454845730609844E+00
    0.298225510873861879E+02   -0.168159526197285997E+00
    0.298274285152538923E+02   -0.156658103080381195E+00
    0.298155549784677802E+02   -0.243064572786208466E+00
    0.298218661445285278E+02   -0.172453524624136573E+00
    0.298259646958762161E+02   -0.156596473977809014E+00
    0.298272756979291067E+02   -0.156510802477173638E+00
    0.298254789526285897E+02   -0.157241873572370572E+00
    0.298266333487371149E+02   -0.156250780528126382E+00
    0.298196285608984439E+02   -0.191079249628303138E+00
    0.298365833709966992E+02   -0.225396033040925287E+00
    0.298356328606632104E+02   -0.212776071332278854E+00
    0.298373158719601719E+02   -0.235988293785097669E+00
    0.298347663173050464E+02   -0.202378051888631783E+00
    0.298279754538349451E+02   -0.157454399583345228E+00
    0.298351117037908224E+02   -0.206395927207466745E+00
    0.298165472382299441E+02   -0.228251991169810375E+00
    0.298284206689553386E+02   -0.158413180957669514E+00
    0.298309550930914114E+02   -0.169180891469081107E+00
    0.298358090501995719E+02   -0.215019421091006413E+00
    0.298259349710928383E+02   -0.156626437946483066E+00
