    0.398392927646636963E+02   -0.704903228441110259E+05   -0.460515351937698814E+01    1
    0.396934497356414795E+02   -0.684517713415525213E+05   -0.461515351937698259E+01    1
    0.200158321857452393E+02   -0.676776764772133756E+05   -0.462515351937698149E+01    1
    0.395601975917816162E+02   -0.666153608149626525E+05   -0.463515351937698661E+01    1
    0.201656258106231689E+02   -0.656268276405683573E+05   -0.464515351937698728E+01    1
    0.394743812084197998E+02   -0.654459033525307750E+05   -0.465515351937698174E+01    1
    0.201872634887695312E+02   -0.653331908308187849E+05   -0.466515351937698153E+01    1
    0.202010107040405273E+02   -0.651469745623094714E+05   -0.467515351937698398E+01    1
    0.393590092658996582E+02   -0.638899999111225043E+05   -0.468515351937698377E+01    1
    0.203336656093597412E+02   -0.633637204426776298E+05   -0.469515351937698444E+01    1
    0.391545307636260986E+02   -0.611783935548518202E+05   -0.470515351937698423E+01    1
    0.391114974021911621E+02   -0.606152137567236859E+05   -0.471515351937698135E+01    1
    0.205577754974365234E+02   -0.604072727783822484E+05   -0.472515351937698025E+01    1
    0.205583333969116211E+02   -0.604000011244714187E+05   -0.473515351937698448E+01    1
    0.205742049217224121E+02   -0.601933152402274864E+05   -0.474515351937698782E+01    1
    0.206234586238861084E+02   -0.595541675397114595E+05   -0.475515351937698494E+01    1
    0.210508179664611816E+02   -0.541516940375066042E+05   -0.476515351937698117E+01    1
    0.384530472755432129E+02   -0.523228110689696623E+05   -0.477515351937698451E+01    1
    0.384126114845275879E+02   -0.518334402920449502E+05   -0.478515351937698341E+01    1
    0.383810091018676758E+02   -0.514525758193848960E+05   -0.479515351937697876E+01    1
    0.383668625354766846E+02   -0.512825397889654196E+05   -0.480515351937698032E+01    1
    0.213460934162139893E+02   -0.505689924927063548E+05   -0.481515351937698277E+01    1
    0.214223647117614746E+02   -0.496634861049225728E+05   -0.482515351937698345E+01    1
    0.381807494163513184E+02   -0.490717411950943788E+05   -0.483515351937698323E+01    1
    0.216486930847167969E+02   -0.470246302471585805E+05   -0.484515351937698480E+01    1
    0.377671360969543457E+02   -0.443329291374998720E+05   -0.485515351937698814E+01    1
    0.377594029903411865E+02   -0.442466211116020568E+05   -0.486515351937698437E+01    1
    0.375511515140533447E+02   -0.419539840169966919E+05   -0.487515351937698149E+01    1
    0.223409450054168701E+02   -0.394004889927609111E+05   -0.488515351937698572E+01    1
    0.372146093845367432E+02   -0.383779123767785495E+05   -0.489515351937698817E+01    1
    0.224924266338348389E+02   -0.378220071666200820E+05   -0.490515351937698973E+01    1
    0.225208234786987305E+02   -0.375296954831716721E+05   -0.491515351937698775E+01    1
    0.371026229858398438E+02   -0.372232705645816313E+05   -0.492515351937698220E+01    1
    0.370994603633880615E+02   -0.371909182340339175E+05   -0.493515351937698199E+01    1
    0.369594097137451172E+02   -0.357723601860010822E+05   -0.494515351937698799E+01    1
    0.365770685672760010E+02   -0.320401040920118066E+05   -0.495515351937699045E+01    1
    0.230974256992340088E+02   -0.318395434359348474E+05   -0.496515351937698846E+01    1
    0.365453886985778809E+02   -0.317400805999064432E+05   -0.497515351937698824E+01    1
    0.231500852108001709E+02   -0.313431765180768198E+05   -0.498515351937698359E+01    1
    0.364959323406219482E+02   -0.312745266928268611E+05   -0.499515351937698426E+01    1
    0.364867377281188965E+02   -0.311883530384641417E+05   -0.500515351937698583E+01    1
    0.232149899005889893E+02   -0.307367521040486172E+05   -0.501515351937698384E+01    1
    0.363181948661804199E+02   -0.296298004129484762E+05   -0.502515351937698451E+01    1
    0.234325242042541504E+02   -0.287474625364563399E+05   -0.503515351937698608E+01    1
    0.361101353168487549E+02   -0.277609222265929748E+05   -0.504515351937698409E+01    1
    0.360957598686218262E+02   -0.276340442322815325E+05   -0.505515351937698298E+01    1
    0.360748291015625000E+02   -0.274498284621555395E+05   -0.506515351937698455E+01    1
    0.360462093353271484E+02   -0.271989374269996260E+05   -0.507515351937697989E+01    1
    0.360446274280548096E+02   -0.271851034587080940E+05   -0.508515351937698501E+01    1
    0.359607148170471191E+02   -0.264563219063025572E+05   -0.509515351937699013E+01    1
    0.237479960918426514E+02   -0.259807909074282688E+05   -0.510515351937699080E+01    1
    0.237785923480987549E+02   -0.257199083333036178E+05   -0.511515351937698348E+01    1
    0.357196140289306641E+02   -0.244174576195099944E+05   -0.512515351937698238E+01    1
    0.356157541275024414E+02   -0.235643595830354752E+05   -0.513515351937698394E+01    1
    0.355911660194396973E+02   -0.233646152416473633E+05   -0.514515351937697751E+01    1
    0.355418431758880615E+02   -0.229664986550003523E+05   -0.515515351937698085E+01    1
    0.241207122802734375E+02   -0.228924405575313358E+05   -0.516515351937698330E+01    1
    0.354948103427886963E+02   -0.225900527030046469E+05   -0.517515351937698220E+01    1
    0.243302595615386963E+02   -0.212419077802899264E+05   -0.518515351937698643E+01    1
    0.353142249584197998E+02   -0.211735675037888395E+05   -0.519515351937698533E+01    1
    0.243451297283172607E+02   -0.211271269420625613E+05   -0.520515351937697623E+01    1
    0.243988406658172607E+02   -0.207151293640212243E+05   -0.521515351937698224E+01    1
    0.352410924434661865E+02   -0.206129733150187385E+05   -0.522515351937697670E+01    1
    0.244339895248413086E+02   -0.204477110002883855E+05   -0.523515351937698092E+01    1
    0.350798130035400391E+02   -0.194032748382386890E+05   -0.524515351937698071E+01    1
    0.350353682041168213E+02   -0.190763394809469173E+05   -0.525515351937698583E+01    1
    0.350177693367004395E+02   -0.189476501857410876E+05   -0.526515351937698739E+01    1
    0.246401929855346680E+02   -0.189138736879432872E+05   -0.527515351937698007E+01    1
    0.246409690380096436E+02   -0.189082139892759078E+05   -0.528515351937697542E+01    1
    0.246755480766296387E+02   -0.186568909810644909E+05   -0.529515351937697609E+01    1
    0.348065149784088135E+02   -0.174368752243476592E+05   -0.530515351937697677E+01    1
    0.347844779491424561E+02   -0.172828933135779807E+05   -0.531515351937698188E+01    1
    0.248725140094757080E+02   -0.172573950747476629E+05   -0.532515351937698078E+01    1
    0.346886014938354492E+02   -0.166209134666195860E+05   -0.533515351937697613E+01    1
    0.250311636924743652E+02   -0.161698155452644387E+05   -0.534515351937697680E+01    1
    0.345948100090026855E+02   -0.159858373748101403E+05   -0.535515351937698103E+01    1
    0.251084506511688232E+02   -0.156528172906330510E+05   -0.536515351937698171E+01    1
    0.251418483257293701E+02   -0.154320082803314290E+05   -0.537515351937698238E+01    1
    0.252043938636779785E+02   -0.150227072490031314E+05   -0.538515351937698128E+01    1
    0.252710008621215820E+02   -0.145928764300244275E+05   -0.539515351937698018E+01    1
    0.253433597087860107E+02   -0.141329977740023332E+05   -0.540515351937698263E+01    1
    0.342422974109649658E+02   -0.137095432679633759E+05   -0.541515351937698153E+01    1
    0.342251849174499512E+02   -0.136034894704892868E+05   -0.542515351937697865E+01    1
    0.341861426830291748E+02   -0.133630687683718243E+05   -0.543515351937697933E+01    1
    0.256044197082519531E+02   -0.125350253437953634E+05   -0.544515351937698178E+01    1
    0.256081104278564453E+02   -0.125131211453157593E+05   -0.545515351937698245E+01    1
    0.256427800655364990E+02   -0.123082940484413175E+05   -0.546515351937698401E+01    1
    0.257322800159454346E+02   -0.117873451883154685E+05   -0.547515351937698025E+01    1
    0.258039081096649170E+02   -0.113785373180763399E+05   -0.548515351937698004E+01    1
    0.258106327056884766E+02   -0.113405280454352724E+05   -0.549515351937697805E+01    1
    0.338195312023162842E+02   -0.112100550625340602E+05   -0.550515351937697694E+01    1
    0.258720767498016357E+02   -0.109961744293074298E+05   -0.551515351937698295E+01    1
    0.336917841434478760E+02   -0.105042342174903060E+05   -0.552515351937698185E+01    1
    0.336850190162658691E+02   -0.104674957564780652E+05   -0.553515351937698163E+01    1
    0.259684121608734131E+02   -0.104669648815051132E+05   -0.554515351937698142E+01    1
    0.336541914939880371E+02   -0.103008997448322989E+05   -0.555515351937698032E+01    1
    0.336259555816650391E+02   -0.101494817450520022E+05   -0.556515351937698544E+01    1
    0.336188018321990967E+02   -0.101112970330475837E+05   -0.557515351937698611E+01    1
    0.335438847541809082E+02   -0.971573381181932382E+04   -0.558515351937698146E+01    1
    0.261374294757843018E+02   -0.957001870744581174E+04   -0.559515351937697680E+01    1
    0.261506140232086182E+02   -0.950173963572454159E+04   -0.560515351937697748E+01    1
    0.261612820625305176E+02   -0.944667177079256180E+04   -0.561515351937697904E+01    1
    0.334525132179260254E+02   -0.924397413433707152E+04   -0.562515351937698060E+01    1
    0.334150087833404541E+02   -0.905373377473861729E+04   -0.563515351937698039E+01    1
    0.333224499225616455E+02   -0.859269571482510582E+04   -0.564515351937698284E+01    1
    0.265413463115692139E+02   -0.758921629066865989E+04   -0.565515351937698085E+01    1
    0.330956041812896729E+02   -0.751371658363959068E+04   -0.566515351937697975E+01    1
    0.330849826335906982E+02   -0.746496925490693866E+04   -0.567515351937697954E+01    1
    0.330841219425201416E+02   -0.746102608341177984E+04   -0.568515351937697666E+01    1
    0.329711031913757324E+02   -0.695229136885311527E+04   -0.569515351937697734E+01    1
    0.267214834690093994E+02   -0.677980189211852121E+04   -0.570515351937697890E+01    1
    0.329049193859100342E+02   -0.666271548685646121E+04   -0.571515351937697780E+01    1
    0.328800535202026367E+02   -0.655551105438411378E+04   -0.572515351937697403E+01    1
    0.328036904335021973E+02   -0.623172145115098010E+04   -0.573515351937697382E+01    1
    0.269242405891418457E+02   -0.592333548589570546E+04   -0.574515351937697805E+01    1
    0.327023148536682129E+02   -0.581454472333184094E+04   -0.575515351937698227E+01    1
    0.326959681510925293E+02   -0.578890774037157462E+04   -0.576515351937698384E+01    1
    0.326955676078796387E+02   -0.578729167925266665E+04   -0.577515351937697918E+01    1
    0.269652533531188965E+02   -0.575712307488561237E+04   -0.578515351937698075E+01    1
    0.326383614540100098E+02   -0.555880064020027930E+04   -0.579515351937698409E+01    1
    0.270176720619201660E+02   -0.554812939105113310E+04   -0.580515351937698565E+01    1
    0.325978946685791016E+02   -0.539994857400408637E+04   -0.581515351937698366E+01    1
    0.270793032646179199E+02   -0.530734773173841677E+04   -0.582515351937698256E+01    1
    0.271071052551269531E+02   -0.520047878439241322E+04   -0.583515351937698412E+01    1
    0.271628701686859131E+02   -0.498939890967896099E+04   -0.584515351937698391E+01    1
    0.272037374973297119E+02   -0.483748569111154575E+04   -0.585515351937697837E+01    1
    0.324088954925537109E+02   -0.468852745181077171E+04   -0.586515351937697371E+01    1
    0.323878300189971924E+02   -0.461234526999128593E+04   -0.587515351937697705E+01    1
    0.272678339481353760E+02   -0.460395499475281940E+04   -0.588515351937697684E+01    1
    0.272718298435211182E+02   -0.458958755750811815E+04   -0.589515351937697751E+01    1
    0.323342669010162354E+02   -0.442144768888985436E+04   -0.590515351937697286E+01    1
    0.273231434822082520E+02   -0.440708242313181108E+04   -0.591515351937697531E+01    1
    0.323049628734588623E+02   -0.431871631229728882E+04   -0.592515351937697687E+01    1
    0.273581302165985107E+02   -0.428476951936217301E+04   -0.593515351937697400E+01    1
    0.322870409488677979E+02   -0.425648238098832917E+04   -0.594515351937698000E+01    1
    0.273886322975158691E+02   -0.417953939581599388E+04   -0.595515351937698156E+01    1
    0.322442865371704102E+02   -0.410984160502272334E+04   -0.596515351937697336E+01    1
    0.274251580238342285E+02   -0.405524951987422355E+04   -0.597515351937696959E+01    1
    0.274328041076660156E+02   -0.402946887206767860E+04   -0.598515351937697559E+01    1
    0.274453461170196533E+02   -0.398735844074533998E+04   -0.599515351937697627E+01    1
    0.274601995944976807E+02   -0.393777325257347184E+04   -0.600515351937697517E+01    1
    0.275055253505706787E+02   -0.378838070965549286E+04   -0.601515351937697851E+01    1
    0.321057546138763428E+02   -0.365235756562873121E+04   -0.602515351937697829E+01    1
    0.275480329990386963E+02   -0.365090175947103398E+04   -0.603515351937697453E+01    1
    0.320161175727844238E+02   -0.337072323692959617E+04   -0.604515351937697520E+01    1
    0.276488399505615234E+02   -0.333502834753373281E+04   -0.605515351937697410E+01    1
    0.319530938018022006E+02   -0.317947119135675393E+04   -0.606515351937697478E+01    1
    0.277152514457702637E+02   -0.313473969650758045E+04   -0.607515351937697723E+01    1
    0.319235670566558838E+02   -0.309179071951815649E+04   -0.608515351937697790E+01    1
    0.318970331206173690E+02   -0.301404338146872442E+04   -0.609515351937697769E+01    1
    0.318931400775909424E+02   -0.300271962675883697E+04   -0.610515351937697481E+01    1
    0.277687835693359375E+02   -0.297780824847778240E+04   -0.611515351937697282E+01    1
    0.318579137325286865E+02   -0.290122513930918785E+04   -0.612515351937697528E+01    1
    0.278332078456878662E+02   -0.279428926862841217E+04   -0.613515351937697417E+01    1
    0.278404057025909424E+02   -0.277414793411712526E+04   -0.614515351937697485E+01    1
    0.278734135627746582E+02   -0.268271712427920829E+04   -0.615515351937697819E+01    1
    0.278737223148345947E+02   -0.268186912282617959E+04   -0.616515351937697620E+01    1
    0.316974699497222900E+02   -0.246102689961135275E+04   -0.617515351937697776E+01    1
    0.279911684989929199E+02   -0.236902200873461834E+04   -0.618515351937698288E+01    1
    0.280248188972473145E+02   -0.228296081698854960E+04   -0.619515351937698000E+01    1
    0.316237175464630127E+02   -0.227082240478057884E+04   -0.620515351937697535E+01    1
    0.280510056018829346E+02   -0.221708984007031677E+04   -0.621515351937697247E+01    1
    0.280537688732147217E+02   -0.221019525580007485E+04   -0.622515351937697314E+01    1
    0.280609091653566907E+02   -0.219242937350718967E+04   -0.623515351937697559E+01    1
    0.315908792235536460E+02   -0.218859480569525476E+04   -0.624515351937698071E+01    1
    0.315763485431671143E+02   -0.215269375160837262E+04   -0.625515351937697694E+01    1
    0.315708048342752363E+02   -0.213907511948287720E+04   -0.626515351937697407E+01    1
    0.315633654594421387E+02   -0.212086752120703568E+04   -0.627515351937697385E+01    1
    0.315335321426391602E+02   -0.204863342012510020E+04   -0.628515351937697986E+01    1
    0.315178930759429932E+02   -0.201126725835181946E+04   -0.629515351937697432E+01    1
    0.281429043991032657E+02   -0.199355455961189000E+04   -0.630515351937697766E+01    1
    0.314709913730621338E+02   -0.190126825473147437E+04   -0.631515351937697567E+01    1
    0.314303803443908691E+02   -0.180852172195915659E+04   -0.632515351937697190E+01    1
    0.313871089979157603E+02   -0.171225175174898209E+04   -0.633515351937697790E+01    1
    0.313823473453521729E+02   -0.170181885674364003E+04   -0.634515351937697858E+01    1
    0.313801434551359506E+02   -0.169700087428246729E+04   -0.635515351937697659E+01    1
    0.313604235649108887E+02   -0.165419468798481648E+04   -0.636515351937697371E+01    1
    0.283205032348632812E+02   -0.159521519919654247E+04   -0.637515351937697350E+01    1
    0.312916296901572366E+02   -0.150914452669935213E+04   -0.638515351937697861E+01    1
    0.283807368062317735E+02   -0.147018894153714132E+04   -0.639515351937698195E+01    1
    0.312718534469604492E+02   -0.146867839604868777E+04   -0.640515351937697730E+01    1
    0.283844840526580811E+02   -0.146257939291700905E+04   -0.641515351937697620E+01    1
    0.312575483322143555E+02   -0.143975008337537247E+04   -0.642515351937697776E+01    1
    0.284076380729675293E+02   -0.141599838653294887E+04   -0.643515351937697222E+01    1
    0.284383240744753039E+02   -0.135542627965888119E+04   -0.644515351937697556E+01    1
    0.312127149105072021E+02   -0.135095059439694592E+04   -0.645515351937697535E+01    1
    0.311996626853942871E+02   -0.132562989117008465E+04   -0.646515351937697513E+01    1
    0.284572315216064453E+02   -0.131876355849491961E+04   -0.647515351937697048E+01    1
    0.311701484917927445E+02   -0.126925708828100687E+04   -0.648515351937697559E+01    1
    0.311572883322895038E+02   -0.124507704322062932E+04   -0.649515351937697538E+01    1
    0.311161571249607007E+02   -0.116930240455329977E+04   -0.650515351937697694E+01    1
    0.285610139369964600E+02   -0.112647589758553067E+04   -0.651515351937697318E+01    1
    0.310789730224246519E+02   -0.110284694359739251E+04   -0.652515351937697652E+01    1
    0.285799598693847656E+02   -0.109300785511719073E+04   -0.653515351937697631E+01    1
    0.286093795299530029E+02   -0.104203841866226048E+04   -0.654515351937697609E+01    1
    0.310279142522047380E+02   -0.101476264498823639E+04   -0.655515351937696966E+01    1
    0.286444079875946045E+02   -0.982939082669604886E+03   -0.656515351937697567E+01    1
    0.310010190289706529E+02   -0.969838377940671080E+03   -0.657515351937698256E+01    1
    0.286664223670959473E+02   -0.946679805638838275E+03   -0.658515351937698501E+01    1
    0.309741640090942383E+02   -0.925996199836333517E+03   -0.659515351937696881E+01    1
    0.309600624356165639E+02   -0.903380759504826074E+03   -0.660515351937696948E+01    1
    0.286970841884613037E+02   -0.897313216845086686E+03   -0.661515351937697371E+01    1
    0.286994930929869305E+02   -0.893490811470118388E+03   -0.662515351937697705E+01    1
    0.309467593179867428E+02   -0.882302181864933800E+03   -0.663515351937697861E+01    1
    0.309357059001922607E+02   -0.864977515116511540E+03   -0.664515351937698107E+01    1
    0.308840140268674617E+02   -0.786238356336899983E+03   -0.665515351937697286E+01    1
    0.287696647644042969E+02   -0.785724780662218905E+03   -0.666515351937697353E+01    1
    0.287728561449022706E+02   -0.780988245471259802E+03   -0.667515351937697510E+01    1
    0.287841022014617920E+02   -0.764411404450884788E+03   -0.668515351937697488E+01    1
    0.287886010641918908E+02   -0.757829824638426771E+03   -0.669515351937697734E+01    1
    0.308532297611236572E+02   -0.741131725164845420E+03   -0.670515351937697446E+01    1
    0.288006031513214111E+02   -0.740410706070621814E+03   -0.671515351937697247E+01    1
    0.308407044410705566E+02   -0.723160427442340733E+03   -0.672515351937697314E+01    1
    0.288175022602081299E+02   -0.716227749481663068E+03   -0.673515351937697382E+01    1
    0.308335423469543457E+02   -0.712983415624453073E+03   -0.674515351937697183E+01    1
    0.288222645258837638E+02   -0.709485386225272919E+03   -0.675515351937697428E+01    1
    0.308183427087219286E+02   -0.691624402459181169E+03   -0.676515351937697584E+01    1
    0.308152542795311817E+02   -0.687324157404879202E+03   -0.677515351937697829E+01    1
    0.288446515385834843E+02   -0.678217453598285147E+03   -0.678515351937697098E+01    1
    0.288502085361833167E+02   -0.670565181662760779E+03   -0.679515351937697432E+01    1
    0.288790113121046339E+02   -0.631598128068032565E+03   -0.680515351937697410E+01    1
    0.307650804816123369E+02   -0.619342530681874223E+03   -0.681515351937697567E+01    1
    0.288905191421508789E+02   -0.616355444446353658E+03   -0.682515351937697723E+01    1
    0.307447719573974609E+02   -0.592832494047726300E+03   -0.683515351937697613E+01    1
    0.289173451169896936E+02   -0.581546181747060700E+03   -0.684515351937697059E+01    1
    0.289213436065270919E+02   -0.576444421014401996E+03   -0.685515351937697126E+01    1
    0.307255458831787109E+02   -0.568269891632481972E+03   -0.686515351937697371E+01    1
    0.289558660984039307E+02   -0.533331458373462965E+03   -0.687515351937697083E+01    1
    0.306900763511657715E+02   -0.524319261686062760E+03   -0.688515351937697062E+01    1
    0.306837822888530880E+02   -0.516705055325324679E+03   -0.689515351937697307E+01    1
    0.306772159657623433E+02   -0.508820858728854091E+03   -0.690515351937697019E+01    1
    0.289770517718255967E+02   -0.507703845767360349E+03   -0.691515351937697176E+01    1
    0.289868246279769224E+02   -0.496094675746476923E+03   -0.692515351937697421E+01    1
    0.289976217108574517E+02   -0.483424988185493817E+03   -0.693515351937697400E+01    1
    0.306504488890156210E+02   -0.477308933494035045E+03   -0.694515351937697556E+01    1
    0.306184080206969824E+02   -0.440913230088736668E+03   -0.695515351937697623E+01    1
    0.306063914299011230E+02   -0.427635652938224325E+03   -0.696515351937697869E+01    1
    0.305997503833960387E+02   -0.420384835753820994E+03   -0.697515351937697670E+01    1
    0.290541839599609375E+02   -0.419731702299584185E+03   -0.698515351937697471E+01    1
    0.305972993373870850E+02   -0.417724407705872750E+03   -0.699515351937697627E+01    1
    0.305801308155059814E+02   -0.399326094709014569E+03   -0.700515351937697339E+01    1
    0.305715363564853853E+02   -0.390271694788727814E+03   -0.701515351937697229E+01    1
    0.290822744201340981E+02   -0.389771746115642941E+03   -0.702515351937697385E+01    1
    0.305703465926141860E+02   -0.389026444555920250E+03   -0.703515351937696920E+01    1
    0.305687513195053455E+02   -0.387359897485025897E+03   -0.704515351937696899E+01    1
    0.305589234828948975E+02   -0.377171906579246354E+03   -0.705515351937697233E+01    1
    0.305457812028850384E+02   -0.363760269203522171E+03   -0.706515351937697300E+01    1
    0.291102506669184606E+02   -0.361036481426326986E+03   -0.707515351937697190E+01    1
    0.305350671745267057E+02   -0.353006368424004677E+03   -0.708515351937697524E+01    1
    0.305315176507763830E+02   -0.349479233453431902E+03   -0.709515351937697947E+01    1
    0.291264486312866211E+02   -0.344902162003391311E+03   -0.710515351937697481E+01    1
    0.291354382038116455E+02   -0.336107116464705541E+03   -0.711515351937697194E+01    1
    0.291365814588292267E+02   -0.334996745834716933E+03   -0.712515351937697261E+01    1
    0.305163826116395782E+02   -0.334638497089757436E+03   -0.713515351937696796E+01    1
    0.291427326202392578E+02   -0.329054063965868238E+03   -0.714515351937696508E+01    1
    0.291543745994567871E+02   -0.317952313492186818E+03   -0.715515351937696753E+01    1
    0.304971742630004883E+02   -0.316267494583768723E+03   -0.716515351937696821E+01    1
    0.304886630802305909E+02   -0.308293223761210299E+03   -0.717515351937696444E+01    1
    0.304686939716339111E+02   -0.289983714289963757E+03   -0.718515351937696511E+01    1
    0.304652641239030864E+02   -0.286895344648390278E+03   -0.719515351937696845E+01    1
    0.304530831726091478E+02   -0.276060839863647288E+03   -0.720515351937697446E+01    1
    0.292117243120087196E+02   -0.266045851247682549E+03   -0.721515351937697869E+01    1
    0.292118334044009842E+02   -0.265951520585495814E+03   -0.722515351937697670E+01    1
    0.304285357184671739E+02   -0.254860718721654820E+03   -0.723515351937696849E+01    1
    0.304284666360397900E+02   -0.254802252206049729E+03   -0.724515351937696384E+01    1
    0.304175841933824529E+02   -0.245675914876494062E+03   -0.725515351937697073E+01    1
    0.304035675525665283E+02   -0.234166538231907339E+03   -0.726515351937697051E+01    1
    0.303970630660422287E+02   -0.228919411858238902E+03   -0.727515351937696853E+01    1
    0.303910272816432183E+02   -0.224103604189875853E+03   -0.728515351937696742E+01    1
    0.303823712702328521E+02   -0.217286598267333488E+03   -0.729515351937696988E+01    1
    0.303803689407402828E+02   -0.215724677720988439E+03   -0.730515351937697766E+01    1
    0.303762635539132972E+02   -0.212539894237552858E+03   -0.731515351937697655E+01    1
    0.292775294374860593E+02   -0.212184786581983417E+03   -0.732515351937697723E+01    1
    0.292998290061950684E+02   -0.195314162845365445E+03   -0.733515351937697524E+01    1
    0.303505110740661621E+02   -0.193102864724497124E+03   -0.734515351937696614E+01    1
    0.303295922279357910E+02   -0.178000553250060932E+03   -0.735515351937696948E+01    1
    0.303155406983364593E+02   -0.168201591372633004E+03   -0.736515351937697105E+01    1
    0.293438794887670795E+02   -0.164043057210798679E+03   -0.737515351937696906E+01    1
    0.293554297173343350E+02   -0.156295184511279444E+03   -0.738515351937697240E+01    1
    0.293612974860287963E+02   -0.152430958483442197E+03   -0.739515351937697218E+01    1
    0.302876176722524484E+02   -0.149553317652726236E+03   -0.740515351937697464E+01    1
    0.293762072065914808E+02   -0.142829963011019288E+03   -0.741515351937697265E+01    1
    0.302738797664642334E+02   -0.140780938255854750E+03   -0.742515351937696799E+01    1
    0.302632721246444980E+02   -0.134188979173772793E+03   -0.743515351937697044E+01    1
    0.293945683059523262E+02   -0.131436010936576395E+03   -0.744515351937697023E+01    1
    0.294060432910919189E+02   -0.124555954431175991E+03   -0.745515351937696646E+01    1
    0.294109470701233064E+02   -0.121672269261840881E+03   -0.746515351937696536E+01    1
    0.294110297146155375E+02   -0.121623959624466323E+03   -0.747515351937696515E+01    1
    0.294147923634825830E+02   -0.119434685516434826E+03   -0.748515351937696671E+01    1
    0.302379781810037542E+02   -0.119108941909095208E+03   -0.749515351937696561E+01    1
    0.294168856340481000E+02   -0.118225347831675379E+03   -0.750515351937696362E+01    1
    0.302297072766416051E+02   -0.114373093718807695E+03   -0.751515351937696874E+01    1
    0.302282247300707567E+02   -0.113534367544030758E+03   -0.752515351937696853E+01    1
    0.294299795741505541E+02   -0.110800456587498218E+03   -0.753515351937696742E+01    1
    0.294341206550598145E+02   -0.108502448520001423E+03   -0.754515351937696721E+01    1
    0.302129008109091366E+02   -0.105046197469407986E+03   -0.755515351937696877E+01    1
    0.294412638644843980E+02   -0.104595146825742177E+03   -0.756515351937697211E+01    1
    0.294485026489284358E+02   -0.100708767094319086E+03   -0.757515351937696835E+01    1
    0.294499684410252982E+02   -0.999307795947026420E+02   -0.758515351937696991E+01    1
    0.294500024449062856E+02   -0.999127674679045015E+02   -0.759515351937697325E+01    1
    0.301996174412272858E+02   -0.979555095475231212E+02   -0.760515351937697126E+01    1
    0.294578073462916521E+02   -0.958214675037230279E+02   -0.761515351937696572E+01    1
    0.294631677795032836E+02   -0.930611694313404030E+02   -0.762515351937696639E+01    1
    0.294714693851728882E+02   -0.888660921113383466E+02   -0.763515351937696973E+01    1
    0.294796490199268568E+02   -0.848274394015246287E+02   -0.764515351937696952E+01    1
    0.301714283306077071E+02   -0.837301128367623733E+02   -0.765515351937697019E+01    1
    0.294848559299814923E+02   -0.823055638608867639E+02   -0.766515351937697087E+01    1
    0.294853954594929846E+02   -0.820464321571903383E+02   -0.767515351937697066E+01    1
    0.294919725161460313E+02   -0.789204351198877845E+02   -0.768515351937697044E+01    1
    0.294943385954776431E+02   -0.778107439142145694E+02   -0.769515351937697201E+01    1
    0.294955181732069498E+02   -0.772604626941998163E+02   -0.770515351937697446E+01    1
    0.301539705233182467E+02   -0.754804946258583129E+02   -0.771515351937697069E+01    1
    0.295010210878067021E+02   -0.747191708812007107E+02   -0.772515351937696959E+01    1
    0.295043225254760237E+02   -0.732149772062027182E+02   -0.773515351937697382E+01    1
    0.301487448298928982E+02   -0.730944600816133629E+02   -0.774515351937697538E+01    1
    0.295090862475721529E+02   -0.710715549476733770E+02   -0.775515351937697517E+01    1
    0.301248478889465332E+02   -0.626725290533468922E+02   -0.776515351937697407E+01    1
    0.301189865228315092E+02   -0.602389128729774797E+02   -0.777515351937697297E+01    1
    0.295430475004322162E+02   -0.567155064921656731E+02   -0.778515351937696565E+01    1
    0.301075577725507024E+02   -0.556326812720947430E+02   -0.779515351937696011E+01    1
    0.301049029165005777E+02   -0.545889606636523794E+02   -0.780515351937696522E+01    1
    0.295493498529446299E+02   -0.542298075434751894E+02   -0.781515351937697123E+01    1
    0.301033197107481172E+02   -0.539712625934219119E+02   -0.782515351937697279E+01    1
    0.301017723790895317E+02   -0.533709669585337991E+02   -0.783515351937697524E+01    1
    0.295522074614263559E+02   -0.531211482867409472E+02   -0.784515351937695993E+01    1
    0.295522277991242035E+02   -0.531132990751487313E+02   -0.785515351937696593E+01    1
    0.300994791588271440E+02   -0.524874924147888891E+02   -0.786515351937697016E+01    1
    0.295549106652836322E+02   -0.520829623897858909E+02   -0.787515351937697172E+01    1
    0.295580548289437317E+02   -0.508883495534397028E+02   -0.788515351937697417E+01    1
    0.295607944495140060E+02   -0.498587752096125669E+02   -0.789515351937696952E+01    1
    0.300891296727167656E+02   -0.485923020237259209E+02   -0.790515351937697019E+01    1
    0.295709862782844723E+02   -0.461212616429238125E+02   -0.791515351937696643E+01    1
    0.300774729251861572E+02   -0.443854698291338181E+02   -0.792515351937696444E+01    1
    0.295778101339249417E+02   -0.437004816401637655E+02   -0.793515351937696778E+01    1
    0.295838484801947708E+02   -0.416129722760547693E+02   -0.794515351937696490E+01    1
    0.295874396556358406E+02   -0.403957863484909581E+02   -0.795515351937696735E+01    1
    0.300656535706911257E+02   -0.403150517700598954E+02   -0.796515351937696447E+01    1
    0.300649874441333935E+02   -0.400914950586804082E+02   -0.797515351937695893E+01    1
    0.300624230560235262E+02   -0.392366934455664946E+02   -0.798515351937696582E+01    1
    0.295912778377532959E+02   -0.391149302339742633E+02   -0.799515351937696650E+01    1
    0.300620068101997617E+02   -0.390988162830939814E+02   -0.800515351937696096E+01    1
    0.295923209636394127E+02   -0.387704044332842770E+02   -0.801515351937696785E+01    1
    0.295944762486100572E+02   -0.380633993856035246E+02   -0.802515351937697652E+01    1
    0.300577253592185869E+02   -0.376947714557990636E+02   -0.803515351937696920E+01    1
    0.295961290439389515E+02   -0.375256530809776905E+02   -0.804515351937696543E+01    1
    0.300566077232360840E+02   -0.373325004270580152E+02   -0.805515351937697233E+01    1
    0.300471463063043629E+02   -0.343360502697592338E+02   -0.806515351937697034E+01    1
    0.300443256202326978E+02   -0.334670922349328137E+02   -0.807515351937696657E+01    1
    0.300440775883247078E+02   -0.333912171645150480E+02   -0.808515351937696636E+01    1
    0.296105414596885623E+02   -0.329992926423401229E+02   -0.809515351937696259E+01    1
    0.296130990511593630E+02   -0.322265732454122684E+02   -0.810515351937696593E+01    1
    0.300380241421181218E+02   -0.315662376455402054E+02   -0.811515351937696572E+01    1
    0.296173473664010558E+02   -0.309633691541533054E+02   -0.812515351937696728E+01    1
    0.300343012535721812E+02   -0.304694605558449609E+02   -0.813515351937696707E+01    1
    0.300332667733452041E+02   -0.301681591184570337E+02   -0.814515351937696508E+01    1
    0.300317165671480453E+02   -0.297194652489696907E+02   -0.815515351937696664E+01    1
    0.300311643253621696E+02   -0.295604399771472082E+02   -0.816515351937696643E+01    1
    0.296226799488067627E+02   -0.294136898101017472E+02   -0.817515351937696622E+01    1
    0.296229440381156301E+02   -0.293379831604445442E+02   -0.818515351937696600E+01    1
    0.296250226087215580E+02   -0.287455417922758443E+02   -0.819515351937696224E+01    1
    0.300276312408682990E+02   -0.285531906840932166E+02   -0.820515351937696558E+01    1
    0.296290719509124756E+02   -0.276088316598292138E+02   -0.821515351937696714E+01    1
    0.296293368781807906E+02   -0.275352663136658578E+02   -0.822515351937696693E+01    1
    0.296307021547253058E+02   -0.271577194893546761E+02   -0.823515351937696671E+01    1
    0.300205564746353488E+02   -0.265890092739995616E+02   -0.824515351937696295E+01    1
    0.300197178370862972E+02   -0.263608429377738531E+02   -0.825515351937696096E+01    1
    0.300183820724487305E+02   -0.259994665099714695E+02   -0.826515351937696252E+01    1
    0.296389555931091309E+02   -0.249311737675860563E+02   -0.827515351937696408E+01    1
    0.300120620930517603E+02   -0.243236857125467516E+02   -0.828515351937696565E+01    1
    0.300090861320495605E+02   -0.235540431371273158E+02   -0.829515351937696543E+01    1
    0.300078920933142825E+02   -0.232487419822262353E+02   -0.830515351937696344E+01    1
    0.300073570830114953E+02   -0.231125967992038959E+02   -0.831515351937696146E+01    1
    0.296493196487426758E+02   -0.222709127264679054E+02   -0.832515351937696302E+01    1
    0.300035104232111038E+02   -0.221455803170887258E+02   -0.833515351937696813E+01    1
    0.300016956069915466E+02   -0.216965757469730889E+02   -0.834515351937696437E+01    1
    0.296541838658251606E+02   -0.210744413496229548E+02   -0.835515351937696593E+01    1
    0.299977778756407432E+02   -0.207430791038385038E+02   -0.836515351937696927E+01    1
    0.296579486580184621E+02   -0.201712420296827162E+02   -0.837515351937696906E+01    1
    0.296595405232994125E+02   -0.197953382946332965E+02   -0.838515351937696174E+01    1
    0.296606612205505371E+02   -0.195328338485886732E+02   -0.839515351937695975E+01    1
    0.299918877754638196E+02   -0.193501666507381067E+02   -0.840515351937696487E+01    1
    0.296633287733394582E+02   -0.189151098882135251E+02   -0.841515351937696821E+01    1
    0.296664901757081054E+02   -0.181959823673578711E+02   -0.842515351937696266E+01    1
    0.299861616606768884E+02   -0.180428029710068714E+02   -0.843515351937695534E+01    1
    0.296681070268137290E+02   -0.178336276962998390E+02   -0.844515351937695691E+01    1
    0.296683831830389906E+02   -0.177721055237354335E+02   -0.845515351937696202E+01    1
    0.299845990517223768E+02   -0.176940425190990567E+02   -0.846515351937696536E+01    1
    0.299821358425776054E+02   -0.171512485879562355E+02   -0.847515351937696160E+01    1
    0.296717953681945801E+02   -0.170207868604585570E+02   -0.848515351937696316E+01    1
    0.296737669494411946E+02   -0.165941337303642307E+02   -0.849515351937696295E+01    1
    0.296745546841785206E+02   -0.164251950740831916E+02   -0.850515351937696629E+01    1
    0.296770293201217612E+02   -0.159001577600780930E+02   -0.851515351937696785E+01    1
    0.299724244643572248E+02   -0.150943765850325811E+02   -0.852515351937696408E+01    1
    0.296861857517854588E+02   -0.140323427353710137E+02   -0.853515351937696032E+01    1
    0.299648374977638881E+02   -0.135797349292870067E+02   -0.854515351937695655E+01    1
    0.299637315723899391E+02   -0.133657105803412364E+02   -0.855515351937696344E+01    1
    0.299634551484487730E+02   -0.133124842761159741E+02   -0.856515351937696323E+01    1
    0.299621280221603214E+02   -0.130584382413755158E+02   -0.857515351937696124E+01    1
    0.299618806087765961E+02   -0.130113508803256117E+02   -0.858515351937696103E+01    1
    0.299611484163458073E+02   -0.128725053883491434E+02   -0.859515351937696259E+01    1
    0.299590978389470877E+02   -0.124876670721953609E+02   -0.860515351937696771E+01    1
    0.299564445224844036E+02   -0.119984864645191784E+02   -0.861515351937696039E+01    1
    0.296976224362033818E+02   -0.118649781830274215E+02   -0.862515351937695662E+01    1
    0.299508714051178586E+02   -0.110032307409033265E+02   -0.863515351937696352E+01    1
    0.297026470279006389E+02   -0.109709247810080299E+02   -0.864515351937696508E+01    1
    0.299445697303697251E+02   -0.993048374024286673E+01   -0.865515351937695954E+01    1
    0.297092568713092149E+02   -0.984887034475837098E+01   -0.866515351937696288E+01    1
    0.299424180576843106E+02   -0.957698911739664815E+01   -0.867515351937696266E+01    1
    0.299418760836905271E+02   -0.948897562021887175E+01   -0.868515351937696423E+01    1
    0.299414865536654915E+02   -0.942597328545372015E+01   -0.869515351937696934E+01    1
    0.299403470902859432E+02   -0.924290222096288971E+01   -0.870515351937696735E+01    1
    0.299396727688900910E+02   -0.913542283262349386E+01   -0.871515351937696181E+01    1
    0.299392968685288388E+02   -0.907578604247063758E+01   -0.872515351937695982E+01    1
    0.297142732807706622E+02   -0.903831708894628250E+01   -0.873515351937696316E+01    1
    0.297152955235224212E+02   -0.887748310369554439E+01   -0.874515351937695762E+01    1
    0.297156132419344843E+02   -0.882779439864979310E+01   -0.875515351937695741E+01    1
    0.299352021693334578E+02   -0.843903109782801764E+01   -0.876515351937696252E+01    1
    0.297182634212479471E+02   -0.841885723092181593E+01   -0.877515351937696231E+01    1
    0.299347461958899004E+02   -0.836958294797217661E+01   -0.878515351937696209E+01    1
    0.299333059017868237E+02   -0.815213579711801550E+01   -0.879515351937696188E+01    1
    0.297200786724133117E+02   -0.814445348988890672E+01   -0.880515351937695812E+01    1
    0.297225683823743339E+02   -0.777563086980195628E+01   -0.881515351937695790E+01    1
    0.297225787198645008E+02   -0.777411765823542744E+01   -0.882515351937695769E+01    1
    0.299304228918775834E+02   -0.772563972110684816E+01   -0.883515351937695925E+01    1
    0.299298583501036930E+02   -0.764349310743034671E+01   -0.884515351937695904E+01    1
    0.299278539673402690E+02   -0.735545534050714256E+01   -0.885515351937696238E+01    1
    0.299256822862502005E+02   -0.704975283543759268E+01   -0.886515351937696394E+01    1
    0.297292315151497917E+02   -0.683144365312863222E+01   -0.887515351937696018E+01    1
    0.297301839530692575E+02   -0.670158017250594540E+01   -0.888515351937696174E+01    1
    0.297302727979371113E+02   -0.668953135608248317E+01   -0.889515351937696330E+01    1
    0.299227052991845675E+02   -0.664146643931068592E+01   -0.890515351937696309E+01    1
    0.299196765841408734E+02   -0.623887521383046373E+01   -0.891515351937696288E+01    1
    0.299184050331791838E+02   -0.607369929792699104E+01   -0.892515351937696089E+01    1
    0.299180551284186791E+02   -0.602864519317129322E+01   -0.893515351937696423E+01    1
    0.297368019749534973E+02   -0.583445041799420583E+01   -0.894515351937696579E+01    1
    0.297382146933851637E+02   -0.565732532785348674E+01   -0.895515351937696202E+01    1
    0.299130741892027743E+02   -0.540596402792598951E+01   -0.896515351937696181E+01    1
    0.297407298414881538E+02   -0.534892510123903975E+01   -0.897515351937695982E+01    1
    0.297410069701541708E+02   -0.531548847339962371E+01   -0.898515351937695428E+01    1
    0.299120843669272318E+02   -0.528637903595585357E+01   -0.899515351937695407E+01    1
    0.297422445719713977E+02   -0.516748520739310990E+01   -0.900515351937695741E+01    1
    0.299108293253932658E+02   -0.513673266526336292E+01   -0.901515351937696252E+01    1
    0.297446098144366857E+02   -0.489062054539340174E+01   -0.902515351937696408E+01    1
    0.299068224398964091E+02   -0.467379154988454104E+01   -0.903515351937696032E+01    1
    0.299057824629137698E+02   -0.455732679236870197E+01   -0.904515351937695833E+01    1
    0.297491574287414551E+02   -0.438040138075959185E+01   -0.905515351937695989E+01    1
    0.299004601764508777E+02   -0.398510459191039779E+01   -0.906515351937695790E+01    1
    0.298989024190516410E+02   -0.382515900809460607E+01   -0.907515351937695591E+01    1
    0.297545650107629669E+02   -0.381154992628898714E+01   -0.908515351937695925E+01    1
    0.297547139812162662E+02   -0.379646097591544907E+01   -0.909515351937696437E+01    1
    0.297562704080140392E+02   -0.364067961645218396E+01   -0.910515351937696060E+01    1
    0.297565716312427817E+02   -0.361092389997504082E+01   -0.911515351937695506E+01    1
    0.297571646672083858E+02   -0.355271494986634195E+01   -0.912515351937696195E+01    1
    0.297580213930722657E+02   -0.346949705325397151E+01   -0.913515351937696529E+01    1
    0.298943830818444631E+02   -0.338043874693642810E+01   -0.914515351937696153E+01    1
    0.298939743648425740E+02   -0.334163563309783296E+01   -0.915515351937696131E+01    1
    0.298930304547414138E+02   -0.325291963348988578E+01   -0.916515351937695577E+01    1
    0.297611428434900667E+02   -0.317502676821128738E+01   -0.917515351937695733E+01    1
    0.298915831556655505E+02   -0.311932460120943089E+01   -0.918515351937696067E+01    1
    0.298915793116732935E+02   -0.311897369811001024E+01   -0.919515351937696046E+01    1
    0.298912959191528209E+02   -0.309316113220879529E+01   -0.920515351937696202E+01    1
    0.297620880603790283E+02   -0.308855996175653313E+01   -0.921515351937696536E+01    1
    0.297626881734675450E+02   -0.303431471314608503E+01   -0.922515351937696337E+01    1
    0.298903711904257641E+02   -0.300971852549699515E+01   -0.923515351937695961E+01    1
    0.297630699853674372E+02   -0.300006569144384994E+01   -0.924515351937695584E+01    1
    0.298901683990207516E+02   -0.299158047716636322E+01   -0.925515351937695918E+01    1
    0.297632000663940559E+02   -0.298844407433356363E+01   -0.926515351937696607E+01    1
    0.298898704775996187E+02   -0.296503870687781124E+01   -0.927515351937695876E+01    1
    0.298888927371808464E+02   -0.287880895818139626E+01   -0.928515351937695499E+01    1
    0.297649138291852076E+02   -0.283755597133616710E+01   -0.929515351937696188E+01    1
    0.297655138813454343E+02   -0.278570065413297163E+01   -0.930515351937696522E+01    1
    0.297672718823869182E+02   -0.263669246849532213E+01   -0.931515351937695790E+01    1
    0.298851545368172324E+02   -0.256152176505826734E+01   -0.932515351937696657E+01    1
    0.297687526833774356E+02   -0.251455196436152040E+01   -0.933515351937696458E+01    1
    0.297698811174833935E+02   -0.242354588784475933E+01   -0.934515351937696082E+01    1
    0.298832953482988017E+02   -0.241103658207376714E+01   -0.935515351937695883E+01    1
    0.297701089632785667E+02   -0.240538783693954183E+01   -0.936515351937696394E+01    1
    0.298824407176169871E+02   -0.234349240895946975E+01   -0.937515351937696728E+01    1
    0.297713691560844254E+02   -0.230627594447947804E+01   -0.938515351937696352E+01    1
    0.297714022138699335E+02   -0.230370606924224086E+01   -0.939515351937695797E+01    1
    0.297721869805589421E+02   -0.224315045199728980E+01   -0.940515351937695776E+01    1
    0.298810590907690106E+02   -0.223647048418468408E+01   -0.941515351937695755E+01    1
    0.297735760269702183E+02   -0.213808939143768750E+01   -0.942515351937696089E+01    1
    0.297738335972376831E+02   -0.211890617403044823E+01   -0.943515351937695712E+01    1
    0.297741442783117911E+02   -0.209589152394553491E+01   -0.944515351937694980E+01    1
    0.298790450098528666E+02   -0.208526699331115584E+01   -0.945515351937695137E+01    1
    0.297748940631183849E+02   -0.204090799246152610E+01   -0.946515351937695826E+01    1
    0.297749215565473691E+02   -0.203890685869716215E+01   -0.947515351937695982E+01    1
    0.297755633469597711E+02   -0.199249559106141794E+01   -0.948515351937695605E+01    1
    0.297755966078221981E+02   -0.199010610885913364E+01   -0.949515351937695584E+01    1
    0.298776356885238208E+02   -0.198285708606845601E+01   -0.950515351937695741E+01    1
    0.298774722442146938E+02   -0.197116096796079354E+01   -0.951515351937695897E+01    1
    0.298770414969057114E+02   -0.194051653863390161E+01   -0.952515351937695876E+01    1
    0.298768017780872626E+02   -0.192357535737506424E+01   -0.953515351937695854E+01    1
    0.297766235064376978E+02   -0.191709851338435877E+01   -0.954515351937695833E+01    1
    0.298765934104250590E+02   -0.190891544381611311E+01   -0.955515351937695989E+01    1
    0.298761263001790311E+02   -0.187627329098417173E+01   -0.956515351937696323E+01    1
    0.297773809921205093E+02   -0.186419526868963348E+01   -0.957515351937696302E+01    1
    0.297776737936908873E+02   -0.184396206420212949E+01   -0.958515351937695215E+01    1
    0.297781302413549085E+02   -0.181266103424957059E+01   -0.959515351937695371E+01    1
    0.298748794725411884E+02   -0.179064623848824533E+01   -0.960515351937695527E+01    1
    0.297785197639553623E+02   -0.178618110673639752E+01   -0.961515351937695861E+01    1
    0.297788144640688053E+02   -0.176628903446879248E+01   -0.962515351937695662E+01    1
    0.297791597884636481E+02   -0.174313525698184191E+01   -0.963515351937695286E+01    1
    0.297810110442341696E+02   -0.162186896385064183E+01   -0.964515351937695797E+01    1
    0.297810229894903422E+02   -0.162110214028033717E+01   -0.965515351937696309E+01    1
    0.298719789448533817E+02   -0.159990804611194681E+01   -0.966515351937695755E+01    1
    0.298706496056700814E+02   -0.151644455550028079E+01   -0.967515351937695556E+01    1
    0.297834401341058026E+02   -0.147006234805614233E+01   -0.968515351937696067E+01    1
    0.297840094046583452E+02   -0.143568578268897684E+01   -0.969515351937696224E+01    1
    0.297840142250061035E+02   -0.143539664191166727E+01   -0.970515351937696025E+01    1
    0.298692256777347289E+02   -0.142979881311122314E+01   -0.971515351937696003E+01    1
    0.298691618442535400E+02   -0.142598133306717134E+01   -0.972515351937696160E+01    1
    0.298691529750671059E+02   -0.142545137605279093E+01   -0.973515351937696316E+01    1
    0.297845648977508546E+02   -0.140258050879403329E+01   -0.974515351937696295E+01    1
    0.297848205798815187E+02   -0.138748865727116533E+01   -0.975515351937696273E+01    1
    0.297849446930773141E+02   -0.138019591575901446E+01   -0.976515351937695542E+01    1
    0.298678421283336277E+02   -0.134834123370211323E+01   -0.977515351937695698E+01    1
    0.298676250779548660E+02   -0.133580649197502122E+01   -0.978515351937696209E+01    1
    0.298668131611060730E+02   -0.128950540171563754E+01   -0.979515351937696011E+01    1
    0.297868289472357795E+02   -0.127214023477238158E+01   -0.980515351937695812E+01    1
    0.298659624788946090E+02   -0.124198810374093060E+01   -0.981515351937695613E+01    1
    0.298659020229895802E+02   -0.123864989625582211E+01   -0.982515351937695769E+01    1
    0.297874807460231850E+02   -0.123592401485116454E+01   -0.983515351937696103E+01    1
    0.298649066589508863E+02   -0.118442758508399670E+01   -0.984515351937696082E+01    1
    0.297885854748580954E+02   -0.117590582234769370E+01   -0.985515351937696060E+01    1
    0.297891151571361199E+02   -0.114773771970346994E+01   -0.986515351937695506E+01    1
    0.297894760797160281E+02   -0.112877014215600058E+01   -0.987515351937695307E+01    1
    0.298612000832023767E+02   -0.994766540520330755E+00   -0.988515351937695641E+01    1
    0.297925941872455233E+02   -0.972531616026396928E+00   -0.989515351937695975E+01    1
    0.297928222921349928E+02   -0.961638686481382954E+00   -0.990515351937695954E+01    1
    0.298604865576713863E+02   -0.960473847510981860E+00   -0.991515351937695577E+01    1
    0.298603558127324220E+02   -0.954267739356150946E+00   -0.992515351937695911E+01    1
    0.297930424708756334E+02   -0.951193662761204206E+00   -0.993515351937696067E+01    1
    0.298594865906537379E+02   -0.913619273019901090E+00   -0.994515351937695513E+01    1
    0.297941448022265263E+02   -0.899925390622311028E+00   -0.995515351937695492E+01    1
    0.297943245251911009E+02   -0.891728674767921836E+00   -0.996515351937695826E+01    1
    0.298589488287588694E+02   -0.889003273759825019E+00   -0.997515351937695982E+01    1
    0.297947057437527754E+02   -0.874492604810085838E+00   -0.998515351937696138E+01    1
    0.298585212178200621E+02   -0.869719676770241090E+00   -0.999515351937695584E+01    1
    0.297953764397709264E+02   -0.844664429115776660E+00   -0.100051535193769503E+02    1
    0.297962146004432640E+02   -0.808277737146119057E+00   -0.100151535193769536E+02    1
    0.297965048414789706E+02   -0.795907913115471044E+00   -0.100251535193769570E+02    1
    0.297966133691544712E+02   -0.791312986110046301E+00   -0.100351535193769603E+02    1
    0.298567195646853385E+02   -0.791296102647398802E+00   -0.100451535193769637E+02    1
    0.298566015612540916E+02   -0.786318845753334328E+00   -0.100551535193769475E+02    1
    0.298563704500776801E+02   -0.776627557840317451E+00   -0.100651535193769543E+02    1
    0.297970988318361663E+02   -0.770961852271374037E+00   -0.100751535193769577E+02    1
    0.297971243372313914E+02   -0.769901801262560803E+00   -0.100851535193769539E+02    1
    0.297971700246735267E+02   -0.768005234362735489E+00   -0.100951535193769484E+02    1
    0.298555674332015712E+02   -0.743538184120783763E+00   -0.101051535193769499E+02    1
    0.298553442487741307E+02   -0.734502612482310635E+00   -0.101151535193769551E+02    1
    0.298546526088085358E+02   -0.706946610790069041E+00   -0.101251535193769566E+02    1
    0.298543661678090153E+02   -0.695731349360565465E+00   -0.101351535193769582E+02    1
    0.297990205689659149E+02   -0.693653161149644037E+00   -0.101451535193769562E+02    1
    0.297993940799296197E+02   -0.679230147341215562E+00   -0.101551535193769507E+02    1
    0.297997240117318682E+02   -0.666653116751593444E+00   -0.101651535193769487E+02    1
    0.298535099468536487E+02   -0.662894939122800730E+00   -0.101751535193769485E+02    1
    0.298531766786911845E+02   -0.650392706082905558E+00   -0.101851535193769500E+02    1
    0.298524614340297703E+02   -0.624088297644543766E+00   -0.101951535193769534E+02    1
    0.298520462127529278E+02   -0.609147830929868905E+00   -0.102051535193769531E+02    1
    0.298013425319658296E+02   -0.607172358212118235E+00   -0.102151535193769565E+02    1
    0.298015372481274881E+02   -0.600264772269904823E+00   -0.102251535193769545E+02    1
    0.298512525959387602E+02   -0.581266504964994213E+00   -0.102351535193769507E+02    1
    0.298022132807221070E+02   -0.576696309170482757E+00   -0.102451535193769541E+02    1
    0.298022349108494637E+02   -0.575952830531462956E+00   -0.102551535193769521E+02    1
    0.298023703760508241E+02   -0.571311534312906266E+00   -0.102651535193769536E+02    1
    0.298506512939592277E+02   -0.560731337286561771E+00   -0.102751535193769570E+02    1
    0.298505622890421662E+02   -0.557734915500993189E+00   -0.102851535193769532E+02    1
    0.298027834152547833E+02   -0.557319318908512051E+00   -0.102951535193769512E+02    1
    0.298028901058206017E+02   -0.553744032109338535E+00   -0.103051535193769492E+02    1
    0.298501663468044214E+02   -0.544540210874334019E+00   -0.103151535193769526E+02    1
    0.298034604127032097E+02   -0.534904063058441626E+00   -0.103251535193769541E+02    1
    0.298496772342959176E+02   -0.528545000279952104E+00   -0.103351535193769539E+02    1
    0.298493068600896052E+02   -0.516656658129143964E+00   -0.103451535193769555E+02    1
    0.298491194056895566E+02   -0.510713234896128299E+00   -0.103551535193769570E+02    1
    0.298046204907978165E+02   -0.497992565153307531E+00   -0.103651535193769533E+02    1
    0.298481718738530688E+02   -0.481426986341495389E+00   -0.103751535193769513E+02    1
    0.298479750372947308E+02   -0.475501556984914753E+00   -0.103851535193769564E+02    1
    0.298478960990905762E+02   -0.473140563232223532E+00   -0.103951535193769562E+02    1
    0.298055918789260410E+02   -0.468540633188416988E+00   -0.104051535193769507E+02    1
    0.298060546364047809E+02   -0.454976728410309006E+00   -0.104151535193769558E+02    1
    0.298067473538756254E+02   -0.435235249891093690E+00   -0.104251535193769538E+02    1
    0.298465587253917342E+02   -0.434472343976108344E+00   -0.104351535193769482E+02    1
    0.298463234165781763E+02   -0.427928933886960794E+00   -0.104451535193769534E+02    1
    0.298073871607806176E+02   -0.417601103507167615E+00   -0.104551535193769531E+02    1
    0.298075205266553773E+02   -0.413997819998982886E+00   -0.104651535193769529E+02    1
    0.298455220483160630E+02   -0.406228808929680552E+00   -0.104751535193769580E+02    1
    0.298078948359520304E+02   -0.404018332453952689E+00   -0.104851535193769543E+02    1
    0.298454098654320674E+02   -0.403263085908926011E+00   -0.104951535193769523E+02    1
    0.298081254595824419E+02   -0.397967753223508469E+00   -0.105051535193769539E+02    1
    0.298081681273919514E+02   -0.396856531069029350E+00   -0.105151535193769536E+02    1
    0.298449297049116637E+02   -0.390769304175343668E+00   -0.105251535193769499E+02    1
    0.298084140586749555E+02   -0.390501506757159056E+00   -0.105351535193769514E+02    1
    0.298084709578821290E+02   -0.389043309651973424E+00   -0.105451535193769512E+02    1
    0.298447084426879883E+02   -0.385121182658764272E+00   -0.105551535193769528E+02    1
    0.298086375436145659E+02   -0.384800273613287225E+00   -0.105651535193769543E+02    1
    0.298443716062532900E+02   -0.376654997804234004E+00   -0.105751535193769524E+02    1
    0.298092650941772419E+02   -0.369166603589241471E+00   -0.105851535193769575E+02    1
    0.298095916430651755E+02   -0.361250615540880837E+00   -0.105951535193769573E+02    1
    0.298095992471533009E+02   -0.361068068719290702E+00   -0.106051535193769570E+02    1
    0.298097671771708264E+02   -0.357057398982820906E+00   -0.106151535193769551E+02    1
    0.298099158672633990E+02   -0.353539337955981026E+00   -0.106251535193769495E+02    1
    0.298433849058507832E+02   -0.352773100996586431E+00   -0.106351535193769458E+02    1
    0.298433441981263101E+02   -0.351817226584915543E+00   -0.106451535193769526E+02    1
    0.298431446620410661E+02   -0.347165545627257932E+00   -0.106551535193769560E+02    1
    0.298429955326741521E+02   -0.343725530141722579E+00   -0.106651535193769540E+02    1
    0.298103601592248211E+02   -0.343212473793644723E+00   -0.106751535193769556E+02    1
    0.298104961118852323E+02   -0.340107935738616640E+00   -0.106851535193769500E+02    1
    0.298425100045364147E+02   -0.332742358882441969E+00   -0.106951535193769480E+02    1
    0.298108888819706443E+02   -0.331284875720804117E+00   -0.107051535193769549E+02    1
    0.298422147977137442E+02   -0.326226516524546595E+00   -0.107151535193769494E+02    1
    0.298112305205539982E+02   -0.323786832914438050E+00   -0.107251535193769456E+02    1
    0.298112748873773761E+02   -0.322825142750944150E+00   -0.107351535193769543E+02    1
    0.298113008619746296E+02   -0.322263405039408757E+00   -0.107451535193769505E+02    1
    0.298117239320883343E+02   -0.313247488289562059E+00   -0.107551535193769414E+02    1
    0.298118888686124102E+02   -0.309800768593083198E+00   -0.107651535193769483E+02    1
    0.298120996702651269E+02   -0.305451285739237910E+00   -0.107751535193769499E+02    1
    0.298122654449141393E+02   -0.302074741538217562E+00   -0.107851535193769426E+02    1
    0.298122938055547415E+02   -0.301500955381578006E+00   -0.107951535193769441E+02    1
    0.298409507016396773E+02   -0.299711163749378506E+00   -0.108051535193769528E+02    1
    0.298126467269417930E+02   -0.294455342890766691E+00   -0.108151535193769561E+02    1
    0.298126674491737731E+02   -0.294047094821876964E+00   -0.108251535193769524E+02    1
    0.298128162221882675E+02   -0.291133852362729706E+00   -0.108351535193769521E+02    1
    0.298128187881120965E+02   -0.291083880012430130E+00   -0.108451535193769519E+02    1
    0.298128194469867083E+02   -0.291071049670721393E+00   -0.108551535193769482E+02    1
    0.298404897887202978E+02   -0.290602213264574916E+00   -0.108651535193769480E+02    1
    0.298399832351575149E+02   -0.280935856823701868E+00   -0.108751535193769477E+02    1
    0.298398636899917058E+02   -0.278707251701167724E+00   -0.108851535193769493E+02    1
    0.298395518097313257E+02   -0.272987672357099975E+00   -0.108951535193769473E+02    1
    0.298394935708886422E+02   -0.271934784943585972E+00   -0.109051535193769453E+02    1
    0.298393834373180304E+02   -0.269956742358967494E+00   -0.109151535193769469E+02    1
    0.298139895780448754E+02   -0.269248217447090321E+00   -0.109251535193769485E+02    1
    0.298392273649613529E+02   -0.267182833972772871E+00   -0.109351535193769500E+02    1
    0.298142702431981590E+02   -0.264300143226181061E+00   -0.109451535193769498E+02    1
    0.298142847848031884E+02   -0.264046795807045764E+00   -0.109551535193769460E+02    1
    0.298144369410772647E+02   -0.261413725931926910E+00   -0.109651535193769440E+02    1
    0.298388557065847948E+02   -0.260715175557170609E+00   -0.109751535193769456E+02    1
    0.298145994530720841E+02   -0.258637405893398897E+00   -0.109851535193769454E+02    1
    0.298386825785629100E+02   -0.257768691272251549E+00   -0.109951535193769434E+02    1
    0.298386621619239278E+02   -0.257423996734614746E+00   -0.110051535193769485E+02    1
    0.298385087035698220E+02   -0.254851917354806445E+00   -0.110151535193769536E+02    1
    0.298384961460899731E+02   -0.254642910221732077E+00   -0.110251535193769499E+02    1
