    0.775868568250054127E-98    0.448207208379751705E+03    0.303910272816432183E+02
    0.701509034707734021E-95    0.434573196534666977E+03    0.303823712702328521E+02
    0.331149267168115905E-94    0.431449355441976877E+03    0.303803689407402828E+02
    0.792163351450865955E-93    0.425079788475105715E+03    0.303762635539132972E+02
    0.111864708908595753E-92    0.424369573163966834E+03    0.292775294374860593E+02
    0.235054704136625746E-85    0.390628325690730890E+03    0.292998290061950684E+02
    0.212412746319718831E-84    0.386205729448994248E+03    0.303505110740661621E+02
    0.761532016132217282E-78    0.356001106500121864E+03    0.303295922279357910E+02
    0.135825181323872469E-73    0.336403182745266008E+03    0.303155406983364593E+02
    0.860331427876106940E-72    0.328086114421597358E+03    0.293438794887670795E+02
    0.197324587237402808E-68    0.312590369022558889E+03    0.293554297173343350E+02
    0.931215720341589091E-67    0.304861916966884394E+03    0.293612974860287963E+02
    0.163851675903705355E-65    0.299106635305452471E+03    0.302876176722524484E+02
    0.134903669718932876E-62    0.285659926022038576E+03    0.293762072065914808E+02
    0.103648008839003987E-61    0.281561876511709499E+03    0.302738797664642334E+02
    0.748289192587328218E-59    0.268377958347545587E+03    0.302632721246444980E+02
    0.116231928145530881E-57    0.262872021873152789E+03    0.293945683059523262E+02
    0.111931693075749191E-54    0.249111908862351981E+03    0.294060432910919189E+02
    0.198142977429471491E-53    0.243344538523681763E+03    0.294109470701233064E+02
    0.205881037827122299E-53    0.243247919248932646E+03    0.294110297146155375E+02
    0.181996513580369844E-52    0.238869371032869651E+03    0.294147923634825830E+02
    0.249567928856415332E-52    0.238217883818190415E+03    0.302379781810037542E+02
    0.597841229087914680E-52    0.236450695663350757E+03    0.294168856340481000E+02
    0.278776153442064508E-50    0.228746187437615390E+03    0.302297072766416051E+02
    0.638508710275204610E-50    0.227068735088061516E+03    0.302282247300707567E+02
    0.973075019742117303E-49    0.221600913174996435E+03    0.294299795741505541E+02
    0.958993364045312417E-48    0.217004897040002845E+03    0.294341206550598145E+02
    0.300956284446418378E-46    0.210092394938815971E+03    0.302129008109091366E+02
    0.467788215948219509E-46    0.209190293651484353E+03    0.294412638644843980E+02
    0.225704181149595561E-44    0.201417534188638172E+03    0.294485026489284358E+02
    0.486488230196913540E-44    0.199861559189405284E+03    0.294499684410252982E+02
    0.490401692224945812E-44    0.199825534935809003E+03    0.294500024449062856E+02
    0.343744161017906478E-43    0.195911019095046242E+03    0.301996174412272858E+02
    0.287537881562144162E-42    0.191642935007446056E+03    0.294578073462916521E+02
    0.449919011850415863E-41    0.186122338862680806E+03    0.294631677795032836E+02
    0.295590404341646607E-39    0.177732184222676693E+03    0.294714693851728882E+02
    0.166077949051462084E-37    0.169654878803049257E+03    0.294796490199268568E+02
    0.492642527903455930E-37    0.167460225673524747E+03    0.301714283306077071E+02
    0.202704184769873401E-36    0.164611127721773528E+03    0.294848559299814923E+02
    0.260051425562162766E-36    0.164092864314380677E+03    0.294853954594929846E+02
    0.586569608951193800E-35    0.157840870239775569E+03    0.294919725161460313E+02
    0.176160843120434605E-34    0.155621487828429139E+03    0.294943385954776431E+02
    0.302378238500001625E-34    0.154520925388399633E+03    0.294955181732069498E+02
    0.177516161314727869E-33    0.150960989251716626E+03    0.301539705233182467E+02
    0.376299511370758145E-33    0.149438341762401421E+03    0.295010210878067021E+02
    0.167669366064898987E-32    0.146429954412405436E+03    0.295043225254760237E+02
    0.187262449408897042E-32    0.146188920163226726E+03    0.301487448298928982E+02
    0.140166520316355588E-31    0.142143109895346754E+03    0.295090862475721529E+02
    0.616526780951993823E-28    0.125345058106693784E+03    0.301248478889465332E+02
    0.695849115910501439E-27    0.120477825745954959E+03    0.301189865228315092E+02
    0.233543660890535370E-25    0.113431012984331346E+03    0.295430475004322162E+02
    0.682794724244695100E-25    0.111265362544189486E+03    0.301075577725507024E+02
    0.191968208903528915E-24    0.109177921327304759E+03    0.301049029165005777E+02
    0.272185249786527360E-24    0.108459615086950379E+03    0.295493498529446299E+02
    0.348984619112765475E-24    0.107942525186843824E+03    0.301033197107481172E+02
    0.629750358690919455E-24    0.106741933917067598E+03    0.301017723790895317E+02
    0.800424455709191967E-24    0.106242296573481894E+03    0.295522074614263559E+02
    0.798704762080023568E-24    0.106226598150297463E+03    0.295522277991242035E+02
    0.147852171823283165E-23    0.104974984829577778E+03    0.300994791588271440E+02
    0.219366305538788760E-23    0.104165924779571782E+03    0.295549106652836322E+02
    0.717200756774286203E-23    0.101776699106879406E+03    0.295580548289437317E+02
    0.198809096007845251E-22    0.997175504192251339E+02    0.295607944495140060E+02
    0.698418318646226842E-22    0.971846040474518418E+02    0.300891296727167656E+02
    0.818336418354826898E-21    0.922425232858476249E+02    0.295709862782844723E+02
    0.459656854316646136E-20    0.887709396582676362E+02    0.300774729251861572E+02
    0.902770556795405788E-20    0.874009632803275309E+02    0.295778101339249417E+02
    0.720822342280305451E-19    0.832259445521095387E+02    0.295838484801947708E+02
    0.241047386076696503E-18    0.807915726969819161E+02    0.295874396556358406E+02
    0.258715270509705018E-18    0.806301035401197908E+02    0.300656535706911257E+02
    0.320308574572439850E-18    0.801829901173608164E+02    0.300649874441333935E+02
    0.745523338695699055E-18    0.784733868911329893E+02    0.300624230560235262E+02
    0.833680013105732156E-18    0.782298604679485265E+02    0.295912778377532959E+02
    0.838792705203723155E-18    0.781976325661879628E+02    0.300620068101997617E+02
    0.115329166727914842E-17    0.775408088665685540E+02    0.295923209636394127E+02
    0.231549901326015346E-17    0.761267987712070493E+02    0.295944762486100572E+02
    0.331432224116563231E-17    0.753895429115981273E+02    0.300577253592185869E+02
    0.388596570411728223E-17    0.750513061619553810E+02    0.295961290439389515E+02
    0.466703599377398006E-17    0.746650008541160304E+02    0.300566077232360840E+02
    0.924783290599448362E-16    0.686721005395184676E+02    0.300471463063043629E+02
    0.218313558577343509E-15    0.669341844698656274E+02    0.300443256202326978E+02
    0.233179243186728181E-15    0.667824343290300959E+02    0.300440775883247078E+02
    0.341631258561833957E-15    0.659985852846802459E+02    0.296105414596885623E+02
    0.732491224770793380E-15    0.644531464908245368E+02    0.296130990511593630E+02
    0.140358781280096424E-14    0.631324752910804108E+02    0.300380241421181218E+02
    0.253932976271041901E-14    0.619267383083066107E+02    0.296173473664010558E+02
    0.411981710987682695E-14    0.609389211116899219E+02    0.300343012535721812E+02
    0.551300699793055729E-14    0.603363182369140674E+02    0.300332667733452041E+02
    0.854891247066281105E-14    0.594389304979393813E+02    0.300317165671480453E+02
    0.992274255443076697E-14    0.591208799542944163E+02    0.300311643253621696E+02
    0.113768378078587784E-13    0.588273796202034944E+02    0.296226799488067627E+02
    0.121494775270123029E-13    0.586759663208890885E+02    0.296229440381156301E+02
    0.217524748036723824E-13    0.574910835845516885E+02    0.296250226087215580E+02
    0.261037411548095246E-13    0.571063813681864332E+02    0.300276312408682990E+02
    0.664491947920884856E-13    0.552176633196584277E+02    0.296290719509124756E+02
    0.708101968580898547E-13    0.550705326273317155E+02    0.296293368781807906E+02
    0.102263195512126692E-12    0.543154389787093521E+02    0.296307021547253058E+02
    0.178798603698237812E-12    0.531780185479991232E+02    0.300205564746353488E+02
    0.222388619474753257E-12    0.527216858755477062E+02    0.300197178370862972E+02
    0.316019151398853156E-12    0.519989330199429389E+02    0.300183820724487305E+02
    0.910592566736767929E-12    0.498623475351721126E+02    0.296389555931091309E+02
    0.165504522689661182E-11    0.486473714250935032E+02    0.300120620930517603E+02
    0.353767917302488683E-11    0.471080862742546316E+02    0.300090861320495605E+02
    0.475298131397018970E-11    0.464974839644524707E+02    0.300078920933142825E+02
    0.539200472133686534E-11    0.462251935984077917E+02    0.300073570830114953E+02
    0.123864275652699411E-10    0.445418254529358109E+02    0.296493196487426758E+02
    0.139006240017831705E-10    0.442911606341774515E+02    0.300035104232111038E+02
    0.215621249595339204E-10    0.433931514939461778E+02    0.300016956069915466E+02
    0.397684028525581296E-10    0.421488826992459096E+02    0.296541838658251606E+02
    0.548408275363458872E-10    0.414861582076770077E+02    0.299977778756407432E+02
    0.961848651863808605E-10    0.403424840593654324E+02    0.296579486580184621E+02
    0.138680919865029192E-09    0.395906765892665931E+02    0.296595405232994125E+02
    0.178516351103242650E-09    0.390656676971773464E+02    0.296606612205505371E+02
    0.212161419502974505E-09    0.387003333014762134E+02    0.299918877754638196E+02
    0.324538495795457423E-09    0.378302197764270502E+02    0.296633287733394582E+02
    0.659532783845665211E-09    0.363919647347157422E+02    0.296664901757081054E+02
    0.761059146886474074E-09    0.360856059420137427E+02    0.299861616606768884E+02
    0.928793425743605604E-09    0.356672553925996780E+02    0.296681070268137290E+02
    0.977901084862038556E-09    0.355442110474708670E+02    0.296683831830389906E+02
    0.104677734610854593E-08    0.353880850381981134E+02    0.299845990517223768E+02
    0.178337953876854656E-08    0.343024971759124711E+02    0.299821358425776054E+02
    0.201168345029354498E-08    0.340415737209171141E+02    0.296717953681945801E+02
    0.305147487430750498E-08    0.331882674607284613E+02    0.296737669494411946E+02
    0.357714034667072586E-08    0.328503901481663831E+02    0.296745546841785206E+02
    0.598706320766059946E-08    0.318003155201561860E+02    0.296770293201217612E+02
    0.132683590811590826E-07    0.301887531700651621E+02    0.299724244643572248E+02
    0.379935357752886378E-07    0.280646854707420275E+02    0.296861857517854588E+02
    0.591468799043456495E-07    0.271594698585740133E+02    0.299648374977638881E+02
    0.725334757015600092E-07    0.267314211606824728E+02    0.299637315723899391E+02
    0.757375817255895075E-07    0.266249685522319481E+02    0.299634551484487730E+02
    0.966716831938516247E-07    0.261168764827510316E+02    0.299621280221603214E+02
    0.100324295015856857E-06    0.260227017606512234E+02    0.299618806087765961E+02
    0.114120325785195856E-06    0.257450107766982867E+02    0.299611484163458073E+02
    0.166017249773308761E-06    0.249753341443907217E+02    0.299590978389470877E+02
    0.268076477854594180E-06    0.239969729290383569E+02    0.299564445224844036E+02
    0.303317643998374037E-06    0.237299563660548429E+02    0.296976224362033818E+02
    0.710897338119175231E-06    0.220064614818066531E+02    0.299508714051178586E+02
    0.726932763539977709E-06    0.219418495620160598E+02    0.297026470279006389E+02
    0.203708476740510479E-05    0.198609674804857335E+02    0.299445697303697251E+02
    0.218831785448157343E-05    0.196977406895167420E+02    0.297092568713092149E+02
    0.284343939231559846E-05    0.191539782347932963E+02    0.299424180576843106E+02
    0.307414824763288706E-05    0.189779512404377435E+02    0.299418760836905271E+02
    0.324148061388296037E-05    0.188519465709074403E+02    0.299414865536654915E+02
    0.385396030212765386E-05    0.184858044419257794E+02    0.299403470902859432E+02
    0.424856236156846289E-05    0.182708456652469877E+02    0.299396727688900910E+02
    0.446476886931451059E-05    0.181515720849412752E+02    0.299392968685288388E+02
    0.458911135852585049E-05    0.180766341778925650E+02    0.297142732807706622E+02
    0.533623520624135596E-05    0.177549662073910888E+02    0.297152955235224212E+02
    0.555228242972717935E-05    0.176555887972995862E+02    0.297156132419344843E+02
    0.810898245763809362E-05    0.168780621956560353E+02    0.299352021693334578E+02
    0.819190326328400502E-05    0.168377144618436319E+02    0.297182634212479471E+02
    0.852003579817319897E-05    0.167391658959443532E+02    0.299347461958899004E+02
    0.104841825058959515E-04    0.163042715942360310E+02    0.299333059017868237E+02
    0.104599115290918118E-04    0.162889069797778134E+02    0.297200786724133117E+02
    0.149748573887319021E-04    0.155512617396039126E+02    0.297225683823743339E+02
    0.148483067062593608E-04    0.155482353164708549E+02    0.297225787198645008E+02
    0.154307731084441214E-04    0.154512794422136963E+02    0.299304228918775834E+02
    0.165851942220806600E-04    0.152869862148606934E+02    0.299298583501036930E+02
    0.219013471791672907E-04    0.147109106810142851E+02    0.299278539673402690E+02
    0.294369490309418121E-04    0.140995056708751854E+02    0.299256822862502005E+02
    0.362543667944039070E-04    0.136628873062572644E+02    0.297292315151497917E+02
    0.408711043380941021E-04    0.134031603450118908E+02    0.297301839530692575E+02
    0.409549275677900950E-04    0.133790627121649663E+02    0.297302727979371113E+02
    0.425439241295121339E-04    0.132829328786213718E+02    0.299227052991845675E+02
    0.629995936668145988E-04    0.124777504276609275E+02    0.299196765841408734E+02
    0.735749189514115588E-04    0.121473985958539821E+02    0.299184050331791838E+02
    0.761997587972217181E-04    0.120572903863425864E+02    0.299180551284186791E+02
    0.916111576322026883E-04    0.116689008359884117E+02    0.297368019749534973E+02
    0.108275419622082595E-03    0.113146506557069735E+02    0.297382146933851637E+02
    0.137832538967177452E-03    0.108119280558519790E+02    0.299130741892027743E+02
    0.144470941324478466E-03    0.106978502024780795E+02    0.297407298414881538E+02
    0.147896841977036332E-03    0.106309769467992474E+02    0.297410069701541708E+02
    0.150750244050119474E-03    0.105727580719117071E+02    0.299120843669272318E+02
    0.168093148830835261E-03    0.103349704147862198E+02    0.297422445719713977E+02
    0.171617956846158452E-03    0.102734653305267258E+02    0.299108293253932658E+02
    0.217322612939120483E-03    0.978124109078680348E+01    0.297446098144366857E+02
    0.267257320259055677E-03    0.934758309976908208E+01    0.299068224398964091E+02
    0.297280666643395352E-03    0.911465358473740395E+01    0.299057824629137698E+02
    0.351286492928093333E-03    0.876080276151918369E+01    0.297491574287414551E+02
    0.516408902598542883E-03    0.797020918382079557E+01    0.299004601764508777E+02
    0.599948898470670905E-03    0.765031801618921214E+01    0.298989024190516410E+02
    0.602118075137917817E-03    0.762309985257797429E+01    0.297545650107629669E+02
    0.605190034034842135E-03    0.759292195183089813E+01    0.297547139812162662E+02
    0.700170498041371775E-03    0.728135923290436793E+01    0.297562704080140392E+02
    0.714140406305047051E-03    0.722184779995008164E+01    0.297565716312427817E+02
    0.749411731380902088E-03    0.710542989973268391E+01    0.297571646672083858E+02
    0.806340763948722975E-03    0.693899410650794302E+01    0.297580213930722657E+02
    0.872676340867277402E-03    0.676087749387285619E+01    0.298943830818444631E+02
    0.898177632149391213E-03    0.668327126619566592E+01    0.298939743648425740E+02
    0.971735702986360468E-03    0.650583926697977155E+01    0.298930304547414138E+02
    0.104000075932652713E-02    0.635005353642257475E+01    0.297611428434900667E+02
    0.108863390307919789E-02    0.623864920241886178E+01    0.298915831556655505E+02
    0.107818008511886853E-02    0.623794739622002048E+01    0.298915793116732935E+02
    0.109536438464446573E-02    0.618632226441759059E+01    0.298912959191528209E+02
    0.108946663384007231E-02    0.617711992351306627E+01    0.297620880603790283E+02
    0.113875265186469182E-02    0.606862942629217006E+01    0.297626881734675450E+02
    0.115549599649601470E-02    0.601943705099399029E+01    0.298903711904257641E+02
    0.115509491725886192E-02    0.600013138288769987E+01    0.297630699853674372E+02
    0.115334652052756872E-02    0.598316095433272643E+01    0.298901683990207516E+02
    0.114545751905076234E-02    0.597688814866712725E+01    0.297632000663940559E+02
    0.116091618102289362E-02    0.593007741375562247E+01    0.298898704775996187E+02
    0.125287292391477144E-02    0.575761791636279252E+01    0.298888927371808464E+02
    0.129264724061465956E-02    0.567511194267233421E+01    0.297649138291852076E+02
    0.134789963821141715E-02    0.557140130826594326E+01    0.297655138813454343E+02
    0.154891663747334235E-02    0.527338493699064426E+01    0.297672718823869182E+02
    0.165322255438492727E-02    0.512304353011653468E+01    0.298851545368172324E+02
    0.171548569932234536E-02    0.502910392872304080E+01    0.297687526833774356E+02
    0.186023406953079399E-02    0.484709177568951866E+01    0.297698811174833935E+02
    0.186490782710789678E-02    0.482207316414753429E+01    0.298832953482988017E+02
    0.185681076681287857E-02    0.481077567387908367E+01    0.297701089632785667E+02
    0.195571489644765124E-02    0.468698481791893951E+01    0.298824407176169871E+02
    0.200967349184251508E-02    0.461255188895895607E+01    0.297713691560844254E+02
    0.199479670370322597E-02    0.460741213848448172E+01    0.297714022138699335E+02
    0.209823761093597041E-02    0.448630090399457959E+01    0.297721869805589421E+02
    0.209128294577516898E-02    0.447294096836936816E+01    0.298810590907690106E+02
    0.228452658722758323E-02    0.427617878287537501E+01    0.297735760269702183E+02
    0.230560251585455777E-02    0.423781234806089646E+01    0.297738335972376831E+02
    0.233580523845339921E-02    0.419178304789106981E+01    0.297741442783117911E+02
    0.233726447600259490E-02    0.417053398662231167E+01    0.298790450098528666E+02
    0.241896610374972955E-02    0.408181598492305220E+01    0.297748940631183849E+02
    0.239969429651512188E-02    0.407781371739432430E+01    0.297749215565473691E+02
    0.248868042554788865E-02    0.398499118212283587E+01    0.297755633469597711E+02
    0.246981216854994749E-02    0.398021221771826728E+01    0.297755966078221981E+02
    0.246302710861461861E-02    0.396571417213691202E+01    0.298776356885238208E+02
    0.246720823833575416E-02    0.394232193592158708E+01    0.298774722442146938E+02
    0.251867173392913762E-02    0.388103307726780322E+01    0.298770414969057114E+02
    0.253621510639335558E-02    0.384715071475012849E+01    0.298768017780872626E+02
    0.252729534697886506E-02    0.383419702676871754E+01    0.297766235064376978E+02
    0.252270759622698392E-02    0.381783088763222622E+01    0.298765934104250590E+02
    0.258047869004840100E-02    0.375254658196834345E+01    0.298761263001790311E+02
    0.258584655763955101E-02    0.372839053737926696E+01    0.297773809921205093E+02
    0.261244391020860195E-02    0.368792412840425898E+01    0.297776737936908873E+02
    0.266868856405816889E-02    0.362532206849914118E+01    0.297781302413549085E+02
    0.270094570554944933E-02    0.358129247697649067E+01    0.298748794725411884E+02
    0.268603762212139656E-02    0.357236221347279503E+01    0.297785197639553623E+02
    0.271273995334624096E-02    0.353257806893758497E+01    0.297788144640688053E+02
    0.274865844510780929E-02    0.348627051396368381E+01    0.297791597884636481E+02
    0.307215493208563969E-02    0.324373792770128366E+01    0.297810110442341696E+02
    0.304391973444987068E-02    0.324220428056067433E+01    0.297810229894903422E+02
    0.307818508557319284E-02    0.319981609222389363E+01    0.298719789448533817E+02
    0.331283280594779107E-02    0.303288911100056158E+01    0.298706496056700814E+02
    0.343558035021030751E-02    0.294012469611228466E+01    0.297834401341058026E+02
    0.352035708404900690E-02    0.287137156537795368E+01    0.297840094046583452E+02
    0.348633684222595264E-02    0.287079328382333454E+01    0.297840142250061035E+02
    0.347102312212646492E-02    0.285959762622244629E+01    0.298692256777347289E+02
    0.344962965332473595E-02    0.285196266613434268E+01    0.298691618442535400E+02
    0.341711570943821962E-02    0.285090275210558186E+01    0.298691529750671059E+02
    0.346138120874440536E-02    0.280516101758806657E+01    0.297845648977508546E+02
    0.347905099571225920E-02    0.277497731454233065E+01    0.297848205798815187E+02
    0.346964504329162586E-02    0.276039183151802892E+01    0.297849446930773141E+02
    0.354630770023688438E-02    0.269668246740422646E+01    0.298678421283336277E+02
    0.355530807633730982E-02    0.267161298395004243E+01    0.298676250779548660E+02
    0.368674077805401703E-02    0.257901080343127509E+01    0.298668131611060730E+02
    0.371399448019441112E-02    0.254428046954476317E+01    0.297868289472357795E+02
    0.378959861724202001E-02    0.248397620748186121E+01    0.298659624788946090E+02
    0.376443700132639194E-02    0.247729979251164423E+01    0.298659020229895802E+02
    0.373715339254128377E-02    0.247184802970232909E+01    0.297874807460231850E+02
    0.389549449026006540E-02    0.236885517016799341E+01    0.298649066589508863E+02
    0.388974027923644997E-02    0.235181164469538739E+01    0.297885854748580954E+02
    0.396105534800499006E-02    0.229547543940693988E+01    0.297891151571361199E+02
    0.399673616514233717E-02    0.225754028431200116E+01    0.297894760797160281E+02
    0.452438506629478186E-02    0.198953308104066151E+01    0.298612000832023767E+02
    0.458008059649643497E-02    0.194506323205279386E+01    0.297925941872455233E+02
    0.458417211222537490E-02    0.192327737296276591E+01    0.297928222921349928E+02
    0.454384860805707134E-02    0.192094769502196372E+01    0.298604865576713863E+02
    0.452664239776601543E-02    0.190853547871230189E+01    0.298603558127324220E+02
    0.449539953695658658E-02    0.190238732552240841E+01    0.297930424708756334E+02
    0.462108228492924197E-02    0.182723854603980218E+01    0.298594865906537379E+02
    0.463818358508990853E-02    0.179985078124462206E+01    0.297941448022265263E+02
    0.462982715893634107E-02    0.178345734953584367E+01    0.297943245251911009E+02
    0.459626923117672365E-02    0.177800654751965004E+01    0.298589488287588694E+02
    0.461704830862099021E-02    0.174898520962017168E+01    0.297947057437527754E+02
    0.459297762926038061E-02    0.173943935354048218E+01    0.298585212178200621E+02
    0.466264919026554252E-02    0.168932885823155332E+01    0.297953764397709264E+02
    0.478731865213565151E-02    0.161655547429223811E+01    0.297962146004432640E+02
    0.479867720849387440E-02    0.159181582623094209E+01    0.297965048414789706E+02
    0.477280997801449430E-02    0.158262597222009260E+01    0.297966133691544712E+02
    0.472539950568216620E-02    0.158259220529479760E+01    0.298567195646853385E+02
    0.470172454428938787E-02    0.157263769150666866E+01    0.298566015612540916E+02
    0.470027328911439782E-02    0.155325511568063490E+01    0.298563704500776801E+02
    0.467994500697706262E-02    0.154192370454274807E+01    0.297970988318361663E+02
    0.463829299816157555E-02    0.153980360252512161E+01    0.297971243372313914E+02
    0.460085877884284546E-02    0.153601046872547098E+01    0.297971700246735267E+02
    0.466790343380685258E-02    0.148707636824156753E+01    0.298555674332015712E+02
    0.466340374550867215E-02    0.146900522496462127E+01    0.298553442487741307E+02
    0.474599735497103787E-02    0.141389322158013808E+01    0.298546526088085358E+02
    0.475176848850878721E-02    0.139146269872113093E+01    0.298543661678090153E+02
    0.471427457880315738E-02    0.138730632229928807E+01    0.297990205689659149E+02
    0.473517206122040304E-02    0.135846029468243112E+01    0.297993940799296197E+02
    0.474739048132852282E-02    0.133330623350318689E+01    0.297997240117318682E+02
    0.471785040109173100E-02    0.132578987824560146E+01    0.298535099468536487E+02
    0.472967034420148248E-02    0.130078541216581112E+01    0.298531766786911845E+02
    0.480741690481434163E-02    0.124817659528908753E+01    0.298524614340297703E+02
    0.483122655497897867E-02    0.121829566185973781E+01    0.298520462127529278E+02
    0.479261337912477610E-02    0.121434471642423647E+01    0.298013425319658296E+02
    0.477781552647411119E-02    0.120052954453980965E+01    0.298015372481274881E+02
    0.482100159622126604E-02    0.116253300992998843E+01    0.298512525959387602E+02
    0.479489544127449912E-02    0.115339261834096551E+01    0.298022132807221070E+02
    0.475071617779795376E-02    0.115190566106292591E+01    0.298022349108494637E+02
    0.472532658546029414E-02    0.114262306862581253E+01    0.298023703760508241E+02
    0.472806900138752172E-02    0.112146267457312354E+01    0.298506512939592277E+02
    0.469507128625087315E-02    0.111546983100198638E+01    0.298505622890421662E+02
    0.465028678819204375E-02    0.111463863781702410E+01    0.298027834152547833E+02
    0.462050579887286587E-02    0.110748806421867707E+01    0.298028901058206017E+02
    0.461682851435442701E-02    0.108908042174866804E+01    0.298501663468044214E+02
    0.461514897678606123E-02    0.106980812611688325E+01    0.298034604127032097E+02
    0.459837606218727220E-02    0.105709000055990421E+01    0.298496772342959176E+02
    0.460706757322137169E-02    0.103331331625828793E+01    0.298493068600896052E+02
    0.458841650526092566E-02    0.102142646979225660E+01    0.298491194056895566E+02
    0.460091706845548471E-02    0.995985130306615063E+00    0.298046204907978165E+02
    0.463122413492173153E-02    0.962853972682990777E+00    0.298481718738530688E+02
    0.461239227694036982E-02    0.951003113969829506E+00    0.298479750372947308E+02
    0.457729241822758901E-02    0.946281126464447064E+00    0.298478960990905762E+02
    0.455264133764271377E-02    0.937081266376833977E+00    0.298055918789260410E+02
    0.456889546473533085E-02    0.909953456820618012E+00    0.298060546364047809E+02
    0.461362075329194155E-02    0.870470499782187379E+00    0.298067473538756254E+02
    0.457120052575885061E-02    0.868944687952216688E+00    0.298465587253917342E+02
    0.455542703708705730E-02    0.855857867773921588E+00    0.298463234165781763E+02
    0.455692068928165422E-02    0.835202207014335229E+00    0.298073871607806176E+02
    0.452786439108458696E-02    0.827995639997965771E+00    0.298075205266553773E+02
    0.451777403566920675E-02    0.812457617859361103E+00    0.298455220483160630E+02
    0.448271943510842718E-02    0.808036664907905378E+00    0.298078948359520304E+02
    0.444146876903376946E-02    0.806526171817852022E+00    0.298454098654320674E+02
    0.442062221259497453E-02    0.795935506447016938E+00    0.298081254595824419E+02
    0.438150240501989068E-02    0.793713062138058700E+00    0.298081681273919514E+02
    0.436439207649058115E-02    0.781538608350687336E+00    0.298449297049116637E+02
    0.432212294814458831E-02    0.781003013514318112E+00    0.298084140586749555E+02
    0.428536145406959671E-02    0.778086619303946847E+00    0.298084709578821290E+02
    0.425939456303247276E-02    0.770242365317528543E+00    0.298447084426879883E+02
    0.421836637374290759E-02    0.769600547226574450E+00    0.298086375436145659E+02
    0.421054971869363852E-02    0.753309995608468008E+00    0.298443716062532900E+02
    0.419998774696895075E-02    0.738333207178482942E+00    0.298092650941772419E+02
    0.419124403647068867E-02    0.722501231081761675E+00    0.298095916430651755E+02
    0.415029801607478925E-02    0.722136137438581405E+00    0.298095992471533009E+02
    0.412551480207666750E-02    0.714114797965641812E+00    0.298097671771708264E+02
    0.409885994779259251E-02    0.707078675911962051E+00    0.298099158672633990E+02
    0.406118624898063087E-02    0.705546201993172861E+00    0.298433849058507832E+02
    0.402462196572676238E-02    0.703634453169831087E+00    0.298433441981263101E+02
    0.400315446213063159E-02    0.694331091254515864E+00    0.298431446620410661E+02
    0.397697977747844822E-02    0.687451060283445159E+00    0.298429955326741521E+02
    0.393942879807598987E-02    0.686424947587289447E+00    0.298103601592248211E+02
    0.391235805660960882E-02    0.680215871477233280E+00    0.298104961118852323E+02
    0.390206481432928262E-02    0.665484717764883937E+00    0.298425100045364147E+02
    0.386887333119458705E-02    0.662569751441608235E+00    0.298108888819706443E+02
    0.384980190974391423E-02    0.652453033049093190E+00    0.298422147977137442E+02
    0.382080593674624961E-02    0.647573665828876099E+00    0.298112305205539982E+02
    0.378642790255816772E-02    0.645650285501888299E+00    0.298112748873773761E+02
    0.375085872254648329E-02    0.644526810078817514E+00    0.298113008619746296E+02
    0.374716938091136003E-02    0.626494976579124119E+00    0.298117239320883343E+02
    0.372269341613666463E-02    0.619601537186166396E+00    0.298118888686124102E+02
    0.370171759109866718E-02    0.610902571478475820E+00    0.298120996702651269E+02
    0.367728044676482587E-02    0.604149483076435123E+00    0.298122654449141393E+02
    0.364278047243269494E-02    0.603001910763156013E+00    0.298122938055547415E+02
    0.361299492580189436E-02    0.599422327498757013E+00    0.298409507016396773E+02
    0.359589482567909593E-02    0.588910685781533383E+00    0.298126467269417930E+02
    0.356156878116353336E-02    0.588094189643753928E+00    0.298126674491737731E+02
    0.353641803064208863E-02    0.582267704725459412E+00    0.298128162221882675E+02
    0.350140505237273763E-02    0.582167760024860259E+00    0.298128187881120965E+02
    0.346660996749525952E-02    0.582142099341442787E+00    0.298128194469867083E+02
    0.343372610047599190E-02    0.581204426529149831E+00    0.298404897887202978E+02
    0.343258065097531723E-02    0.561871713647403737E+00    0.298399832351575149E+02
    0.340600809792553604E-02    0.557414503402335448E+00    0.298398636899917058E+02
    0.339146010847852239E-02    0.545975344714199951E+00    0.298395518097313257E+02
    0.336125167370612170E-02    0.543869569887171944E+00    0.298394935708886422E+02
    0.333439571860030294E-02    0.539913484717934988E+00    0.298393834373180304E+02
    0.330355775080877012E-02    0.538496434894180642E+00    0.298139895780448754E+02
    0.327744900530710414E-02    0.534365667945545741E+00    0.298392273649613529E+02
    0.325420520196231019E-02    0.528600286452362123E+00    0.298142702431981590E+02
    0.322264166372302277E-02    0.528093591614091529E+00    0.298142847848031884E+02
    0.319898792247554943E-02    0.522827451863853820E+00    0.298144369410772647E+02
    0.316937065276671169E-02    0.521430351114341217E+00    0.298388557065847948E+02
    0.314436136391009957E-02    0.517274811786797795E+00    0.298145994530720841E+02
    0.311577999387863819E-02    0.515537382544503098E+00    0.298386825785629100E+02
    0.308584095415944054E-02    0.514847993469229492E+00    0.298386621619239278E+02
    0.306300449122053281E-02    0.509703834709612891E+00    0.298385087035698220E+02
    0.303316097333938741E-02    0.509285820443464154E+00    0.298384961460899731E+02
    0.331288943875832336E-02    0.332821588110613908E+00    0.298228652317927185E+02
    0.309895694848876663E-02    0.466331916462662310E+00    0.298371257098848623E+02
    0.333015147756205538E-02    0.322427506319441559E+00    0.298240096834056416E+02
    0.329324127470884001E-02    0.344718550395046341E+00    0.298314532070843157E+02
    0.315595878678114929E-02    0.429878401328703252E+00    0.298358028083790785E+02
    0.318817575178834351E-02    0.409565312596431752E+00    0.298349747484122183E+02
    0.318401441218547606E-02    0.412177500925620999E+00    0.298182475349753346E+02
    0.332871849470162736E-02    0.323288302753983348E+00    0.298294364467948299E+02
    0.334189066288111038E-02    0.315389662621440414E+00    0.298281001488595976E+02
    0.333481128121669882E-02    0.319630908899443567E+00    0.298244148077566322E+02
    0.327371213494320919E-02    0.356613988731954212E+00    0.298210657785636322E+02
    0.314463706010782067E-02    0.437066127146559014E+00    0.298172549528438822E+02
    0.324079593360472032E-02    0.376825173439530481E+00    0.298199033578938106E+02
    0.320598077454398861E-02    0.398426974833309910E+00    0.298188497857958765E+02
    0.307455833134031046E-02    0.482140572033824766E+00    0.298156833476934011E+02
    0.334105820129829319E-02    0.315887922658466880E+00    0.298282188230524739E+02
    0.333722547730960295E-02    0.318183557042350518E+00    0.298286770498548748E+02
    0.316878755870665186E-02    0.421765007482945209E+00    0.298178519312266914E+02
    0.331227749086208294E-02    0.333191056777281724E+00    0.298305025029998454E+02
    0.329574884451290994E-02    0.343196271636234562E+00    0.298219945729357789E+02
    0.334300721182403861E-02    0.314721560296326197E+00    0.298279235581539091E+02
    0.334177877861926856E-02    0.315456622403238574E+00    0.298252166711348501E+02
    0.331658948158310325E-02    0.330589109055518748E+00    0.298302532202267656E+02
    0.334050994600556140E-02    0.316216142191289407E+00    0.298250410621628959E+02
    0.328981721454633079E-02    0.346799079059268878E+00    0.298316053361453726E+02
    0.325384088859798906E-02    0.368790868893707546E+00    0.298329935191483031E+02
    0.329265409021524316E-02    0.345075181931149166E+00    0.298314796256128538E+02
    0.327397765854616028E-02    0.356451779701612237E+00    0.298322572479333061E+02
    0.319996391205337695E-02    0.402184025232192432E+00    0.298186807223372981E+02
    0.317919965133354847E-02    0.415204123461170582E+00    0.298352126624161471E+02
    0.333942447909650738E-02    0.316866128762734678E+00    0.298284287116932489E+02
    0.327915256437870612E-02    0.353293040758725585E+00    0.298320526099024903E+02
    0.320088849515945493E-02    0.401606237741595262E+00    0.298187064885450823E+02
    0.318900262500455660E-02    0.409046667407607534E+00    0.298183808107703641E+02
    0.326703043876004802E-02    0.360700190524568087E+00    0.298208121221891105E+02
    0.325850218137797116E-02    0.365927817284837475E+00    0.298328305221576429E+02
    0.310207644967861601E-02    0.464319670275487539E+00    0.298162762550088871E+02
    0.329679288040235887E-02    0.342562806765328354E+00    0.298312903011593562E+02
    0.334083195863617202E-02    0.316023358983692881E+00    0.298282495437060220E+02
    0.318989532064692860E-02    0.408486886921509695E+00    0.298349284668222516E+02
    0.334110005403359406E-02    0.315862869234883215E+00    0.298282130733654753E+02
    0.317485712753703356E-02    0.417937825487278758E+00    0.298353256509740419E+02
    0.330035929186120415E-02    0.340400412014902454E+00    0.298311209110457227E+02
    0.330643325763963110E-02    0.336723004289942507E+00    0.298308169976769655E+02
    0.314159627826420852E-02    0.439001010512862222E+00    0.298171821385211828E+02
    0.333426474262747208E-02    0.319958713583931076E+00    0.298243636308215017E+02
    0.334623680414490501E-02    0.312790345011554172E+00    0.298262122796468745E+02
    0.332772668230188430E-02    0.323884304001321732E+00    0.298295119267721027E+02
    0.303972039452864726E-02    0.504932018341472832E+00    0.298383645530730277E+02
    0.334428996340663557E-02    0.313954283733186124E+00    0.298256497314074878E+02
    0.334668868093161752E-02    0.312520282666824689E+00    0.298267867634181840E+02
    0.333826794733362020E-02    0.317558902074587812E+00    0.298247699744208745E+02
    0.332111583225125221E-02    0.327861448723681836E+00    0.298299717683096048E+02
    0.329991098335918409E-02    0.340672103011794847E+00    0.298221907873703671E+02
    0.332978501438836640E-02    0.322647606420699673E+00    0.298293529420950101E+02
    0.330497610058177495E-02    0.337604605777614974E+00    0.298224414845275732E+02
    0.334669702666070623E-02    0.312515295218346367E+00    0.298265623757289191E+02
    0.320207256900328831E-02    0.400866533816824855E+00    0.298187395975962275E+02
    0.333721286926296195E-02    0.318191113061890796E+00    0.298286783857655671E+02
    0.334600286093947796E-02    0.312930174555761498E+00    0.298261135826709634E+02
    0.332707612329487387E-02    0.324275335277881605E+00    0.298295603791183694E+02
    0.332584352447137495E-02    0.325016422741949640E+00    0.298236832848132742E+02
    0.331327304800441797E-02    0.332590015614593948E+00    0.298304463800586994E+02
    0.331708072247847811E-02    0.330292898432342441E+00    0.298231095993670365E+02
    0.333833930859564129E-02    0.317516149065887821E+00    0.298285553273920812E+02
    0.332533119534798079E-02    0.325324536208210724E+00    0.298236467874981415E+02
    0.330418389648138135E-02    0.338084064047370791E+00    0.298224013282027869E+02
    0.324034253630747218E-02    0.377104999152308329E+00    0.298198886630719109E+02
    0.330965107702877554E-02    0.334777551674710350E+00    0.298306468443667470E+02
    0.334619006214408694E-02    0.312818282261672131E+00    0.298271424124524884E+02
    0.325662623394991574E-02    0.367079565867712343E+00    0.298328966053283331E+02
    0.313777339996662314E-02    0.441436209563581317E+00    0.298362420502749188E+02
    0.333196810321462721E-02    0.321336786961695264E+00    0.298291734449566164E+02
    0.332778536846767281E-02    0.323849033287157417E+00    0.298295075157775571E+02
    0.304503181731980354E-02    0.501440389459787639E+00    0.298150753936441504E+02
    0.334534566087594815E-02    0.313323040097585048E+00    0.298274316980112957E+02
    0.315070567423509284E-02    0.433210187120318890E+00    0.298174017675692369E+02
    0.319617186742659305E-02    0.404555485252308444E+00    0.298185758275011885E+02
    0.306584732157745479E-02    0.487815125865590449E+00    0.298155011602317188E+02
    0.333936165984508298E-02    0.316903751917672560E+00    0.298248970461086884E+02
    0.334668659474122001E-02    0.312521529386340757E+00    0.298265429339473656E+02
    0.324828249832555043E-02    0.372210300544363326E+00    0.298201504823410914E+02
    0.334545374865537638E-02    0.313258421344086768E+00    0.298274010520182813E+02
    0.333665652727873968E-02    0.318524557996129110E+00    0.298287364806995114E+02
    0.328469556919325657E-02    0.349915140466460661E+00    0.298215085350175642E+02
    0.315654543774576907E-02    0.429506662351308965E+00    0.298357883297645898E+02
    0.309389146171356851E-02    0.469603747174066832E+00    0.298372363506833551E+02
    0.324088064134469894E-02    0.376772898236346299E+00    0.298334272267084941E+02
    0.333093294781678121E-02    0.321958231223434699E+00    0.298240732416505097E+02
    0.304612771395042659E-02    0.500720725732826111E+00    0.298382358433620922E+02
    0.329283064027285390E-02    0.344967946054141383E+00    0.298314716970717768E+02
    0.334389461226130983E-02    0.314190731242258436E+00    0.298277631600648476E+02
    0.324012234898781977E-02    0.377240907500635880E+00    0.298334517958966146E+02
    0.323145152934386972E-02    0.382600237391906850E+00    0.298337270531788121E+02
    0.326370540901772289E-02    0.362736732872709189E+00    0.298326436139586946E+02
    0.330601209493801588E-02    0.336977774003554831E+00    0.298308387665059769E+02
    0.311364078333219163E-02    0.456877667003310672E+00    0.298367992163557787E+02
    0.309493099252086071E-02    0.468931870852032306E+00    0.298372137250951930E+02
    0.325992122451244058E-02    0.365057028096393510E+00    0.298327800852394702E+02
    0.323497703699396257E-02    0.380419430497813904E+00    0.298336163617453956E+02
