    0.272051307066158969E+02   -0.673056549606874377E+01
    0.272444300720055388E+02   -0.513332796508517664E+01
    0.272844378737071693E+02   -0.373645185556316761E+01
    0.277206660307113246E+02   -0.350949387508209920E+01
    0.272916517673486183E+02   -0.350918075478123548E+01
    0.277204972468578248E+02   -0.350426614909554601E+01
    0.273014594684976082E+02   -0.321224966378143151E+01
    0.273019509024564329E+02   -0.319773689499246982E+01
    0.273043033298838154E+02   -0.312874941248834348E+01
    0.277024374044494870E+02   -0.296867639250706894E+01
    0.273143897201559192E+02   -0.284201629202457351E+01
    0.276936843028398378E+02   -0.272604128172683913E+01
    0.276936439708420892E+02   -0.272494889683701746E+01
    0.276934868263765921E+02   -0.272069490853588647E+01
    0.273203407272725869E+02   -0.267973549575911907E+01
    0.273257874815015569E+02   -0.253568902100090154E+01
    0.273345042794082893E+02   -0.231407861799374892E+01
    0.273355746039892971E+02   -0.228762391363501916E+01
    0.273361126998326185E+02   -0.227438656142651086E+01
    0.273384379826013593E+02   -0.221766463244845635E+01
    0.276737584152440022E+02   -0.221496934914641264E+01
    0.273389249897221625E+02   -0.220588371006956541E+01
    0.276725202354364583E+02   -0.218510429769906889E+01
    0.276722138765601251E+02   -0.217774905771466987E+01
    0.273411475998296822E+02   -0.215255271969759754E+01
    0.273417906282140812E+02   -0.213725649254099759E+01
    0.276691767302092266E+02   -0.210556489856798423E+01
    0.276686744980582588E+02   -0.209375667860196346E+01
    0.276675471442101255E+02   -0.206738360474985594E+01
    0.273492037688608853E+02   -0.196522744565084451E+01
    0.276610762765309666E+02   -0.191955647193940582E+01
    0.273602195862435416E+02   -0.172425666172265402E+01
    0.273608914631659985E+02   -0.171012650641497244E+01
    0.276506251676717127E+02   -0.169357337745688152E+01
    0.273620748519897461E+02   -0.168539737543940848E+01
    0.276447150809537519E+02   -0.157276387537924522E+01
    0.276437298605867170E+02   -0.155311538345405387E+01
    0.276437016293550286E+02   -0.155255442741093219E+01
    0.276421190804296160E+02   -0.152129320232966103E+01
    0.273704649801387276E+02   -0.151587100552102072E+01
    0.276416933726483585E+02   -0.151294563587961206E+01
    0.276408738480565539E+02   -0.149694954540192704E+01
    0.273715878459320550E+02   -0.149395445395374415E+01
    0.273736556146196826E+02   -0.145407138879744635E+01
    0.276383631876910769E+02   -0.144854845652166664E+01
    0.276375202261244546E+02   -0.143250181962924339E+01
    0.273764153681579252E+02   -0.140180353918202472E+01
    0.276349255500074946E+02   -0.138375369211959365E+01
    0.273773977704957581E+02   -0.138346301973898100E+01
    0.276323321851424311E+02   -0.133600191275906299E+01
    0.276318541660997496E+02   -0.132730615531237062E+01
    0.273805698582406656E+02   -0.132519492538890105E+01
    0.276310129061051484E+02   -0.131208275212606451E+01
    0.273819142638853563E+02   -0.130093806520513788E+01
    0.273830677061033469E+02   -0.128033480361441176E+01
    0.276258833079835320E+02   -0.122146980387796988E+01
    0.273916119666100855E+02   -0.113369800283397737E+01
    0.273937448034750091E+02   -0.109873888719629997E+01
    0.273939546893199619E+02   -0.109533418129299531E+01
    0.273940740167797827E+02   -0.109340132383577360E+01
    0.276161645778659306E+02   -0.106021325834144875E+01
    0.276153655381659888E+02   -0.104756227803172375E+01
    0.276151215157242476E+02   -0.104371711921415700E+01
    0.276138051794848707E+02   -0.102312342606116347E+01
    0.276126171286334312E+02   -0.100475160566642652E+01
    0.276126171286334312E+02   -0.100475160566642652E+01
    0.273998603898820292E+02   -0.100214209615779248E+01
    0.276121033620465006E+02   -0.996869951334643067E+00
    0.276121033620465006E+02   -0.996869951334643067E+00
    0.274014684305622040E+02   -0.977639796646793457E+00
    0.274027459962048354E+02   -0.958439316176070255E+00
    0.274030383661827948E+02   -0.954078450184855709E+00
    0.274030383661827948E+02   -0.954078450184855709E+00
    0.276089453948022339E+02   -0.949261247020188437E+00
    0.276055972411673629E+02   -0.900358593673777574E+00
    0.276053025671375281E+02   -0.896132153626632011E+00
    0.276053025671375281E+02   -0.896132153626632011E+00
    0.274090524616847482E+02   -0.867113986462737629E+00
    0.274092622919252165E+02   -0.864174138658908797E+00
    0.276025297860686614E+02   -0.856977086865147730E+00
    0.276019114947815076E+02   -0.848397482370980227E+00
    0.276010666642851703E+02   -0.836763621671562263E+00
    0.276010666642851703E+02   -0.836763621671562263E+00
    0.274134253074799439E+02   -0.807162537819201997E+00
    0.274134253074799439E+02   -0.807162537819201997E+00
    0.274139345935664274E+02   -0.800359830160323527E+00
    0.274140777020605526E+02   -0.798455024176926376E+00
    0.275953175123063090E+02   -0.760332022280086783E+00
    0.274173040895985984E+02   -0.756296235704103093E+00
    0.274184632666175609E+02   -0.741516571777859457E+00
    0.274188048152096400E+02   -0.737198799984916553E+00
    0.274199987794316513E+02   -0.722237411624813364E+00
    0.275922216689253617E+02   -0.721152243465947196E+00
    0.275922216689253617E+02   -0.721152243465947196E+00
    0.274201086550281410E+02   -0.720870923410328546E+00
    0.274233742866239147E+02   -0.681053408307185748E+00
    0.274233742866239147E+02   -0.681053408307185748E+00
    0.275888654587007522E+02   -0.680241296439539345E+00
    0.275888654587007522E+02   -0.680241296439539345E+00
    0.275887574866008620E+02   -0.678952170577732272E+00
    0.275887574866008620E+02   -0.678952170577732272E+00
    0.274241929423410191E+02   -0.671313106151621208E+00
    0.274241929423410191E+02   -0.671313106151621208E+00
    0.275878636678583398E+02   -0.668345149035750818E+00
    0.275877494644920773E+02   -0.666998202353728420E+00
    0.275877494644920773E+02   -0.666998202353728420E+00
    0.275868989027279312E+02   -0.657025702237066356E+00
    0.275868989027279312E+02   -0.657025702237066356E+00
    0.274260952533516509E+02   -0.649053388704282197E+00
    0.275852239030399708E+02   -0.637692516418712718E+00
    0.274276289611363353E+02   -0.631487448215908076E+00
    0.274277072580641850E+02   -0.630599809363928898E+00
    0.275844536256791919E+02   -0.628937852589022905E+00
    0.274280521007028746E+02   -0.626700925889106863E+00
    0.275837461947768290E+02   -0.620972975836054930E+00
    0.274293143136440811E+02   -0.612576506332448201E+00
    0.274302381282618732E+02   -0.602384684485486765E+00
    0.275819439602609364E+02   -0.601008502558045721E+00
    0.274305555632858393E+02   -0.598911095285421524E+00
    0.274308643723546410E+02   -0.595545864178811946E+00
    0.274308643723546410E+02   -0.595545864178811946E+00
    0.275798824620459158E+02   -0.578747259585431495E+00
    0.275798824620459158E+02   -0.578747259585431495E+00
    0.274324497557865357E+02   -0.578486113816863212E+00
    0.274329031916069965E+02   -0.573673618876307634E+00
    0.274329031916069965E+02   -0.573673618876307634E+00
    0.274330472436876605E+02   -0.572150952897924836E+00
    0.274332072973873693E+02   -0.570462661155058282E+00
    0.274332072973873693E+02   -0.570462661155058282E+00
    0.275780163023434568E+02   -0.559124756847452442E+00
    0.275766930216176647E+02   -0.545515393801072723E+00
    0.274364260692948889E+02   -0.537295608676075731E+00
    0.274364260692948889E+02   -0.537295608676075731E+00
    0.274364453755599591E+02   -0.537101186948307219E+00
    0.274366284896861856E+02   -0.535259832239495470E+00
    0.275745830488156827E+02   -0.524338430043578829E+00
    0.275741513586955271E+02   -0.520084969787899865E+00
    0.274383288236801945E+02   -0.518392944799212607E+00
    0.274383288236801945E+02   -0.518392944799212607E+00
    0.274389886826199145E+02   -0.511959787837266145E+00
    0.274393085368059353E+02   -0.508864068174019302E+00
    0.274396252696848180E+02   -0.505813120214611556E+00
    0.275725734280368329E+02   -0.504766574751851271E+00
    0.275714222629610219E+02   -0.493818074057728096E+00
    0.274415057796362802E+02   -0.487997415920366495E+00
    0.274415057796362802E+02   -0.487997415920366495E+00
    0.275705093032676700E+02   -0.485271197177627733E+00
    0.275703712230403930E+02   -0.483989009623041755E+00
    0.275701273603295292E+02   -0.481731272308417613E+00
    0.275693426102101640E+02   -0.474524172479100614E+00
    0.274460917236769220E+02   -0.446692519674002475E+00
    0.274460917236769220E+02   -0.446692519674002475E+00
    0.274461196227656963E+02   -0.446450533440714170E+00
    0.274472056804605238E+02   -0.437117852275483110E+00
    0.274475987431978083E+02   -0.433782185423274180E+00
    0.275641179625635750E+02   -0.428808869959893368E+00
    0.275641179625635750E+02   -0.428808869959893368E+00
    0.275629779971814628E+02   -0.419358256265638718E+00
    0.274500546561876000E+02   -0.413445782227709002E+00
    0.275622298168668216E+02   -0.413257670532917731E+00
    0.275614901655385225E+02   -0.407306108151392787E+00
    0.275614901655385225E+02   -0.407306108151392787E+00
    0.275601001488307524E+02   -0.396335215279455089E+00
    0.275599011786154051E+02   -0.394787650084591379E+00
    0.275592446355843954E+02   -0.389721707213104729E+00
    0.275591964714542286E+02   -0.389352519952949394E+00
    0.274534913110544849E+02   -0.386450811932666227E+00
    0.275585213169644128E+02   -0.384212601644083218E+00
    0.275579241491267801E+02   -0.379721265647304240E+00
    0.275572163340021703E+02   -0.374464455311534050E+00
    0.274556205174869419E+02   -0.370581762709649210E+00
    0.274556672871561318E+02   -0.370240536779316953E+00
    0.274559426040803132E+02   -0.368238261694784130E+00
    0.274562223836001174E+02   -0.366214748297214177E+00
    0.275559369781639987E+02   -0.365146529629535421E+00
    0.275557983193418217E+02   -0.364150836906354969E+00
    0.274566014367185858E+02   -0.363491271992260834E+00
    0.275538784690550429E+02   -0.350650041730507900E+00
    0.275535459894232027E+02   -0.348366058196191986E+00
    0.275534886313619864E+02   -0.347973649371127236E+00
    0.275530494505305725E+02   -0.344984791865847074E+00
    0.275528745423440178E+02   -0.343802206611771799E+00
    0.275525824596899227E+02   -0.341837235117574079E+00
    0.275524209488914025E+02   -0.340755970289730370E+00
    0.274608797398298670E+02   -0.334190963624143300E+00
    0.274612839016705443E+02   -0.331559706893559958E+00
    0.274614194997071337E+02   -0.330682194910442262E+00
    0.275503476645547245E+02   -0.327210605059668425E+00
    0.275492363676395300E+02   -0.320205776977944667E+00
    0.275479626222124985E+02   -0.312396395163809459E+00
    0.274645069086081364E+02   -0.311420936654791647E+00
    0.274655976922941534E+02   -0.304945073968195535E+00
    0.274656084257529116E+02   -0.304882204494677678E+00
    0.275463671748838443E+02   -0.302945254476679693E+00
    0.275459073062410056E+02   -0.300289338685614304E+00
    0.275455434113542523E+02   -0.298209357302746059E+00
    0.275449587965870322E+02   -0.294907814573771909E+00
    0.275444154430771633E+02   -0.291883553868242773E+00
    0.275436577307238046E+02   -0.287737388664281279E+00
    0.275143852639616995E+02   -0.191047352313049368E+00
    0.275199977039494570E+02   -0.199995408279657977E+00
    0.275320824978028362E+02   -0.234708483333573331E+00
    0.275377114023170257E+02   -0.258078465947730928E+00
    0.275385537928399877E+02   -0.261969596645195202E+00
    0.275170353286829084E+02   -0.194705438411588161E+00
    0.275182989401253906E+02   -0.196806862812230837E+00
    0.275105474822641263E+02   -0.187548026695534914E+00
    0.275412116313150150E+02   -0.274918445627662933E+00
    0.275374073463534685E+02   -0.256699160439743723E+00
    0.275155216159848273E+02   -0.192491715325406904E+00
    0.275157363460555793E+02   -0.192785601469219026E+00
    0.275243484514359125E+02   -0.210062555030582354E+00
    0.275359314704542513E+02   -0.250193789579897130E+00
    0.275434590983238365E+02   -0.286664201226433657E+00
    0.275397251712979347E+02   -0.267550736904355768E+00
    0.275400188497107763E+02   -0.268981068691856340E+00
    0.275162154818861531E+02   -0.193465372136763292E+00
    0.275397632307127225E+02   -0.267735398906867761E+00
    0.275131333145005996E+02   -0.189672005705196767E+00
    0.275291046613655013E+02   -0.224196173628479906E+00
    0.275140540191369567E+02   -0.190661432437844475E+00
    0.275180041463115970E+02   -0.196295984930369039E+00
    0.275379938963180173E+02   -0.259371925753514920E+00
    0.275095613624340665E+02   -0.186992430451619923E+00
    0.275094799232182723E+02   -0.186952825333291883E+00
    0.274857363835927515E+02   -0.216261324524053944E+00
    0.274941827201391433E+02   -0.196503858124835423E+00
    0.274875073044184717E+02   -0.211265044725830214E+00
    0.274889472941886233E+02   -0.207536349470036435E+00
    0.275016573961597572E+02   -0.187614039560185131E+00
    0.274843902832745322E+02   -0.220362094485087118E+00
    0.274845935642954586E+02   -0.219726039484789221E+00
    0.274906565455006096E+02   -0.203499192031501019E+00
    0.274800942486426436E+02   -0.235200146663821441E+00
    0.274931859960574414E+02   -0.198299105984935831E+00
    0.274770269072603703E+02   -0.247425631714705607E+00
    0.274981528826287018E+02   -0.190777181849948796E+00
    0.275028168359083836E+02   -0.186958086631167197E+00
    0.274921051458276224E+02   -0.200408055882334513E+00
    0.274876387286544777E+02   -0.210912315532733929E+00
    0.274964700894302183E+02   -0.192926495463128234E+00
    0.274822234827606415E+02   -0.227512789474401650E+00
    0.275029765385638285E+02   -0.186882949963736056E+00
    0.274920276075680405E+02   -0.200565835129289188E+00
    0.274948160559462238E+02   -0.195437686866602789E+00
    0.274930310039236296E+02   -0.198591161968226265E+00
    0.274879865002115800E+02   -0.209990968162829583E+00
    0.274963813454837798E+02   -0.193051196162197847E+00
    0.274779909793800456E+02   -0.243436689731312994E+00
    0.274945271528717790E+02   -0.195916845913723436E+00
    0.275080410934907214E+02   -0.186411080224050230E+00
    0.274832480547470119E+02   -0.224047060818587551E+00
    0.274754583835601807E+02   -0.254202448986666329E+00
    0.274746996839317674E+02   -0.257607936010546601E+00
    0.274710657327183689E+02   -0.275072091476018077E+00
    0.274738156806021081E+02   -0.261680737077569003E+00
    0.274752677092864843E+02   -0.255050484251965082E+00
    0.274750838587899189E+02   -0.255873143333451236E+00
    0.275201518076747007E+02   -0.200305279751685716E+00
    0.275402000414661785E+02   -0.269869759477132265E+00
    0.275328225210155324E+02   -0.237519606406171119E+00
    0.275316013808920133E+02   -0.232923297905251570E+00
    0.275378869091008198E+02   -0.258880705553601265E+00
    0.275412980579814288E+02   -0.275356641291436721E+00
    0.275257780009032160E+02   -0.213967161960256169E+00
    0.275415422467341919E+02   -0.276600544171932250E+00
    0.275138064521860386E+02   -0.190383351309907883E+00
    0.275319723724456153E+02   -0.234296912256202861E+00
    0.275246029781174641E+02   -0.210736157891306480E+00
    0.275327355322412402E+02   -0.237185059810701399E+00
    0.275294377558724221E+02   -0.225308434338159669E+00
    0.275109708531288248E+02   -0.187829658545849765E+00
    0.275139846713346543E+02   -0.190582644482516800E+00
    0.275230045894802871E+02   -0.206661169256605354E+00
    0.275022989735292427E+02   -0.187227071478148988E+00
    0.275211824048828824E+02   -0.202465782304607766E+00
    0.274955491663814371E+02   -0.194275901875951229E+00
    0.275354025748430189E+02   -0.247939099982329714E+00
    0.275415756609762283E+02   -0.276771426981874014E+00
    0.275012369208657077E+02   -0.187899901741392372E+00
    0.275107400058256992E+02   -0.187672886081425294E+00
    0.275259671878299059E+02   -0.214506016202955785E+00
    0.274823402483128945E+02   -0.227110161418828116E+00
    0.274979164733824071E+02   -0.191054435222084484E+00
    0.275087399462119251E+02   -0.186636862129595266E+00
    0.275135231122633463E+02   -0.190075952147756994E+00
    0.275134012142617905E+02   -0.189947271033826248E+00
    0.274735794453258251E+02   -0.262788238714727396E+00
    0.275266358394394075E+02   -0.216451938577997022E+00
    0.274836957080897086E+02   -0.222580421426076536E+00
    0.275054990073468382E+02   -0.186184816043961532E+00
    0.275267600725412294E+02   -0.216820598137541509E+00
    0.275239576665797507E+02   -0.209046558836357865E+00
    0.275188992364551730E+02   -0.197885983160128981E+00
    0.275279250581004220E+02   -0.220386144515487770E+00
    0.275066154867365569E+02   -0.186169237578060198E+00
