    0.334492703720218927E+02    0.480576982449300782E+01    0.846602042893039419E+00   -0.433555008188357306E+03
    0.329804891807573526E+02    0.525022709103158292E+01    0.635375888452496040E+00   -0.433113349682997466E+03
    0.327936982206734839E+02    0.536118378528618234E+01    0.650315424544540721E+00   -0.433002832847426191E+03
    0.334306325334292964E+02    0.481624308626139097E+01    0.868399317154487482E+00   -0.432843246867465155E+03
    0.331774953394961614E+02    0.508096137759259658E+01    0.676596841812001082E+00   -0.432672268085216217E+03
    0.328262557007112932E+02    0.530558951946885315E+01    0.686975159047623629E+00   -0.432628625953194046E+03
    0.330294529566159838E+02    0.517329573157718769E+01    0.729175640241867429E+00   -0.432627954858979933E+03
    0.331724018013102580E+02    0.500507169129074647E+01    0.805371762733330110E+00   -0.432426403852583576E+03
    0.334518927888566182E+02    0.484331088199524196E+01    0.807913611431378520E+00   -0.431995779512205445E+03
    0.333963893471606781E+02    0.486720912977185449E+01    0.839279813707807021E+00   -0.431932419571306923E+03
    0.330461122896315231E+02    0.517895140106114660E+01    0.655929314747414560E+00   -0.431530867962355615E+03
    0.331913045928285442E+02    0.507829457876381340E+01    0.688293815378186125E+00   -0.431507469432183143E+03
    0.332975385271734652E+02    0.493634078322681802E+01    0.829829594341098375E+00   -0.431498599358733486E+03
    0.332785377135623008E+02    0.493920581623753208E+01    0.793763936482138943E+00   -0.431435980437401327E+03
    0.333060383305433163E+02    0.495753897984627745E+01    0.737733633485933127E+00   -0.431406082182518617E+03
    0.328573574914502586E+02    0.529884523085841685E+01    0.659416790876203085E+00   -0.431342540190973750E+03
    0.331146825400583822E+02    0.509529859564897958E+01    0.763494201419417151E+00   -0.431274248459858029E+03
    0.330560187128025973E+02    0.512846032760630521E+01    0.709773773651745543E+00   -0.431233511774578858E+03
    0.333438792810048028E+02    0.488332284457013355E+01    0.837745800014170650E+00   -0.431197687927611582E+03
    0.329625479410887436E+02    0.523452046324104714E+01    0.651143532143586334E+00   -0.431180105876939706E+03
    0.330746795985226214E+02    0.515816553200063765E+01    0.700199337550269418E+00   -0.431167226842013065E+03
    0.330670451397275116E+02    0.509600879348097280E+01    0.770901482136715166E+00   -0.431081011887930345E+03
    0.330178680756088525E+02    0.518658131268494671E+01    0.665882590214986525E+00   -0.430939102319281460E+03
    0.333848867375206737E+02    0.488517371595355332E+01    0.817400421836025570E+00   -0.430921962941434515E+03
    0.331890301384209891E+02    0.500008966831038393E+01    0.796472307632353216E+00   -0.430920147858391033E+03
    0.334090851069410064E+02    0.487912821087551052E+01    0.789302048393176747E+00   -0.430876311736344064E+03
    0.331140396092754230E+02    0.510122299126481948E+01    0.753827749946350711E+00   -0.430869458445571354E+03
    0.329586315838718136E+02    0.523929639003064906E+01    0.684147990477975698E+00   -0.430833636627879685E+03
    0.328705518841445041E+02    0.528215781570687781E+01    0.685398116616417141E+00   -0.430791299594413204E+03
    0.332413355665922552E+02    0.498927184873184082E+01    0.802366920500580338E+00   -0.430773388372195825E+03
    0.334304713347280469E+02    0.484869150764686196E+01    0.808762743791051286E+00   -0.430771896651150996E+03
    0.330850021081166119E+02    0.515783834869001723E+01    0.680419443770566623E+00   -0.430761222347062699E+03
    0.329698673621658287E+02    0.522211716596812536E+01    0.660834974355323013E+00   -0.430757546262059805E+03
    0.330248867953981957E+02    0.513402526025056893E+01    0.756328091845226425E+00   -0.430692072160641487E+03
    0.333895708994259479E+02    0.486106564352566739E+01    0.823418360516006365E+00   -0.430689401914079099E+03
    0.332728873532145570E+02    0.500498173779470079E+01    0.728421081936080128E+00   -0.430639575815788646E+03
    0.330660719286899507E+02    0.511212269788842200E+01    0.730348231637159229E+00   -0.430566149487426628E+03
    0.330218651936951346E+02    0.518961347164054487E+01    0.701346369468332509E+00   -0.430510067093391797E+03
    0.333283107662080411E+02    0.491644310444147603E+01    0.783194862822562676E+00   -0.430506023910827139E+03
    0.329411647503892198E+02    0.524357218910831335E+01    0.659389534095288776E+00   -0.430494582865442226E+03
    0.333634351262838607E+02    0.490470770328466976E+01    0.772577511488018231E+00   -0.430415787163102436E+03
    0.334189941410026492E+02    0.485534402401727050E+01    0.813547345201907524E+00   -0.430410601441047902E+03
    0.333912647772528857E+02    0.487457324112972312E+01    0.822365789904123234E+00   -0.430408745557874909E+03
    0.331632292771345050E+02    0.507596364856067073E+01    0.742276826935987177E+00   -0.430400251952977328E+03
    0.330804470547436864E+02    0.511061510802649721E+01    0.716354451865423236E+00   -0.430398001295992117E+03
    0.331076687657807582E+02    0.509552582757909889E+01    0.712480775604780625E+00   -0.430378280979004899E+03
    0.331685420841268197E+02    0.509042296025443264E+01    0.699824037781543340E+00   -0.430373610596416029E+03
    0.331726126504616161E+02    0.501697106343553223E+01    0.805373055442869412E+00   -0.430338815599100258E+03
    0.333531220875041612E+02    0.493050458956189885E+01    0.759513093958049001E+00   -0.430325834663187493E+03
    0.330351045577424784E+02    0.518047130594146754E+01    0.701489792181174687E+00   -0.430269638428775977E+03
    0.329823586561097315E+02    0.518302426211085532E+01    0.708402235102109645E+00   -0.430212059021456525E+03
    0.329806698890468866E+02    0.518532737347487149E+01    0.706601394630164803E+00   -0.430162646509949695E+03
    0.330482065698754184E+02    0.512624456811375495E+01    0.762671709850309187E+00   -0.430159034499017309E+03
    0.329921725903272716E+02    0.518847390016472421E+01    0.687870507007477094E+00   -0.430118351914015363E+03
    0.331687813751077272E+02    0.505368127355267305E+01    0.771203216118977797E+00   -0.430093131523438387E+03
    0.334016692158045316E+02    0.487321946182991717E+01    0.801808951181203655E+00   -0.430055303865977407E+03
    0.329888679065294710E+02    0.518132031229681456E+01    0.735230052333924800E+00   -0.430030770955830008E+03
    0.332310353682809634E+02    0.497684833715896868E+01    0.788076643169630331E+00   -0.430005590496224272E+03
    0.333931466299186326E+02    0.487423490828463102E+01    0.801050453282851072E+00   -0.430001904204447897E+03
    0.329343556142607596E+02    0.522738318691840842E+01    0.693122937228950020E+00   -0.429988914708177333E+03
    0.332230626176840360E+02    0.504315988230251921E+01    0.709595128228751593E+00   -0.429978663954774390E+03
    0.333388366365119566E+02    0.493773608957411181E+01    0.754103035107066555E+00   -0.429968512377600632E+03
    0.331543265589265701E+02    0.509480567910855342E+01    0.688093176059398681E+00   -0.429954257602918858E+03
    0.331656316859767344E+02    0.503863580306946446E+01    0.791691160919192782E+00   -0.429951002232998349E+03
    0.333693265972390378E+02    0.490896749688143963E+01    0.774415869876292406E+00   -0.429884992730163901E+03
    0.331308442325126009E+02    0.510595253724109988E+01    0.723200345207200890E+00   -0.429883834416754098E+03
    0.332117767623512705E+02    0.502168089586832167E+01    0.777899773546120388E+00   -0.429871865616909531E+03
    0.331648478817711734E+02    0.502601776013505397E+01    0.778599525360677891E+00   -0.429868596925491261E+03
    0.330874796519518384E+02    0.509517038224850971E+01    0.739450493713969870E+00   -0.429860787822528664E+03
    0.331610735261548868E+02    0.508800641828118128E+01    0.717529103026061321E+00   -0.429844978363339635E+03
    0.329903075431968063E+02    0.521764298027605467E+01    0.680692127613105380E+00   -0.429833056106784511E+03
    0.332676566008952221E+02    0.495418933462184974E+01    0.818638349878804350E+00   -0.429797562461436087E+03
    0.331193772473360752E+02    0.511039688455151708E+01    0.728332785697395568E+00   -0.429779002468811029E+03
    0.333739418221240669E+02    0.490272074223671162E+01    0.783810290321392489E+00   -0.429769963574662597E+03
    0.332254771027796494E+02    0.498282424035147375E+01    0.784454206832950418E+00   -0.429746277892758940E+03
    0.333676646768073866E+02    0.490847899389465692E+01    0.783164201732748921E+00   -0.429729481459265060E+03
    0.330108288102702971E+02    0.515376151242023894E+01    0.736126824330517460E+00   -0.429688270246980039E+03
    0.332746169610872045E+02    0.499144393320037594E+01    0.753957821108120596E+00   -0.429626179770018325E+03
    0.330712451284620386E+02    0.510503805158601054E+01    0.745799160685986173E+00   -0.429598372205963756E+03
    0.331673218307660846E+02    0.507182189625009450E+01    0.740620100149322669E+00   -0.429592570074779360E+03
    0.331673218307660846E+02    0.507182189625009450E+01    0.740620100149322669E+00   -0.429592570074779360E+03
    0.331448618971359039E+02    0.510373683052676164E+01    0.690001077335112289E+00   -0.429584311802966226E+03
    0.330041151957931618E+02    0.520768113258550791E+01    0.680545123786345907E+00   -0.429569288492546775E+03
    0.333591028403793288E+02    0.490430985849189049E+01    0.804556549740748750E+00   -0.429565515518040115E+03
    0.332640377938609362E+02    0.496806535069322663E+01    0.805196329208373252E+00   -0.429561272954845890E+03
    0.332863426641978037E+02    0.497821148570297467E+01    0.737518974044393261E+00   -0.429511531697658825E+03
    0.329540580016939515E+02    0.522945909957107524E+01    0.672321700506012920E+00   -0.429506600399019192E+03
    0.333749287981706289E+02    0.489498728431693486E+01    0.793931995770249865E+00   -0.429494760964512523E+03
    0.332695241895260239E+02    0.498818271906287514E+01    0.767307619746529057E+00   -0.429446481060387157E+03
    0.332856038419552220E+02    0.494923499350854001E+01    0.810445451437061370E+00   -0.429398213346430680E+03
    0.330569556322698332E+02    0.516826897762383641E+01    0.690352360969882728E+00   -0.429376393262450051E+03
    0.329839163833368261E+02    0.518690118827434432E+01    0.725628437866180476E+00   -0.429320990736987483E+03
    0.331678298445444710E+02    0.503286100220756438E+01    0.791449867727370138E+00   -0.429317591493163718E+03
    0.330106610804830325E+02    0.520356244243651744E+01    0.670061497062859890E+00   -0.429314781727767354E+03
    0.331727132399361082E+02    0.503353927172797633E+01    0.788992250665162209E+00   -0.429304754035839210E+03
    0.332965428920851068E+02    0.493472447709946049E+01    0.794725689767669663E+00   -0.429292808166953478E+03
    0.332106797667753781E+02    0.501406594850188458E+01    0.786471682453685372E+00   -0.429286453525779393E+03
    0.330844837321104279E+02    0.512254910918660489E+01    0.740961679379774640E+00   -0.429274845731996265E+03
    0.332609079789025444E+02    0.495621721310348740E+01    0.799835341830481328E+00   -0.429265494925112478E+03
    0.330075913181614453E+02    0.516850747072987282E+01    0.708926833424196490E+00   -0.429263956916632651E+03
    0.329939428248329421E+02    0.519963050327761245E+01    0.677232005880651355E+00   -0.429255086353137756E+03
    0.332530464365082423E+02    0.496710123508408952E+01    0.783464062391972638E+00   -0.429234071303850897E+03
    0.332530464365082423E+02    0.496710123508408952E+01    0.783464062391972638E+00   -0.429234071303850897E+03
    0.329559401663311675E+02    0.523665124415046179E+01    0.670504591847239206E+00   -0.429204888086438132E+03
    0.331611449716817432E+02    0.508774240103337139E+01    0.711136173417498463E+00   -0.429202574181631576E+03
    0.331611449716817432E+02    0.508774240103337139E+01    0.711136173417498463E+00   -0.429202574181631576E+03
    0.333200167419723101E+02    0.491650875922776809E+01    0.815343656521751559E+00   -0.429199609263755747E+03
    0.332211113133069276E+02    0.498557219480757752E+01    0.792904453816012489E+00   -0.429197715999639968E+03
    0.330237434529135712E+02    0.514635588037468494E+01    0.738340117249579708E+00   -0.429180529050245241E+03
    0.331004619726561629E+02    0.508137467999859727E+01    0.758879902154408148E+00   -0.429178291393867482E+03
    0.330229035426173283E+02    0.517250402586555680E+01    0.687283915324905514E+00   -0.429177892488767952E+03
    0.329877820245478688E+02    0.518731541278908193E+01    0.722973845825910622E+00   -0.429164606587478147E+03
    0.329877820245478688E+02    0.518731541278908193E+01    0.722973845825910622E+00   -0.429164606587478147E+03
    0.329385218998472737E+02    0.523655891422049180E+01    0.687510451720811044E+00   -0.429128455821501120E+03
    0.330446788943044041E+02    0.517494092415680207E+01    0.691111131418792102E+00   -0.429125161967530687E+03
    0.329513861753672970E+02    0.523121738934922575E+01    0.689645531759853436E+00   -0.429119078523610369E+03
    0.332668375896029005E+02    0.495881348000650668E+01    0.809201947646305597E+00   -0.429103924247560258E+03
    0.332486359610119777E+02    0.501435556609294153E+01    0.736807764017425870E+00   -0.429090053268011388E+03
    0.330464784284088893E+02    0.512802089410840267E+01    0.749698159081840565E+00   -0.429079901932223493E+03
    0.332101992324351869E+02    0.504308416514697733E+01    0.713490482064203846E+00   -0.429076071741440160E+03
    0.333191750913374349E+02    0.494182730397987946E+01    0.785199093694932015E+00   -0.429073641758655071E+03
    0.333462551274014913E+02    0.491435957565254622E+01    0.797165798365333300E+00   -0.429066675339492747E+03
    0.333462551274014913E+02    0.491435957565254622E+01    0.797165798365333300E+00   -0.429066675339492747E+03
    0.332184654545343605E+02    0.502983389243239909E+01    0.751800107980948540E+00   -0.429056607759755138E+03
    0.333444748913413704E+02    0.492199880398134759E+01    0.777649571859823530E+00   -0.429052706825733480E+03
    0.332026136522408635E+02    0.504261835281864546E+01    0.747785996847470935E+00   -0.429044875411893486E+03
    0.332824738597200991E+02    0.494338710276009241E+01    0.811313800161278298E+00   -0.429044769887588586E+03
    0.331746327426205312E+02    0.504196968890265573E+01    0.776729876546880638E+00   -0.429034770789533866E+03
    0.331487977362722788E+02    0.507754708997356374E+01    0.709508569971961434E+00   -0.429001441933549586E+03
    0.331572211597932096E+02    0.509006064704704997E+01    0.708491390201417603E+00   -0.428963111684587261E+03
    0.332524469223677244E+02    0.496533120469246647E+01    0.793172055135223264E+00   -0.428958946231027994E+03
    0.333424279576786375E+02    0.491620360303077231E+01    0.797109766265264419E+00   -0.428955714199226918E+03
    0.329845381616347737E+02    0.521683608184244196E+01    0.675604002483577437E+00   -0.428950191655714548E+03
    0.332439463291543831E+02    0.497647418977993183E+01    0.778243341350243201E+00   -0.428923439330427698E+03
    0.332439463291543831E+02    0.497647418977993183E+01    0.778243341350243201E+00   -0.428923439330427698E+03
    0.330213691446034119E+02    0.518769414655252881E+01    0.675877624110130526E+00   -0.428904637793648817E+03
    0.332738824108030542E+02    0.497594526274602345E+01    0.750069438685659340E+00   -0.428845676460646700E+03
    0.330025720837728045E+02    0.517074981363433572E+01    0.718472722809112563E+00   -0.428823595232000798E+03
    0.332502237522809168E+02    0.496731881718406676E+01    0.795441145530107696E+00   -0.428796958457653773E+03
    0.332777511065284060E+02    0.498427936240723746E+01    0.755889033187229220E+00   -0.428794218271968020E+03
    0.331357341493958444E+02    0.505530975416355144E+01    0.766464358694707304E+00   -0.428793404377256081E+03
    0.332118636025337679E+02    0.502237316384592880E+01    0.734212802879029125E+00   -0.428782700959534282E+03
    0.332118636025337679E+02    0.502237316384592880E+01    0.734212802879029125E+00   -0.428782700959534282E+03
    0.332016930948087108E+02    0.500635492672550253E+01    0.774747974568320008E+00   -0.428771362199015243E+03
    0.332016930948087108E+02    0.500635492672550253E+01    0.774747974568320008E+00   -0.428771362199015243E+03
    0.330900946703432624E+02    0.509957599037302067E+01    0.760479733614055853E+00   -0.428764635667598554E+03
    0.330900946703432624E+02    0.509957599037302067E+01    0.760479733614055853E+00   -0.428764635667598554E+03
    0.331517233523215253E+02    0.508967881965373881E+01    0.700203933944796519E+00   -0.428764219181345538E+03
    0.329822244853299651E+02    0.519850711759035278E+01    0.709495339556423632E+00   -0.428762317273648307E+03
    0.332048591853291910E+02    0.500285299333920630E+01    0.778993042664937851E+00   -0.428754009513221263E+03
    0.332048591853291910E+02    0.500285299333920630E+01    0.778993042664937851E+00   -0.428754009513221263E+03
    0.330169689577908798E+02    0.518829085616858610E+01    0.696198144398634144E+00   -0.428753114622692692E+03
    0.332543473491061263E+02    0.496729705361196139E+01    0.786646700673666377E+00   -0.428750120934613051E+03
    0.332543473491061263E+02    0.496729705361196139E+01    0.786646700673666377E+00   -0.428750120934613051E+03
    0.330678050926961831E+02    0.511817280879343617E+01    0.728737798439746176E+00   -0.428744233184926429E+03
    0.330678050926961831E+02    0.511817280879343617E+01    0.728737798439746176E+00   -0.428744233184926429E+03
    0.330622872896538311E+02    0.513793011011070444E+01    0.701904359054774218E+00   -0.428733918348561076E+03
    0.329863401384095880E+02    0.518965159565126566E+01    0.705052032889089575E+00   -0.428733826132306945E+03
    0.332633870832491709E+02    0.496007841569653163E+01    0.803880782924253579E+00   -0.428720559932134506E+03
    0.332633870832491709E+02    0.496007841569653163E+01    0.803880782924253579E+00   -0.428720559932134506E+03
    0.330474245783057086E+02    0.513065327532666959E+01    0.737116094409426159E+00   -0.428677304635024598E+03
    0.333315686260490764E+02    0.492580709525956362E+01    0.787083292560718961E+00   -0.428649620346841175E+03
    0.332316667101918171E+02    0.502516147436248950E+01    0.735216824080956233E+00   -0.428634235951956782E+03
    0.332265082973128756E+02    0.498624860310186691E+01    0.795227735493475807E+00   -0.428614348575215445E+03
    0.332131310505969850E+02    0.503719438194817926E+01    0.739876345728596729E+00   -0.428603665932391550E+03
    0.332131310505969850E+02    0.503719438194817926E+01    0.739876345728596729E+00   -0.428603665932391550E+03
    0.330830456585449042E+02    0.512352196073120236E+01    0.736497528528064715E+00   -0.428598160475288523E+03
    0.330830456585449042E+02    0.512352196073120236E+01    0.736497528528064715E+00   -0.428598160475288523E+03
    0.329917263978736628E+02    0.518496212353504049E+01    0.714539664990520906E+00   -0.428585275388284458E+03
    0.332304782547587649E+02    0.502386947891745184E+01    0.726808349054971270E+00   -0.428583128756883070E+03
    0.332304782547587649E+02    0.502386947891745184E+01    0.726808349054971270E+00   -0.428583128756883070E+03
    0.332378070446131417E+02    0.501733362146034167E+01    0.744394912250245122E+00   -0.428577959749118122E+03
    0.332378070446131417E+02    0.501733362146034167E+01    0.744394912250245122E+00   -0.428577959749118122E+03
    0.330711518451134481E+02    0.515224509616817095E+01    0.696411343154859530E+00   -0.428563469373479961E+03
    0.330435064452373553E+02    0.513587302127979584E+01    0.740488666198987566E+00   -0.428559373422527983E+03
    0.330435064452373553E+02    0.513587302127979584E+01    0.740488666198987566E+00   -0.428559373422527983E+03
    0.331850634568579039E+02    0.505878513133843377E+01    0.735058630062120022E+00   -0.428554624885707199E+03
    0.331850634568579039E+02    0.505878513133843377E+01    0.735058630062120022E+00   -0.428554624885707199E+03
    0.332412907127713879E+02    0.500763852176110280E+01    0.760245824719631758E+00   -0.428550839597383174E+03
    0.332933590229979970E+02    0.494121298675166365E+01    0.800969033245763962E+00   -0.428549081385266049E+03
    0.332933590229979970E+02    0.494121298675166365E+01    0.800969033245763962E+00   -0.428549081385266049E+03
    0.332747179696216762E+02    0.498023761892335770E+01    0.767443671520132265E+00   -0.428544585585913865E+03
    0.332747179696216762E+02    0.498023761892335770E+01    0.767443671520132265E+00   -0.428544585585913865E+03
    0.331968452787506720E+02    0.505336526532232355E+01    0.716848960882138009E+00   -0.428519584038803941E+03
    0.331564365524819209E+02    0.505037864406009795E+01    0.745946129104158251E+00   -0.428506303067914359E+03
    0.331254832011816305E+02    0.507855643657033529E+01    0.731590982326694395E+00   -0.428498346055357501E+03
    0.330922325152336896E+02    0.513695126310141248E+01    0.694500148063848743E+00   -0.428473789484223630E+03
    0.330664828267397297E+02    0.512859616687947195E+01    0.713583428844156042E+00   -0.428472189832165839E+03
    0.332719143070172265E+02    0.498577234294795790E+01    0.758315130335650234E+00   -0.428471713413165446E+03
    0.330159969220061527E+02    0.519008303292227424E+01    0.684149567981291229E+00   -0.428469173591809181E+03
    0.331771572304549949E+02    0.506632488097495681E+01    0.711240119137606097E+00   -0.428468066944392604E+03
    0.330184903807660675E+02    0.518768238291214345E+01    0.690416973963710490E+00   -0.428460314095405352E+03
    0.332218920810644747E+02    0.499098466669910135E+01    0.787206909628807905E+00   -0.428451051412434140E+03
    0.332218920810644747E+02    0.499098466669910135E+01    0.787206909628807905E+00   -0.428451051412434140E+03
    0.330370911231392697E+02    0.514546353600973205E+01    0.735448612980562189E+00   -0.428433794914168743E+03
    0.332302949172064146E+02    0.501505572272208067E+01    0.759480425264235981E+00   -0.428432006928701185E+03
    0.331756332595258385E+02    0.502985622046809766E+01    0.782744303956990350E+00   -0.428429847268816388E+03
    0.331756332595258385E+02    0.502985622046809766E+01    0.782744303956990350E+00   -0.428429847268816388E+03
    0.330852754401905003E+02    0.511016477482455223E+01    0.723708935873122794E+00   -0.428425082619948512E+03
    0.331816975748086946E+02    0.505384486201582384E+01    0.748211361493262728E+00   -0.428423539739750026E+03
    0.331536247504144370E+02    0.508172025844873865E+01    0.707325921261017454E+00   -0.428398540954239024E+03
    0.331486676416758215E+02    0.509141696539266331E+01    0.704813631812892583E+00   -0.428396710112063374E+03
    0.331486676416758215E+02    0.509141696539266331E+01    0.704813631812892583E+00   -0.428396710112063374E+03
    0.330732729259210601E+02    0.513294916065470019E+01    0.729392349672839835E+00   -0.428374684633245352E+03
    0.331133514508433962E+02    0.511488910674932562E+01    0.716763979163948184E+00   -0.428370603385731727E+03
    0.332067522801812700E+02    0.500323918735988826E+01    0.786175634059225081E+00   -0.428348908909388342E+03
    0.332067522801812700E+02    0.500323918735988826E+01    0.786175634059225081E+00   -0.428348908909388342E+03
    0.330790971809940046E+02    0.512326977974542874E+01    0.710046783967941852E+00   -0.428334622830506532E+03
    0.330921563995662211E+02    0.512992176165882263E+01    0.694394827453458374E+00   -0.428332166221216880E+03
    0.330481799540117507E+02    0.514562478840533366E+01    0.730479712323943375E+00   -0.428324772784123979E+03
    0.330481799540117507E+02    0.514562478840533366E+01    0.730479712323943375E+00   -0.428324772784123979E+03
    0.330154897971624877E+02    0.518803662259662257E+01    0.688056939440214954E+00   -0.428324377417893743E+03
    0.330154897971624877E+02    0.518803662259662257E+01    0.688056939440214954E+00   -0.428324377417893743E+03
    0.331459324453486204E+02    0.508804727924846567E+01    0.706039069334492675E+00   -0.428318182816225999E+03
    0.330641531437381886E+02    0.512335763754714613E+01    0.744576807834880228E+00   -0.428314501996504021E+03
    0.330075921069568778E+02    0.519074721994301047E+01    0.694766477518557579E+00   -0.428301807722170793E+03
    0.330927982161557495E+02    0.513178643585457017E+01    0.694049036820082343E+00   -0.428291470662598613E+03
    0.330927982161557495E+02    0.513178643585457017E+01    0.694049036820082343E+00   -0.428291470662598613E+03
    0.331556732241983454E+02    0.504594601885439253E+01    0.775338234542448324E+00   -0.428282312849745836E+03
    0.330090576928658095E+02    0.518003911928658045E+01    0.698368255242183267E+00   -0.428280362776056279E+03
    0.330090576928658095E+02    0.518003911928658045E+01    0.698368255242183267E+00   -0.428280362776056279E+03
    0.330929040879918404E+02    0.510103030072992869E+01    0.753760757690965955E+00   -0.428279235869888680E+03
    0.330929040879918404E+02    0.510103030072992869E+01    0.753760757690965955E+00   -0.428279235869888680E+03
    0.332681036362694016E+02    0.496708462138455875E+01    0.791875200202667662E+00   -0.428274432132322261E+03
    0.332681036362694016E+02    0.496708462138455875E+01    0.791875200202667662E+00   -0.428274432132322261E+03
    0.330265065833070111E+02    0.516241914970167137E+01    0.705812183006671146E+00   -0.428270523563496567E+03
    0.330676742708659788E+02    0.512455637717506285E+01    0.742320335519542684E+00   -0.428261591769570146E+03
    0.330656133855936076E+02    0.513394909985257186E+01    0.708069193400986285E+00   -0.428261465182792165E+03
    0.330656133855936076E+02    0.513394909985257186E+01    0.708069193400986285E+00   -0.428261465182792165E+03
    0.330532536965677011E+02    0.513384225832149177E+01    0.738649532513073526E+00   -0.428257315553260923E+03
    0.330532536965677011E+02    0.513384225832149177E+01    0.738649532513073526E+00   -0.428257315553260923E+03
    0.330548666206637165E+02    0.515902987403287572E+01    0.689754599651750011E+00   -0.428244948932040870E+03
    0.332395926864168345E+02    0.498080166398413127E+01    0.785822917665177090E+00   -0.428237356418090712E+03
    0.332395926864168345E+02    0.498080166398413127E+01    0.785822917665177090E+00   -0.428237356418090712E+03
    0.330134370783305258E+02    0.517862688605620569E+01    0.709270953520358960E+00   -0.428228497941478054E+03
    0.330134370783305258E+02    0.517862688605620569E+01    0.709270953520358960E+00   -0.428228497941478054E+03
    0.331157076264569454E+02    0.510702896767448955E+01    0.727928770677572556E+00   -0.428225494763436529E+03
    0.330779133341509635E+02    0.513907422926654966E+01    0.694294985053476532E+00   -0.428223158946310662E+03
    0.330306423266345845E+02    0.517125640582932622E+01    0.691474628773008471E+00   -0.428223064122243159E+03
    0.331974815312285756E+02    0.501259210147335565E+01    0.773864927454903428E+00   -0.428221766351974338E+03
    0.332740088422401499E+02    0.497561631628173640E+01    0.773170026000944421E+00   -0.428218880378637948E+03
    0.331296058083409832E+02    0.506939595046036828E+01    0.765825326528887906E+00   -0.428201450200864201E+03
    0.330498574551892759E+02    0.514550572783300808E+01    0.707321525661249284E+00   -0.428199114391317607E+03
    0.332980518662428722E+02    0.495124878888227560E+01    0.776261390025290154E+00   -0.428195899366463095E+03
    0.332987629213880965E+02    0.494997920326953089E+01    0.782138899993303882E+00   -0.428179067841812810E+03
    0.332177084115621710E+02    0.500663004211312046E+01    0.781991381833000210E+00   -0.428178885124870590E+03
    0.330169153263986743E+02    0.517490520402931864E+01    0.710946630557722004E+00   -0.428162054085245131E+03
    0.330127803767362593E+02    0.518406676904156427E+01    0.693572414479946664E+00   -0.428151964608189587E+03
    0.332592243112265891E+02    0.497640713004898583E+01    0.767644106482337829E+00   -0.428149450584123827E+03
    0.332445473525784152E+02    0.500748361791341168E+01    0.749721814434073375E+00   -0.428148113048383777E+03
    0.332630437796801814E+02    0.496928856755485704E+01    0.790483098221596236E+00   -0.428136351912357668E+03
    0.330205686939863625E+02    0.518047156963992261E+01    0.692707378120769324E+00   -0.428130857370626700E+03
    0.330600877504584361E+02    0.515402101666563262E+01    0.692656354083871051E+00   -0.428126639553004679E+03
    0.331717614904041085E+02    0.507069837586695460E+01    0.716044421525168673E+00   -0.428125374298258066E+03
    0.332902761233896598E+02    0.495260139865327620E+01    0.785723624366723605E+00   -0.428117584536391746E+03
    0.332652494751457937E+02    0.498480923586461078E+01    0.766185458738898761E+00   -0.428115790203577433E+03
    0.332724883143025139E+02    0.496362306142958509E+01    0.789395094249665363E+00   -0.428112350038204681E+03
    0.330678409238362292E+02    0.514372455836727660E+01    0.696393498657673859E+00   -0.428108882009319132E+03
    0.332611394926258015E+02    0.496859791549084662E+01    0.783696669252875289E+00   -0.428107522712863101E+03
    0.332059679596669639E+02    0.500738816277696941E+01    0.774726635754652060E+00   -0.428099528848557270E+03
    0.332873416741183235E+02    0.495649367657913320E+01    0.784459597149774646E+00   -0.428089967056545333E+03
    0.331810109074055504E+02    0.505048255025483606E+01    0.726184617508749519E+00   -0.428071655043606597E+03
    0.330283919625169489E+02    0.516966286651464824E+01    0.708654318110692127E+00   -0.428068630562210728E+03
    0.332186402953763391E+02    0.500515694425492619E+01    0.760480832023341602E+00   -0.428064998412148952E+03
    0.332186402953763391E+02    0.500515694425492619E+01    0.760480832023341602E+00   -0.428064998412148952E+03
    0.331920881737931595E+02    0.504720300133138444E+01    0.744036247686773788E+00   -0.428054131897447974E+03
    0.332391528982910529E+02    0.500919604671335250E+01    0.740987332126264775E+00   -0.428030519856943386E+03
    0.330399277089097083E+02    0.516705129074544267E+01    0.699296426535869209E+00   -0.428026448143912603E+03
    0.330836610579312804E+02    0.513798512897660764E+01    0.701098494125687255E+00   -0.428024026832194522E+03
    0.330593353611245675E+02    0.514958089448906442E+01    0.712125992264834307E+00   -0.428021370076362700E+03
    0.330554076503281067E+02    0.514850481028445373E+01    0.717953568662431540E+00   -0.428021310353765330E+03
    0.331094115479075413E+02    0.508988164221356421E+01    0.754495947866030248E+00   -0.428019984114260239E+03
    0.331298684690008329E+02    0.507143240845806886E+01    0.762263046067255035E+00   -0.428019545176022348E+03
    0.332374561604813721E+02    0.498549188082257366E+01    0.785929104160134617E+00   -0.428017307150885983E+03
    0.332459351816392257E+02    0.499842030564422757E+01    0.748078022326765124E+00   -0.428013778086398816E+03
    0.330255901975697768E+02    0.517250870858803324E+01    0.704818067439392903E+00   -0.428008292295156934E+03
    0.330232616229296312E+02    0.516984779232046687E+01    0.702751146680289707E+00   -0.428007669974613009E+03
    0.332693674286337853E+02    0.497891660624828170E+01    0.759187322070506210E+00   -0.427999717196600557E+03
    0.332478805064387046E+02    0.498245781752607542E+01    0.785435862248615835E+00   -0.427998108442301373E+03
    0.331803639518470845E+02    0.504089406161361708E+01    0.740275418126151497E+00   -0.427990148139764187E+03
    0.330314884416376273E+02    0.515595271169621405E+01    0.717968090758679400E+00   -0.427987897814569919E+03
    0.332740436660155225E+02    0.497161558894614419E+01    0.775869730467124374E+00   -0.427985481987797698E+03
    0.332275259125367626E+02    0.499410403637527089E+01    0.784510137840385369E+00   -0.427979367037615930E+03
    0.331237458523036068E+02    0.509969673193318762E+01    0.708663230634014152E+00   -0.427977630126411043E+03
    0.332256621462939350E+02    0.501909294781973614E+01    0.752573100645299475E+00   -0.427973385095506728E+03
    0.330828536132156685E+02    0.510779594108159429E+01    0.739816118406277590E+00   -0.427967119289488608E+03
    0.331683706552792046E+02    0.505349685940077542E+01    0.758558173764065868E+00   -0.427962412892507018E+03
    0.332439292417651586E+02    0.500566162266653603E+01    0.751498721624178634E+00   -0.427959315780364477E+03
    0.332553296018851015E+02    0.497499666242625338E+01    0.785454291190822995E+00   -0.427957528822641279E+03
    0.331410536551608175E+02    0.509362253204463045E+01    0.714592345268534213E+00   -0.427957099199759000E+03
    0.332803622364913778E+02    0.496676091053114455E+01    0.773040186743093827E+00   -0.427955408352030474E+03
    0.331737303250386049E+02    0.503424521727034779E+01    0.763292048757544084E+00   -0.427938452066426976E+03
    0.331412623948408722E+02    0.507322917185027578E+01    0.728425072420076258E+00   -0.427932211804677991E+03
    0.332048841356194089E+02    0.502767400974210599E+01    0.739120774904299727E+00   -0.427931879055861828E+03
    0.332395305445401590E+02    0.499170288687322383E+01    0.780603848329790795E+00   -0.427927779124256688E+03
    0.331819098490237039E+02    0.505171406888077801E+01    0.725829587644206353E+00   -0.427922962124667265E+03
    0.332225761850552388E+02    0.500559994036728995E+01    0.776961995773719272E+00   -0.427922762713431553E+03
    0.331624220493246185E+02    0.507623192764606213E+01    0.718818599814019299E+00   -0.427919444538839059E+03
    0.332701344445561062E+02    0.497268605204290015E+01    0.777241666366759620E+00   -0.427917839172482786E+03
    0.330993133946958125E+02    0.511035178166321913E+01    0.713583594918012931E+00   -0.427916114105506551E+03
    0.331099774383747558E+02    0.509113428876680096E+01    0.751966707297412329E+00   -0.427914486876144451E+03
    0.331758304871685681E+02    0.506223723158291961E+01    0.733852743036556454E+00   -0.427913933734056513E+03
    0.331858581639469890E+02    0.505669736534430747E+01    0.724487500596032952E+00   -0.427913824181913355E+03
    0.330710130731792304E+02    0.512736744938423605E+01    0.733627439200960740E+00   -0.427893984960531043E+03
    0.331877856802334179E+02    0.503327786712113578E+01    0.746226242620144697E+00   -0.427887605707242869E+03
    0.332141166055482699E+02    0.502048965430211069E+01    0.763521838354674798E+00   -0.427885783602489369E+03
    0.331526490536605536E+02    0.505100201992191078E+01    0.758655466276785706E+00   -0.427883572452064186E+03
    0.331764423310504242E+02    0.506372924668485425E+01    0.721375400558160518E+00   -0.427882003109121854E+03
    0.330875115034881873E+02    0.512788062961863300E+01    0.702839463271628162E+00   -0.427881597873438466E+03
    0.331214333518556785E+02    0.507746520000545321E+01    0.751694427295211520E+00   -0.427749989915033780E+03
    0.331500897344774685E+02    0.506616743880006215E+01    0.736619830967787714E+00   -0.427443526500825840E+03
    0.330941069749321031E+02    0.511882302524112198E+01    0.725340401205092578E+00   -0.427719807466890074E+03
    0.331407594576288176E+02    0.507308603326931618E+01    0.746381799484343578E+00   -0.427368311586030188E+03
    0.331091043810913561E+02    0.509321142728840215E+01    0.740348612471659839E+00   -0.427480330132037579E+03
    0.331778985759903833E+02    0.504495971550126932E+01    0.748416779687525513E+00   -0.427274406103094293E+03
    0.331915973588904194E+02    0.503053824181457276E+01    0.767592339065281903E+00   -0.427734834207284109E+03
    0.332221383359344529E+02    0.500591210603166203E+01    0.762359975520119804E+00   -0.427595133734796150E+03
    0.332221383359344529E+02    0.500591210603166203E+01    0.762359975520119804E+00   -0.427595133734796150E+03
    0.331215735200525643E+02    0.509464705024345399E+01    0.730118876381497528E+00   -0.427324038009382093E+03
    0.331215735200525643E+02    0.509464705024345399E+01    0.730118876381497528E+00   -0.427324038009382093E+03
    0.331134987708919368E+02    0.510265571951371300E+01    0.721172852509687767E+00   -0.427372905586129605E+03
    0.331575266367018600E+02    0.506168838248593733E+01    0.733724775552144548E+00   -0.427628755284158160E+03
    0.331785077479170027E+02    0.503724988337467927E+01    0.752666180762812553E+00   -0.427664354807768632E+03
    0.331788701470727574E+02    0.503736060812912356E+01    0.755483344082658714E+00   -0.427498064432060346E+03
    0.332064986148222374E+02    0.502495388054504577E+01    0.753415618917902208E+00   -0.427363704121587375E+03
    0.332064986148222374E+02    0.502495388054504577E+01    0.753415618917902208E+00   -0.427363704121587375E+03
    0.331091642432563589E+02    0.508833431883384257E+01    0.750709590066843790E+00   -0.427774901522806374E+03
    0.331497965392091487E+02    0.507188693987694705E+01    0.738968903172080416E+00   -0.427306741089443108E+03
    0.332105209756719972E+02    0.500927794209379496E+01    0.769145333447547541E+00   -0.427720188155906840E+03
    0.331832298939762893E+02    0.503898727049424444E+01    0.759131800826744030E+00   -0.427447437698313479E+03
    0.331318582380830051E+02    0.508348152069875603E+01    0.728865589822119020E+00   -0.427395859484817151E+03
    0.332059525537083857E+02    0.502567961197083246E+01    0.749487699600779878E+00   -0.427401189113636633E+03
    0.332059525537083857E+02    0.502567961197083246E+01    0.749487699600779878E+00   -0.427401189113636633E+03
    0.331895917466726900E+02    0.502441654022536621E+01    0.770107569414555382E+00   -0.427693038103419838E+03
    0.331708372487188541E+02    0.503778440479668355E+01    0.761901872576276173E+00   -0.427803401034347644E+03
    0.331659240577708800E+02    0.504495358315299036E+01    0.753270213168596992E+00   -0.427713778014858065E+03
    0.331006757069282926E+02    0.509590099327780077E+01    0.741953519879649415E+00   -0.427719880843777389E+03
    0.331147551217866862E+02    0.510000101648510373E+01    0.736293146988705738E+00   -0.427773446093748419E+03
    0.331187265630930341E+02    0.509929149246501900E+01    0.726203683122218502E+00   -0.427379261526628341E+03
    0.331752826163569239E+02    0.505032760949442761E+01    0.742292510123809368E+00   -0.427276466113518154E+03
    0.331752826163569239E+02    0.505032760949442761E+01    0.742292510123809368E+00   -0.427276466113518154E+03
    0.331809086630965950E+02    0.504236772074725437E+01    0.760900529901998079E+00   -0.427731907531581840E+03
    0.332004681367312671E+02    0.502580005194615431E+01    0.766421625166961440E+00   -0.427707282778482863E+03
    0.331269145797682754E+02    0.507892726760498192E+01    0.753210871780786162E+00   -0.427702811363914975E+03
    0.330762845096967126E+02    0.511664539921163009E+01    0.730467758784658860E+00   -0.427873251484798175E+03
    0.331470083771320816E+02    0.506453659381230814E+01    0.739065810463046646E+00   -0.427700675173522995E+03
    0.331433184585629590E+02    0.508190374243996512E+01    0.734575469790794022E+00   -0.427619527918487279E+03
    0.331544664730413245E+02    0.506240049068635045E+01    0.741632611314434809E+00   -0.427301142206763814E+03
    0.331544664730413245E+02    0.506240049068635045E+01    0.741632611314434809E+00   -0.427301142206763814E+03
    0.331929352474008255E+02    0.503810275298961852E+01    0.752815420885578179E+00   -0.427521176051575083E+03
    0.330908933910513952E+02    0.511020893570700796E+01    0.731848188456978854E+00   -0.427480325545413166E+03
    0.331822603083410428E+02    0.504725393041296844E+01    0.745350624447076893E+00   -0.427349544945238222E+03
    0.331822603083410428E+02    0.504725393041296844E+01    0.745350624447076893E+00   -0.427349544945238222E+03
    0.331379712910812785E+02    0.507950169891264380E+01    0.734388603017214758E+00   -0.427249590760848264E+03
    0.331379712910812785E+02    0.507950169891264380E+01    0.734388603017214758E+00   -0.427249590760848264E+03
    0.331175166432514914E+02    0.508822382517180127E+01    0.731073039689594251E+00   -0.427742209523938982E+03
    0.331302813123213724E+02    0.508765930326879356E+01    0.726357367150323174E+00   -0.427339064814398910E+03
    0.331624008752222750E+02    0.505123134373866733E+01    0.753796047464283192E+00   -0.427382809047287310E+03
    0.332173925298758803E+02    0.500695395711031388E+01    0.766208182191621789E+00   -0.427618270448030330E+03
    0.331708069250973381E+02    0.505683279879740599E+01    0.738550497222287272E+00   -0.427296988808586661E+03
    0.331708069250973381E+02    0.505683279879740599E+01    0.738550497222287272E+00   -0.427296988808586661E+03
    0.331937864174613679E+02    0.503261670713146447E+01    0.759874497476018651E+00   -0.427498803148535785E+03
    0.332427866833199488E+02    0.498820570272361863E+01    0.772663621836958581E+00   -0.427704428695779143E+03
    0.332055643739933330E+02    0.503546547265987421E+01    0.733847729183372821E+00   -0.427746375203698733E+03
    0.331389893866240470E+02    0.507694876363816228E+01    0.747045373196996487E+00   -0.427625410856303063E+03
    0.331211151739118321E+02    0.508246659961634073E+01    0.740193806692265310E+00   -0.427592070402634818E+03
    0.330936215603732791E+02    0.511549506210605021E+01    0.715707582556660560E+00   -0.427591412469782313E+03
    0.331335721534637528E+02    0.508622861439730567E+01    0.735212660984523980E+00   -0.427445416271194858E+03
    0.332284597150586336E+02    0.500520890007340036E+01    0.756901648537798843E+00   -0.427605724385107180E+03
    0.330923441153139137E+02    0.510751929921788328E+01    0.742460123760511848E+00   -0.427789938089932321E+03
    0.332302255329129821E+02    0.500807872991578940E+01    0.753147011166996005E+00   -0.427567897785572882E+03
    0.330925237739993463E+02    0.510672222622436056E+01    0.729031548988535616E+00   -0.427720665709957530E+03
    0.332474316048230989E+02    0.498933006239548504E+01    0.761016976410209711E+00   -0.427866443581589181E+03
    0.332177067082288247E+02    0.502028265378588490E+01    0.751211450906407840E+00   -0.427490352503182407E+03
    0.332288126032718054E+02    0.499404344874344908E+01    0.777706406967089925E+00   -0.427826396032459911E+03
    0.332192083269274647E+02    0.501801882050559023E+01    0.757871045105688479E+00   -0.427614888449508953E+03
    0.332192083269274647E+02    0.501801882050559023E+01    0.757871045105688479E+00   -0.427614888449508953E+03
    0.331467712245639348E+02    0.508618324307064285E+01    0.716461120658818951E+00   -0.427745972056780147E+03
    0.331424620857671925E+02    0.506879644911520266E+01    0.745518790328892789E+00   -0.427331246872964130E+03
    0.331424620857671925E+02    0.506879644911520266E+01    0.745518790328892789E+00   -0.427331246872964130E+03
    0.331303084786637640E+02    0.509348462097786303E+01    0.725261565227524940E+00   -0.427482090383123591E+03
    0.331303084786637640E+02    0.509348462097786303E+01    0.725261565227524940E+00   -0.427482090383123591E+03
    0.332475581171949273E+02    0.498185271995100187E+01    0.781479222795575579E+00   -0.427844478935569668E+03
    0.330885984953761820E+02    0.513141981983952888E+01    0.703218301346796526E+00   -0.427833774187885297E+03
    0.331717139228131614E+02    0.505065439459995247E+01    0.756530546847558050E+00   -0.427664805384613260E+03
    0.330878114367707781E+02    0.512263907562789367E+01    0.709767196152793933E+00   -0.427721625028286212E+03
    0.330864646083014691E+02    0.512798470701090725E+01    0.709391165086376674E+00   -0.427595504739241392E+03
    0.330955159124149674E+02    0.512504457873418495E+01    0.711669908987238031E+00   -0.427799049637054907E+03
    0.331618724891309071E+02    0.507431360874586623E+01    0.725691130611275992E+00   -0.427806028369626461E+03
    0.332247008377308362E+02    0.500205856767390777E+01    0.773976836451327532E+00   -0.427642615241282726E+03
    0.331951327977941020E+02    0.502314588380906102E+01    0.770154897820414019E+00   -0.427619608430329777E+03
    0.330952519185353822E+02    0.512289823035519909E+01    0.705079875422881530E+00   -0.427775898487822701E+03
    0.332225401561568745E+02    0.502111395128324123E+01    0.740255032043067529E+00   -0.427765768219737538E+03
    0.331268469572922584E+02    0.508033135256095303E+01    0.741888999050833498E+00   -0.427389716862616524E+03
    0.331484959519751001E+02    0.507418300939367306E+01    0.728664527867838308E+00   -0.427373269683081674E+03
    0.331484959519751001E+02    0.507418300939367306E+01    0.728664527867838308E+00   -0.427373269683081674E+03
    0.331892233275040809E+02    0.504174775598877556E+01    0.738565279850368350E+00   -0.427466763527974649E+03
    0.331345547945107555E+02    0.508350675644287442E+01    0.732740581468420915E+00   -0.427263625750406959E+03
    0.331579724621265655E+02    0.505991464007794534E+01    0.756290906572961052E+00   -0.427756087854470934E+03
    0.331659276266375969E+02    0.505701621013284353E+01    0.752475488360982547E+00   -0.427656339370233809E+03
    0.331647870845020520E+02    0.504884059071463387E+01    0.755309726791009162E+00   -0.427403293206347939E+03
    0.332105857854007951E+02    0.501813764130621287E+01    0.755094220042561881E+00   -0.427467619553503710E+03
    0.332171710002213700E+02    0.501847696653262965E+01    0.750291565479987987E+00   -0.427470141816450564E+03
    0.331666425128827882E+02    0.504647113075124665E+01    0.759230174793508183E+00   -0.427462593275591075E+03
    0.331855737355786431E+02    0.503998153671733995E+01    0.760168621047948578E+00   -0.427729270360513624E+03
    0.332673705422208386E+02    0.497678897052946567E+01    0.773304075893183063E+00   -0.427880838869219360E+03
    0.331736556340134285E+02    0.506445608592855390E+01    0.731506645428027902E+00   -0.427879646994319216E+03
    0.330608303214933130E+02    0.513345360670839135E+01    0.719517007489728577E+00   -0.427833385152274786E+03
    0.332512629785344771E+02    0.498652970480778635E+01    0.765949741858044986E+00   -0.427707562651752596E+03
    0.331475307207747889E+02    0.506132661859013133E+01    0.749332096821744953E+00   -0.427488617724100550E+03
    0.332168030854522698E+02    0.502164136058979871E+01    0.742395005621547033E+00   -0.427676476944145861E+03
    0.331980022331495235E+02    0.503571348828222831E+01    0.749335903723548413E+00   -0.427458023784004411E+03
    0.332018106327012674E+02    0.503441781950344414E+01    0.736279889402441268E+00   -0.427685642886230994E+03
    0.331746316823913077E+02    0.504026825542956747E+01    0.751830370126627345E+00   -0.427652895011643409E+03
    0.331156348687037507E+02    0.510634205650283945E+01    0.725019661417547479E+00   -0.427833205069972450E+03
    0.330697180883677504E+02    0.513265229281173241E+01    0.713000579053594485E+00   -0.427679662754333094E+03
    0.331051771732163687E+02    0.509990685558402657E+01    0.731381794703291122E+00   -0.427422434604079626E+03
    0.331051771732163687E+02    0.509990685558402657E+01    0.731381794703291122E+00   -0.427422434604079626E+03
    0.332402228613531960E+02    0.499875035449610117E+01    0.757834698735672330E+00   -0.427623287221687804E+03
    0.332402228613531960E+02    0.499875035449610117E+01    0.757834698735672330E+00   -0.427623287221687804E+03
    0.331995749988715403E+02    0.503281839199833136E+01    0.753738757511067670E+00   -0.427501374372425687E+03
    0.331028871688864825E+02    0.511670222235435812E+01    0.708292506075336559E+00   -0.427681630277938723E+03
