    0.292622101306915283E+02   -0.480034517846861064E+02
    0.292704832553863525E+02   -0.477612871200821232E+02
    0.292704832553863525E+02   -0.477612871200821232E+02
    0.292706143856048584E+02   -0.477709246473451969E+02
    0.292600011825561523E+02   -0.483512415442499162E+02
    0.292548692226409912E+02   -0.496199152999690583E+02
    0.292719066143035889E+02   -0.478883890937589030E+02
    0.292719066143035889E+02   -0.478883890937589030E+02
    0.292717182636260986E+02   -0.478687254964230391E+02
    0.292547404766082764E+02   -0.496600246085011179E+02
    0.292618608474731445E+02   -0.480505023004367189E+02
    0.292750597000122070E+02   -0.483463997000406209E+02
    0.292674148082733154E+02   -0.476558200788928090E+02
    0.292642760276794434E+02   -0.477861749330698728E+02
    0.292642760276794434E+02   -0.477861749330698728E+02
    0.292751669883728027E+02   -0.483662615331947521E+02
    0.292593383789062500E+02   -0.484788720792753693E+02
    0.292702344453644798E+02   -0.477441565626062783E+02
    0.292702344453644798E+02   -0.477441565626062783E+02
    0.292699407543924650E+02   -0.477258842099326586E+02
    0.292776287212995072E+02   -0.488993243322783755E+02
    0.292779804143201758E+02   -0.489875789469724765E+02
    0.292619617752918266E+02   -0.480366002199308113E+02
    0.292732589559036391E+02   -0.480550495470508778E+02
    0.292738718108305420E+02   -0.481453039695171867E+02
    0.292738718108305420E+02   -0.481453039695171867E+02
    0.292604274780978528E+02   -0.482748305760403582E+02
    0.292622843463357682E+02   -0.479938388268717944E+02
    0.292677354299277255E+02   -0.476560673115447386E+02
    0.292678199524430696E+02   -0.476565512199047703E+02
    0.292678199524430696E+02   -0.476565512199047703E+02
    0.292591057958588365E+02   -0.485262051436906319E+02
    0.292630880530821571E+02   -0.478983647690607626E+02
    0.292646437405090190E+02   -0.477584438749819569E+02
    0.292646437405090190E+02   -0.477584438749819569E+02
    0.292616200396544386E+02   -0.480846781168343895E+02
    0.292610216972609898E+02   -0.481757354511335620E+02
    0.292591057127475764E+02   -0.485262222941494699E+02
    0.292700885790348195E+02   -0.477348176381085452E+02
    0.292691597008270321E+02   -0.476875545557610820E+02
    0.292715966838937298E+02   -0.478564934759256104E+02
    0.292765078065536670E+02   -0.486382238776518676E+02
    0.292673829159805194E+02   -0.476559329594637333E+02
    0.292673829159805194E+02   -0.476559329594637333E+02
    0.292758400423108398E+02   -0.484972834062445486E+02
    0.292727794122174352E+02   -0.479908333784243055E+02
    0.292788766169941681E+02   -0.492261493831798944E+02
    0.292730113391311484E+02   -0.480211886996506081E+02
    0.292637275922239084E+02   -0.478336791143721527E+02
    0.292577655278957280E+02   -0.488247406891207731E+02
    0.292619880190409276E+02   -0.480330261427982066E+02
    0.292560074394152778E+02   -0.492829509952046436E+02
    0.292661212156146675E+02   -0.476803562763232236E+02
    0.292661212156146675E+02   -0.476803562763232236E+02
    0.292596555962386802E+02   -0.484164476957613772E+02
    0.292610624334199088E+02   -0.481692583588553944E+02
    0.292669174458262695E+02   -0.476604113275597285E+02
    0.292669174458262695E+02   -0.476604113275597285E+02
    0.292639964642565005E+02   -0.478094709168975882E+02
    0.292639964642565005E+02   -0.478094709168975882E+02
    0.292591834105933444E+02   -0.485102626635083638E+02
    0.292753702597990326E+02   -0.484046642261857869E+02
    0.292634991425944690E+02   -0.478556370924533212E+02
    0.292604580780457617E+02   -0.482695166745628867E+02
    0.292703925859858671E+02   -0.477548692052819845E+02
    0.292653069059106130E+02   -0.477167908384070572E+02
    0.292733510425120613E+02   -0.480680246306599841E+02
    0.292712977522491400E+02   -0.478279553577866920E+02
    0.292686560402317149E+02   -0.476707500048204125E+02
    0.292597098933409612E+02   -0.484060093733875760E+02
    0.292715163885797125E+02   -0.478486132522256682E+02
    0.292728771735211595E+02   -0.480034682994473343E+02
    0.292728771735211595E+02   -0.480034682994473343E+02
    0.292745105915324864E+02   -0.482491529768323772E+02
    0.292757154207200543E+02   -0.484721878656854344E+02
    0.292770452065862585E+02   -0.487595687782581280E+02
    0.292752100450299366E+02   -0.483743115831762438E+02
    0.292763621196417105E+02   -0.486065446704065991E+02
    0.292675682384426992E+02   -0.476556247145940262E+02
    0.292675682384426992E+02   -0.476556247145940262E+02
    0.292706667814844721E+02   -0.477748931116484314E+02
    0.292706667814844721E+02   -0.477748931116484314E+02
    0.292598662319856331E+02   -0.483763567936329935E+02
    0.292598838490435824E+02   -0.483730528592494338E+02
    0.292738388595089276E+02   -0.481402176076917456E+02
    0.292573563785652873E+02   -0.489246283713274650E+02
    0.292774361844467350E+02   -0.488522900148277657E+02
    0.292691369979210521E+02   -0.476866635580863445E+02
    0.292691369979210521E+02   -0.476866635580863445E+02
    0.292622911531889756E+02   -0.479929638968568497E+02
    0.292668176973798140E+02   -0.476620604342703373E+02
    0.292668176973798140E+02   -0.476620604342703373E+02
    0.292714886827423371E+02   -0.478459307763350878E+02
    0.292534595999927198E+02   -0.500811448863172899E+02
    0.292564873532513445E+02   -0.491503703193640291E+02
    0.292682607868240652E+02   -0.476619070299278533E+02
    0.292682607868240652E+02   -0.476619070299278533E+02
    0.292623050794794750E+02   -0.479911773889767801E+02
    0.292623050794794750E+02   -0.479911773889767801E+02
    0.292764224883344966E+02   -0.486196086911932923E+02
    0.292661398153930108E+02   -0.476797135037574122E+02
    0.292765723414377206E+02   -0.486524226984461237E+02
    0.292686996394053160E+02   -0.476719594113510965E+02
    0.292686996394053160E+02   -0.476719594113510965E+02
    0.292584123016434638E+02   -0.486751915841386946E+02
    0.292748777955174191E+02   -0.483133677616019384E+02
    0.292572267053680299E+02   -0.489571405201877283E+02
    0.292653666711066656E+02   -0.477135653442803758E+02
    0.292626810861391888E+02   -0.479447349197597603E+02
    0.292655943879858071E+02   -0.477020760911166590E+02
    0.292727363993710377E+02   -0.479853483297350820E+02
    0.292700391331325847E+02   -0.477317700113246204E+02
    0.292643317673122709E+02   -0.477817586936700849E+02
    0.292643317673122709E+02   -0.477817586936700849E+02
    0.292764988514404720E+02   -0.486362616410576223E+02
    0.292582956647831303E+02   -0.487014046348065435E+02
    0.292737477062878071E+02   -0.481262855374666216E+02
    0.292622736469280724E+02   -0.479952163831297369E+02
    0.292597008404816279E+02   -0.484077447278622799E+02
    0.292653731342879837E+02   -0.477132217641478604E+02
    0.292653731342879837E+02   -0.477132217641478604E+02
    0.292749441445548229E+02   -0.483253222954023229E+02
    0.292615874673654908E+02   -0.480894097117372041E+02
    0.292561442867588930E+02   -0.492445715632378409E+02
    0.292557626631465553E+02   -0.493527418084733824E+02
    0.292730794935625696E+02   -0.480303590503928319E+02
    0.292731816155949147E+02   -0.480443124597195634E+02
    0.292577093218783517E+02   -0.488382199734978499E+02
    0.292810605653715257E+02   -0.498897758885032303E+02
    0.292577424854337096E+02   -0.488302573705939551E+02
    0.292767172458462994E+02   -0.486846753453506125E+02
    0.292599273273132923E+02   -0.483649313486416688E+02
    0.292655855414864092E+02   -0.477024987571252908E+02
    0.292655855414864092E+02   -0.477024987571252908E+02
    0.292759200263843411E+02   -0.485135902274872066E+02
    0.292726233906351681E+02   -0.479711529244117827E+02
    0.292677228299894665E+02   -0.476560101382060282E+02
    0.292686194759695653E+02   -0.476697715828111086E+02
    0.292686194759695653E+02   -0.476697715828111086E+02
    0.292485738233428840E+02   -0.520558819713517593E+02
    0.292704883727483569E+02   -0.477616553397103303E+02
    0.292815465666742796E+02   -0.500533219246393060E+02
    0.292595489209545612E+02   -0.484371654146972332E+02
    0.292701311272254081E+02   -0.477374879830045842E+02
    0.292701311272254081E+02   -0.477374879830045842E+02
    0.292781202048015103E+02   -0.490234983958489323E+02
    0.292675898982350731E+02   -0.476556435085031822E+02
    0.292675898982350731E+02   -0.476556435085031822E+02
    0.292745662460971658E+02   -0.482586735441728010E+02
    0.292703688525247401E+02   -0.477532224644386289E+02
    0.292703688525247401E+02   -0.477532224644386289E+02
    0.292735505123101163E+02   -0.480968412387339583E+02
    0.292589763726803795E+02   -0.485531170094336986E+02
    0.292605595997767693E+02   -0.482520507110066674E+02
    0.292650583275665852E+02   -0.477311437170464927E+02
    0.292650583275665852E+02   -0.477311437170464927E+02
    0.292645483267755324E+02   -0.477653218042453815E+02
    0.292645483267755324E+02   -0.477653218042453815E+02
    0.292700539749324662E+02   -0.477326785141090255E+02
    0.292700539749324662E+02   -0.477326785141090255E+02
    0.292691809795418720E+02   -0.476884011034990820E+02
    0.292691809795418720E+02   -0.476884011034990820E+02
    0.292685305587157636E+02   -0.476675286820386646E+02
    0.292685305587157636E+02   -0.476675286820386646E+02
    0.292725703612759780E+02   -0.479645993953268004E+02
    0.292806621589824516E+02   -0.497600153052398753E+02
    0.292648971573260823E+02   -0.477412571913409067E+02
    0.292648971573260823E+02   -0.477412571913409067E+02
    0.292735404658380318E+02   -0.480953665945882776E+02
    0.292673243213274574E+02   -0.476562051845970487E+02
    0.292691387136057735E+02   -0.476867304515069890E+02
    0.292727652117174415E+02   -0.479890175109107986E+02
    0.292718871376788812E+02   -0.478863155371841671E+02
    0.292717541241554713E+02   -0.478724024278265645E+02
    0.292717593676282775E+02   -0.478729426986897693E+02
    0.292611409339779946E+02   -0.481568911429918103E+02
    0.292635153064781619E+02   -0.478540415037843161E+02
    0.292561029190463415E+02   -0.492561250201454186E+02
    0.292675889815252290E+02   -0.476556424805665699E+02
    0.292675889815252290E+02   -0.476556424805665699E+02
    0.292577121818762436E+02   -0.488375322253591762E+02
    0.292614960182445216E+02   -0.481028327014370376E+02
    0.292711767480832599E+02   -0.478170248012893921E+02
    0.292711767480832599E+02   -0.478170248012893921E+02
    0.292683927860011721E+02   -0.476644353232211628E+02
    0.292683927860011721E+02   -0.476644353232211628E+02
    0.292639831617272570E+02   -0.478106270534264581E+02
    0.292555574405942878E+02   -0.494123842864410463E+02
    0.292789525676477815E+02   -0.492472704175766296E+02
    0.292686252002798000E+02   -0.476699226007621277E+02
    0.292782048774791122E+02   -0.490454876166128386E+02
    0.292621472463136740E+02   -0.480117024562263950E+02
    0.292621472463136740E+02   -0.480117024562263950E+02
    0.292760989716844868E+02   -0.485506394270751258E+02
    0.292549721575853141E+02   -0.495881387455148115E+02
    0.292707121165540229E+02   -0.477783809679356253E+02
    0.292707121165540229E+02   -0.477783809679356253E+02
    0.292659919661294374E+02   -0.476850565598921960E+02
    0.292659919661294374E+02   -0.476850565598921960E+02
    0.292641787213940212E+02   -0.477940665928004620E+02
    0.292719492759159223E+02   -0.478929634289018651E+02
    0.292719492759159223E+02   -0.478929634289018651E+02
    0.292607156939259561E+02   -0.482256877357238167E+02
    0.292600527627160858E+02   -0.483417597629887013E+02
    0.292633025550723644E+02   -0.478755543022056642E+02
    0.292589387825547860E+02   -0.485610101547919655E+02
    0.292634011150344691E+02   -0.478654505854401577E+02
    0.292634011150344691E+02   -0.478654505854401577E+02
    0.292625742128418054E+02   -0.479575836613795943E+02
    0.292625742128418054E+02   -0.479575836613795943E+02
    0.292648758943164466E+02   -0.477426388840268245E+02
    0.292648758943164466E+02   -0.477426388840268245E+02
    0.292749427008863563E+02   -0.483250610345632552E+02
    0.292761363123348168E+02   -0.485584692677683520E+02
    0.292651159885328767E+02   -0.477276797694303170E+02
    0.292651159885328767E+02   -0.477276797694303170E+02
    0.292776424857798041E+02   -0.489027215436470613E+02
    0.292744059304197926E+02   -0.482314542585357131E+02
    0.292713393660334020E+02   -0.478317971655457725E+02
    0.292719386392552288E+02   -0.478918187616581577E+02
    0.292719386392552288E+02   -0.478918187616581577E+02
    0.292676743215591486E+02   -0.476558262739562224E+02
    0.292676743215591486E+02   -0.476558262739562224E+02
    0.292617371457040569E+02   -0.480678811086261746E+02
    0.292698732673283004E+02   -0.477219834727077625E+02
    0.292698732673283004E+02   -0.477219834727077625E+02
    0.292721040362170832E+02   -0.479099310007021870E+02
    0.292605532065080247E+02   -0.482531431825114439E+02
    0.292699889767200645E+02   -0.477287396791065746E+02
    0.292699889767200645E+02   -0.477287396791065746E+02
    0.292665846571826194E+02   -0.476668615260717985E+02
    0.292665846571826194E+02   -0.476668615260717985E+02
    0.292625032354633596E+02   -0.479662712083500509E+02
    0.292734064470323823E+02   -0.480759310991139159E+02
    0.292734064470323823E+02   -0.480759310991139159E+02
    0.292634330132473508E+02   -0.478622314765233767E+02
    0.292634330132473508E+02   -0.478622314765233767E+02
    0.292685743945186303E+02   -0.476686102572296093E+02
    0.292685743945186303E+02   -0.476686102572296093E+02
    0.292654758166038640E+02   -0.477079002561681165E+02
    0.292654758166038640E+02   -0.477079002561681165E+02
    0.292586592342583636E+02   -0.486207935669644655E+02
    0.292866038414487306E+02   -0.520979612721518990E+02
    0.292661056438592517E+02   -0.476809009128827697E+02
    0.292650249575253305E+02   -0.477331855471097839E+02
    0.292650249575253305E+02   -0.477331855471097839E+02
    0.292630670376038751E+02   -0.479006601094426827E+02
    0.292630670376038751E+02   -0.479006601094426827E+02
    0.292649472853127079E+02   -0.477380435822785429E+02
    0.292682990931537823E+02   -0.476625968572772365E+02
    0.292682990931537823E+02   -0.476625968572772365E+02
    0.292542736071728839E+02   -0.498088725691368950E+02
    0.292661171587666473E+02   -0.476804975971170464E+02
    0.292661171587666473E+02   -0.476804975971170464E+02
    0.292612097883520690E+02   -0.481461676817130311E+02
    0.292736816534933162E+02   -0.481163168489268642E+02
    0.292711370678836609E+02   -0.478135183722936645E+02
    0.292711370678836609E+02   -0.478135183722936645E+02
    0.292598214260650025E+02   -0.483847939763674475E+02
    0.292734761860919477E+02   -0.480859898877503298E+02
    0.292734958578730726E+02   -0.480888487475971615E+02
    0.292573896508681415E+02   -0.489163525100503662E+02
    0.292681258329309273E+02   -0.476597626721508902E+02
    0.292599262627287047E+02   -0.483651296552770802E+02
    0.292660006108090727E+02   -0.476847294389141467E+02
    0.292660006108090727E+02   -0.476847294389141467E+02
    0.292774770329079246E+02   -0.488621930096497294E+02
    0.292713492923597940E+02   -0.478327198254166106E+02
    0.292713492923597940E+02   -0.478327198254166106E+02
    0.292712667095802708E+02   -0.478251170609033665E+02
    0.292630335432634112E+02   -0.479043407343656824E+02
    0.292572114212763523E+02   -0.489609996963946301E+02
    0.292560803471135813E+02   -0.492624467114104405E+02
    0.292694415338774334E+02   -0.476996648756291037E+02
    0.292694415338774334E+02   -0.476996648756291037E+02
    0.292590822538153823E+02   -0.485310699250815247E+02
    0.292792189703412831E+02   -0.493224692912594662E+02
    0.292640651557881881E+02   -0.478035697367189769E+02
    0.292628005691485029E+02   -0.479307009021871622E+02
    0.292604645933236682E+02   -0.482683882065235181E+02
    0.292729477147729966E+02   -0.480127304052892612E+02
    0.292729477147729966E+02   -0.480127304052892612E+02
    0.292523974329464096E+02   -0.504607907448025514E+02
    0.292721840623750751E+02   -0.479189346412243395E+02
    0.292721840623750751E+02   -0.479189346412243395E+02
    0.292772853811544422E+02   -0.488160838044560634E+02
    0.292783865205594047E+02   -0.490932512591981336E+02
    0.292586582074555857E+02   -0.486210166789424179E+02
    0.292627636339927975E+02   -0.479350018822787618E+02
    0.292741912411810006E+02   -0.481959875969667308E+02
    0.292610067287087503E+02   -0.481781256626680374E+02
    0.292610416949802357E+02   -0.481725507214514792E+02
    0.292740602439969813E+02   -0.481749005939935486E+02
    0.292611619683252790E+02   -0.481536029293047960E+02
    0.292677646584816031E+02   -0.476562148884701386E+02
    0.292677646584816031E+02   -0.476562148884701386E+02
    0.292608342322626669E+02   -0.482060656936649252E+02
    0.292632768363977789E+02   -0.478782298950513123E+02
    0.292699150017175711E+02   -0.477243825687824241E+02
    0.292787632551339314E+02   -0.491948871297093646E+02
    0.292606516064830373E+02   -0.482364394582076699E+02
    0.292727982003328542E+02   -0.479932434591697188E+02
    0.292619348509210795E+02   -0.480402844939757401E+02
    0.292652011669942240E+02   -0.477227115009332721E+02
    0.292694803316635941E+02   -0.477014841233988065E+02
    0.292694803316635941E+02   -0.477014841233988065E+02
    0.292589200646982590E+02   -0.485649534036229440E+02
    0.292615331717899849E+02   -0.480973546012092683E+02
    0.292737197349863223E+02   -0.481220510831962045E+02
    0.292737197349863223E+02   -0.481220510831962045E+02
    0.292622108195221315E+02   -0.480033619429470235E+02
    0.292792842723222861E+02   -0.493411672910641528E+02
    0.292832652754503115E+02   -0.506780257062071797E+02
    0.292637538465165186E+02   -0.478312373901592665E+02
    0.292670664508627816E+02   -0.476584011152354705E+02
    0.292625581153346950E+02   -0.479595431746070346E+02
    0.292794137425012266E+02   -0.493785470084808580E+02
    0.292860654345320057E+02   -0.518505345885450382E+02
    0.292659827579874516E+02   -0.476854070128707193E+02
    0.292659827579874516E+02   -0.476854070128707193E+02
    0.292694530132548536E+02   -0.477001993147531635E+02
    0.292542542472841340E+02   -0.498151600219517974E+02
    0.292736871705537389E+02   -0.481171453998585434E+02
    0.292794657184091136E+02   -0.493936684462059219E+02
    0.292653870343514235E+02   -0.477124863034735895E+02
    0.292653870343514235E+02   -0.477124863034735895E+02
    0.292628922213995466E+02   -0.479201724030982632E+02
    0.292628922213995466E+02   -0.479201724030982632E+02
    0.292696342048253442E+02   -0.477090618352800675E+02
    0.292638845168808217E+02   -0.478193354127337855E+02
    0.292638845168808217E+02   -0.478193354127337855E+02
    0.292739552553503302E+02   -0.481583032204710264E+02
    0.292731074435328402E+02   -0.480341526352018775E+02
    0.292636180000410775E+02   -0.478440535471537416E+02
    0.292596884631742569E+02   -0.484101205935854750E+02
    0.292696857753963045E+02   -0.477117310581400886E+02
    0.292620713337718783E+02   -0.480217913121049662E+02
    0.292726940358383985E+02   -0.479799903090236484E+02
    0.292726940358383985E+02   -0.479799903090236484E+02
    0.292650101639875828E+02   -0.477340994395529279E+02
    0.292594579166395192E+02   -0.484550596066233936E+02
    0.292825449124576167E+02   -0.504073993820137289E+02
    0.292871813742740699E+02   -0.523712492328952024E+02
    0.292605299086320549E+02   -0.482571327447679934E+02
    0.292616066240731314E+02   -0.480866237809990196E+02
    0.292627224288209220E+02   -0.479398394635088820E+02
    0.292672784144918197E+02   -0.476564771250579113E+02
    0.292724249841564585E+02   -0.479469859509413183E+02
    0.292724249841564585E+02   -0.479469859509413183E+02
    0.292742561504627261E+02   -0.482065917282992302E+02
    0.292657517413584038E+02   -0.476948778855588955E+02
    0.292739325678543167E+02   -0.481547520352997012E+02
    0.292586488719680169E+02   -0.486230463517728708E+02
    0.292714805903137005E+02   -0.478451508107386374E+02
    0.292565785417330666E+02   -0.491258154587077058E+02
    0.292697033199917627E+02   -0.477126539702481054E+02
    0.292697033199917627E+02   -0.477126539702481054E+02
    0.292778496345443635E+02   -0.489544075058993400E+02
    0.292595779408058334E+02   -0.484315018281399716E+02
    0.292680147013412864E+02   -0.476583312495990015E+02
    0.292680147013412864E+02   -0.476583312495990015E+02
    0.292622964353691373E+02   -0.479922857240223166E+02
    0.292622964353691373E+02   -0.479922857240223166E+02
    0.292655556751756478E+02   -0.477039398409385313E+02
    0.292655556751756478E+02   -0.477039398409385313E+02
    0.292699571957599147E+02   -0.477268513906700562E+02
    0.292755251342720086E+02   -0.484346018684369852E+02
    0.292638708935289671E+02   -0.478205567834923642E+02
    0.292646487485200524E+02   -0.477580890205318909E+02
    0.292646487485200524E+02   -0.477580890205318909E+02
    0.292785590927146409E+02   -0.491393771407481594E+02
    0.292780410051391939E+02   -0.490030892020040909E+02
    0.292721079985481900E+02   -0.479103731121061998E+02
    0.292672667042218784E+02   -0.476565547440956365E+02
    0.292672667042218784E+02   -0.476565547440956365E+02
    0.292771031982574073E+02   -0.487730854996283014E+02
    0.292724301262252560E+02   -0.479476001305929245E+02
    0.292724301262252560E+02   -0.479476001305929245E+02
    0.292619790393461798E+02   -0.480342471715637416E+02
    0.292724471013051151E+02   -0.479496322611732353E+02
    0.292663749509136437E+02   -0.476723172206407781E+02
    0.292663749509136437E+02   -0.476723172206407781E+02
    0.292681566665176511E+02   -0.476602133474783614E+02
    0.292605426274695013E+02   -0.482549531071828284E+02
    0.292542440305082572E+02   -0.498184817885405593E+02
    0.292764963362919701E+02   -0.486357108766812942E+02
    0.292605040456748071E+02   -0.482615771024872302E+02
    0.292603393563252610E+02   -0.482902614857014854E+02
    0.292769869565020038E+02   -0.487460746226686297E+02
    0.292701052040167689E+02   -0.477358557600383904E+02
    0.292701052040167689E+02   -0.477358557600383904E+02
    0.292739151776428805E+02   -0.481520385358145333E+02
    0.292779692026159495E+02   -0.489847187786156937E+02
    0.292629383549804487E+02   -0.479149505626371024E+02
    0.292548343411162683E+02   -0.496307421916329332E+02
    0.292778564916279613E+02   -0.489561363699271439E+02
    0.292717193273390599E+02   -0.478688341107972164E+02
    0.292717193273390599E+02   -0.478688341107972164E+02
    0.292796294491000495E+02   -0.494417347550813275E+02
    0.292761124395654555E+02   -0.485534595321673592E+02
    0.292764697968224183E+02   -0.486299087225611402E+02
    0.292578666280927280E+02   -0.488006893867661233E+02
    0.292625677291137833E+02   -0.479583721487570429E+02
    0.292712293497188618E+02   -0.478217324184675263E+02
    0.292712293497188618E+02   -0.478217324184675263E+02
    0.292594086601800853E+02   -0.484648293916041766E+02
    0.292623558595111106E+02   -0.479847033470829274E+02
    0.292699963501165996E+02   -0.477291813049521849E+02
    0.292699963501165996E+02   -0.477291813049521849E+02
    0.292553775110793524E+02   -0.494655234177182948E+02
    0.292575088867678659E+02   -0.488869171755975103E+02
    0.292635351972452753E+02   -0.478520867918863289E+02
    0.292644215749668675E+02   -0.477748030872327902E+02
    0.292564630813028970E+02   -0.491569404384828061E+02
    0.292736972470401433E+02   -0.481186606057510531E+02
    0.292646811538160847E+02   -0.477558076918216869E+02
    0.292646811538160847E+02   -0.477558076918216869E+02
    0.292696522236348464E+02   -0.477099870718547479E+02
    0.292696522236348464E+02   -0.477099870718547479E+02
    0.292683535697819366E+02   -0.476636396886810019E+02
    0.292739771386442982E+02   -0.481617404536704186E+02
    0.292583163205974088E+02   -0.486967381896696310E+02
    0.292640644698666073E+02   -0.478036280927576200E+02
    0.292640644698666073E+02   -0.478036280927576200E+02
    0.292644383197661000E+02   -0.477735280190262230E+02
    0.292740642496604764E+02   -0.481755391772616335E+02
    0.292737747441244665E+02   -0.481303968655620267E+02
    0.292691922987341258E+02   -0.476888559356743258E+02
    0.292610047036238186E+02   -0.481784494535182120E+02
    0.292742571235532374E+02   -0.482067514845566336E+02
    0.292691768075764784E+02   -0.476882342542440085E+02
    0.292691768075764784E+02   -0.476882342542440085E+02
    0.292704814086022651E+02   -0.477611543920564401E+02
    0.292704814086022651E+02   -0.477611543920564401E+02
    0.292644677339749748E+02   -0.477713048140959700E+02
    0.292502925912705329E+02   -0.512946277496856879E+02
    0.292613660712291619E+02   -0.481222582452708991E+02
    0.292592611944633845E+02   -0.484944332478079545E+02
    0.292698079291335347E+02   -0.477183130609830073E+02
    0.292641760142742022E+02   -0.477942894542614312E+02
    0.292647225301153000E+02   -0.477529321353363301E+02
    0.292647225301153000E+02   -0.477529321353363301E+02
    0.292620550459939253E+02   -0.480239743379940549E+02
    0.292654807389460707E+02   -0.477076516326882611E+02
    0.292654807389460707E+02   -0.477076516326882611E+02
    0.292655036702995233E+02   -0.477065011990705656E+02
    0.292687419880391388E+02   -0.476731786359774219E+02
    0.292687419880391388E+02   -0.476731786359774219E+02
    0.292685732346771061E+02   -0.476685810348251096E+02
    0.292685732346771061E+02   -0.476685810348251096E+02
    0.292578026972447809E+02   -0.488158692037604709E+02
    0.292727324139591261E+02   -0.479848423957196317E+02
    0.292727324139591261E+02   -0.479848423957196317E+02
    0.292624057714719719E+02   -0.479784014317743512E+02
    0.292604476686133417E+02   -0.482713217775421697E+02
    0.292596145671047196E+02   -0.484243831489604091E+02
    0.292703727062625561E+02   -0.477534889183660809E+02
    0.292703727062625561E+02   -0.477534889183660809E+02
    0.292695058193610187E+02   -0.477026992898091535E+02
    0.292699757076025655E+02   -0.477279482813862828E+02
    0.292699757076025655E+02   -0.477279482813862828E+02
    0.292737979233028973E+02   -0.481339356858001182E+02
    0.292574149799390000E+02   -0.489100705289700244E+02
    0.292740799387000195E+02   -0.481780441038244120E+02
    0.292586335040007803E+02   -0.486263922170041667E+02
    0.292685002323160255E+02   -0.476668079304220456E+02
    0.292685002323160255E+02   -0.476668079304220456E+02
    0.292589805060317971E+02   -0.485522512003265589E+02
    0.292593471209173543E+02   -0.484771187862387762E+02
    0.292592094930554687E+02   -0.485049382595222269E+02
    0.292718356116940441E+02   -0.478808746179661284E+02
    0.292577041689969732E+02   -0.488394595997789764E+02
    0.292622922176044327E+02   -0.479928271829241027E+02
    0.292775651547876734E+02   -0.488836955901860861E+02
    0.292732608956382450E+02   -0.480553207191544161E+02
    0.292732608956382450E+02   -0.480553207191544161E+02
    0.292627897600447042E+02   -0.479319561343873204E+02
    0.292541218594734076E+02   -0.498584008675361332E+02
    0.292556161167952737E+02   -0.493952264630323157E+02
    0.292679226935782069E+02   -0.476573746960272615E+02
    0.292679226935782069E+02   -0.476573746960272615E+02
    0.292779381547593367E+02   -0.489768143409723962E+02
    0.292604083310578282E+02   -0.482781672447744086E+02
    0.292774655152712029E+02   -0.488593966292339061E+02
    0.292600817796002204E+02   -0.483364542987135621E+02
    0.292769030542781223E+02   -0.487267837602484946E+02
    0.292701929758170820E+02   -0.477414485839275144E+02
    0.292659260173925730E+02   -0.476876122617943423E+02
    0.292659260173925730E+02   -0.476876122617943423E+02
    0.292755400454057124E+02   -0.484375151872692413E+02
    0.292641566111318383E+02   -0.477958920482550127E+02
    0.292674945083255444E+02   -0.476556467407177919E+02
    0.292674945083255444E+02   -0.476556467407177919E+02
    0.292740668449316921E+02   -0.481759531251341571E+02
    0.292648767767736864E+02   -0.477425813211091921E+02
    0.292648767767736864E+02   -0.477425813211091921E+02
    0.292631625004385043E+02   -0.478903204268218161E+02
    0.292630693819979584E+02   -0.479004035161436548E+02
    0.292666131852233384E+02   -0.476662024495530829E+02
    0.292666131852233384E+02   -0.476662024495530829E+02
    0.292730160541968196E+02   -0.480218194659914133E+02
    0.292714977048214209E+02   -0.478468022317359072E+02
    0.292626328599433805E+02   -0.479504982840405489E+02
    0.292646943477281383E+02   -0.477548861988408717E+02
    0.292711077047204604E+02   -0.478109484213192957E+02
    0.292612164438785669E+02   -0.481451372874540411E+02
    0.292757248547187530E+02   -0.484740743392580242E+02
    0.292762020568526751E+02   -0.485723378964863670E+02
    0.292622790717423342E+02   -0.479945175845944618E+02
    0.292558526803144971E+02   -0.493269056909430716E+02
    0.292666810982962176E+02   -0.476647135585909680E+02
    0.292721062731691788E+02   -0.479101805495164541E+02
    0.292721062731691788E+02   -0.479101805495164541E+02
    0.292674104489688744E+02   -0.476558340406903369E+02
    0.292674104489688744E+02   -0.476558340406903369E+02
    0.292748128923712514E+02   -0.483017779096293083E+02
    0.292603764184683826E+02   -0.482837484333429146E+02
    0.292772372821815523E+02   -0.488046527556216176E+02
    0.292608769070613519E+02   -0.481990857187400081E+02
    0.292584671695981307E+02   -0.486629755878962982E+02
    0.292722433439323666E+02   -0.479257053166171971E+02
    0.292629375074939269E+02   -0.479150460199750157E+02
    0.292783458011681503E+02   -0.490824737937984068E+02
    0.292688518916715772E+02   -0.476765473927188879E+02
    0.292656728059544626E+02   -0.476984131328387591E+02
    0.292656728059544626E+02   -0.476984131328387591E+02
    0.292565816962564895E+02   -0.491249696607044655E+02
    0.292683379405138595E+02   -0.476633330775246975E+02
    0.292822383339147336E+02   -0.502960736410025291E+02
    0.292699995753428652E+02   -0.477293748962321587E+02
    0.292699995753428652E+02   -0.477293748962321587E+02
    0.292742271705612858E+02   -0.482018445934219812E+02
    0.292651704872458254E+02   -0.477244805365341733E+02
    0.292651704872458254E+02   -0.477244805365341733E+02
    0.292633904831327705E+02   -0.478665290665864376E+02
    0.292633904831327705E+02   -0.478665290665864376E+02
    0.292746178082745629E+02   -0.482675616461856620E+02
    0.292664135154559126E+02   -0.476712332251457411E+02
    0.292753300484808712E+02   -0.483969871971515602E+02
    0.292777246498457657E+02   -0.489230968361860690E+02
    0.292643675047161267E+02   -0.477789672018073830E+02
    0.292646590232591173E+02   -0.477573628997425814E+02
    0.292648156035400149E+02   -0.477466167662458005E+02
    0.292673414218164289E+02   -0.476561170607498497E+02
    0.292596538084624811E+02   -0.484167926120706582E+02
    0.292714359359721783E+02   -0.478408757311614181E+02
    0.292714359359721783E+02   -0.478408757311614181E+02
    0.292650129881899019E+02   -0.477339245569690931E+02
    0.292596756958258695E+02   -0.484125752545487984E+02
    0.292684449854009827E+02   -0.476655527157784960E+02
    0.292684449854009827E+02   -0.476655527157784960E+02
    0.292732187989507828E+02   -0.480494563339894611E+02
    0.292592479890430610E+02   -0.484971101905887707E+02
    0.292767996549585483E+02   -0.487032469284897331E+02
    0.292598729112687579E+02   -0.483751032556615286E+02
    0.292702771069386749E+02   -0.477469862693974463E+02
    0.292702771069386749E+02   -0.477469862693974463E+02
    0.292737403011289601E+02   -0.481251626402510624E+02
    0.292737403011289601E+02   -0.481251626402510624E+02
    0.292604880203489444E+02   -0.482643391444091989E+02
    0.292691609575979896E+02   -0.476876042471692756E+02
    0.292691609575979896E+02   -0.476876042471692756E+02
    0.292630362232320991E+02   -0.479040452282535441E+02
    0.292704199999691852E+02   -0.477567884638586904E+02
    0.292704199999691852E+02   -0.477567884638586904E+02
    0.292712132109787966E+02   -0.478202808758119673E+02
    0.292712132109787966E+02   -0.478202808758119673E+02
    0.292632833299919994E+02   -0.478775528199257323E+02
    0.292632833299919994E+02   -0.478775528199257323E+02
    0.292565053440773788E+02   -0.491455097205930826E+02
    0.292517578992536187E+02   -0.507026842116523113E+02
    0.292714021104251465E+02   -0.478376698302666910E+02
    0.292632452113450796E+02   -0.478815421220144870E+02
    0.292587201754172703E+02   -0.486075979588606444E+02
    0.292709922266168867E+02   -0.478010459610207548E+02
    0.292709922266168867E+02   -0.478010459610207548E+02
    0.292583435220210930E+02   -0.486906089155564601E+02
    0.292649597361584206E+02   -0.477372549099931618E+02
    0.292649597361584206E+02   -0.477372549099931618E+02
    0.292686786807779953E+02   -0.476713722332761520E+02
    0.292686786807779953E+02   -0.476713722332761520E+02
    0.292721657011884275E+02   -0.479168550025971172E+02
    0.292698532134925564E+02   -0.477208458320876261E+02
    0.292698532134925564E+02   -0.477208458320876261E+02
    0.292641697390771540E+02   -0.477948067440496800E+02
    0.292641697390771540E+02   -0.477948067440496800E+02
    0.292542939879400308E+02   -0.498022634727124256E+02
    0.292668056452182057E+02   -0.476622761649704074E+02
    0.292661730056541600E+02   -0.476785875311557277E+02
    0.292661730056541600E+02   -0.476785875311557277E+02
    0.292650687425867062E+02   -0.477305120240291387E+02
    0.292741390357567965E+02   -0.481875336378298584E+02
    0.292616543257451198E+02   -0.480797255978653553E+02
    0.292708898520546477E+02   -0.477925398690472818E+02
    0.292708898520546477E+02   -0.477925398690472818E+02
    0.292612340580314090E+02   -0.481424155296371765E+02
    0.292739129467104640E+02   -0.481516909652468215E+02
    0.292771610034678780E+02   -0.487866406106793988E+02
    0.292692340910869149E+02   -0.476905623941348509E+02
    0.292692340910869149E+02   -0.476905623941348509E+02
    0.292655204815520023E+02   -0.477056659720729925E+02
    0.292731593696292336E+02   -0.480412511615746993E+02
    0.292670654099555136E+02   -0.476584132746965423E+02
    0.292670654099555136E+02   -0.476584132746965423E+02
    0.292561655869836912E+02   -0.492386390135960852E+02
    0.292711729832002554E+02   -0.478166904556072510E+02
    0.292590414731969197E+02   -0.485395290002557616E+02
    0.292757002602983150E+02   -0.484691608648357928E+02
    0.292601558911367370E+02   -0.483229971600530135E+02
    0.292665455606763949E+02   -0.476677970926943928E+02
    0.292665455606763949E+02   -0.476677970926943928E+02
    0.292680880508832573E+02   -0.476592421358046394E+02
    0.292651365529944769E+02   -0.477264640425746904E+02
    0.292633476309894789E+02   -0.478709039369655258E+02
    0.292738184273281732E+02   -0.481370770364302700E+02
    0.292717230806934801E+02   -0.478692175821152546E+02
    0.292579026463411864E+02   -0.487921811914150823E+02
    0.292625382255980497E+02   -0.479619730598887628E+02
    0.292674235498663506E+02   -0.476557934820670397E+02
    0.292674235498663506E+02   -0.476557934820670397E+02
    0.292764125577371530E+02   -0.486174535464030484E+02
    0.292651269891742167E+02   -0.477270281486287899E+02
    0.292626255637378350E+02   -0.479513751847080272E+02
    0.292626255637378350E+02   -0.479513751847080272E+02
    0.292686943906482213E+02   -0.476718113535923464E+02
    0.292585583937022378E+02   -0.486428280932374761E+02
    0.292816642941762595E+02   -0.500938079371923592E+02
    0.292726861208110520E+02   -0.479789941047810018E+02
    0.292726861208110520E+02   -0.479789941047810018E+02
    0.292725112251215975E+02   -0.479573722786408538E+02
    0.292580443670293278E+02   -0.487590120835347207E+02
    0.292785731826276177E+02   -0.491431753179095807E+02
    0.292734112770622055E+02   -0.480766239231337380E+02
    0.292722655216279080E+02   -0.479282603701995527E+02
    0.292614681713574747E+02   -0.481069607158693984E+02
    0.292757705137085580E+02   -0.484832353179992595E+02
    0.292617393605241105E+02   -0.480675666593071043E+02
    0.292645588448841494E+02   -0.477645526841735730E+02
    0.292645588448841494E+02   -0.477645526841735730E+02
    0.292593657990305438E+02   -0.484733789765597649E+02
    0.292780734855985862E+02   -0.490114406315921443E+02
    0.292691180203812991E+02   -0.476859284382822182E+02
    0.292691180203812991E+02   -0.476859284382822182E+02
    0.292612316258265146E+02   -0.481427909050241709E+02
    0.292778425735997061E+02   -0.489526284444511717E+02
    0.292639297662226596E+02   -0.478153112602117361E+02
    0.292632918428943469E+02   -0.478766667573667490E+02
    0.292779502730193784E+02   -0.489798967096547315E+02
    0.292636430178087501E+02   -0.478416593928224572E+02
    0.292698995779805315E+02   -0.477234909749936449E+02
    0.292755524777737222E+02   -0.484399483647664653E+02
    0.292756288381121763E+02   -0.484549759933180582E+02
    0.292737595079990385E+02   -0.481280778871403498E+02
    0.292648936725427760E+02   -0.477414828786545655E+02
    0.292648936725427760E+02   -0.477414828786545655E+02
    0.292645806058628608E+02   -0.477629700362284879E+02
    0.292645806058628608E+02   -0.477629700362284879E+02
    0.292622250104151931E+02   -0.480015136569793910E+02
    0.292683277542745408E+02   -0.476631364618812512E+02
    0.292683277542745408E+02   -0.476631364618812512E+02
    0.292681314268662973E+02   -0.476598427087624756E+02
    0.292681314268662973E+02   -0.476598427087624756E+02
    0.292615272806576492E+02   -0.480982209664970952E+02
    0.292822760071859065E+02   -0.503096297987038810E+02
    0.292723621853025975E+02   -0.479395372941183098E+02
    0.292566779442720488E+02   -0.490992804123695379E+02
    0.292630460281734059E+02   -0.479029655855985652E+02
    0.292574172863886588E+02   -0.489094992750363602E+02
    0.292626740625426436E+02   -0.479455707495112478E+02
    0.292729297987427941E+02   -0.480103664915251684E+02
    0.292737516521812964E+02   -0.481268844292189257E+02
    0.292714196559341246E+02   -0.478393292569809176E+02
    0.292663005173426569E+02   -0.476745122922854137E+02
    0.292764456227661967E+02   -0.486246386945133366E+02
    0.292656989224062727E+02   -0.476972265983010573E+02
    0.292656989224062727E+02   -0.476972265983010573E+02
    0.292567159423942869E+02   -0.490892008319365729E+02
    0.292779565836389892E+02   -0.489815032843109819E+02
    0.292640852674885750E+02   -0.478018638115270349E+02
    0.292644185025113970E+02   -0.477750377903957144E+02
    0.292515059710119232E+02   -0.508007182847880827E+02
    0.292671260330551100E+02   -0.476577492681490185E+02
    0.292671260330551100E+02   -0.476577492681490185E+02
    0.292591440181111295E+02   -0.485183356780293735E+02
    0.292681157879260319E+02   -0.476596208716965890E+02
    0.292681157879260319E+02   -0.476596208716965890E+02
    0.292676122112939794E+02   -0.476556748669599983E+02
    0.292631308047193563E+02   -0.478937287098370987E+02
    0.292589607823180131E+02   -0.485563864676006034E+02
    0.292748052129141918E+02   -0.483004133933030673E+02
    0.292576395362579760E+02   -0.488550634213342505E+02
    0.292706139938558749E+02   -0.477708952291429370E+02
    0.292706139938558749E+02   -0.477708952291429370E+02
    0.292693872967119191E+02   -0.476971833693946508E+02
    0.292693872967119191E+02   -0.476971833693946508E+02
    0.292557286587231644E+02   -0.493625530965072699E+02
    0.292637933735321383E+02   -0.478275930592473841E+02
    0.292674950636480133E+02   -0.476556460779292621E+02
    0.292674950636480133E+02   -0.476556460779292621E+02
    0.292560244494213961E+02   -0.492781555391617587E+02
    0.292649622032026713E+02   -0.477370990903607364E+02
    0.292645732988270737E+02   -0.477635001760625570E+02
    0.292645732988270737E+02   -0.477635001760625570E+02
    0.292718780194576595E+02   -0.478853479644429214E+02
    0.292574788398567840E+02   -0.488943019784376460E+02
    0.292638189789869259E+02   -0.478252526683159118E+02
    0.292659046885142118E+02   -0.476884615795502569E+02
    0.292659046885142118E+02   -0.476884615795502569E+02
    0.292789895730452656E+02   -0.492576123209620889E+02
    0.292727253420054119E+02   -0.479839455922793690E+02
    0.292594726541633712E+02   -0.484521480210740521E+02
    0.292659639655942669E+02   -0.476861286675102605E+02
    0.292694453116615350E+02   -0.476998404000938478E+02
    0.292723271995171785E+02   -0.479354294157058547E+02
    0.292685889471353597E+02   -0.476689797089024694E+02
    0.292560591296625745E+02   -0.492684004157770019E+02
    0.292670812115082839E+02   -0.476582315393656728E+02
    0.292670812115082839E+02   -0.476582315393656728E+02
    0.292598659319905394E+02   -0.483764131209722166E+02
    0.292782481211088026E+02   -0.490567854874031184E+02
    0.292607136686418521E+02   -0.482260259734603594E+02
    0.292755997401859887E+02   -0.484492327378457972E+02
    0.292685813369843402E+02   -0.476687858616581011E+02
    0.292685813369843402E+02   -0.476687858616581011E+02
    0.292758002224717870E+02   -0.484892234370624706E+02
    0.292632250058225765E+02   -0.478836711386889959E+02
    0.292632250058225765E+02   -0.478836711386889959E+02
    0.292784424192292860E+02   -0.491081123638853470E+02
    0.292644122795837553E+02   -0.477755138636955223E+02
    0.292644122795837553E+02   -0.477755138636955223E+02
    0.292679002932353249E+02   -0.476571731497570497E+02
    0.292679002932353249E+02   -0.476571731497570497E+02
    0.292639962044319759E+02   -0.478094934570764707E+02
    0.292639962044319759E+02   -0.478094934570764707E+02
    0.292592806010763056E+02   -0.484905069664103223E+02
    0.292764197172986549E+02   -0.486190070765699929E+02
    0.292682615887341306E+02   -0.476619211031113679E+02
    0.292682615887341306E+02   -0.476619211031113679E+02
    0.292634070677705438E+02   -0.478648479577046402E+02
    0.292634070677705438E+02   -0.478648479577046402E+02
    0.292753111417454619E+02   -0.483933912452660095E+02
    0.292678010231498504E+02   -0.476564276632297350E+02
    0.292606073193152625E+02   -0.482439280484056923E+02
    0.292756827220863265E+02   -0.484656661156925352E+02
    0.292711523264020173E+02   -0.478148621685484443E+02
    0.292666223858657730E+02   -0.476659941339832400E+02
    0.292751466514713599E+02   -0.483624750269937209E+02
    0.292561050380161660E+02   -0.492555322028369389E+02
    0.292651967806762485E+02   -0.477229630116637082E+02
    0.292651967806762485E+02   -0.477229630116637082E+02
    0.292730301101330639E+02   -0.480237030502751949E+02
    0.292730301101330639E+02   -0.480237030502751949E+02
    0.292776928852538774E+02   -0.489152001810116417E+02
    0.292718943173123698E+02   -0.478870788290694804E+02
    0.292631956687968753E+02   -0.478867800966573043E+02
    0.292708134696210323E+02   -0.477863603692297332E+02
    0.292658166840304830E+02   -0.476920835811399044E+02
    0.292658166840304830E+02   -0.476920835811399044E+02
    0.292756162992139437E+02   -0.484524985668256676E+02
    0.292759090723308475E+02   -0.485113477141883322E+02
    0.292612839754654814E+02   -0.481347434546858892E+02
    0.292683520199470024E+02   -0.476636090175741671E+02
    0.292773990647465858E+02   -0.488433263825695434E+02
    0.292626095388851510E+02   -0.479533057150536877E+02
    0.292595516124166224E+02   -0.484366392757504372E+02
    0.292537986425201275E+02   -0.499657714990978192E+02
    0.292585255693357880E+02   -0.486500541486635640E+02
    0.292667462064458235E+02   -0.476633920650188543E+02
    0.292667462064458235E+02   -0.476633920650188543E+02
    0.292627081231890571E+02   -0.479415286877946727E+02
    0.292627081231890571E+02   -0.479415286877946727E+02
    0.292554825505448122E+02   -0.494344056023384724E+02
    0.292653858971253875E+02   -0.477125462973038736E+02
    0.292787085180915660E+02   -0.491799045892524376E+02
    0.292659824229530798E+02   -0.476854198030513317E+02
    0.292659824229530798E+02   -0.476854198030513317E+02
    0.292650841111519782E+02   -0.477295847334334340E+02
    0.292650841111519782E+02   -0.477295847334334340E+02
    0.292662901618138953E+02   -0.476748284170053225E+02
    0.292638467325881138E+02   -0.478227340409054804E+02
    0.292596111115500079E+02   -0.484250533681815511E+02
    0.292751590685637169E+02   -0.483647857497932421E+02
    0.292663904099003638E+02   -0.476718783223904552E+02
    0.292564035773617057E+02   -0.491731083829021358E+02
    0.292546525071567345E+02   -0.496876635724202131E+02
    0.292741128912739832E+02   -0.481833249420832814E+02
    0.292733150513343858E+02   -0.480629287546952213E+02
    0.292613669276671367E+02   -0.481221288660077136E+02
    0.292626953607838018E+02   -0.479430399104316507E+02
    0.292638956735489373E+02   -0.478183385674983441E+02
    0.292571288480898133E+02   -0.489819479252151382E+02
    0.292660156557835975E+02   -0.476841644842915500E+02
    0.292636408594269923E+02   -0.478418653426650806E+02
    0.292747488488629060E+02   -0.482904425455637138E+02
    0.292601666033726673E+02   -0.483210631481732307E+02
    0.292615662453936736E+02   -0.480925064690364650E+02
    0.292522537686949349E+02   -0.505142583614208220E+02
    0.292627355033098624E+02   -0.479382999912813830E+02
    0.292720925652002641E+02   -0.479086532453664802E+02
    0.292673148346152558E+02   -0.476562571566190272E+02
    0.292673148346152558E+02   -0.476562571566190272E+02
    0.292754866500029003E+02   -0.484271079866880712E+02
    0.292718329122389491E+02   -0.478805913572062565E+02
    0.292718329122389491E+02   -0.478805913572062565E+02
    0.292688413440777495E+02   -0.476762112742491055E+02
    0.292688413440777495E+02   -0.476762112742491055E+02
    0.292667009580296238E+02   -0.476642994792474894E+02
    0.292667009580296238E+02   -0.476642994792474894E+02
    0.292660729977921399E+02   -0.476820619876412692E+02
    0.292783343950345447E+02   -0.490794621285906345E+02
    0.292677129530376590E+02   -0.476559680353113393E+02
    0.292677129530376590E+02   -0.476559680353113393E+02
    0.292674054219374327E+02   -0.476558507180383231E+02
    0.292741374383601070E+02   -0.481872760120671160E+02
    0.292591768900198304E+02   -0.485115963554808616E+02
    0.292678510801603338E+02   -0.476567734521925175E+02
    0.292678510801603338E+02   -0.476567734521925175E+02
    0.292751691827713927E+02   -0.483666707105346205E+02
    0.292739682735595714E+02   -0.481603465938009165E+02
    0.292740412579137583E+02   -0.481718791685392205E+02
    0.292711374425517228E+02   -0.478135513005936161E+02
    0.292711374425517228E+02   -0.478135513005936161E+02
    0.292542089676497987E+02   -0.498299011420721669E+02
    0.292753768903213327E+02   -0.484059339042431844E+02
    0.292747937738771498E+02   -0.482983835341503465E+02
    0.292725590709544576E+02   -0.479632129829801457E+02
    0.292581241633570102E+02   -0.487405522465134453E+02
    0.292709351206785939E+02   -0.477962695353224163E+02
    0.292649160660415220E+02   -0.477400377714878061E+02
    0.292716477192110780E+02   -0.478615840664710888E+02
    0.292716477192110780E+02   -0.478615840664710888E+02
    0.292727760992601915E+02   -0.479904092979518211E+02
    0.292611319463403063E+02   -0.481582994431574178E+02
    0.292593429283250721E+02   -0.484779594170529435E+02
    0.292730434831019117E+02   -0.480254995979085919E+02
    0.292736393621393134E+02   -0.481099902661500494E+02
    0.292618830439850335E+02   -0.480474235215618322E+02
    0.292731569388657995E+02   -0.480409173943270176E+02
    0.292512530202750334E+02   -0.509007118763982760E+02
    0.292593387622434733E+02   -0.484787951581876229E+02
    0.292687956826896141E+02   -0.476747875742667446E+02
    0.292644018991884352E+02   -0.477763101036719533E+02
    0.292644018991884352E+02   -0.477763101036719533E+02
    0.292725687007129629E+02   -0.479643952884091078E+02
    0.292725687007129629E+02   -0.479643952884091078E+02
    0.292711723723900938E+02   -0.478166362444415398E+02
    0.292711723723900938E+02   -0.478166362444415398E+02
    0.292630143627627390E+02   -0.479064607948556187E+02
    0.292671977993442702E+02   -0.476570793891708320E+02
    0.292671977993442702E+02   -0.476570793891708320E+02
    0.292621141360859127E+02   -0.480160855105542694E+02
    0.292621141360859127E+02   -0.480160855105542694E+02
    0.292734062742213226E+02   -0.480759063215046680E+02
    0.292763550701332136E+02   -0.486050249407832027E+02
    0.292636671318735750E+02   -0.478393662085178661E+02
    0.292636671318735750E+02   -0.478393662085178661E+02
    0.292759203540619275E+02   -0.485136573548308121E+02
    0.292647876164725389E+02   -0.477484935159704307E+02
    0.292654528302893979E+02   -0.477090691205777162E+02
    0.292722642675735187E+02   -0.479281155719280889E+02
    0.292734966356771977E+02   -0.480889619787805174E+02
    0.292746173746784990E+02   -0.482674866333772954E+02
    0.292707232867237082E+02   -0.477792480635833883E+02
    0.292716364643411104E+02   -0.478604559586486431E+02
    0.292716364643411104E+02   -0.478604559586486431E+02
    0.292634790571390724E+02   -0.478576286950164089E+02
    0.292757536298144707E+02   -0.484798418078497519E+02
    0.292515851095704029E+02   -0.507697554996693015E+02
    0.292625029125393752E+02   -0.479663110154070651E+02
    0.292727868981731874E+02   -0.479917926188606998E+02
    0.292640295017384240E+02   -0.478066183158102405E+02
    0.292640295017384240E+02   -0.478066183158102405E+02
    0.292611173925753221E+02   -0.481605841061679456E+02
    0.292610645195151591E+02   -0.481689277598498151E+02
    0.292575188086920832E+02   -0.488844834562135802E+02
    0.292707201676441571E+02   -0.477790056348295522E+02
    0.292750271866943841E+02   -0.483404362305104982E+02
    0.292715183430639065E+02   -0.478488031940176199E+02
    0.292715183430639065E+02   -0.478488031940176199E+02
    0.292678306134536221E+02   -0.476566246647080689E+02
    0.292678306134536221E+02   -0.476566246647080689E+02
    0.292735295330082437E+02   -0.480937646534809105E+02
    0.292665957123132365E+02   -0.476666037600042714E+02
    0.292665957123132365E+02   -0.476666037600042714E+02
    0.292694887943450652E+02   -0.477018858333889568E+02
    0.292693480427421377E+02   -0.476954322628944354E+02
    0.292693480427421377E+02   -0.476954322628944354E+02
    0.292725899993469625E+02   -0.479670183093309888E+02
    0.292654537975896822E+02   -0.477090196724801814E+02
    0.292654537975896822E+02   -0.477090196724801814E+02
    0.292641119539542807E+02   -0.477996154694015445E+02
    0.292597682571152440E+02   -0.483948696582934872E+02
    0.292722226429789671E+02   -0.479233312498312856E+02
    0.292595909143104187E+02   -0.484289765484439556E+02
    0.292664985507902422E+02   -0.476689715209814153E+02
    0.292664985507902422E+02   -0.476689715209814153E+02
    0.292813738413289428E+02   -0.499945358363092254E+02
    0.292634462061527643E+02   -0.478609073470166351E+02
    0.292674081209053512E+02   -0.476558416872874204E+02
    0.292674081209053512E+02   -0.476558416872874204E+02
    0.292824037591863764E+02   -0.503558578458031079E+02
    0.292619926437262023E+02   -0.480323980629456315E+02
    0.292633442858434663E+02   -0.478712473400155076E+02
    0.292633442858434663E+02   -0.478712473400155076E+02
    0.292636620401980529E+02   -0.478398492291509996E+02
    0.292687900999368686E+02   -0.476746170049611280E+02
    0.292687900999368686E+02   -0.476746170049611280E+02
    0.292750788549172540E+02   -0.483499251221625883E+02
    0.292614867309196782E+02   -0.481042073440476230E+02
    0.292723506025090501E+02   -0.479381739783276544E+02
    0.292609303873491839E+02   -0.481904012577333987E+02
    0.292645537398417872E+02   -0.477649256444219716E+02
    0.292645537398417872E+02   -0.477649256444219716E+02
    0.292746400529623720E+02   -0.482714161812077478E+02
    0.292685884064081137E+02   -0.476689658886499998E+02
    0.292696183556333764E+02   -0.477082545687817117E+02
    0.292665673840944613E+02   -0.476672702559945378E+02
    0.292665673840944613E+02   -0.476672702559945378E+02
    0.292688052298104928E+02   -0.476750810328215806E+02
    0.292688052298104928E+02   -0.476750810328215806E+02
    0.292794109129674744E+02   -0.493777257037392161E+02
    0.292666875199385181E+02   -0.476645786108781095E+02
    0.292666875199385181E+02   -0.476645786108781095E+02
    0.292756347519703013E+02   -0.484561457835550513E+02
    0.292689284666458889E+02   -0.476790691729421141E+02
    0.292689284666458889E+02   -0.476790691729421141E+02
    0.292674447587073416E+02   -0.476557367202718041E+02
    0.292586854491646235E+02   -0.486151061134634119E+02
    0.292566834762164660E+02   -0.490978107837314255E+02
    0.292692772920508020E+02   -0.476923712674018176E+02
    0.292692772920508020E+02   -0.476923712674018176E+02
    0.292706086198376951E+02   -0.477704920487102385E+02
    0.292646678948505681E+02   -0.477567380171013269E+02
    0.292646678948505681E+02   -0.477567380171013269E+02
    0.292708598251170926E+02   -0.477900936062345068E+02
    0.292708598251170926E+02   -0.477900936062345068E+02
    0.292746494519850202E+02   -0.482730484703546452E+02
    0.292838723916991306E+02   -0.509159623889335720E+02
    0.292576034106754932E+02   -0.488638294725448077E+02
    0.292594507609193002E+02   -0.484564752259549891E+02
    0.292768086370821337E+02   -0.487052811630104543E+02
    0.292622077073834284E+02   -0.480037679404094533E+02
    0.292712359741920629E+02   -0.478223300775023930E+02
    0.292712359741920629E+02   -0.478223300775023930E+02
    0.292708823342479647E+02   -0.477919253320850999E+02
    0.292708823342479647E+02   -0.477919253320850999E+02
    0.292618823275255480E+02   -0.480475227102685807E+02
    0.292678053842756007E+02   -0.476564553526025136E+02
    0.292678053842756007E+02   -0.476564553526025136E+02
    0.292728238074955875E+02   -0.479965421672261030E+02
    0.292688517087155944E+02   -0.476765415393025265E+02
    0.292652557795595101E+02   -0.477196194252302774E+02
    0.292652831193238683E+02   -0.477180988891987212E+02
    0.292652831193238683E+02   -0.477180988891987212E+02
    0.292694266015834224E+02   -0.476989745035035924E+02
    0.292813130819134315E+02   -0.499740301860626701E+02
    0.292752665725741892E+02   -0.483849490400900777E+02
    0.292797199001221671E+02   -0.494685695343806273E+02
    0.292734517465643052E+02   -0.480824513235173399E+02
    0.292643458495305104E+02   -0.477806549856006839E+02
    0.292605802288454839E+02   -0.482485324652818690E+02
    0.292649088185859583E+02   -0.477405041252269058E+02
    0.292649088185859583E+02   -0.477405041252269058E+02
    0.292723819908672169E+02   -0.479418760466649303E+02
    0.292687973491423890E+02   -0.476748386369571477E+02
    0.292687973491423890E+02   -0.476748386369571477E+02
    0.292642060063922287E+02   -0.477918303838625675E+02
    0.292755673012854487E+02   -0.484428544609004632E+02
    0.292808463106012198E+02   -0.498195108533479640E+02
    0.292629443516325694E+02   -0.479142756266781973E+02
    0.292628231654882605E+02   -0.479280860801064890E+02
    0.292628231654882605E+02   -0.479280860801064890E+02
    0.292704475479912993E+02   -0.477587356208434528E+02
    0.292704475479912993E+02   -0.477587356208434528E+02
    0.292564196640538441E+02   -0.491687288925134425E+02
    0.292603757719702138E+02   -0.482838617567141952E+02
    0.292826248166554954E+02   -0.504367920591214656E+02
    0.292690307994879078E+02   -0.476826630874109441E+02
    0.292690307994879078E+02   -0.476826630874109441E+02
    0.292609320302504727E+02   -0.481901355806174152E+02
    0.292664578218462843E+02   -0.476700327319450139E+02
    0.292732696457614914E+02   -0.480565451175549470E+02
    0.292811119764440129E+02   -0.499068032055333646E+02
    0.292681379713507681E+02   -0.476599373169774552E+02
    0.292602739475328306E+02   -0.483018379460815765E+02
    0.292730083326833537E+02   -0.480207867905857100E+02
    0.292730083326833537E+02   -0.480207867905857100E+02
    0.292630823870862855E+02   -0.478989825537070217E+02
    0.292630823870862855E+02   -0.478989825537070217E+02
    0.292556024441183027E+02   -0.493992170399110719E+02
    0.292812560802278128E+02   -0.499548748106404901E+02
    0.292688538884105540E+02   -0.476766113287611262E+02
    0.292688538884105540E+02   -0.476766113287611262E+02
    0.292681512409895319E+02   -0.476601323602602278E+02
    0.292681512409895319E+02   -0.476601323602602278E+02
    0.292672976467846766E+02   -0.476563569247184375E+02
    0.292672976467846766E+02   -0.476563569247184375E+02
    0.292701516054316144E+02   -0.477387889873335851E+02
    0.292753144739308837E+02   -0.483940243730901258E+02
    0.292614814319529977E+02   -0.481049926038755444E+02
    0.292590817418633229E+02   -0.485311758666006199E+02
    0.292729432766688404E+02   -0.480121440923736813E+02
    0.292732095908561547E+02   -0.480481793538910864E+02
    0.292732095908561547E+02   -0.480481793538910864E+02
    0.292715143970127194E+02   -0.478484198027296941E+02
    0.292715143970127194E+02   -0.478484198027296941E+02
    0.292717231628179562E+02   -0.478692259764298385E+02
    0.292717231628179562E+02   -0.478692259764298385E+02
    0.292741575931749125E+02   -0.481905311241553562E+02
    0.292678260547407518E+02   -0.476565929190983653E+02
    0.292678260547407518E+02   -0.476565929190983653E+02
    0.292582986442892263E+02   -0.487007308775758858E+02
    0.292700918238380225E+02   -0.477350197240611323E+02
    0.292631041881524538E+02   -0.478966098035501702E+02
    0.292634357054866747E+02   -0.478619609194279789E+02
    0.292717774592217381E+02   -0.478748119615622443E+02
    0.292717774592217381E+02   -0.478748119615622443E+02
    0.292690860674894537E+02   -0.476847106007682981E+02
    0.292585553218657992E+02   -0.486435032190374272E+02
    0.292720239147663364E+02   -0.479010735393469247E+02
    0.292606754051114066E+02   -0.482324351225062102E+02
    0.292568985596124307E+02   -0.490412514775265791E+02
    0.292725011137782083E+02   -0.479561451182994389E+02
    0.292648130174783603E+02   -0.477467893784783826E+02
    0.292792909887099420E+02   -0.493430963176545987E+02
    0.292622209423333359E+02   -0.480020429987695110E+02
    0.292642209179255488E+02   -0.477906159666134940E+02
    0.292642209179255488E+02   -0.477906159666134940E+02
    0.292563459751183785E+02   -0.491888420977206806E+02
    0.292705442834855276E+02   -0.477657201185358673E+02
    0.292634351332520595E+02   -0.478620184114186245E+02
    0.292634351332520595E+02   -0.478620184114186245E+02
    0.292787434911915661E+02   -0.491894689212340026E+02
    0.292641018809748843E+02   -0.478004620743847610E+02
    0.292561375932033947E+02   -0.492464381470360095E+02
    0.292731142496246228E+02   -0.480350793028609857E+02
    0.292715072068345599E+02   -0.478477221969700324E+02
    0.292715072068345599E+02   -0.478477221969700324E+02
    0.292601011309791161E+02   -0.483329275264417362E+02
    0.292614884736184422E+02   -0.481039492416148846E+02
    0.292570023897799700E+02   -0.490143527287185350E+02
    0.292718467454705120E+02   -0.478820447970478185E+02
    0.292682666495873960E+02   -0.476620102817636209E+02
    0.292497091937070905E+02   -0.515449190936860333E+02
    0.292585476399400939E+02   -0.486451925567847709E+02
    0.292618640251830904E+02   -0.480500607954912766E+02
    0.292656720825768701E+02   -0.476984462350694827E+02
    0.292656720825768701E+02   -0.476984462350694827E+02
    0.292694475931752152E+02   -0.476999465734667041E+02
    0.292700829796432203E+02   -0.477344695142298932E+02
    0.292700829796432203E+02   -0.477344695142298932E+02
    0.292668014757624775E+02   -0.476623516242361944E+02
    0.292668014757624775E+02   -0.476623516242361944E+02
    0.292605293546412746E+02   -0.482572277725342076E+02
    0.292702428876010927E+02   -0.477447129966357195E+02
    0.292702428876010927E+02   -0.477447129966357195E+02
    0.292681554812483284E+02   -0.476601955934285542E+02
    0.292731185889250121E+02   -0.480356707016372226E+02
    0.292616988646190990E+02   -0.480733350259991639E+02
    0.292783807731090064E+02   -0.490917275864030742E+02
    0.292755541924875544E+02   -0.484402842533845188E+02
    0.292616087408237675E+02   -0.480863164958200358E+02
    0.292675826740080183E+02   -0.476556359649338219E+02
    0.292675826740080183E+02   -0.476556359649338219E+02
    0.292582386942040849E+02   -0.487143291842043666E+02
    0.292637308267732799E+02   -0.478333773815632028E+02
    0.292706983276307611E+02   -0.477773147972807593E+02
    0.292586686156509188E+02   -0.486187562964093232E+02
    0.292528218463732763E+02   -0.503057846920441847E+02
    0.292650982464651541E+02   -0.477287369530055443E+02
    0.292572555858724499E+02   -0.489498638971605686E+02
    0.292504053914838309E+02   -0.512471940710157554E+02
    0.292717411911046241E+02   -0.478710727216779475E+02
    0.292629014131152729E+02   -0.479191278445689051E+02
    0.292656016325930430E+02   -0.477017313854044005E+02
    0.292781609061996804E+02   -0.490340465330994206E+02
    0.292752398736897490E+02   -0.483799150567986800E+02
    0.292675359378157296E+02   -0.476556180006077454E+02
    0.292715598321316541E+02   -0.478528572482572940E+02
    0.292715598321316541E+02   -0.478528572482572940E+02
    0.292585374834041545E+02   -0.486474283032585575E+02
    0.292777017327382652E+02   -0.489173971800690879E+02
    0.292671961133858929E+02   -0.476570936814312702E+02
    0.292671961133858929E+02   -0.476570936814312702E+02
    0.292698480601230280E+02   -0.477205550733389146E+02
    0.292698480601230280E+02   -0.477205550733389146E+02
    0.292581577909729376E+02   -0.487328195769660582E+02
    0.292672410879422458E+02   -0.476567362281650517E+02
    0.292772089616746882E+02   -0.487979486583565532E+02
    0.292645112830845875E+02   -0.477680521096619373E+02
    0.292755236972617610E+02   -0.484343213944201736E+02
    0.292602010980221188E+02   -0.483148544725524900E+02
    0.292663015992705233E+02   -0.476744794154326428E+02
    0.292668506858463005E+02   -0.476614881175108920E+02
    0.292668506858463005E+02   -0.476614881175108920E+02
    0.292715876405008473E+02   -0.478555980734515813E+02
    0.292637133834970058E+02   -0.478350075967744885E+02
    0.292774572305332725E+02   -0.488573871741682098E+02
    0.292627939859530528E+02   -0.479314650508156816E+02
    0.292554490153781899E+02   -0.494443110335505693E+02
    0.292660806869599419E+02   -0.476817861717713072E+02
    0.292741053879942221E+02   -0.481821201636576220E+02
    0.292695763214521634E+02   -0.477061433415047986E+02
    0.292694738309150466E+02   -0.477011767326937601E+02
    0.292604841663240371E+02   -0.482650043409757359E+02
    0.292822877611469821E+02   -0.503138663881325385E+02
    0.292630286153996124E+02   -0.479048845625309880E+02
    0.292737561275771867E+02   -0.481275641475594469E+02
    0.292705566239898545E+02   -0.477666275873386255E+02
    0.292705566239898545E+02   -0.477666275873386255E+02
    0.292516331938180159E+02   -0.507510174482886427E+02
    0.292690907124485520E+02   -0.476848860855086869E+02
    0.292729878534334667E+02   -0.480180549572230007E+02
    0.292729878534334667E+02   -0.480180549572230007E+02
    0.292736089323349198E+02   -0.481054651732317780E+02
    0.292603499351396437E+02   -0.482883990100226299E+02
    0.292553392779281793E+02   -0.494769169248035183E+02
    0.292656385090946536E+02   -0.476999966596231459E+02
    0.292598291506011705E+02   -0.483833359043795497E+02
    0.292631969738231170E+02   -0.478866413506538251E+02
    0.292711391457219250E+02   -0.478137010296959417E+02
    0.292564864295922753E+02   -0.491506200788524552E+02
    0.292589656458474323E+02   -0.485553658978872065E+02
    0.292791210711672534E+02   -0.492946330651184184E+02
    0.292697850290401149E+02   -0.477170513433553154E+02
    0.292600677512425129E+02   -0.483390166808326001E+02
    0.292640824536847042E+02   -0.478021018903025166E+02
    0.292716788134351305E+02   -0.478647168314827312E+02
    0.292703283612152063E+02   -0.477504447834907424E+02
    0.292733011870597402E+02   -0.480609742084036000E+02
    0.292657317630154665E+02   -0.476957582444313744E+02
    0.292680722674796243E+02   -0.476590350204805446E+02
    0.292680722674796243E+02   -0.476590350204805446E+02
    0.292776270793589717E+02   -0.488989193942607159E+02
    0.292558085004687101E+02   -0.493395611281727327E+02
    0.292689320012573475E+02   -0.476791890378048961E+02
    0.292689320012573475E+02   -0.476791890378048961E+02
    0.292654595605376642E+02   -0.477087255466005260E+02
    0.292758670316757943E+02   -0.485027683964500227E+02
    0.292609909153097618E+02   -0.481806567333830316E+02
    0.292593478864991141E+02   -0.484769653305790982E+02
    0.292566303127185421E+02   -0.491119652810806713E+02
    0.292791105376972389E+02   -0.492916519904442225E+02
    0.292619412182754566E+02   -0.480394115980793686E+02
    0.292760346827348599E+02   -0.485372387777988337E+02
    0.292602211553705907E+02   -0.483112577393732465E+02
    0.292719159589565265E+02   -0.478893872548466746E+02
    0.292852457346466650E+02   -0.514874514699261852E+02
    0.292749902881106578E+02   -0.483336997504528441E+02
    0.292776231953444466E+02   -0.488979617747948865E+02
    0.292708101759725352E+02   -0.477860971150555187E+02
    0.292662871907516546E+02   -0.476749195992072359E+02
    0.292662871907516546E+02   -0.476749195992072359E+02
    0.292624263116763785E+02   -0.479758257078942449E+02
    0.292792880120998475E+02   -0.493422412636356995E+02
    0.292742861311948843E+02   -0.482115244222881429E+02
    0.292602093617522812E+02   -0.483133714083550387E+02
    0.292750010000610246E+02   -0.483356519737630919E+02
    0.292760033051792909E+02   -0.485307350186494375E+02
    0.292657278268560326E+02   -0.476959328449317326E+02
    0.292657278268560326E+02   -0.476959328449317326E+02
    0.292612119129289781E+02   -0.481458386415869981E+02
    0.292850541965416618E+02   -0.514049788003589470E+02
    0.292726454355335832E+02   -0.479738975372038965E+02
    0.292653807742288805E+02   -0.477128169454759359E+02
    0.292653807742288805E+02   -0.477128169454759359E+02
    0.292691534926998678E+02   -0.476873096595929624E+02
    0.292691534926998678E+02   -0.476873096595929624E+02
    0.292676446664162668E+02   -0.476557422142694094E+02
    0.292722009350565457E+02   -0.479208529570634099E+02
    0.292722009350565457E+02   -0.479208529570634099E+02
    0.292671166624893644E+02   -0.476578460315483454E+02
    0.292730202876266183E+02   -0.480223862638628134E+02
    0.292687469808881460E+02   -0.476733252712946225E+02
    0.292687469808881460E+02   -0.476733252712946225E+02
    0.292684293548115910E+02   -0.476652111343084712E+02
    0.292684293548115910E+02   -0.476652111343084712E+02
    0.292661344488974606E+02   -0.476798980911351578E+02
    0.292529341230655717E+02   -0.502655153586660077E+02
    0.292732225443332226E+02   -0.480499763375002331E+02
    0.292602507439161421E+02   -0.483059698107299127E+02
    0.292636895602654477E+02   -0.478372460917450866E+02
    0.292666110070563406E+02   -0.476662520694074416E+02
    0.292681660386795386E+02   -0.476603549422150436E+02
    0.292681660386795386E+02   -0.476603549422150436E+02
    0.292603338602698670E+02   -0.482912301857525321E+02
    0.292673560809252784E+02   -0.476560472110031412E+02
    0.292673560809252784E+02   -0.476560472110031412E+02
    0.292605358140935330E+02   -0.482561202289933675E+02
    0.292793100812878393E+02   -0.493485859590576297E+02
    0.292576288394151867E+02   -0.488576557370268745E+02
    0.292632240625035998E+02   -0.478837707783275448E+02
    0.292783818252679069E+02   -0.490920064576566233E+02
    0.292774673210753669E+02   -0.488598348480768934E+02
    0.292628972654378430E+02   -0.479195989362040820E+02
    0.292731171296449943E+02   -0.480354717664768813E+02
    0.292685923845075635E+02   -0.476690677306656312E+02
    0.292685923845075635E+02   -0.476690677306656312E+02
    0.292576470958606549E+02   -0.488532330845680463E+02
    0.292499787875342392E+02   -0.514282224876873002E+02
    0.292697704828127563E+02   -0.477162565560848080E+02
    0.292616377436829502E+02   -0.480821172353178881E+02
    0.292563132071317682E+02   -0.491978286911419076E+02
    0.292729503763552223E+02   -0.480130822549687295E+02
    0.292603397911616838E+02   -0.482901848757124057E+02
    0.292772655833204851E+02   -0.488113718628843358E+02
    0.292662207979820828E+02   -0.476770135130581707E+02
    0.292662207979820828E+02   -0.476770135130581707E+02
    0.292742166483590083E+02   -0.482001260568116763E+02
    0.292751685047925143E+02   -0.483665442790001165E+02
    0.292722365245238763E+02   -0.479249220824708431E+02
    0.292739724172304037E+02   -0.481609978651520692E+02
    0.292613596370201918E+02   -0.481232308136307907E+02
    0.292618869273833013E+02   -0.480468861111933947E+02
    0.292618869273833013E+02   -0.480468861111933947E+02
    0.292697046751400123E+02   -0.477127255693563583E+02
    0.292697046751400123E+02   -0.477127255693563583E+02
    0.292735904789588055E+02   -0.481027320768099713E+02
    0.292503476974014589E+02   -0.512714161643791044E+02
    0.292741982166687258E+02   -0.481971222303324254E+02
    0.292578566233081752E+02   -0.488030583375498992E+02
    0.292667077199163082E+02   -0.476641606937701425E+02
    0.292667077199163082E+02   -0.476641606937701425E+02
    0.292688255863681448E+02   -0.476757141944990792E+02
    0.292629329922430301E+02   -0.479155548950444441E+02
    0.292722686533546401E+02   -0.479286221401854320E+02
    0.292588790022801888E+02   -0.485736339474023637E+02
    0.292640146237772889E+02   -0.478078996405116143E+02
    0.292680150916046742E+02   -0.476583357478863334E+02
    0.292680150916046742E+02   -0.476583357478863334E+02
    0.292674281821276736E+02   -0.476557801456698371E+02
    0.292641054127957645E+02   -0.478001649524917411E+02
    0.292871581992725112E+02   -0.523601257492257659E+02
    0.292746330513698574E+02   -0.482702016479192793E+02
    0.292664840156863804E+02   -0.476693455840907916E+02
    0.292664483334889312E+02   -0.476702857817521632E+02
    0.292667563403010575E+02   -0.476631957029124180E+02
    0.292647128270631711E+02   -0.477536027168820070E+02
    0.292550263958650660E+02   -0.495714993467124785E+02
    0.292704559583617581E+02   -0.477593337830233295E+02
    0.292704559583617581E+02   -0.477593337830233295E+02
    0.292506809116354205E+02   -0.511326432162416253E+02
    0.292591030637689045E+02   -0.485267690137486483E+02
    0.292733197690641909E+02   -0.480635949188866434E+02
    0.292710339308890255E+02   -0.478045845576069866E+02
    0.292710339308890255E+02   -0.478045845576069866E+02
    0.292617787093647301E+02   -0.480620001020080494E+02
    0.292719936410894093E+02   -0.478977676378837529E+02
    0.292719936410894093E+02   -0.478977676378837529E+02
    0.292710521071648095E+02   -0.478061401188583446E+02
    0.292710521071648095E+02   -0.478061401188583446E+02
    0.292632847797796387E+02   -0.478774017940553307E+02
    0.292703415174784141E+02   -0.477513428981965689E+02
    0.292724160163776759E+02   -0.479459163675946272E+02
    0.292652093479046158E+02   -0.477222436660916500E+02
    0.292652093479046158E+02   -0.477222436660916500E+02
    0.292732288007802381E+02   -0.480508457387822787E+02
    0.292704373837372493E+02   -0.477580150276032569E+02
    0.292702680667023358E+02   -0.477463829213950959E+02
    0.292702680667023358E+02   -0.477463829213950959E+02
    0.292605022630885792E+02   -0.482618840293346025E+02
    0.292580006203245802E+02   -0.487691983990336908E+02
    0.292601887292884371E+02   -0.483170773686438366E+02
    0.292655835635807442E+02   -0.477025935188430452E+02
    0.292567485040479411E+02   -0.490805914518839117E+02
    0.292807835429579626E+02   -0.497991387717944392E+02
    0.292656672873435433E+02   -0.476986659916655356E+02
    0.292646962290106032E+02   -0.477547551525668581E+02
    0.292646962290106032E+02   -0.477547551525668581E+02
    0.292575562781448966E+02   -0.488753143987740089E+02
    0.292686618143635933E+02   -0.476709075039889925E+02
    0.292686618143635933E+02   -0.476709075039889925E+02
    0.292843047798412428E+02   -0.510909169791643407E+02
    0.292681163614415283E+02   -0.476596289013132690E+02
    0.292702119608055398E+02   -0.477426830918148539E+02
    0.292685536546785556E+02   -0.476680926790447899E+02
    0.292685536546785556E+02   -0.476680926790447899E+02
    0.292881899816092997E+02   -0.528680834636973529E+02
    0.292668723578458518E+02   -0.476611266153762543E+02
    0.292668723578458518E+02   -0.476611266153762543E+02
    0.292657475094315345E+02   -0.476950635533660403E+02
    0.292605074014197868E+02   -0.482609995189967975E+02
    0.292680179684106605E+02   -0.476583690217017804E+02
    0.292756539451912694E+02   -0.484599481895962043E+02
    0.292653452328588415E+02   -0.477147123072195001E+02
    0.292697599870354850E+02   -0.477156862941759599E+02
    0.292547763577805178E+02   -0.496488055074730283E+02
    0.292624263533734066E+02   -0.479758204896170639E+02
    0.292660111895526924E+02   -0.476843316182241281E+02
    0.292660111895526924E+02   -0.476843316182241281E+02
    0.292720974424237177E+02   -0.479091961255202605E+02
    0.292593718750493892E+02   -0.484721642499090422E+02
    0.292808831958455542E+02   -0.498315274014055589E+02
    0.292640068702778962E+02   -0.478085695356381493E+02
    0.292640068702778962E+02   -0.478085695356381493E+02
    0.292814986217617061E+02   -0.500369309915123992E+02
    0.292680540533840130E+02   -0.476588035807491224E+02
    0.292680540533840130E+02   -0.476588035807491224E+02
    0.292640801183858983E+02   -0.478022996293209701E+02
    0.292598269294628217E+02   -0.483837550136867165E+02
    0.292748634889902704E+02   -0.483108041722596866E+02
    0.292586194655960341E+02   -0.486294536620331570E+02
    0.292754141766239471E+02   -0.484130938779074427E+02
    0.292753767229185371E+02   -0.484059018350684624E+02
    0.292671924081048331E+02   -0.476571253362256400E+02
    0.292671924081048331E+02   -0.476571253362256400E+02
    0.292729170126329805E+02   -0.480086842405137020E+02
    0.292729170126329805E+02   -0.480086842405137020E+02
    0.292508375415265007E+02   -0.510683501166893237E+02
    0.292638169934194110E+02   -0.478254335797685215E+02
    0.292647852538933222E+02   -0.477486528220013255E+02
    0.292661126750109375E+02   -0.476806542575503371E+02
    0.292641546611647243E+02   -0.477960536140766763E+02
    0.292641546611647243E+02   -0.477960536140766763E+02
    0.292609329528467086E+02   -0.481899864145300043E+02
    0.292784893212680721E+02   -0.491206406008442968E+02
    0.292623242861640165E+02   -0.479887212772965768E+02
    0.292783981750242361E+02   -0.490963433858293641E+02
    0.292740307162251909E+02   -0.481702053814669497E+02
    0.292693667276481335E+02   -0.476962610907254572E+02
    0.292808301212251010E+02   -0.498142471531203412E+02
    0.292732594793451568E+02   -0.480551227143558108E+02
    0.292585268079077778E+02   -0.486497810073007741E+02
    0.292572714377346443E+02   -0.489458785924739743E+02
    0.292611655525196319E+02   -0.481530437057942464E+02
    0.292618826390438898E+02   -0.480474795812330555E+02
    0.292655275391744247E+02   -0.477053173908256838E+02
    0.292655275391744247E+02   -0.477053173908256838E+02
    0.292726143988215028E+02   -0.479700368467948408E+02
    0.292726143988215028E+02   -0.479700368467948408E+02
    0.292624378236783613E+02   -0.479743866247388198E+02
    0.292645884357602455E+02   -0.477624034110244509E+02
    0.292645884357602455E+02   -0.477624034110244509E+02
    0.292640222696592502E+02   -0.478072404831764644E+02
    0.292531565817994199E+02   -0.501866385172596239E+02
    0.292768591057078140E+02   -0.487167477792363641E+02
    0.292604467598587519E+02   -0.482714794907343432E+02
    0.292740768254331698E+02   -0.481775465580131979E+02
    0.292654459070531807E+02   -0.477094237023068999E+02
    0.292654459070531807E+02   -0.477094237023068999E+02
    0.292699269375531976E+02   -0.477250765320141710E+02
    0.292699269375531976E+02   -0.477250765320141710E+02
    0.292674498860520629E+02   -0.476557246490225808E+02
    0.292674498860520629E+02   -0.476557246490225808E+02
    0.292652435111810050E+02   -0.477203076887393891E+02
    0.292652435111810050E+02   -0.477203076887393891E+02
    0.292584372114476921E+02   -0.486696364517262907E+02
    0.292763358690567230E+02   -0.486008917454112108E+02
    0.292712379490061281E+02   -0.478225084526034649E+02
    0.292706074255049522E+02   -0.477704025409959669E+02
    0.292707966627302802E+02   -0.477850198081037192E+02
    0.292711912560220071E+02   -0.478183164406594798E+02
    0.292711912560220071E+02   -0.478183164406594798E+02
    0.292786341606361731E+02   -0.491596689571285239E+02
    0.292642653720288557E+02   -0.477870278291423745E+02
    0.292642653720288557E+02   -0.477870278291423745E+02
    0.292771552051581025E+02   -0.487852772408077158E+02
    0.292699189964898352E+02   -0.477246144415381082E+02
    0.292699189964898352E+02   -0.477246144415381082E+02
    0.292697081331025082E+02   -0.477129084739404590E+02
    0.292608273931728604E+02   -0.482071884495536338E+02
    0.292663880971728929E+02   -0.476719436115828259E+02
    0.292663880971728929E+02   -0.476719436115828259E+02
    0.292694086299821095E+02   -0.476981508444258253E+02
    0.292694086299821095E+02   -0.476981508444258253E+02
    0.292673586865458972E+02   -0.476560353454620937E+02
    0.292673586865458972E+02   -0.476560353454620937E+02
    0.292657375806951734E+02   -0.476955008771655997E+02
    0.292657375806951734E+02   -0.476955008771655997E+02
    0.292750556070238126E+02   -0.483456475572126507E+02
    0.292623173497099778E+02   -0.479896072561572211E+02
    0.292722787199278152E+02   -0.479297866325709876E+02
    0.292730788243876709E+02   -0.480302684590125608E+02
    0.292669366460340754E+02   -0.476601218238832374E+02
    0.292669366460340754E+02   -0.476601218238832374E+02
    0.292624246632011769E+02   -0.479760320444491981E+02
    0.292715517328136627E+02   -0.478520625262983188E+02
    0.292678729634218762E+02   -0.476569438700027703E+02
    0.292678729634218762E+02   -0.476569438700027703E+02
    0.292742004709318095E+02   -0.481974891633566074E+02
    0.292701276267044683E+02   -0.477372666172187792E+02
    0.292648278635366381E+02   -0.477458006721194579E+02
    0.292648278635366381E+02   -0.477458006721194579E+02
    0.292711568008814140E+02   -0.478152573093253608E+02
    0.292780496588597892E+02   -0.490053117397084108E+02
    0.292685953821327161E+02   -0.476691447275758193E+02
    0.292727044850153497E+02   -0.479813078138249764E+02
    0.292676902494263160E+02   -0.476558803006763299E+02
    0.292676902494263160E+02   -0.476558803006763299E+02
    0.292893025797491191E+02   -0.534450016185386616E+02
    0.292683350526143897E+02   -0.476632770773198970E+02
    0.292683350526143897E+02   -0.476632770773198970E+02
    0.292669016246943414E+02   -0.476606566562600094E+02
    0.292669016246943414E+02   -0.476606566562600094E+02
    0.292701408738976454E+02   -0.477381059214543768E+02
    0.292701408738976454E+02   -0.477381059214543768E+02
    0.292607381365831500E+02   -0.482219463572267770E+02
    0.292546928196023082E+02   -0.496749743855350658E+02
    0.292802939697721953E+02   -0.496435478043386453E+02
    0.292732846075929984E+02   -0.480586430539621290E+02
    0.292809122323387676E+02   -0.498410103737820265E+02
    0.292676879360919173E+02   -0.476558720688140056E+02
    0.292676879360919173E+02   -0.476558720688140056E+02
    0.292684477636789460E+02   -0.476656140559885131E+02
    0.292684477636789460E+02   -0.476656140559885131E+02
    0.292571704185042023E+02   -0.489713809647832221E+02
    0.292739345222161234E+02   -0.481550574484443104E+02
    0.292674003550644777E+02   -0.476558681529564225E+02
    0.292674003550644777E+02   -0.476558681529564225E+02
    0.292597704518783814E+02   -0.483944523758075675E+02
    0.292664427500435025E+02   -0.476704357185022971E+02
    0.292664427500435025E+02   -0.476704357185022971E+02
    0.292811434553983148E+02   -0.499172609230947160E+02
    0.292793025698891185E+02   -0.493464251615558496E+02
    0.292763437903267416E+02   -0.486025957737232090E+02
    0.292547015899804421E+02   -0.496722189890979777E+02
    0.292699154301523841E+02   -0.477244074181898839E+02
    0.292650437448025755E+02   -0.477320326501033492E+02
    0.292750781104088631E+02   -0.483497879292708674E+02
    0.292790847483060439E+02   -0.492843647958873490E+02
    0.292657234066346774E+02   -0.476961293691583421E+02
    0.292657234066346774E+02   -0.476961293691583421E+02
    0.292605774117622026E+02   -0.482490122995336819E+02
    0.292618581954083368E+02   -0.480508709623076271E+02
    0.292582335198351373E+02   -0.487155069920987955E+02
    0.292721019400593789E+02   -0.479096972696254966E+02
    0.292615761892592872E+02   -0.480910540667194653E+02
    0.292674186292426199E+02   -0.476558082234573988E+02
    0.292674186292426199E+02   -0.476558082234573988E+02
    0.292766451129046246E+02   -0.486685558956021751E+02
    0.292550253493706265E+02   -0.495718197130672849E+02
    0.292687206032185046E+02   -0.476725574813292639E+02
    0.292872805489250361E+02   -0.524189992267512750E+02
    0.292688818839556610E+02   -0.476775180197990451E+02
    0.292688818839556610E+02   -0.476775180197990451E+02
    0.292699965190063836E+02   -0.477291914360963219E+02
    0.292699965190063836E+02   -0.477291914360963219E+02
    0.292695280349953215E+02   -0.477037714141451659E+02
    0.292690063725176302E+02   -0.476817819458732686E+02
    0.292665718845154608E+02   -0.476671630604627197E+02
    0.292665718845154608E+02   -0.476671630604627197E+02
    0.292692128955216226E+02   -0.476896916020507859E+02
    0.292692128955216226E+02   -0.476896916020507859E+02
    0.292683396460817917E+02   -0.476633662465510781E+02
    0.292786196231964695E+02   -0.491557285416943301E+02
    0.292626502209325849E+02   -0.479484169732644432E+02
    0.292721904252433376E+02   -0.479196572408846038E+02
    0.292706499006559611E+02   -0.477736072266102667E+02
    0.292737555093958441E+02   -0.481274702296812791E+02
    0.292638598993410639E+02   -0.478215457520132290E+02
    0.292808800569689964E+02   -0.498305035167173074E+02
    0.292578361374448832E+02   -0.488079166548391328E+02
    0.292739812137364908E+02   -0.481623818264212034E+02
    0.292641901194636489E+02   -0.477931302218058107E+02
    0.292534971082080730E+02   -0.500682428500463814E+02
    0.292812260350928710E+02   -0.499448101449269473E+02
    0.292680230232193637E+02   -0.476584279770635888E+02
    0.292680230232193637E+02   -0.476584279770635888E+02
    0.292601900734013149E+02   -0.483168356248619943E+02
    0.292632197723158569E+02   -0.478842242111072594E+02
    0.292632197723158569E+02   -0.478842242111072594E+02
    0.292766461285435753E+02   -0.486687819758271587E+02
    0.292791289845821510E+02   -0.492968744236741685E+02
    0.292630847521514781E+02   -0.478987245863719480E+02
    0.292643808340415603E+02   -0.477779340294920161E+02
    0.292601359942474062E+02   -0.483265968376905093E+02
    0.292617437487592156E+02   -0.480669439934637595E+02
    0.292605087890363293E+02   -0.482607607659549345E+02
    0.292634785037598562E+02   -0.478576837057950613E+02
    0.292705328355003509E+02   -0.477648816118892086E+02
    0.292624808443536963E+02   -0.479690374177442820E+02
    0.292767372056382698E+02   -0.486891582096351812E+02
    0.292769123736442936E+02   -0.487289179766844001E+02
    0.292712927897204267E+02   -0.478275000407006843E+02
    0.292712927897204267E+02   -0.478275000407006843E+02
    0.292576547639199092E+02   -0.488513779160334707E+02
    0.292697682681739124E+02   -0.477161360049428325E+02
    0.292697682681739124E+02   -0.477161360049428325E+02
    0.292614856107524588E+02   -0.481043732856481938E+02
    0.292581189563984125E+02   -0.487417520591501443E+02
    0.292717790614381776E+02   -0.478749778918960160E+02
    0.292705232616733113E+02   -0.477641828387813732E+02
    0.292612293589153332E+02   -0.481431408999933410E+02
    0.292694037156166118E+02   -0.476979269887062856E+02
    0.292735917308511375E+02   -0.481029172290143734E+02
    0.292732327329874735E+02   -0.480513926515973679E+02
    0.292709610482798865E+02   -0.477984282736437791E+02
    0.292709610482798865E+02   -0.477984282736437791E+02
    0.292628062881127775E+02   -0.479300379300532242E+02
    0.292634547338044442E+02   -0.478600537189629591E+02
    0.292577823363208935E+02   -0.488207247122592989E+02
    0.292642752903751138E+02   -0.477862338587187239E+02
    0.292642752903751138E+02   -0.477862338587187239E+02
    0.292696449075926282E+02   -0.477096104475061864E+02
    0.292696449075926282E+02   -0.477096104475061864E+02
    0.292695109970334926E+02   -0.477029480850597878E+02
    0.292695109970334926E+02   -0.477029480850597878E+02
    0.292742327961136048E+02   -0.482027644964348099E+02
    0.292746120275719690E+02   -0.482665619534144810E+02
    0.292653652098927637E+02   -0.477136431634173945E+02
    0.292727531345804550E+02   -0.479874770458947708E+02
    0.292582301699638236E+02   -0.487162698506541645E+02
    0.292758669985316544E+02   -0.485027616497132499E+02
    0.292702994720888547E+02   -0.477484875147920604E+02
    0.292641581358373344E+02   -0.477957657825495019E+02
    0.292641581358373344E+02   -0.477957657825495019E+02
    0.292838306721230381E+02   -0.508993235143236333E+02
    0.292636434151744389E+02   -0.478416214891488920E+02
    0.292581142899235545E+02   -0.487428278942977400E+02
    0.292757296601114660E+02   -0.484750360883714393E+02
    0.292708898004979154E+02   -0.477925356498773581E+02
    0.292708898004979154E+02   -0.477925356498773581E+02
    0.292593984243693370E+02   -0.484668670623427076E+02
    0.292649268755417751E+02   -0.477393445967552594E+02
    0.292577769323105699E+02   -0.488220151194975784E+02
    0.292805947495163039E+02   -0.497384440695951326E+02
    0.292653657730403651E+02   -0.477136131659633804E+02
    0.292697789127626820E+02   -0.477167165273001359E+02
    0.292697789127626820E+02   -0.477167165273001359E+02
    0.292623099613854407E+02   -0.479905522456600053E+02
    0.292659300116071357E+02   -0.476874544486398051E+02
    0.292659300116071357E+02   -0.476874544486398051E+02
    0.292658461351776396E+02   -0.476908503732181046E+02
    0.292675948842315137E+02   -0.476556494593436923E+02
    0.292675948842315137E+02   -0.476556494593436923E+02
    0.292751250043128977E+02   -0.483584556786496194E+02
    0.292706240398779975E+02   -0.477716508163179725E+02
    0.292706240398779975E+02   -0.477716508163179725E+02
    0.292657737523998875E+02   -0.476939192559539507E+02
    0.292747220651023596E+02   -0.482857317078141719E+02
    0.292825314963123944E+02   -0.504024795762031914E+02
    0.292638776422060047E+02   -0.478199511788190108E+02
    0.292621346993168174E+02   -0.480133602433521958E+02
    0.292659696375022520E+02   -0.476859099481881969E+02
    0.292659696375022520E+02   -0.476859099481881969E+02
    0.292605624473306136E+02   -0.482515644473387937E+02
    0.292730097544255585E+02   -0.480209768249022630E+02
    0.292555655217980473E+02   -0.494100162185628946E+02
    0.292624215504838290E+02   -0.479764218386742272E+02
    0.292559326509717508E+02   -0.493041192825159555E+02
    0.292513343510654167E+02   -0.508683904407143430E+02
    0.292596130640146086E+02   -0.484246746436586761E+02
    0.292733239976779771E+02   -0.480641924803380434E+02
    0.292602511888749248E+02   -0.483058904531554987E+02
    0.292715258205855946E+02   -0.478495307411888149E+02
    0.292715258205855946E+02   -0.478495307411888149E+02
    0.292677085739207037E+02   -0.476559501316474794E+02
    0.292677085739207037E+02   -0.476559501316474794E+02
    0.292713642035719772E+02   -0.478341103630847613E+02
    0.292713642035719772E+02   -0.478341103630847613E+02
    0.292725334494953415E+02   -0.479600783210300108E+02
    0.292725334494953415E+02   -0.479600783210300108E+02
    0.292570732197570464E+02   -0.489961544444716495E+02
    0.292695733270678318E+02   -0.477059945929738589E+02
    0.292695733270678318E+02   -0.477059945929738589E+02
    0.292539183624673100E+02   -0.499257033822640750E+02
    0.292714275383782621E+02   -0.478400772170906450E+02
    0.292683250444622445E+02   -0.476630845841752944E+02
    0.292683250444622445E+02   -0.476630845841752944E+02
    0.292650896680361576E+02   -0.477292508705001381E+02
    0.292627849578668489E+02   -0.479325147151165183E+02
    0.292652451057141754E+02   -0.477202180263391398E+02
    0.292719874365866275E+02   -0.478970928704596730E+02
    0.292743137413023859E+02   -0.482160865238258012E+02
    0.292640094440638840E+02   -0.478083469999087640E+02
    0.292587778407604411E+02   -0.485951952972696475E+02
    0.292789206272153741E+02   -0.492383709486323653E+02
    0.292619925473429205E+02   -0.480324111474502402E+02
    0.292801136444284751E+02   -0.495877158490991903E+02
    0.292643649129562462E+02   -0.477791685968563300E+02
    0.292667315883157997E+02   -0.476636797426310039E+02
    0.292597311444573833E+02   -0.484019435937587801E+02
    0.292758114977441295E+02   -0.484915017394567514E+02
    0.292757635524800506E+02   -0.484818353293354889E+02
    0.292644513176487848E+02   -0.477725429949565736E+02
    0.292644513176487848E+02   -0.477725429949565736E+02
    0.292788805938184566E+02   -0.492272517939247010E+02
    0.292551869174256183E+02   -0.495226755540568035E+02
    0.292643819797864779E+02   -0.477778454242001942E+02
    0.292683978059927696E+02   -0.476645398862563496E+02
    0.292683978059927696E+02   -0.476645398862563496E+02
    0.292681796396025220E+02   -0.476605642458230392E+02
    0.292681796396025220E+02   -0.476605642458230392E+02
    0.292612325183907132E+02   -0.481426531339411952E+02
    0.292662437157806146E+02   -0.476762785417185739E+02
    0.292662437157806146E+02   -0.476762785417185739E+02
    0.292732093257769428E+02   -0.480481426233679727E+02
    0.292657067501115122E+02   -0.476968742154650513E+02
    0.292657067501115122E+02   -0.476968742154650513E+02
    0.292730156964006483E+02   -0.480217715821052380E+02
    0.292746968049383121E+02   -0.482813049218449635E+02
    0.292719198351148400E+02   -0.478898019183027444E+02
    0.292604129212006541E+02   -0.482773665241321268E+02
    0.292443199125487538E+02   -0.542506478969674149E+02
    0.292665908875675385E+02   -0.476667158882273938E+02
    0.292665908875675385E+02   -0.476667158882273938E+02
    0.292636925352674027E+02   -0.478369657941298385E+02
    0.292750669323817618E+02   -0.483477297488551656E+02
    0.292746878259037402E+02   -0.482797351258846845E+02
    0.292725074874266298E+02   -0.479569183630399820E+02
    0.292725074874266298E+02   -0.479569183630399820E+02
    0.292737968377253424E+02   -0.481337696548159215E+02
    0.292739841546765120E+02   -0.481628449489431816E+02
    0.292644732464950295E+02   -0.477708905173267908E+02
    0.292644732464950295E+02   -0.477708905173267908E+02
    0.292713582337075664E+02   -0.478335529936382997E+02
    0.292713582337075664E+02   -0.478335529936382997E+02
    0.292651942783086696E+02   -0.477231067077835007E+02
    0.292711994171182290E+02   -0.478190452839249218E+02
    0.292697861333729499E+02   -0.477171118940313974E+02
    0.292697861333729499E+02   -0.477171118940313974E+02
    0.292641384574705548E+02   -0.477973997788695897E+02
    0.292641384574705548E+02   -0.477973997788695897E+02
    0.292694099558524030E+02   -0.476982113407077932E+02
    0.292694099558524030E+02   -0.476982113407077932E+02
    0.292611168629555287E+02   -0.481606673440383233E+02
    0.292717146794143943E+02   -0.478683597208437561E+02
    0.292697200487011528E+02   -0.477135409745540855E+02
    0.292679798776736924E+02   -0.476579448569648463E+02
    0.292569136024492948E+02   -0.490373380750977645E+02
    0.292633879602541001E+02   -0.478667853887205084E+02
    0.292580567381827095E+02   -0.487561399792664929E+02
    0.292803906711299362E+02   -0.496738158499273936E+02
    0.292638509266302691E+02   -0.478223550718025336E+02
    0.292683908074597312E+02   -0.476643942808584953E+02
    0.292578134411798843E+02   -0.488133111634407939E+02
    0.292785799294878615E+02   -0.491449957685905332E+02
    0.292732951696608410E+02   -0.480601273554045179E+02
    0.292605583294537119E+02   -0.482522677021951907E+02
    0.292756900895627652E+02   -0.484671332784887241E+02
    0.292578845099709852E+02   -0.487964613813228354E+02
    0.292714213094396527E+02   -0.478394860311254391E+02
    0.292634174450207105E+02   -0.478637994845861456E+02
    0.292610504165240286E+02   -0.481711648379101192E+02
    0.292658139034251974E+02   -0.476922011093467191E+02
    0.292669300757730539E+02   -0.476602198765828859E+02
    0.292669300757730539E+02   -0.476602198765828859E+02
    0.292730111552991694E+02   -0.480211641182111251E+02
    0.292766363382939545E+02   -0.486666037264062581E+02
    0.292551742846616811E+02   -0.495264950556375680E+02
    0.292579796565464605E+02   -0.487740963527878080E+02
    0.292674532323251384E+02   -0.476557171176550085E+02
    0.292674532323251384E+02   -0.476557171176550085E+02
    0.292656815136905699E+02   -0.476980156653582412E+02
    0.292720693141094372E+02   -0.479060731808284359E+02
    0.292720693141094372E+02   -0.479060731808284359E+02
    0.292635409109601383E+02   -0.478515270807655213E+02
    0.292638896671522026E+02   -0.478188748591313271E+02
    0.292558589987927107E+02   -0.493250996472532748E+02
    0.292605280308892084E+02   -0.482574548702490063E+02
    0.292572229909421750E+02   -0.489580778733842550E+02
    0.292580746695756275E+02   -0.487519836462939509E+02
    0.292738915719421939E+02   -0.481483670295624293E+02
    0.292755339490285387E+02   -0.484363234275403443E+02
    0.292711849010342888E+02   -0.478177500236063082E+02
    0.292711849010342888E+02   -0.478177500236063082E+02
    0.292580482025940078E+02   -0.487581212131455857E+02
    0.292684162571963711E+02   -0.476649295079633433E+02
    0.292684162571963711E+02   -0.476649295079633433E+02
    0.292584539646106769E+02   -0.486659088658537087E+02
    0.292624657244683419E+02   -0.479709122715333223E+02
    0.292747891134051734E+02   -0.482975574500529490E+02
    0.292750913279375560E+02   -0.483522255805938883E+02
    0.292674255102413596E+02   -0.476557877740489886E+02
    0.292674255102413596E+02   -0.476557877740489886E+02
    0.292768453604721799E+02   -0.487136186500133306E+02
    0.292715641612224040E+02   -0.478532826855737170E+02
    0.292729888945057581E+02   -0.480181935838035230E+02
    0.292729888945057581E+02   -0.480181935838035230E+02
    0.292721248110254813E+02   -0.479122532959231293E+02
    0.292664431433202310E+02   -0.476704251325666135E+02
    0.292664431433202310E+02   -0.476704251325666135E+02
    0.292627526137485106E+02   -0.479362916165307951E+02
    0.292594381380372006E+02   -0.484589754692416435E+02
    0.292762285977028611E+02   -0.485779665676431307E+02
    0.292672990976234715E+02   -0.476563482240244412E+02
    0.292672990976234715E+02   -0.476563482240244412E+02
    0.292633400652639395E+02   -0.478716810030081987E+02
    0.292633400652639395E+02   -0.478716810030081987E+02
    0.292628357430763657E+02   -0.479266360259804571E+02
    0.292628357430763657E+02   -0.479266360259804571E+02
    0.292756415040723894E+02   -0.484574824283325469E+02
    0.292739635381312873E+02   -0.481596028285582989E+02
    0.292591952214486000E+02   -0.485078495659906679E+02
