    id    redshift           galex.FUV          galex.FUV_err           galex.NUV          galex.NUV_err        sloan.sdss.u       sloan.sdss.u_err        sloan.sdss.g       sloan.sdss.g_err        sloan.sdss.r       sloan.sdss.r_err        sloan.sdss.i       sloan.sdss.i_err        sloan.sdss.z       sloan.sdss.z_err       ukirt.wfcam.Y      ukirt.wfcam.Y_err       ukirt.wfcam.J      ukirt.wfcam.J_err       ukirt.wfcam.H      ukirt.wfcam.H_err       ukirt.wfcam.K      ukirt.wfcam.K_err             wise.W1            wise.W1_err             wise.W2           wise.W2_err             wise.W3          wise.W3_err             wise.W4  wise.W4_err 
   _1_  0.07368165  0.0513888330424927  0.0026889287923182797  0.0651321175265932  0.0033243425049663193  0.0786071217847452   0.003951387679698656   0.138120383258461   0.006908870882054499   0.113184720561629    0.00566417125179645  0.1881555706630731   0.009415260924894949  0.1340569026335054  0.0068039587528712425  0.0984100114490484   0.005711735265357336  0.0949492264327564   0.005555789682523458  0.1125574134841736    0.00846543860086236  0.0988164309351933   0.007990561852306515  0.0946928219111248    0.00800437869832137  0.1063138756633843  0.012985975737814345  1.3877223009459825  0.18242528829251414  10.326713621302826          nan 
   _2_  0.02324598  0.2282175296393349   0.012050477479068157  0.3144573860524435   0.016019803627626096  0.5713496107193465   0.028619896738590427  1.1848237203336784    0.05925052208117352  1.4523427295811344    0.07262988181642756  1.5976422489090432     0.0799019458503133  1.8457654426402463    0.09246082065619066                 nan                    nan                 nan                    nan                 nan                    nan                 nan                    nan  0.6527050097885577   0.040183893704747085  0.4497694409753481  0.030855750129056465  2.6103772666444955   0.2651553127629327   13.21789153493691          nan 
   _3_  0.05303453  0.0723738425824784   0.004191419176805625  0.0934911206187932  0.0049130724515653625  0.1580330803590107   0.008118159770795667  0.3672959331719664   0.018390172979626473  0.2537496108183963   0.012736141524092784  0.3527751933036948   0.017719364164951634   0.304662563679855   0.016774204306133165                 nan                    nan                 nan                    nan                 nan                    nan                 nan                    nan  0.1542826011145833   0.010487539817909125  0.1462144244826986  0.014039183906246205  1.8823617106963548  0.19879688785530816   12.25637616329066          nan 
   _5_  0.01788816  0.2940789912559042   0.015004143971111644  0.3086426932374668   0.015581987691249523  0.5691529030438052   0.028540037392163996  0.9537908484689864     0.0477100834850274  0.9249569434445372   0.046273498724694676  0.7607793268949431    0.03807781518309087  0.8096930849232254   0.040905356157180196  0.2411232626307992    0.01284832146706611  0.2574491313437815   0.014272654133469675  0.2571424919541834     0.0156940162864599  0.2013860811106425   0.013078960275026561  0.3253244757327909   0.019517845579372244  0.2315210262699475  0.018058763056678397   1.718316219054856   0.1898893243373534  13.451230486739483          nan 
   _6_  0.03755626  0.1037364501949693   0.005515129473684444  0.1012244288798863   0.005216679111245284  0.1261453449640431   0.006327745186462724  0.2334467287514781    0.01167524001425149  0.1630409318786767   0.008157274401929737  0.1822435443046307   0.009120968493583926  0.1792803998745521   0.009091804572180886   0.080433938968596   0.005130470864391174  0.0817130518163452   0.006316081830471031  0.0898203063355184   0.006511903274435366  0.0739996206742486  0.0073983379524836775  0.0770400731894506   0.007216337667913525  0.0623146790576177  0.015300417197251443  0.5038517791284022  0.23570283659438956   4.425497532000696          nan 
   _7_  0.05817448  0.0414070909242992   0.004913295504110634  0.0484211478034153   0.004252642632120904  0.0931795487645782   0.004826074669111633  0.1791948315380222   0.008983595669522181  0.1819447955058333   0.009131930218189005  0.2536437718810861   0.012736992051072737  0.2470442669086852   0.013086470996644659                 nan                    nan                 nan                    nan                 nan                    nan                 nan                    nan  0.1586049894554055   0.010489418422412366  0.1136031917976961  0.013971877761045614  1.4424570005603643   0.1523383954035175   7.515571772419884          nan 
  _11_  0.05662303  0.0479457018056771   0.004774260417463504  0.0500283984366537   0.004050811470554865  0.1078506859572255   0.005483854421838096  0.2423030147984447   0.012131507132345287   0.148001997786629   0.007430665221943524  0.2317386198135243   0.011631872143228552  0.1700509342662414   0.009243418643220628  0.0797700361611697    0.00508812388929625  0.0618716119376963   0.005322326044742359  0.0685763020001286  0.0070760337795352755  0.0739996206742486  0.0075760904027515116  0.1586049894554055   0.010489418422412366  0.2700165385975836   0.01993911778037105   3.141253478887557   0.2115810213480051  14.506482439538884          nan 
  _13_   0.1131638  0.0445430385919265  0.0028720712288046422  0.0568271344762167  0.0031870763945676707   0.063485876259979  0.0032965465083627373  0.0814103528124161   0.004091153379593579  0.0949793377592972   0.004779026882860432  0.1400416313494872   0.007046538701591982  0.0888194773219877   0.005100223232541324                 nan                    nan                 nan                    nan                 nan                    nan                 nan                    nan  0.1021213598038042   0.007403720245122459  0.1294763991630131  0.012027371002720007  1.9710732999677816  0.15235583640235867  11.747949743817724          nan 
  _14_  0.08221846  0.0407502019529596   0.002118399389383522  0.0464415011573919  0.0023587025845046416   0.060895570386848  0.0032937672709826746  0.0923164177819491   0.004653141576536698  0.0524207689103961  0.0027003088335902873  0.1541910305705468  0.0077854560433466185   0.049386456116106   0.004119850316937919                 nan                    nan                 nan                    nan                 nan                    nan                 nan                    nan  0.3932935914356635   0.022294659780646153  0.6197123556481217   0.03626139627344657  3.2832407953591587  0.21131209300332796  13.563199035558654          nan 
  _16_  0.01478385  0.1393828819608875   0.014803499516061025  0.1597168877888939    0.00823643032507416  0.2387981293940668   0.011945532071970013  0.4263687228063444   0.021319528113660037   0.466559433636461    0.02332946063425619  0.4381265314945664   0.021909004248213144  0.4834237356431466   0.024193374751188226  0.1856263886932415   0.010218205523311557  0.1633395786002227   0.010325862161019692  0.1862835298350614   0.011468576910597427  0.1499786958583188   0.010009874961095986  0.2402796169026573   0.014175762513387122  0.1730575077363639   0.01325547937794769  0.8254730464239339  0.11700311563574213   4.028672910498082          nan 
  _18_  0.05151849  0.0337474797262841  0.0023099773019588017   0.034553973165278  0.0021010716449378713  0.0509511444836284  0.0026907169694504987  0.1165500912356821    0.00584894356853118  0.0953288770279279   0.004801325245697079  0.1253171443791593   0.006321536635684426  0.1182671536000629   0.006553301611613277                 nan                    nan                 nan                    nan                 nan                    nan                 nan                    nan  0.0624476975230185   0.005232435253378801   0.047140107005124  0.008955835835322083   0.482950906556511  0.10771767789914906   4.203027199825532          nan 
  _20_  0.07477541   0.033594485944723    0.00238280395810489  0.0322608287642378  0.0019296439282221118  0.0493998985985819   0.002731842478499673  0.0802083401765521   0.004045364247370901  0.0615519145288844  0.0031582250223331594  0.1158706612723039   0.005902145277449748  0.0754624026589704    0.00591608909224684                 nan                    nan                 nan                    nan                 nan                    nan                 nan                    nan  0.0416022133098086   0.005753565463784252  0.0381408163421863  0.010606166057639492  0.6904032060642231   0.1477978253726629  4.2419144999555085          nan 
  _23_  0.06291268  0.0389827075661763   0.005155282599793456  0.0490357427533854   0.002852722002813897  0.0965904890296472   0.004983707775514271  0.1889354142766553   0.009471845989730108  0.1514279607305579   0.007614020244328266  0.2623395041928116   0.013180224506338874  0.2140797611355707   0.011455931235062718                 nan                    nan                 nan                    nan                 nan                    nan                 nan                    nan  0.1062470936742113   0.008746078218938304  0.1021857280611416  0.013259097925708977   1.228861565474055  0.17736093437095402   9.690849411526107          nan 
  _25_  0.03925349  0.0880422516061823   0.004942140639869783  0.1083291495061338  0.0056658294957863614  0.1725303398260966   0.008700613278393577  0.3787491598372021   0.018951118102896482  0.3545597382066136    0.01774620027558268  0.4125713517348466   0.020657415598386155  0.4315266213354219   0.021781510457543823   0.181735357156673    0.00993516288181482   0.174619026235282   0.009173036636182375  0.1878339134676441   0.012422487483044123   0.136028281901878   0.010324608702559076  0.2343777487656871   0.014429505522271536  0.1744979683073135   0.01501068189018273   0.927049787876966  0.16134734507015447   7.124624688704984          nan 
  _26_  0.06977919  0.2286352747700198   0.012273331739780803  0.2891021802671453   0.014729841070056378  0.3689242056111935    0.01847324790471668  0.5973025154265359   0.029871685445530132  0.5267612899231593    0.02634582457337044  0.8226868350516194    0.04114618962375906  0.6755606555183882   0.033839631700079385  0.4505307508694778   0.022696927040914597  0.4472433239349487    0.02244785381250478  0.5085472171478583   0.025709447353504555  0.4936616162563157    0.02503444484466976  0.5596501672394122    0.03197103349909445  0.5620697031313306  0.033721378158990914   7.329983771051371  0.43606763134049586   48.83847028370402          nan 
  _27_  0.01952992  0.1532027312377832   0.008537513222158706  0.2014215261247065   0.010335873688271971  0.4186585066615925   0.021082814959266727  0.9437738459336508    0.04722490691860241    0.94392761724476   0.047242367282664066  0.8872105045730567    0.04443245138278148  0.9813984354361154    0.04966755296882204                 nan                    nan                 nan                    nan                 nan                    nan                 nan                    nan  0.3822229982468106   0.022007615154099977   0.323139645035789  0.021965794390133134   3.505119065010176   0.2612170680781139  22.282409364171748          nan 
  _29_  0.05525259  0.0565821659553826   0.003187606907761064  0.0759047906403541   0.004038336986576576  0.1545422508257975   0.008038503132784236  0.3120751828884194   0.015654710121823987    0.29713581211755   0.014927872204061967  0.4115552115099982    0.02069180559452815  0.4012640769185498   0.020955731579678307                 nan                    nan                 nan                    nan                 nan                    nan                 nan                    nan  0.2472387870638572    0.01483309380972365  0.1977835859268149  0.014605143208269354  1.2563279689718223  0.14090318749578634   9.871015580102412          nan 
  _30_  0.02355351  0.1553939910721946    0.00860595712149024  0.1924910969290642   0.009715583268652727  0.5015845070306528   0.025242682774477034  1.0449376355154718   0.052281526915205816  1.2196669191187108   0.061032172089446474  1.2589825222779936    0.06302027598596989  1.4023702816755244     0.0705939514660225                 nan                    nan                 nan                    nan                 nan                    nan                 nan                    nan   0.700674690494938    0.03912760579330186  0.5492751451925089   0.03267689520190418   5.339530456117556  0.32034518974974613  28.626093341299256          nan 
  _32_  0.09685791  0.0851452999980954   0.011283854259030938   0.079231609825748   0.006973284543690975  0.1049706832327138   0.005383692917993228  0.1367836794453611  0.0068599688615037955   0.123496259001996  0.0062117997819720674  0.2064234081792068   0.010364864581227873  0.1401164471326506    0.00769935396312703                 nan                    nan                 nan                    nan                 nan                    nan                 nan                    nan  0.1119738837270011   0.008193010404806992  0.0733483554453175  0.010903821457055672  1.2299932878849609   0.1606436110704648   9.203693202824676          nan 
  _33_   0.1085989  0.0817975846784354    0.01089566688757726  0.1246380483604045   0.010317132919801249   0.126643385692261   0.006400769014248086  0.1893177663896331   0.009477943606071553  0.2061664982191059   0.010326236331472343  0.2964196822332217   0.014846801068776139  0.2345836643558278   0.011991998447523343  0.2102034342948843   0.011072854475483944  0.2119783305123955   0.011510936022009675  0.2296012096470757   0.012728800586019643  0.2395682337948626   0.012468818414521165  0.1967509906791844    0.01289433806746608  0.1391202209806945   0.01594801011359028  1.3461794359754546  0.19662144075053148   12.13282738710825          nan 
  _34_   0.1115934  0.0436707127397052   0.005540036378911525  0.0631583011912274   0.004952604911634575  0.0827084807343132   0.004192376802112435  0.1195036360155083  0.0059847658092181235  0.1344751205245282   0.006737837584480334  0.1910747133383444   0.009574811335981861  0.1498318110724801   0.007696132214900938                 nan                    nan                 nan                    nan                 nan                    nan                 nan                    nan  0.1065409094912582   0.008461814004273382  0.0759609563070261  0.013153543144890072  0.6974338993033053  0.20216201167155753   6.503728184119096          nan 
  _35_  0.07218827  0.0671509005534163  0.0037036168225954643  0.0679970413693161  0.0035518268761817987  0.0692836451484479  0.0035557610061359556  0.1019960170801718   0.005116376684703149  0.0598912297231892   0.003026539204823234  0.1176169003224547   0.005917876323218888  0.0643686412483291   0.003779502640516118  0.0649589799974833   0.004752979574078787  0.0530019445161832   0.006296405491292242  0.0623697216136694    0.00643560886321502  0.1062745691941501   0.006371810440083332  0.2387354667959506    0.01482715606620775    0.36223504398962  0.025546313102448207  1.6065813687862105  0.21943275542868795  4.1111387408931295          nan 
  _36_  0.04208103  0.1430556908137009   0.007412555552121762  0.1386807130196863   0.007074456446774949  0.1621343105600745   0.008158380855307502  0.3482654076403121   0.017425383325389746  0.1450801155976453   0.007271559549432948  0.1796627861991321   0.009010464477129132  0.1313909464804804   0.006886621715217226                 nan                    nan                 nan                    nan                 nan                    nan                 nan                    nan  0.4741512472189452   0.027086752217460534  0.8321285341697621   0.04753685569812924   7.875951635351036  0.44646459027720825  28.259346040434533          nan 
  _38_  0.08406011  0.0564064112954718  0.0030059864511074075  0.0830698777177405   0.004172874661164388  0.1527493085701415   0.007747888214308642  0.2777452873128408   0.013907218078668512  0.3067662257288898   0.015365767404961869   0.452748487657932   0.022675084747055884  0.4109318710976946    0.02088907032535239                 nan                    nan                 nan                    nan                 nan                    nan                 nan                    nan  0.3132684022705321   0.018955528429861434   0.294164424417861  0.020937644952172887  2.1712157136058425  0.21018512535357395   14.38673310274128          nan 
  _43_  0.07592382  0.1960157032521743   0.009970279361891331  0.2433809706388821    0.01224185672642534  0.2609885393021457   0.013172147231666714  0.4169393910758604   0.020870731953925765  0.2907883606149654   0.014571490684611183  0.5783951813153562    0.02896582267939168  0.3360992559437915   0.017220086967161048                 nan                    nan                 nan                    nan                 nan                    nan                 nan                    nan   0.331067951353181    0.01986242546379424  0.8005530311629867   0.04646424615255875   9.356270493655664   0.5224799304691103   55.97088174320501          nan 
  _44_  0.09838755  0.0935861109119277   0.009034759793783924   0.095731997324228    0.00638059233977827  0.1358254598099186   0.006862914884702873  0.2238095321703701   0.011202619485535872  0.2314510107264304   0.011588668995860824  0.3526387222937634   0.017656251808458166   0.289224983439283   0.014632602402987681                 nan                    nan                 nan                    nan                 nan                    nan                 nan                    nan  0.2708423635924231   0.016249190648941623  0.3279368050306236  0.022088381154949974  3.6366605030006895   0.2785529442360808   28.54711141511716          nan 
  _46_  0.03908816  0.1177856231977067   0.006194220769475816  0.1240961647143774   0.006319614159026016  0.1783726985384709   0.009222615746867743  0.3290834214947972    0.01650613014959533  0.2010164502392375    0.01014730150612992  0.2366285939730279    0.01197428226655661  0.2442052211620816   0.014041223791442027   0.071489001873163   0.004727960007592858   0.061022701597085   0.005203669035180378   0.082980176626195   0.006830785412878885  0.0685534664846471   0.006582351572904911  0.1296332827180144   0.009142275116008592  0.1375910627878296  0.014754776246079524    0.56951208729165  0.15166652522888324  2.4909342526308587          nan 
  _48_   0.0217707  0.0537868362791381    0.00633329440234513  0.0688992159801417   0.005950227733847159  0.1098456186148512   0.005730095060048147  0.2336567860857347    0.01172534109042917  0.1991712672100968   0.010014758952609878  0.1625591929420936   0.008235546364435908  0.1622269768621313   0.009034556575924182                 nan                    nan                 nan                    nan                 nan                    nan                 nan                    nan  0.0794907959046374   0.007139017139954716  0.0994924511842571  0.012740710349352778  0.9896989250055086  0.15833658665828848   7.392000306854555          nan 
  _49_  0.05699043  0.0261673100329621  0.0020297698528169636  0.0408748338188722  0.0024426179697256663  0.0663433554182536  0.0034966490201810713  0.1384403547240001   0.006952252694020685  0.1133882387590758   0.005718050194321197  0.1717719522920954   0.008663226781036324  0.1403738463736262   0.007843552280695415  0.1017278262606436   0.005811386979799018  0.0960929288984376   0.005669188965657186  0.1025590930873622   0.006259424745422457  0.0934177918033831  0.0070259484138810715  0.1249445441951628   0.008730830518267054  0.0749878374865112  0.010693482113330297  0.4106792380530481  0.13247542373075089   5.350101771232315          nan 
  _50_  0.07486449  0.0819965318229221   0.004328149692624181  0.0859996244341625   0.004392496342903094  0.1064656084172252   0.005417664490266603   0.170823001616001    0.00855559342053348     0.1495928704162   0.007503597310030032   0.229457953336201   0.011509395643453041  0.1857120405084567   0.009698800094355416                 nan                    nan  0.0944259647737041  0.0052730061362972385  0.1026535450804507   0.006375509018889063  0.0923908967141842  0.0064560581229990005  0.1011850842188738   0.008329382297098445   0.064474892253794  0.011848630363543017  0.7431949824828376  0.15976486905281878   4.092249342829365          nan 
  _51_   0.1070625  0.0300562780691643   0.002367738446402271  0.0477320712250633  0.0027091340403261146  0.0800090393512786   0.004159677390105348  0.1186033754680584   0.005955725915012263  0.1272935282744297   0.006402063741883767  0.2271965803535463   0.011411869889940534  0.1546604442472873   0.008190983831991253  0.1387521501390468    0.00748564826152098  0.1342429325573833   0.007496495363600933  0.1320000935325424   0.007426187465569946  0.1951772938179302   0.011328126231080364  0.2041349158029883   0.012904826909995075  0.2174653767045014  0.016809176684048095   2.562729180529292  0.20908930616162136  17.043626257821717          nan 
  _54_  0.08432252  0.0573329165955925   0.004629524753024415  0.0705686476952319  0.0036351000362738893  0.0953402565934653    0.00484323370758694  0.1473206868471497   0.007380564294918473  0.1302216526836743   0.006532925415683207  0.2276918025994804   0.011414467049250044  0.1638247897427304   0.008505092938295303                 nan                    nan                 nan                    nan                 nan                    nan                 nan                    nan  0.1156422893142496   0.008697452073927745  0.0851510998517225   0.01251079013273743  0.9296142688112308  0.18157239889970378   7.183933487817152          nan 
  _55_   0.1021021  0.2174373182058566   0.011554210355173875  0.2394585439032662   0.012132868951363642  0.2740124502090343   0.013757259725432762  0.3532170066732795   0.017674841517615805  0.3352372872452528   0.016779641329331997  0.5227537562067006    0.02616335347236531  0.3853468188456492   0.019508730796079853                 nan                    nan                 nan                    nan                 nan                    nan                 nan                    nan  0.3677196923709333    0.02068752622301422  0.3796560455520014   0.02239854552746854  3.3014364578500386  0.20870739273246086  22.323480122257845          nan 
  _57_  0.01485659  0.3003731808317109   0.019497554154485272  0.2726960467440117   0.015623392805376482  0.3636401952108123   0.018268124623131925  0.5585894977633331   0.027946278662069786  0.5060277657975236   0.025324135312423147  0.3810421334444706   0.019090839120012297  0.4031626066853379   0.020614332270683624                 nan                    nan                 nan                    nan                 nan                    nan                 nan                    nan  0.1924495325949533   0.012386211083766427  0.1674134492282543  0.015163624368676057   1.408324928138594  0.16612728391819823    9.29741047528759          nan 
  _59_  0.01712713  0.0635451545066335   0.010329270413454881  0.1122365839583878   0.008913493391617648  0.2301917515076557   0.011768242093520911  0.4255109156686684   0.021323205198452218  0.4560338071371429     0.0228646329268039  0.4021364042286634   0.020208029415163933   0.444999970540348   0.023306843928533064                 nan                    nan                 nan                    nan                 nan                    nan                 nan                    nan  0.1962078787610729   0.012293951925392127  0.1503107744215661  0.013042950772275833  0.7117095549438401  0.12701157119710296    3.15327676479894          nan 
  _61_  0.09770181  0.0926358271312758   0.005068150305718549  0.0969749788000908  0.0050594698547806625  0.1086829226140093   0.005512736373691976  0.1343593832032906   0.006735777443096792   0.116712445004228   0.005860715210851734  0.1974095905597466       0.00990815456966  0.1165414152342322  0.0062309552739178535  0.1143508310099299   0.006691041001401795  0.1139439920076163   0.006613330369974164  0.1181881414432497   0.007606686422761552  0.1416542023710485   0.009199690839525468  0.2015194350408088   0.012853897196737653  0.2898615517519498   0.01988551199361927  1.5918532049177794  0.18116344877464902   9.144549947022584          nan 
  _68_  0.03953185  0.0923509314318258   0.010902395793392125  0.1464072556434813   0.010669275626221993  0.2487514536781114     0.0125091650058455  0.5573807313156994    0.02788422211116076  0.5254485633241698   0.026294488785481938   0.671577113173868    0.03360324223684805  0.6823853547116573    0.03429986676901747                 nan                    nan                 nan                    nan                 nan                    nan                 nan                    nan  0.6052247129666332    0.03355289260031828  0.6776262226670399   0.03841264241722933  11.186722540865286   0.6035212461985786   61.93868936147569          nan 
  _70_  0.05466604  0.0744604173151301   0.007593107403688578   0.082426457196619   0.006024226309228718  0.1171570963981336   0.005986795062266795  0.2039655311299489   0.010223555094741614  0.1600806795523179    0.00804971096787057  0.2349062798869618   0.011836359138428442  0.2002989363255625   0.011029044056148246                 nan                    nan                 nan                    nan                 nan                    nan                 nan                    nan   0.125752690273501    0.00928608934691487  0.1019976818743636   0.01332143524562609  1.3106986108559144  0.18126896770351908  10.724125764500494          nan 
  _72_   0.1467433  0.0456582148265066  0.0027146837943117686  0.0623387820010044  0.0032695361341433865  0.0881451695284434   0.004561533626887404  0.1269398895023141    0.00638188214836756  0.1831488027698744   0.009202837697867101  0.1981483569173872   0.009983280345274714  0.1454326999370585   0.008048397980267127  0.1221910864961643   0.007149799984231603  0.1339958755548743   0.007482699019625346  0.1492017809061073   0.008659698958543042   0.164448427673023   0.009783191677053247   0.123003212677158   0.009166746687853932  0.1483850463750337  0.019253685401353183  0.8074261857875631  0.22599164335775784   6.222459192040621          nan 
  _74_  0.03319079  0.3703769610513517     0.0187552628072116  0.3811773411697187   0.019192052335111114  0.4560051619438645   0.022857848685584898  0.7217907971795682   0.036104616728585774  0.4916168918854437   0.024598534008386495  0.4885950818109612   0.024456097801889773  0.4685893704613689   0.023626729634631295  0.2115630381269114   0.010974532227016439  0.1976475479674673   0.010596013751854119  0.2005277256486717    0.01173353286883064  0.1728340489953236    0.01011308530119535  0.2440710374964378    0.01529295164041643  0.2343094859639707   0.02417718416520011  2.4361440989361607  0.24745716212865046  16.965323571022882          nan 
  _80_  0.07707741  0.0509510009158307   0.005811947287500431  0.0723773236766998   0.005785157399671754  0.0960277496829886   0.004961335087338851  0.1697795566455656   0.008515527240567394  0.1717955421734192   0.008633637713783181  0.2458173695026055   0.012370309081996288  0.2091077064370684   0.011532798117486353                 nan                    nan                 nan                    nan                 nan                    nan                 nan                    nan   0.125174786001451    0.00899194258144568  0.0836739440842725  0.012076615724867689  0.6853345868174257   0.1726017205051211   2.497824878660781          nan 
  _83_  0.01061039  0.1383822169342543   0.007201377253136468  0.1468129767064474    0.00741464162849869  0.2430344917803841   0.012240314786625642  0.4525026605819576   0.022641799036482287  0.3867535402955209   0.019363127804822227  0.2301031348844189   0.011567852003234574  0.2577641264919783   0.013648409745846938  0.0461768067817543   0.002827285140231479  0.0616998849131497   0.003817856201655462    0.04706219966905  0.0038377936472922367  0.0458383852595334    0.00517881959624758  0.1080231702220017   0.008274121845089943  0.0931086284472299   0.01255766734088039  1.1043402240450215    0.170890954808602   6.930460590886031          nan 
  _89_  0.04542566   0.063784865763967  0.0033927051611476354  0.0793701049803655   0.004003637918013367  0.1133416839520107   0.005781818113050428  0.2260807742688226   0.011324423760665715  0.2235663835116669   0.011210767730934573  0.2903937489272249   0.014573640657106575  0.2872485761465226   0.014883565390501625  0.1294909498696528  0.0069420941452071035  0.1303441159435676   0.007125691130477689  0.1552295780505246   0.009009553419641393  0.1209007817394501   0.008927804589104927  0.1750316570381051   0.011470932626906842  0.1037983196439362  0.013292107185938755  0.9304712161458722  0.17429500656055555    3.15327676479894          nan 
  _90_   0.1501504  0.0195227611066592   0.005347460144093334  0.0309951312694753  0.0032687296401553876  0.0459525015336147   0.002353899913219548  0.0785397242034319    0.00393539283816747  0.1163859515405857   0.005830338881477323  0.1245480099086016    0.00624735427153146  0.1017060627321228   0.005339191598172127                 nan                    nan                 nan                    nan                 nan                    nan                 nan                    nan  0.0742535263527592  0.0063874443589086345  0.0592366159772548  0.010833496001985523  0.6834439881675866  0.14141640132229022  3.5088286537010305          nan 
  _91_   0.0190014  0.0375426926962973    0.00228584435188651  0.0585463281147525    0.00311997062392331  0.1506435740051338   0.007681760496620978   0.314479855406822    0.01575345053615831  0.3974497953282104   0.019908285768683167  0.3947866059806841   0.019788415629621227  0.4700304765813308     0.0238870674670671  0.2029736981215637   0.010634659258373954  0.2189230201506488   0.011470312383636586  0.2501349263923456   0.013328510527624475   0.204564152113833   0.011340777791665806  0.2725944217701536   0.016494390351004896  0.1700553985904053  0.016328341225616945   1.213116763702953  0.17299395273763096   7.877022280585758          nan 
  _94_   0.0275159  0.0402288221761291   0.002758802556140562  0.0534512656417516   0.002945750506098798  0.1340970364101106   0.006939862011931541  0.3071234691738843     0.0153939950430427  0.3484128401779036   0.017469038514415582   0.396370727118817   0.019892008696812596  0.4656560111630836   0.023790861641787838  0.3121410292635622   0.015770445544881107  0.3169623000564179   0.015986020686695707  0.3709754702457424   0.018758830050372415   0.322724806270418    0.01640671504891992  0.3155855598432342    0.01877448189034178  0.2646002441158733   0.01900758354081688   3.184950877293872   0.2461835664957084   18.19541820314885          nan 
  _95_  0.02381548  0.0961363080990813   0.009003572476352022   0.116052141803587   0.007899154161158902  0.1459748855771375   0.007488367290784822  0.2797327885337392    0.01402011751181466  0.2197829637565764   0.011036090587332806  0.1724906419754176    0.00870327982452458  0.1705678285573887   0.009180857961149624                 nan                    nan                 nan                    nan                 nan                    nan                 nan                    nan  0.0947800294467168   0.007802129192127442   0.078666684703181   0.01210471873626733  0.9304712161458722   0.1709938414574093   6.332311479808399          nan 
  _98_  0.02065467  0.1034257095061557   0.005711819572451407  0.1287275157569732   0.006534536328530922  0.2604939978854181   0.013136714664760862   0.562726793593532    0.02815603891010204  0.5638436613534918    0.02821778271948872  0.5272888621868651   0.026404114257068612  0.5743405539988247   0.029035200702650678  0.2417904898987188   0.012883874861360342  0.2374058579078064   0.012978574473967951   0.236905056549359   0.013133716617920697  0.1957173811205543   0.011643411135802398   0.334747077045988   0.019749053737574674  0.3074611754897119   0.02128780325462313   3.864584019567876  0.27004803063467275  21.675147659540293          nan 
 _100_  0.02272306  0.9903013247121928    0.05861477535843396  1.0765411622293193    0.05761219120073558   1.348138411496857    0.06748324761162221   2.992712257878866     0.1496795250976601  1.9673651258592573     0.0984090934802603  1.1517588870759394    0.05762615598705988  1.2515570724926302    0.06276660244203384                 nan                    nan                 nan                    nan  0.6405813641430991    0.03256794256596085                 nan                    nan  3.4794990341123064    0.18894521330509803   8.460387873651875   0.45081416965377397  112.90234390178443    5.856648817028581   375.2858091576944          nan 
 _101_  0.06915495  0.0528179474318974   0.008897460938083235   0.084657882205608   0.007544763006127954  0.1640580232576854   0.008369415807826188  0.3406846976019521    0.01705985756206785  0.3726055982166907    0.01866448669410863  0.7246237976058321    0.03627456326399094  0.6264509119919105   0.031595722843654556  0.5226839596295885   0.026490913218018598   0.528556515605904   0.026646624523820377  0.6506897983817438    0.03297856508356681  0.6817563830147302    0.03455309627460604  0.8052249117222676    0.04496597828952519  0.7645227467023897  0.044373041771392584  13.523932604766305   0.7444540803246923   85.73577479857472          nan 
 _103_  0.02246436  0.0741468866197023   0.009684211767197639  0.0775295030089648   0.007342732091053709  0.0736991412615519   0.003790585428127386  0.2002043312151284   0.010026705823828893  0.1067175412111394   0.005362360951409869  0.0554547588165805   0.002849527111512094  0.0515484505076491  0.0034374727487705642  0.0412895098991933  0.0034291692385567483  0.0444709319809517  0.0037669273170805964                 nan                    nan  0.0386571225440175   0.005545975728017423   0.046678451073412   0.005043704114521409  0.0802028956321846  0.011023179626204324   1.511829210890051   0.1511497422000636   7.385195650342233          nan 
 _104_  0.01462014  0.1882297705644139    0.01468353270571294  0.2431710743747376    0.01420371342690333  0.4260920911214281   0.021506463565918777  0.8272367235471184    0.04141167241234762  0.7854273139889417   0.039330183091925285  0.6260342637118392   0.031382964120803505  0.6924521585536013   0.035155652281877225  0.2768469362933439     0.0142952443802006  0.2880656210204053   0.015092988657915363  0.3004513076708039    0.01677802914488066  0.2390171245779655   0.013762115011578634  0.3567113196420062   0.020377782796055288  0.3012937744971856  0.020860788628427943   3.244164902778232  0.25076056643760186  17.537272777336902          nan 
 _107_  0.03284804  0.0855765708844037   0.011291639505187792  0.1086872899434149   0.008115348256203902  0.1506967689969535   0.007634781585311297  0.2626180841843985   0.013148080598373154   0.159811682525554   0.008013942267005329  0.1465245824406835   0.007365833615352113  0.1397647098459233   0.007382980247075815                 nan                    nan                 nan                    nan                 nan                    nan                 nan                    nan  0.0910157577286343  0.0066595265364746865  0.1310360545482313  0.011768263592355001  2.1933242748239987   0.1695349200853511   8.105170010073198          nan 
 _108_  0.02739791  0.1913214219499224   0.010305847801096705  0.2843408648281615   0.014508041088502503  0.4319186360502885   0.021649097054178612  0.9837306734423944   0.049203799591753694  0.6642394649653163    0.03322907829049008  0.5673483884184897   0.028392056556073283  0.5608045212300472    0.02820814276891547  0.3267676696270544   0.016800318357597033  0.3041525282194072     0.0158543885718966   0.289583955054056   0.016054168105036803  0.2436851031097461   0.013709469514986165  0.4006052822365027   0.022885305228218376  0.4456458360092374   0.02719882259719331   6.040918795904543  0.36242499108132126  32.505891965412495          nan 
 _112_   0.1961794  0.0203299354639121  0.0039208598339243676   0.030186110974725  0.0017854204091133786  0.0380384676035095  0.0020834939849961585  0.0602169280926001   0.003039854098255996  0.1048007121697452   0.005275932442539427  0.0970462839517581   0.004938275339152706   0.076972795360667   0.004813706951922676                 nan                    nan                 nan                    nan                 nan                    nan                 nan                    nan   0.059253873739373   0.006792552304787183  0.0529407810506241  0.013476551416008401  1.2691206194846365   0.2197633315329488   7.487939612126454          nan 
 _113_   0.1428436  0.0367631830379902  0.0024705653240463545  0.0472104647585041   0.002843918130047579  0.0725810573306817  0.0038872433993978814  0.1108670365492764  0.0055808696392435145  0.1492818678189174   0.007514076249960458  0.1940426010061122   0.009773750829307657  0.1586198558460564   0.009075801847589854                 nan                    nan                 nan                    nan                 nan                    nan                 nan                    nan   0.126216690198909    0.00915061321444727  0.1242196212841648  0.013219764355350569  0.9707396162181308  0.17667398095723028   6.810234664847043          nan 
 _115_  0.08956413  0.0109990708615599  0.0011738625230195243  0.0200599613098271  0.0015025465984495096  0.0749088107248962   0.004152716319791081  0.1461344405737721   0.007348501662301186  0.1841321800887835   0.009271705983773752  0.3321668923032884   0.016696021669960304  0.2812249421376274   0.015399589936234255                 nan                    nan                 nan                    nan                 nan                    nan                 nan                    nan  0.1882421149096368    0.01256365105361656  0.1430178193929286  0.014412862286376293  1.2528599981593247  0.17974258520861847   8.878964312283374          nan 
 _117_  0.02797452   0.035813060798203   0.006057217636344443  0.0523262156875453  0.0030188963386229774  0.1246514353235323  0.0067573559141952755   0.247500896639927   0.012450176906667072  0.2741221666764192   0.013815963147774933   0.291882776221047    0.01480257559813597  0.3238543007588275   0.018290887116198442                 nan                    nan                 nan                    nan                 nan                    nan                 nan                    nan  0.1430596112992015    0.01008915532388039  0.1024684925833646   0.01355749329642067  0.7032390564786903  0.19874273385835334   4.520245351925253          nan 
 _118_    0.109874  0.0888604828861888   0.004756786544789952  0.0859487962435619   0.004420319699760574  0.0828979677812487   0.004214711736667814  0.0982127438896101   0.004922428820403773  0.0998949031667284   0.005010772720984543  0.1308471079005807   0.006569727600896169  0.1045648641311162   0.005560682575737505                 nan                    nan                 nan                    nan                 nan                    nan                 nan                    nan  0.0906810844136459   0.008144009737622058  0.1083902693362189  0.013880138742823706  0.5305216115892366  0.16534355938686254  3.5023715695180933          nan 
 _121_  0.06668141  0.0647864226628939   0.003953427960361639  0.0607398003400762  0.0033961264106574926  0.0851323959253338   0.004267032805561602  0.1565254488313295   0.007827914603927238  0.0948330764828282   0.004744495202815017  0.1763159415932805   0.008819353392756139  0.1157146980157104   0.005835585271752374  0.1138255246487642   0.006553839873337565  0.1047831453462553   0.006805110799703523   0.117212614943928   0.009309394163413566  0.0945429239408186   0.008275114769310888  0.0734372944541522    0.00682176513670301  0.0751951428769159  0.011308902228189689  1.2175950382438752   0.1746832688669731   8.724929121460846          nan 
 _122_  0.08047768  0.0629100495968628   0.003481880964871808  0.0867174015729801   0.004461371267550556  0.1294429799379043   0.006534782197139029  0.2190934269772402   0.010968093649765072  0.2262765858685283   0.011331862515345407  0.3973723319887129   0.019894595828627404  0.3217070831134914   0.016354820037750264                 nan                    nan                 nan                    nan                 nan                    nan                 nan                    nan  0.3485913949757823   0.020232309106729227  0.3365039080521378  0.022254850269564242   4.798472363263587  0.31734931277685924  29.837478121735057          nan 
 _123_  0.06214196  0.2622782241351902   0.013767491761803434  0.3388054586930537    0.01718650211532919  0.4688308124459224    0.02349796068629257  0.7383488695613297    0.03693276293249839  0.6130544609981681   0.030671776277835846  0.8879653019032077   0.044425993214603554  0.8039602669417094    0.04039575552882137                 nan                    nan                 nan                    nan                 nan                    nan                 nan                    nan  0.5464074709013915   0.030974236373598824  0.4810500982263164   0.02935962871141646   3.265148285130385   0.2523824953475338  23.203955153911497          nan 
 _125_   0.0302892  0.0980730857362099   0.005569543365450619  0.1313561224908266   0.006854321356416613  0.2979359573991311   0.014969452986935855  0.5913914258734343    0.02958431485334003  0.4996243908966927   0.025002242692587856  0.4973273669580531   0.024902449433513572  0.5594367201231084   0.028296598833279833  0.0863807479728051   0.004710047656167686  0.1153569040360247   0.006292702108048822                 nan                    nan  0.1222445550273381   0.010515733446626773  0.3081177604101514    0.01848552850012689  0.2979820643770912  0.020255678492589975   2.817753321348825  0.21978625614364894  21.936233954894323          nan 
 _126_   0.1257658  0.0808650314890998   0.008525616482759625  0.0998532863243654   0.006710996581311741  0.1307895664971488   0.006547814199677614  0.1755005308122172   0.008776335809828424  0.2089161782057799   0.010447677603204975  0.2938549157626534   0.014695613697814709  0.2151669852043869   0.010789721719889706  0.1764572853227585   0.009582057359627166  0.1894486133367258    0.01022071140267351  0.1828833951275058   0.012095082538007132  0.2204089775338272    0.01322343931203351   0.278686961221012   0.016863043250351813    0.40085778831307  0.025799538786448806    4.64625518620806  0.29903682648344737   32.71615568308991          nan 
