    0.336230263464862986E+02    0.472288141382265803E+01    0.842914545825349970E+00   -0.262370313966622291E+03
    0.335784158910678130E+02    0.484974918331848848E+01    0.653277104882562298E+00   -0.261900083444075733E+03
    0.338089078393430853E+02    0.460320452776595967E+01    0.823048405122493554E+00   -0.261528865358432654E+03
    0.328240008284531513E+02    0.544934231598026386E+01    0.535069853168933629E+00   -0.261140767164065039E+03
    0.334652324457950883E+02    0.488683926560273907E+01    0.668983807467323555E+00   -0.260428599925437652E+03
    0.336366188456276447E+02    0.475857351226719594E+01    0.703595109674148178E+00   -0.260058980293966556E+03
    0.334160195823525044E+02    0.490274498988355933E+01    0.781063761278606217E+00   -0.259949139876008189E+03
    0.333702098641907270E+02    0.502026123461968421E+01    0.620261252726074241E+00   -0.259629261401812471E+03
    0.337396419927943469E+02    0.467230108926419163E+01    0.779589164174900318E+00   -0.259420042382450049E+03
    0.331258329537774685E+02    0.517561697889274264E+01    0.671301178775646212E+00   -0.259312598236472468E+03
    0.332638163576214936E+02    0.510296960047562465E+01    0.629381152755380535E+00   -0.259271826573180135E+03
    0.330453707383953343E+02    0.526985764624494646E+01    0.568205290883049385E+00   -0.258961411243693476E+03
    0.328751325786636031E+02    0.534604154932845077E+01    0.632016197268452817E+00   -0.258940529440610419E+03
    0.335624846079804442E+02    0.476555499921601378E+01    0.789495179661709012E+00   -0.258896069602794341E+03
    0.334360869725212737E+02    0.495165569066837108E+01    0.680982021461179254E+00   -0.258805689209393165E+03
    0.332688567792936567E+02    0.507200928615510982E+01    0.610477911907300053E+00   -0.258769804946805664E+03
    0.333983181707762427E+02    0.497753527883649305E+01    0.684582702832429058E+00   -0.258678183792995185E+03
    0.336331037557797501E+02    0.477840770627227940E+01    0.705469142556463424E+00   -0.258497654097572934E+03
    0.329947794893568940E+02    0.525244273410102469E+01    0.666029268581744160E+00   -0.258459375175603213E+03
    0.335193856042506866E+02    0.488436270125017380E+01    0.681577344997341350E+00   -0.258422821620488605E+03
    0.329550244325682229E+02    0.532271762062853782E+01    0.571572453103374789E+00   -0.258417605078173040E+03
    0.329562029516204191E+02    0.528020286586813992E+01    0.655411863935758343E+00   -0.258364979386835330E+03
    0.333254251092906060E+02    0.495844312513615026E+01    0.718933349724293014E+00   -0.258290912578562427E+03
    0.332866461585905995E+02    0.498879696501469017E+01    0.714340462848412905E+00   -0.258246398794946572E+03
    0.331667298788721894E+02    0.508690818382555587E+01    0.692741481693218364E+00   -0.258206956233381334E+03
    0.335468597639963377E+02    0.480356661345467639E+01    0.786025715961517490E+00   -0.258206430750514983E+03
    0.335428368406943633E+02    0.480708510804657507E+01    0.784712533767820686E+00   -0.258146103322553529E+03
    0.333123362719031917E+02    0.505908301369581714E+01    0.623675100566892238E+00   -0.257975874217779108E+03
    0.336026908786491703E+02    0.475760744279119407E+01    0.747619136077698143E+00   -0.257966157142082125E+03
    0.333950228148351442E+02    0.492582976911398873E+01    0.758524926150511369E+00   -0.257890975117761627E+03
    0.332424292374484480E+02    0.504286245278965950E+01    0.670043066448528180E+00   -0.257787565842427284E+03
    0.336572519365100860E+02    0.471732586291991574E+01    0.766596006408098107E+00   -0.257777204698413868E+03
    0.330181191405346013E+02    0.526517416777956981E+01    0.586799281641957382E+00   -0.257763988849259192E+03
    0.333340801790622905E+02    0.497341165655095452E+01    0.747057462246856874E+00   -0.257760786586857535E+03
    0.334661455779165706E+02    0.484759573338801175E+01    0.778211108907917559E+00   -0.257758325834404957E+03
    0.331863914308776486E+02    0.507247817236514909E+01    0.717972792210243016E+00   -0.257723821283419113E+03
    0.334258040636713645E+02    0.493414908734431990E+01    0.720411568533351088E+00   -0.257720356915699369E+03
    0.331910988676456000E+02    0.509589046665955703E+01    0.708845082743529420E+00   -0.257700130439127292E+03
    0.335264546323060841E+02    0.487217014128737524E+01    0.690036580641885555E+00   -0.257689830115332086E+03
    0.329622219885704624E+02    0.531915360524609682E+01    0.578747234500265662E+00   -0.257648736557952020E+03
    0.334835022413416681E+02    0.484102058229585719E+01    0.780799296412877153E+00   -0.257643147626165614E+03
    0.329990342766857196E+02    0.523779375678939374E+01    0.656232309875981024E+00   -0.257627878847487807E+03
    0.333265011698547511E+02    0.501177224097095664E+01    0.639032635880977806E+00   -0.257570854172576674E+03
    0.332487313777604783E+02    0.502456072577708657E+01    0.734645290876881130E+00   -0.257555104503965708E+03
    0.333806892027431488E+02    0.499669220485623899E+01    0.658660560135831630E+00   -0.257539561368261786E+03
    0.329170115720574543E+02    0.534682548694427950E+01    0.598991729665668604E+00   -0.257539097437323733E+03
    0.336531966930660857E+02    0.472255988103571767E+01    0.778429628746322821E+00   -0.257531218858682564E+03
    0.336389776980747044E+02    0.476236003363904725E+01    0.730087457533894924E+00   -0.257519770741972593E+03
    0.334789890325291566E+02    0.483831242340097312E+01    0.773406010462122540E+00   -0.257496171292134079E+03
    0.334996775573378827E+02    0.489314129169191858E+01    0.689130305712449376E+00   -0.257475319008198142E+03
    0.329193046746597986E+02    0.532383689313058905E+01    0.610456633720514397E+00   -0.257417390714954706E+03
    0.334945485000287206E+02    0.483923771487920540E+01    0.776522689372944885E+00   -0.257388615727622209E+03
    0.334657418797431063E+02    0.490225031119096233E+01    0.723218322423646365E+00   -0.257322390547248801E+03
    0.334695087493329595E+02    0.485003355557164006E+01    0.746162948562099637E+00   -0.257319224674944053E+03
    0.334519631233745258E+02    0.486142408420706396E+01    0.750950085950701229E+00   -0.257279128180645273E+03
    0.334327623657734279E+02    0.495204685452785043E+01    0.659946491822979042E+00   -0.257245402375933338E+03
    0.332698880017836984E+02    0.506621706154001394E+01    0.679113199420819824E+00   -0.257236457434892827E+03
    0.330385669660358872E+02    0.526220092001275486E+01    0.610249401674448966E+00   -0.257201250413382752E+03
    0.333559288159767817E+02    0.493746741279035817E+01    0.730960818545514091E+00   -0.257160896547512664E+03
    0.330658324048493171E+02    0.524573527611830048E+01    0.591553157019345965E+00   -0.257154345745498176E+03
    0.334118333163960202E+02    0.496015926807675722E+01    0.686787344487558182E+00   -0.257128510731449580E+03
    0.330401860377312744E+02    0.520565916102129123E+01    0.656175615566599202E+00   -0.257112759990515997E+03
    0.330863774895983411E+02    0.519499330935732040E+01    0.613902320234390730E+00   -0.257084371740677000E+03
    0.331297380010684748E+02    0.512749357619472335E+01    0.695344786325951425E+00   -0.257045336000460395E+03
    0.334609738242722443E+02    0.490679788254210969E+01    0.669330325296060846E+00   -0.257021980318582280E+03
    0.331057388352428745E+02    0.515581228828097782E+01    0.688176475760809758E+00   -0.257012814524570842E+03
    0.333382021303422107E+02    0.495112067169778847E+01    0.739718946598089566E+00   -0.257001859603985224E+03
    0.333609115007157300E+02    0.493842503846077197E+01    0.752196159216576121E+00   -0.256959280948211926E+03
    0.335561091087581929E+02    0.483381155229656656E+01    0.697821500238240522E+00   -0.256920676252287649E+03
    0.335561091087581929E+02    0.483381155229656656E+01    0.697821500238240522E+00   -0.256920676252287649E+03
    0.331152402443349985E+02    0.519712626461059557E+01    0.597925176453233176E+00   -0.256916099142192877E+03
    0.329525173130404667E+02    0.531298822898508050E+01    0.608438970555411851E+00   -0.256891354011753890E+03
    0.331961408132308833E+02    0.511408531839756186E+01    0.622719198331557311E+00   -0.256875115634732481E+03
    0.329537006695480628E+02    0.529958228214959881E+01    0.613283052415104390E+00   -0.256862596521403248E+03
    0.331933420252716616E+02    0.507682622404427519E+01    0.682225442676610339E+00   -0.256860145740385747E+03
    0.335833748180412570E+02    0.478940081518584471E+01    0.759353996673813647E+00   -0.256859891723858595E+03
    0.333678000131313439E+02    0.500093120235761823E+01    0.664587679359405548E+00   -0.256834618245020806E+03
    0.331726570668541854E+02    0.509157483715790882E+01    0.704155481894624735E+00   -0.256832535671430890E+03
    0.331726570668541854E+02    0.509157483715790882E+01    0.704155481894624735E+00   -0.256832535671430890E+03
    0.331244435787861704E+02    0.517034741128283848E+01    0.664166996406423071E+00   -0.256827355223962400E+03
    0.333592656254605586E+02    0.500623559371085669E+01    0.667590925234554322E+00   -0.256824685824660264E+03
    0.334523155582259619E+02    0.488632545768565763E+01    0.700498892242653382E+00   -0.256822471576381588E+03
    0.333023865261031560E+02    0.500139784908267870E+01    0.676472414216422346E+00   -0.256806437163801434E+03
    0.333023865261031560E+02    0.500139784908267870E+01    0.676472414216422346E+00   -0.256806437163801434E+03
    0.333151230196160952E+02    0.499819408773725016E+01    0.668226352455013939E+00   -0.256791484809862936E+03
    0.334169507648824151E+02    0.491451776234253579E+01    0.692687104191104130E+00   -0.256775231842906692E+03
    0.329946307928336111E+02    0.526601190425336174E+01    0.612882919109974056E+00   -0.256759600982934046E+03
    0.329946307928336111E+02    0.526601190425336174E+01    0.612882919109974056E+00   -0.256759600982934046E+03
    0.333212179433615319E+02    0.496716532350391571E+01    0.734955146466787501E+00   -0.256736612869374937E+03
    0.333212179433615319E+02    0.496716532350391571E+01    0.734955146466787501E+00   -0.256736612869374937E+03
    0.335445179488399674E+02    0.480203174078243578E+01    0.770744514361556221E+00   -0.256728430618802747E+03
    0.334102522343577348E+02    0.491801603336710880E+01    0.747921435463199114E+00   -0.256695756134992052E+03
    0.335059867812669125E+02    0.486670379195950620E+01    0.727792631928943945E+00   -0.256676205946168977E+03
    0.333197553658184091E+02    0.497256700553786857E+01    0.739831524769622328E+00   -0.256674964488903356E+03
    0.335706800733749162E+02    0.480439415712982765E+01    0.718946210034916100E+00   -0.256652161719309163E+03
    0.335706800733749162E+02    0.480439415712982765E+01    0.718946210034916100E+00   -0.256652161719309163E+03
    0.335916077014836389E+02    0.479408005432869810E+01    0.736523827890928739E+00   -0.256650649798919346E+03
    0.333883707428551233E+02    0.493857461119211649E+01    0.740710058238787550E+00   -0.256648423876416473E+03
    0.334922870816027825E+02    0.487439659665099434E+01    0.687547765202690120E+00   -0.256591658906893031E+03
    0.333103890931099329E+02    0.497767124267212502E+01    0.731782968718392657E+00   -0.256563875819410327E+03
    0.333103890931099329E+02    0.497767124267212502E+01    0.731782968718392657E+00   -0.256563875819410327E+03
    0.329903146160919221E+02    0.526592978998844075E+01    0.634358095687642232E+00   -0.256559857625380118E+03
    0.333887667227838563E+02    0.497856458410850156E+01    0.649253085292752052E+00   -0.256556839979177823E+03
    0.329740062085714385E+02    0.528780764900900291E+01    0.612576866569476297E+00   -0.256547373336005364E+03
    0.330152689799319887E+02    0.524111921755888943E+01    0.646505390165123650E+00   -0.256524444308123122E+03
    0.330879794165587526E+02    0.521542910694551498E+01    0.628529773864711094E+00   -0.256505086680862973E+03
    0.333698066567347027E+02    0.494475630066894123E+01    0.743750812555004637E+00   -0.256499481502048354E+03
    0.333274591421063562E+02    0.496429870456192379E+01    0.726715039543824215E+00   -0.256493944772807026E+03
    0.331912027597945780E+02    0.507952150106764044E+01    0.705437552596014483E+00   -0.256492133175739241E+03
    0.334519753170404641E+02    0.486901389468572443E+01    0.741701561304305867E+00   -0.256466476711374071E+03
    0.331948762036394669E+02    0.510752602651176257E+01    0.685110767017205191E+00   -0.256463586351054289E+03
    0.331665819755447586E+02    0.510869846053501409E+01    0.660897801332921198E+00   -0.256458545887873413E+03
    0.333643979491269107E+02    0.500083488241425123E+01    0.645235272362608692E+00   -0.256456461312465535E+03
    0.331625233924603080E+02    0.516335831965965575E+01    0.629549177081952904E+00   -0.256452938920742952E+03
    0.333833371862325947E+02    0.493072742845574030E+01    0.747604804565208281E+00   -0.256445528663384550E+03
    0.333666669423330475E+02    0.498567519853636920E+01    0.650286122084278495E+00   -0.256368475599579426E+03
    0.335837691510553569E+02    0.479520919792278999E+01    0.731240282223403981E+00   -0.256346555247082222E+03
    0.335837691510553569E+02    0.479520919792278999E+01    0.731240282223403981E+00   -0.256346555247082222E+03
    0.334665560214293549E+02    0.488454460665187096E+01    0.740249104093130939E+00   -0.256327841626111251E+03
    0.334665560214293549E+02    0.488454460665187096E+01    0.740249104093130939E+00   -0.256327841626111251E+03
    0.335350322759184252E+02    0.481749049186278189E+01    0.759992033873646666E+00   -0.256327248917029522E+03
    0.335545264070159277E+02    0.482514629310591481E+01    0.729633881625920910E+00   -0.256321741825698723E+03
    0.334475553429932617E+02    0.492838589451422582E+01    0.669967052455767265E+00   -0.256314285669914682E+03
    0.330006796371982105E+02    0.527497624984744728E+01    0.610219052233030523E+00   -0.256298916556043991E+03
    0.334000486594659236E+02    0.494677816853310581E+01    0.717893852863851878E+00   -0.256294339635867971E+03
    0.334941239704807998E+02    0.487775550570430116E+01    0.719250697616952372E+00   -0.256282960205064455E+03
    0.334986319004433142E+02    0.486332495452188951E+01    0.737384483155139270E+00   -0.256270083820933962E+03
    0.334986319004433142E+02    0.486332495452188951E+01    0.737384483155139270E+00   -0.256270083820933962E+03
    0.333824435698046500E+02    0.498643404978763005E+01    0.658754089231670337E+00   -0.256265339728668039E+03
    0.333824435698046500E+02    0.498643404978763005E+01    0.658754089231670337E+00   -0.256265339728668039E+03
    0.330090805847151501E+02    0.526220193391272151E+01    0.612222791087682516E+00   -0.256261418822092708E+03
    0.332153025251603111E+02    0.511499354670316109E+01    0.619146835854045952E+00   -0.256223829403200057E+03
    0.330896610812362795E+02    0.517354377670033472E+01    0.651933601406562979E+00   -0.256219878512719731E+03
    0.333640798500992517E+02    0.497075824245906706E+01    0.717912211435595582E+00   -0.256208767864138338E+03
    0.332821636406702837E+02    0.500790510639399411E+01    0.698480992693824687E+00   -0.256196609775720901E+03
    0.333735050519534013E+02    0.494195125581330963E+01    0.700526007832076636E+00   -0.256194200991977880E+03
    0.333735050519534013E+02    0.494195125581330963E+01    0.700526007832076636E+00   -0.256194200991977880E+03
    0.332811567257127692E+02    0.500466966688801129E+01    0.716862917758432028E+00   -0.256184582773002546E+03
    0.332811567257127692E+02    0.500466966688801129E+01    0.716862917758432028E+00   -0.256184582773002546E+03
    0.333389354385673684E+02    0.501835942782489308E+01    0.666169866460935345E+00   -0.256177776667936087E+03
    0.333389354385673684E+02    0.501835942782489308E+01    0.666169866460935345E+00   -0.256177776667936087E+03
    0.332015337612020147E+02    0.510174312239393402E+01    0.684718600138223166E+00   -0.256172589175207918E+03
    0.334636973216774436E+02    0.486274941033865549E+01    0.743521404741461889E+00   -0.256169317732879449E+03
    0.330670430213010249E+02    0.522183094984287077E+01    0.635761620225373747E+00   -0.256164630464390484E+03
    0.333745627489332080E+02    0.498809034646335103E+01    0.651177180602420913E+00   -0.256162091211645077E+03
    0.332117239864742828E+02    0.509706359015298105E+01    0.682472798912775458E+00   -0.256158083230750265E+03
    0.332117239864742828E+02    0.509706359015298105E+01    0.682472798912775458E+00   -0.256158083230750265E+03
    0.333859484492063103E+02    0.492113062874702489E+01    0.736219828208642402E+00   -0.256152302433768625E+03
    0.330459062736392610E+02    0.523913028537967751E+01    0.608455147702656962E+00   -0.256151337285517343E+03
    0.330459062736392610E+02    0.523913028537967751E+01    0.608455147702656962E+00   -0.256151337285517343E+03
    0.335221615692550472E+02    0.482220376574188947E+01    0.751099042486645496E+00   -0.256122145582701251E+03
    0.334560102926625902E+02    0.490903446346039463E+01    0.677909731949059124E+00   -0.256116430777287292E+03
    0.334560102926625902E+02    0.490903446346039463E+01    0.677909731949059124E+00   -0.256116430777287292E+03
    0.334063584520679697E+02    0.491416227768285019E+01    0.746324972682460119E+00   -0.256102713979964278E+03
    0.333171051597021517E+02    0.498026616500001040E+01    0.731105151270471376E+00   -0.256101334161150362E+03
    0.333171051597021517E+02    0.498026616500001040E+01    0.731105151270471376E+00   -0.256101334161150362E+03
    0.334184003017489033E+02    0.494692861778737569E+01    0.664499654286764496E+00   -0.256067913314393934E+03
    0.334956790203558725E+02    0.487642915127235277E+01    0.691290644775391927E+00   -0.256058655933915475E+03
    0.330265021823256433E+02    0.525241861620370720E+01    0.613032722357581328E+00   -0.256058169179870788E+03
    0.330265021823256433E+02    0.525241861620370720E+01    0.613032722357581328E+00   -0.256058169179870788E+03
    0.331859847091580917E+02    0.511602007084107413E+01    0.633719984610771836E+00   -0.256054898539223188E+03
    0.331963501316815979E+02    0.509007050522284121E+01    0.697787445570486109E+00   -0.256052994953106520E+03
    0.332336921221237915E+02    0.510394243011293014E+01    0.624552865267972823E+00   -0.256034225532747314E+03
    0.334561269043670251E+02    0.491893916271834630E+01    0.680059550802924684E+00   -0.256030142200730268E+03
    0.335137445036115764E+02    0.486311660709017168E+01    0.698908647912524827E+00   -0.256027836313878993E+03
    0.335137445036115764E+02    0.486311660709017168E+01    0.698908647912524827E+00   -0.256027836313878993E+03
    0.335236457614962973E+02    0.483031311370509187E+01    0.751066437815103960E+00   -0.256013026706853225E+03
    0.335236457614962973E+02    0.483031311370509187E+01    0.751066437815103960E+00   -0.256013026706853225E+03
    0.330728785846601454E+02    0.522583301853571935E+01    0.617267830491755376E+00   -0.256011289747770945E+03
    0.334762627274886313E+02    0.486987515932131210E+01    0.745919420998848004E+00   -0.256009569626402083E+03
    0.334762627274886313E+02    0.486987515932131210E+01    0.745919420998848004E+00   -0.256009569626402083E+03
    0.331072958339480579E+02    0.518811274586887627E+01    0.646830957006464868E+00   -0.256007137051825737E+03
    0.333408738995803873E+02    0.497304981950487957E+01    0.729382948384672880E+00   -0.255995669979891204E+03
    0.331347717868419593E+02    0.517907199318510170E+01    0.630374559576507787E+00   -0.255990508796031378E+03
    0.334011100077233039E+02    0.491553802004769125E+01    0.719136603989280365E+00   -0.255987284005683676E+03
    0.333490038424032562E+02    0.500372846397092896E+01    0.679761215201217461E+00   -0.255981109405558499E+03
    0.330876932711885416E+02    0.520379862848365438E+01    0.640946303699728270E+00   -0.255958987617756605E+03
    0.332347995977552202E+02    0.508917675673293246E+01    0.670143957641392229E+00   -0.255948037989755022E+03
    0.334778743194768822E+02    0.486041049547515147E+01    0.751208913532861677E+00   -0.255945900273450121E+03
    0.332313831587397530E+02    0.508930481818088953E+01    0.673383565862752609E+00   -0.255932793830495768E+03
    0.333574621116196042E+02    0.494586328316948620E+01    0.729975951455854033E+00   -0.255926827776912717E+03
    0.333938090560583447E+02    0.493235740053586635E+01    0.736610355041475984E+00   -0.255926123212272671E+03
    0.334868289538334594E+02    0.485145703378891024E+01    0.735753982454928734E+00   -0.255904665169500333E+03
    0.332840938115289191E+02    0.506007931903256392E+01    0.635173369043436242E+00   -0.255887915787264006E+03
    0.331349106619351019E+02    0.513458186490900825E+01    0.667480972253150728E+00   -0.255884062742684847E+03
    0.331349106619351019E+02    0.513458186490900825E+01    0.667480972253150728E+00   -0.255884062742684847E+03
    0.335443461846138220E+02    0.481737350521782925E+01    0.742310917380188506E+00   -0.255879757100081264E+03
    0.331270921036383186E+02    0.515265123454411000E+01    0.672537989917259771E+00   -0.255876384295111706E+03
    0.331270921036383186E+02    0.515265123454411000E+01    0.672537989917259771E+00   -0.255876384295111706E+03
    0.333305143532807193E+02    0.501487943715057760E+01    0.682452892101882980E+00   -0.255849388534517544E+03
    0.331034489059459460E+02    0.520257661041043207E+01    0.616220580859161537E+00   -0.255847706144737430E+03
    0.331034489059459460E+02    0.520257661041043207E+01    0.616220580859161537E+00   -0.255847706144737430E+03
    0.333048385616702234E+02    0.500403599385715570E+01    0.677754884309739403E+00   -0.255838598607953628E+03
    0.332753657340348141E+02    0.507105100821164712E+01    0.642136169691048142E+00   -0.255833401605898587E+03
    0.332753657340348141E+02    0.507105100821164712E+01    0.642136169691048142E+00   -0.255833401605898587E+03
    0.331371163678809140E+02    0.515031748674519108E+01    0.635546636344041072E+00   -0.255825964975104597E+03
    0.334781060538235238E+02    0.486309033602934804E+01    0.723313915744031699E+00   -0.255814580516206007E+03
    0.334270072168965271E+02    0.490887622429738357E+01    0.737469441520364866E+00   -0.255803648218458733E+03
    0.334897542871145788E+02    0.484921888125539446E+01    0.743126322961657482E+00   -0.255799580568726441E+03
    0.334810525776183709E+02    0.489059981607935068E+01    0.691182489321917615E+00   -0.255782797034100440E+03
    0.334933898835616688E+02    0.488041583048166494E+01    0.698479110311318485E+00   -0.255782239692197891E+03
    0.332361182401698798E+02    0.505829350730898053E+01    0.703885227988250817E+00   -0.255764638017123019E+03
    0.334308864041737479E+02    0.492423184138651848E+01    0.713543259531879470E+00   -0.255760392696208925E+03
    0.334796990590412307E+02    0.488021617806430630E+01    0.697658559229443087E+00   -0.255753624939356484E+03
    0.334770091770718068E+02    0.489561485321243417E+01    0.694262651452877577E+00   -0.255742594851342091E+03
    0.335190741721642951E+02    0.483689849515772519E+01    0.742073418323743184E+00   -0.255735312181730365E+03
    0.333332503588449498E+02    0.502158292529622763E+01    0.650589153631312866E+00   -0.255724120756175694E+03
    0.331932978050409844E+02    0.509732857730750144E+01    0.654842301075426958E+00   -0.255723154094380448E+03
    0.334333351372737297E+02    0.489312991385719442E+01    0.742927947897976004E+00   -0.255715255273187779E+03
    0.334333351372737297E+02    0.489312991385719442E+01    0.742927947897976004E+00   -0.255715255273187779E+03
    0.334368518371220702E+02    0.491447649331704817E+01    0.686045294411376849E+00   -0.255714866491297585E+03
    0.334368518371220702E+02    0.491447649331704817E+01    0.686045294411376849E+00   -0.255714866491297585E+03
    0.335275332273049997E+02    0.483554475452923604E+01    0.733795147838956607E+00   -0.255688419087912507E+03
    0.333924557565773767E+02    0.496743474955383224E+01    0.683930225156775817E+00   -0.255685677205096880E+03
    0.333924557565773767E+02    0.496743474955383224E+01    0.683930225156775817E+00   -0.255685677205096880E+03
    0.334487483326381394E+02    0.492007084474744261E+01    0.682272377514554829E+00   -0.255682861397609969E+03
    0.333978048267132053E+02    0.495424171479724418E+01    0.702456449569557662E+00   -0.255682015482754110E+03
    0.334728527782167049E+02    0.489241317985397028E+01    0.712867637783731856E+00   -0.255675651859290355E+03
    0.333739963523282341E+02    0.496971164634626827E+01    0.666467309654168782E+00   -0.255670965138874465E+03
    0.335141636039433521E+02    0.485366439569421804E+01    0.722414435299404967E+00   -0.255653611393334927E+03
    0.332103244575137779E+02    0.507676843243910270E+01    0.670392515539081746E+00   -0.255643888545419088E+03
    0.333506559620514906E+02    0.500531813706882645E+01    0.655215945852117843E+00   -0.255629878859647590E+03
    0.334819796578971705E+02    0.487343412933883968E+01    0.731577407954796088E+00   -0.255627820809782946E+03
    0.331498201185095454E+02    0.513999674831189957E+01    0.639486926268768463E+00   -0.255621661662776688E+03
    0.331341268228378638E+02    0.514287089295985300E+01    0.653912906256609805E+00   -0.255620996076758985E+03
    0.334716974468333177E+02    0.488159906796663456E+01    0.703136768746553509E+00   -0.255600695334881266E+03
    0.332188543322102987E+02    0.506365265604329196E+01    0.692289643398793952E+00   -0.255593435110091150E+03
    0.332626985182569399E+02    0.506026446956013132E+01    0.644061602803674971E+00   -0.255592487786573173E+03
    0.332626985182569399E+02    0.506026446956013132E+01    0.644061602803674971E+00   -0.255592487786573173E+03
    0.333085434912651124E+02    0.500252268517264120E+01    0.715686015686094246E+00   -0.255587703403664079E+03
    0.331787476211093733E+02    0.512729540765357239E+01    0.664428437731002575E+00   -0.255586546792237840E+03
    0.331411186213575917E+02    0.516305567032091339E+01    0.622943400066451769E+00   -0.255585898522970382E+03
    0.332342157728407557E+02    0.505081105964738786E+01    0.698783569281805739E+00   -0.255582616017726991E+03
    0.334389436718496285E+02    0.491267356268290278E+01    0.688378853715516659E+00   -0.255581326537688540E+03
    0.332195396573722661E+02    0.508368862730116522E+01    0.687148781826557364E+00   -0.255576562907788457E+03
    0.334607149603468201E+02    0.487566271834296749E+01    0.725717882984312279E+00   -0.255574966095676160E+03
    0.331823458758877763E+02    0.513770803993193059E+01    0.641712284241690023E+00   -0.255565675682313497E+03
    0.335016372314616362E+02    0.484788146579970469E+01    0.735583569763798684E+00   -0.255543855720855703E+03
    0.330913322618875441E+02    0.518904179156547318E+01    0.649202348187917444E+00   -0.255535369933002897E+03
    0.332842051462398416E+02    0.505295694583301813E+01    0.641651788010195290E+00   -0.255535298242212548E+03
    0.330764702929895549E+02    0.520924692062639139E+01    0.632266334841022459E+00   -0.255530526539377860E+03
    0.333493805119263342E+02    0.500179170699956455E+01    0.655164816381413773E+00   -0.255530242315108552E+03
    0.333795587068865558E+02    0.493482893763609454E+01    0.731294807870711661E+00   -0.255529772413998813E+03
    0.331492271098865672E+02    0.512858760718757090E+01    0.675932385954296167E+00   -0.255527943416896647E+03
    0.331705347468137290E+02    0.514901756206303496E+01    0.629983012463687708E+00   -0.255527581459233915E+03
    0.333461666474568474E+02    0.497384842171805186E+01    0.684623886602478859E+00   -0.255517489812456944E+03
    0.332828534259800861E+02    0.501522406005239496E+01    0.690920995972668317E+00   -0.255484840732963306E+03
    0.332828534259800861E+02    0.501522406005239496E+01    0.690920995972668317E+00   -0.255484840732963306E+03
    0.332816898846993681E+02    0.506070579946428811E+01    0.653041178767599706E+00   -0.255481134939884981E+03
    0.334785846560031999E+02    0.487890653762984705E+01    0.704576357681856447E+00   -0.255464473890086595E+03
    0.332170232460504167E+02    0.509848610525113699E+01    0.668815401170621326E+00   -0.255460419922043087E+03
    0.332170232460504167E+02    0.509848610525113699E+01    0.668815401170621326E+00   -0.255460419922043087E+03
    0.330891218030673713E+02    0.519938891631089284E+01    0.635523440306264953E+00   -0.255459124681340654E+03
    0.334242208376980443E+02    0.492364195225979895E+01    0.686949681630119491E+00   -0.255456784795390519E+03
    0.334242208376980443E+02    0.492364195225979895E+01    0.686949681630119491E+00   -0.255456784795390519E+03
    0.331938113482189010E+02    0.512175186495869017E+01    0.630237797840663583E+00   -0.255453644401459059E+03
    0.333057548164582897E+02    0.502897691205050457E+01    0.683563149468160769E+00   -0.255445475327470319E+03
    0.334194978102875808E+02    0.490661997824524754E+01    0.720702114549663930E+00   -0.255444381021052124E+03
    0.334759054304228911E+02    0.487501276795825955E+01    0.711770891229627334E+00   -0.255441151172291768E+03
    0.333167117592363411E+02    0.503172002881829172E+01    0.659065824896775121E+00   -0.255432034406130640E+03
    0.332307015507683801E+02    0.505705467950591991E+01    0.697707881343137215E+00   -0.255427780983576071E+03
    0.333811895437503807E+02    0.495710930106539571E+01    0.677974744108302496E+00   -0.255415256121512471E+03
    0.332220182879848878E+02    0.510072943896083597E+01    0.633866312069963023E+00   -0.255414551518587530E+03
    0.334014470972878996E+02    0.492613519382989029E+01    0.704713860263104896E+00   -0.255408690074193771E+03
    0.331530975821678950E+02    0.514170211877846484E+01    0.663581643636046659E+00   -0.255404019516502757E+03
    0.333684928497895470E+02    0.494990028548071059E+01    0.702141112834951064E+00   -0.255395653261132367E+03
    0.333568660507768229E+02    0.496879674088144796E+01    0.717616233311163754E+00   -0.255387218447238581E+03
    0.332471074046470108E+02    0.508640949522279939E+01    0.637822893003446634E+00   -0.255384111485037096E+03
    0.334909925269182196E+02    0.486127409436673741E+01    0.730435441532854224E+00   -0.255381511583889164E+03
    0.332467659989296891E+02    0.508003058384316031E+01    0.665033726086077248E+00   -0.255376971696441188E+03
    0.331891766636644974E+02    0.509377328775343763E+01    0.684434435887159243E+00   -0.255373287007233642E+03
    0.334520434922446626E+02    0.490524533627339476E+01    0.692718262906605542E+00   -0.255372090819076789E+03
    0.333056959268845816E+02    0.503698371881476881E+01    0.666956493285071006E+00   -0.255370779175267273E+03
    0.331603284209104174E+02    0.514278573689723384E+01    0.655520339228098159E+00   -0.255344194083784657E+03
    0.334230846713862135E+02    0.490766155354583944E+01    0.714416168935377183E+00   -0.255342390742850625E+03
    0.332506807809026554E+02    0.505697690973192771E+01    0.659276572721925080E+00   -0.255341793851149731E+03
    0.333203512569136677E+02    0.501660364854957130E+01    0.655515664067571557E+00   -0.255336389147172156E+03
    0.333614206091124572E+02    0.497050399434703394E+01    0.677413686466425524E+00   -0.255333674951189437E+03
    0.332586809458645121E+02    0.506564967784059039E+01    0.674964810451940678E+00   -0.255327852066979432E+03
    0.332244532613586969E+02    0.506294263665953004E+01    0.686692218428465173E+00   -0.255326438630311429E+03
    0.334717802423328905E+02    0.488252888596767232E+01    0.723583297025564010E+00   -0.255325994624795669E+03
    0.334248631518040611E+02    0.493122835581974606E+01    0.702112859089217833E+00   -0.255312864159375806E+03
    0.333175464701929371E+02    0.499025463025654581E+01    0.693846423145937696E+00   -0.255307173632310850E+03
    0.331480260802380187E+02    0.514894822664821206E+01    0.635080273769167092E+00   -0.255297227783745285E+03
    0.334255547504164099E+02    0.492550118657179503E+01    0.686808594225962188E+00   -0.255293790338525412E+03
    0.331534261181619598E+02    0.514526011931274674E+01    0.657123034538682593E+00   -0.255292711872101250E+03
    0.332919808431412960E+02    0.502988641848903484E+01    0.659563994289423472E+00   -0.255283689128950471E+03
    0.332544853570700525E+02    0.505189674482736439E+01    0.695210246641627450E+00   -0.255277667839520205E+03
    0.332824057404713614E+02    0.503398098931145555E+01    0.662377319491589400E+00   -0.255261442670579328E+03
    0.331079450462646463E+02    0.517888644156397238E+01    0.643433438839374650E+00   -0.255259330787430201E+03
    0.334442203438421828E+02    0.489324484773990775E+01    0.730881882166415475E+00   -0.255258183914521226E+03
    0.332638873697710409E+02    0.504956073617425005E+01    0.691467120641083399E+00   -0.255257299928326432E+03
    0.332881742464540054E+02    0.501411352134018795E+01    0.708650669384598753E+00   -0.255234133752661137E+03
    0.334653231860405214E+02    0.488093826502578665E+01    0.718059577765568724E+00   -0.255228736275662840E+03
    0.334217384507853836E+02    0.490893021873067870E+01    0.729029221909794689E+00   -0.255223332998189022E+03
    0.332301287513933374E+02    0.507567545934950104E+01    0.654770934765664947E+00   -0.255210227064825943E+03
    0.331702050103968347E+02    0.512110514637838055E+01    0.671868296691862987E+00   -0.255209797786831501E+03
    0.333786405869807936E+02    0.495566418445316526E+01    0.684445226678991103E+00   -0.255196042834958604E+03
    0.334397100919359929E+02    0.491094264916411838E+01    0.715308512323385326E+00   -0.255194625246265844E+03
    0.333199711920482500E+02    0.498530874141626779E+01    0.710489837949892844E+00   -0.255190305426287580E+03
    0.331557686020555451E+02    0.515196199161297130E+01    0.640214926899670633E+00   -0.255188972149536880E+03
    0.332435105866397649E+02    0.508762858393055328E+01    0.646594344691137857E+00   -0.255183426083802630E+03
    0.334350145754473473E+02    0.490935612957764356E+01    0.721653081226012016E+00   -0.255177196575230909E+03
    0.332601145251828925E+02    0.505024549020960123E+01    0.673558942170517705E+00   -0.254631179545586633E+03
    0.332601145251828925E+02    0.505024549020960123E+01    0.673558942170517705E+00   -0.254631179545586633E+03
    0.332549145499329555E+02    0.507092184790667222E+01    0.650149071306700743E+00   -0.254903950816082357E+03
    0.332549145499329555E+02    0.507092184790667222E+01    0.650149071306700743E+00   -0.254903950816082357E+03
    0.332025575987895891E+02    0.510468847657494074E+01    0.645515425537541598E+00   -0.255042121401126593E+03
    0.332722402550881213E+02    0.504017339193970315E+01    0.682452924257426985E+00   -0.254613067002641088E+03
    0.332722402550881213E+02    0.504017339193970315E+01    0.682452924257426985E+00   -0.254613067002641088E+03
    0.333415792192952267E+02    0.498282619673035310E+01    0.703656181656031277E+00   -0.254803663994152060E+03
    0.333273336978303831E+02    0.499016678117908974E+01    0.702505037585565706E+00   -0.254764456707257807E+03
    0.332702467941793145E+02    0.505224426122638715E+01    0.672866539148908149E+00   -0.254718585523114456E+03
    0.332673252703876301E+02    0.504088075588328888E+01    0.683731802499724317E+00   -0.254662496742157629E+03
    0.332673252703876301E+02    0.504088075588328888E+01    0.683731802499724317E+00   -0.254662496742157629E+03
    0.333026025146846507E+02    0.500995147772157523E+01    0.693861749007963491E+00   -0.254700145894329665E+03
    0.333026025146846507E+02    0.500995147772157523E+01    0.693861749007963491E+00   -0.254700145894329665E+03
    0.334085898276953657E+02    0.492006897069543481E+01    0.721649807002194610E+00   -0.255070654644517361E+03
    0.331496301958572701E+02    0.514746294620565159E+01    0.639729519901257371E+00   -0.255097256545035805E+03
    0.333079527812132667E+02    0.501552701708766069E+01    0.667253378681571641E+00   -0.255054110226121196E+03
    0.332193258138255558E+02    0.507760411445091986E+01    0.672714293370078042E+00   -0.254851919346996993E+03
    0.332721808440952316E+02    0.505729072162574678E+01    0.655811588066020690E+00   -0.254832232958620637E+03
    0.332721808440952316E+02    0.505729072162574678E+01    0.655811588066020690E+00   -0.254832232958620637E+03
    0.332553931417066337E+02    0.504027439873784111E+01    0.688474981661787999E+00   -0.255126005121969627E+03
    0.331738597710462102E+02    0.512729727293140236E+01    0.652774667143333542E+00   -0.254860920271532734E+03
    0.334075204548819755E+02    0.494422233023596647E+01    0.693436239064364690E+00   -0.254983323996564025E+03
    0.333558471753590098E+02    0.498329672322400352E+01    0.693286223057010487E+00   -0.254947333584911121E+03
    0.332313509367239632E+02    0.506341869590135296E+01    0.677382872019710813E+00   -0.255047912467051873E+03
    0.333430097639038507E+02    0.497662999609802181E+01    0.701151047391891935E+00   -0.254745012409443035E+03
    0.332982584877665033E+02    0.502017969841117928E+01    0.680425251534297337E+00   -0.254585050506673355E+03
    0.332982584877665033E+02    0.502017969841117928E+01    0.680425251534297337E+00   -0.254585050506673355E+03
    0.331733120571936269E+02    0.512281564584939897E+01    0.655143841148882466E+00   -0.254874670651029618E+03
    0.332890123951799382E+02    0.503736585410829640E+01    0.655596890570959490E+00   -0.255137533061821074E+03
    0.331657697930296820E+02    0.514398698349529315E+01    0.633538586181387586E+00   -0.255170110073273861E+03
    0.333230863555476375E+02    0.499940975644310281E+01    0.693055973246930579E+00   -0.254615998881201051E+03
    0.333871242246402673E+02    0.494996072947009225E+01    0.708194565892883654E+00   -0.254896703400871559E+03
    0.333621089112958131E+02    0.495712059691257245E+01    0.716496024534800102E+00   -0.255012247911007165E+03
    0.332928857882488529E+02    0.501939944820984607E+01    0.688103844456295577E+00   -0.254654983033095874E+03
    0.334198472029354789E+02    0.493123691002175768E+01    0.696083396496239182E+00   -0.254935020408753729E+03
    0.331389925238013490E+02    0.515267158199563369E+01    0.654419921500049462E+00   -0.255141804587131446E+03
    0.333446452279121957E+02    0.498103473185154755E+01    0.703795152262678747E+00   -0.254814581871058692E+03
    0.333778369601981311E+02    0.495814347273528533E+01    0.695045417271822452E+00   -0.254682035956897153E+03
    0.333895151771579179E+02    0.496356977219959106E+01    0.680602505866829577E+00   -0.255060739331590355E+03
    0.333275617052524211E+02    0.500391658601729983E+01    0.684784632307785412E+00   -0.254650041477382359E+03
    0.333275617052524211E+02    0.500391658601729983E+01    0.684784632307785412E+00   -0.254650041477382359E+03
    0.332650338580395584E+02    0.503298375465938541E+01    0.692237099164575431E+00   -0.255044933956968094E+03
    0.331974278811847512E+02    0.511683481525037198E+01    0.639994461682958260E+00   -0.255022222991174829E+03
    0.333882396533326187E+02    0.494190416836104696E+01    0.720422311354554479E+00   -0.255133263215935614E+03
    0.333706934523101495E+02    0.496306337054818236E+01    0.697936900371077473E+00   -0.254663718064379680E+03
    0.331456686911680123E+02    0.515289452876392318E+01    0.649615851293621538E+00   -0.255146876068830579E+03
    0.332923522030816983E+02    0.504366912383302157E+01    0.655640726457097811E+00   -0.254960924261200745E+03
    0.332075905948533219E+02    0.509809340696343050E+01    0.654448264066879393E+00   -0.254794315120281226E+03
    0.332352603190365272E+02    0.505876033420953330E+01    0.689083313938503861E+00   -0.255043851740749773E+03
    0.333773761008008165E+02    0.496851393331919233E+01    0.677536682186189454E+00   -0.254935402533667855E+03
    0.333268467602995315E+02    0.498836721832299546E+01    0.693614183030940579E+00   -0.254862407862319657E+03
    0.332200997763195218E+02    0.508765662724487111E+01    0.669791493024394224E+00   -0.254786135810475912E+03
    0.333464704609904175E+02    0.499309444304355310E+01    0.687137404223005510E+00   -0.254909442835841844E+03
    0.333376320123208956E+02    0.497965572914673693E+01    0.714755750764480835E+00   -0.255149984872589158E+03
    0.333428562660006378E+02    0.497632237938714539E+01    0.708841747825418866E+00   -0.254865900809039971E+03
    0.333499209220297246E+02    0.499238553208428648E+01    0.669928745528273084E+00   -0.254914391849999561E+03
    0.334160171510693331E+02    0.492041066510788738E+01    0.711076811775393947E+00   -0.254908097849072789E+03
    0.333353278689066883E+02    0.498424503478322478E+01    0.686353560108544647E+00   -0.255029187131687792E+03
    0.332511890273340569E+02    0.504695217837415377E+01    0.694723433918085886E+00   -0.255041421903384361E+03
    0.332486996072265271E+02    0.505791690271808747E+01    0.668123708380618186E+00   -0.254822294391840074E+03
    0.333091214918711742E+02    0.501287704697272929E+01    0.670222831576274269E+00   -0.255009121397288880E+03
    0.333242389402715560E+02    0.502124153528019335E+01    0.663668555396169535E+00   -0.255131160665306680E+03
    0.332429759034290271E+02    0.508255397899937833E+01    0.653206642719650898E+00   -0.254909912350950066E+03
    0.333488688939309625E+02    0.497749446887489100E+01    0.700499407316168332E+00   -0.254683899723981426E+03
    0.331898185164394732E+02    0.512029509179796261E+01    0.646555919005559421E+00   -0.254881285206496528E+03
    0.332784481124067355E+02    0.504948262418739002E+01    0.672167749401552883E+00   -0.254893883595285786E+03
    0.332361492527340374E+02    0.508606328206754998E+01    0.655667398258495404E+00   -0.254861195883408271E+03
    0.331771662170921218E+02    0.512164414690896486E+01    0.655249343064768008E+00   -0.254835798988335029E+03
    0.333201217401935423E+02    0.500566308694288686E+01    0.692532365788275595E+00   -0.254738095995371651E+03
    0.333201217401935423E+02    0.500566308694288686E+01    0.692532365788275595E+00   -0.254738095995371651E+03
    0.331589352722754143E+02    0.514339705772765132E+01    0.651732114131620466E+00   -0.255133613317859016E+03
    0.333287771083729041E+02    0.498863460022072758E+01    0.711924529094802416E+00   -0.255159827736239748E+03
    0.333043708626921102E+02    0.501825904471887796E+01    0.668426401948090110E+00   -0.254939821381227461E+03
    0.332757452493155057E+02    0.505003160731689960E+01    0.651218749783811779E+00   -0.255154775392312189E+03
    0.333077326066565291E+02    0.500650328513984721E+01    0.703914837716820951E+00   -0.254971181685334074E+03
    0.333244336671627934E+02    0.500685512046387160E+01    0.690104481869382891E+00   -0.254896940491204873E+03
    0.332718556462632833E+02    0.503831852779485079E+01    0.691466810090731965E+00   -0.254840621488920789E+03
    0.332718556462632833E+02    0.503831852779485079E+01    0.691466810090731965E+00   -0.254840621488920789E+03
    0.332788603351053993E+02    0.504391903905088146E+01    0.658364183287237781E+00   -0.254927846521393491E+03
    0.332376275648338577E+02    0.506301387775636602E+01    0.690821807639443453E+00   -0.255109964923841773E+03
    0.333634159995838147E+02    0.495712379618455135E+01    0.718245694089235776E+00   -0.255065432458991239E+03
    0.334188025298886942E+02    0.492534995704872003E+01    0.697015914069572751E+00   -0.254978497843344201E+03
    0.331581461541697138E+02    0.513411056247116893E+01    0.647877802694538985E+00   -0.255097849558916664E+03
    0.333523535927806947E+02    0.498638790680793331E+01    0.692054689137026946E+00   -0.254934642984424244E+03
    0.331621236699411099E+02    0.514328255769591625E+01    0.637279744490189537E+00   -0.255069025559542155E+03
    0.334551296415854580E+02    0.489768025858789713E+01    0.704694614529215224E+00   -0.255127712812361636E+03
    0.332179462887177763E+02    0.508840087168539412E+01    0.656446150939865247E+00   -0.254811166081735934E+03
    0.332326311408722432E+02    0.507979079364414510E+01    0.649466691091809656E+00   -0.255098066156567853E+03
    0.331864237033606315E+02    0.512158138259885742E+01    0.643486801081436077E+00   -0.254931097817307887E+03
    0.333521617603833747E+02    0.499723213356877238E+01    0.671450495614732690E+00   -0.255119197557035960E+03
    0.332573819782490006E+02    0.504579073394594158E+01    0.678296914692727015E+00   -0.254853312201899513E+03
    0.332405825057640314E+02    0.507525367553386619E+01    0.659566823741647879E+00   -0.254662995533315495E+03
    0.332405825057640314E+02    0.507525367553386619E+01    0.659566823741647879E+00   -0.254662995533315495E+03
    0.332265600156423631E+02    0.508483741196208960E+01    0.651233772055583082E+00   -0.254926926143404216E+03
    0.332277672964562143E+02    0.508432820890157444E+01    0.649825141147847507E+00   -0.254989042657199661E+03
    0.333521035034180144E+02    0.496746813381506591E+01    0.712822604693279072E+00   -0.254939694326649118E+03
    0.333521035034180144E+02    0.496746813381506591E+01    0.712822604693279072E+00   -0.254939694326649118E+03
    0.331472905488899556E+02    0.514988023650516524E+01    0.647850791193438358E+00   -0.255020816957141932E+03
    0.332902214530437561E+02    0.504415038792822212E+01    0.660319100889919408E+00   -0.254859518712183672E+03
    0.332916977925869730E+02    0.503810316498141653E+01    0.659262443917196572E+00   -0.254834810157340854E+03
    0.333260948071012990E+02    0.500496773453554145E+01    0.668564009918201085E+00   -0.254925056800876575E+03
    0.332728586181611661E+02    0.505667326547656160E+01    0.651774889663113033E+00   -0.254949985975678715E+03
    0.333768232647195475E+02    0.495620072212230767E+01    0.697398176156285299E+00   -0.254699280321875108E+03
    0.333768232647195475E+02    0.495620072212230767E+01    0.697398176156285299E+00   -0.254699280321875108E+03
    0.331709221587818988E+02    0.511757737702313875E+01    0.664070112446242589E+00   -0.255017334184376210E+03
    0.333374161435680065E+02    0.498955540957814847E+01    0.688169381974398142E+00   -0.254591419192057486E+03
    0.333579953188417804E+02    0.496164802619567613E+01    0.709777898603425217E+00   -0.254879055057487818E+03
    0.333005879149809658E+02    0.502997569895014518E+01    0.679717243018417072E+00   -0.254907203559099628E+03
