    0.399922966957092285E+02   -0.764413022101866500E+04   -0.460515351937698814E+01    1
    0.398272192478179932E+02   -0.740417072210423976E+04   -0.461515351937698259E+01    1
    0.398014879226684570E+02   -0.736711199930926705E+04   -0.462515351937698149E+01    1
    0.397979843616485596E+02   -0.736207329981464682E+04   -0.463515351937698661E+01    1
    0.392834651470184326E+02   -0.664082685851701353E+04   -0.464515351937698728E+01    1
    0.392655205726623535E+02   -0.661634336982951299E+04   -0.465515351937698174E+01    1
    0.392024052143096924E+02   -0.653058836495413107E+04   -0.466515351937698153E+01    1
    0.200974535942077637E+02   -0.628928261810193999E+04   -0.467515351937698398E+01    1
    0.202453064918518066E+02   -0.609431988418105084E+04   -0.468515351937698377E+01    1
    0.203151452541351318E+02   -0.600329629720085904E+04   -0.469515351937698444E+01    1
    0.388033187389373779E+02   -0.600130205825779194E+04   -0.470515351937698423E+01    1
    0.204883229732513428E+02   -0.578054242118254297E+04   -0.471515351937698135E+01    1
    0.205663025379180908E+02   -0.568161474996198194E+04   -0.472515351937698025E+01    1
    0.205702817440032959E+02   -0.567658948891857290E+04   -0.473515351937698448E+01    1
    0.385470783710479736E+02   -0.567325685725831318E+04   -0.474515351937698782E+01    1
    0.208231353759765625E+02   -0.536182608556968080E+04   -0.475515351937698494E+01    1
    0.209486627578735352E+02   -0.520889951528330676E+04   -0.476515351937698117E+01    1
    0.381378614902496338E+02   -0.516849071249352073E+04   -0.477515351937698451E+01    1
    0.210191392898559570E+02   -0.512400994874173193E+04   -0.478515351937698341E+01    1
    0.380212640762329102E+02   -0.502897400054421541E+04   -0.479515351937697876E+01    1
    0.213131165504455566E+02   -0.477743585888588768E+04   -0.480515351937698032E+01    1
    0.214033305644989014E+02   -0.467351518820490583E+04   -0.481515351937698277E+01    1
    0.214271390438079834E+02   -0.464628000932251234E+04   -0.482515351937698345E+01    1
    0.214583384990692139E+02   -0.461071060924607627E+04   -0.483515351937698323E+01    1
    0.375908362865447998E+02   -0.453047271497786096E+04   -0.484515351937698480E+01    1
    0.375905501842498779E+02   -0.453015001838172884E+04   -0.485515351937698814E+01    1
    0.216302382946014404E+02   -0.441718544272510644E+04   -0.486515351937698437E+01    1
    0.216883409023284912E+02   -0.435271186446310912E+04   -0.487515351937698149E+01    1
    0.217803680896759033E+02   -0.425156409130147404E+04   -0.488515351937698572E+01    1
    0.372798287868499756E+02   -0.418647166420488975E+04   -0.489515351937698817E+01    1
    0.372416090965270996E+02   -0.414513471291066980E+04   -0.490515351937698973E+01    1
    0.372401356697082520E+02   -0.414354521805653621E+04   -0.491515351937698775E+01    1
    0.371831417083740234E+02   -0.408229561137301152E+04   -0.492515351937698220E+01    1
    0.371549355983734131E+02   -0.405215215894942230E+04   -0.493515351937698199E+01    1
    0.220941698551177979E+02   -0.391560531967920269E+04   -0.494515351937698799E+01    1
    0.370145010948181152E+02   -0.390373501212391375E+04   -0.495515351937699045E+01    1
    0.369963014125823975E+02   -0.388470356030723451E+04   -0.496515351937698846E+01    1
    0.222514855861663818E+02   -0.375238644222006951E+04   -0.497515351937698824E+01    1
    0.367674350738525391E+02   -0.364934833874998640E+04   -0.498515351937698359E+01    1
    0.223528945446014404E+02   -0.364901468014295733E+04   -0.499515351937698426E+01    1
    0.366537952423095703E+02   -0.353521986936895701E+04   -0.500515351937698583E+01    1
    0.225296223163604736E+02   -0.347231814428488133E+04   -0.501515351937698384E+01    1
    0.226491367816925049E+02   -0.335531112515136647E+04   -0.502515351937698451E+01    1
    0.364085233211517334E+02   -0.329507525845219197E+04   -0.503515351937698608E+01    1
    0.227209556102752686E+02   -0.328596405650458928E+04   -0.504515351937698409E+01    1
    0.228407597541809082E+02   -0.317189532872437076E+04   -0.505515351937698298E+01    1
    0.228921532630920410E+02   -0.312358006368638689E+04   -0.506515351937698455E+01    1
    0.361118125915527344E+02   -0.301586012885035097E+04   -0.507515351937697989E+01    1
    0.360043430328369141E+02   -0.291777788798270467E+04   -0.508515351937698501E+01    1
    0.234194052219390869E+02   -0.264933316210315843E+04   -0.509515351937699013E+01    1
    0.234401690959930420E+02   -0.263145577904765787E+04   -0.510515351937699080E+01    1
    0.234479439258575439E+02   -0.262477734925995173E+04   -0.511515351937698348E+01    1
    0.236404764652252197E+02   -0.246210385384498113E+04   -0.512515351937698238E+01    1
    0.236496043205261230E+02   -0.245452086291738033E+04   -0.513515351937698394E+01    1
    0.237220966815948486E+02   -0.239471314291052659E+04   -0.514515351937697751E+01    1
    0.353255689144134521E+02   -0.233577141199794551E+04   -0.515515351937698085E+01    1
    0.351720046997070312E+02   -0.221307561443355598E+04   -0.516515351937698330E+01    1
    0.239508724212646484E+02   -0.221080844062707320E+04   -0.517515351937698220E+01    1
    0.240072083473205566E+02   -0.216664993947096355E+04   -0.518515351937698643E+01    1
    0.241367685794830322E+02   -0.206678644947208613E+04   -0.519515351937698533E+01    1
    0.241835629940032959E+02   -0.203129739321986108E+04   -0.520515351937697623E+01    1
    0.348104333877563477E+02   -0.193726480051029671E+04   -0.521515351937698224E+01    1
    0.347257614135742188E+02   -0.187532942289131597E+04   -0.522515351937697670E+01    1
    0.244710314273834229E+02   -0.182002816945781024E+04   -0.523515351937698092E+01    1
    0.245468819141387939E+02   -0.176621860553291708E+04   -0.524515351937698071E+01    1
    0.245494687557220459E+02   -0.176439770715488726E+04   -0.525515351937698583E+01    1
    0.245897555351257324E+02   -0.173616081745879978E+04   -0.526515351937698739E+01    1
    0.246295988559722900E+02   -0.170845894951051741E+04   -0.527515351937698007E+01    1
    0.246692502498626709E+02   -0.168111187629693541E+04   -0.528515351937697542E+01    1
    0.344389379024505615E+02   -0.167300807977308364E+04   -0.529515351937697609E+01    1
    0.343749642372131348E+02   -0.162945790769954283E+04   -0.530515351937697677E+01    1
    0.343617105484008789E+02   -0.162050731675732391E+04   -0.531515351937698188E+01    1
    0.343105936050415039E+02   -0.158621766855767260E+04   -0.532515351937698078E+01    1
    0.342054820060729980E+02   -0.151686117055814816E+04   -0.533515351937697613E+01    1
    0.342039203643798828E+02   -0.151584244035830102E+04   -0.534515351937697680E+01    1
    0.250212943553924561E+02   -0.144799500901631973E+04   -0.535515351937698103E+01    1
    0.251461088657379150E+02   -0.136952492592116892E+04   -0.536515351937698171E+01    1
    0.252945613861083984E+02   -0.127904259612903911E+04   -0.537515351937698238E+01    1
    0.253357017040252686E+02   -0.125451517509656128E+04   -0.538515351937698128E+01    1
    0.337738442420959473E+02   -0.124832045622508326E+04   -0.539515351937698018E+01    1
    0.337404930591583252E+02   -0.122866026809487039E+04   -0.540515351937698263E+01    1
    0.253857910633087158E+02   -0.122497333196301906E+04   -0.541515351937698153E+01    1
    0.337103402614593506E+02   -0.121101996389680403E+04   -0.542515351937697865E+01    1
    0.254833352565765381E+02   -0.116845473527190234E+04   -0.543515351937697933E+01    1
    0.335813522338867188E+02   -0.113699956383326708E+04   -0.544515351937698178E+01    1
    0.255653870105743408E+02   -0.112194753759046398E+04   -0.545515351937698245E+01    1
    0.334640967845916748E+02   -0.107173958591706969E+04   -0.546515351937698401E+01    1
    0.333752298355102539E+02   -0.102356591978705171E+04   -0.547515351937698025E+01    1
    0.257522237300872803E+02   -0.101957585124371019E+04   -0.548515351937698004E+01    1
    0.332868468761444092E+02   -0.976754749875516609E+03   -0.549515351937697805E+01    1
    0.258524346351623535E+02   -0.966688267875260976E+03   -0.550515351937697694E+01    1
    0.258836889266967773E+02   -0.950481959809824502E+03   -0.551515351937698295E+01    1
    0.331583368778228760E+02   -0.910648053813209117E+03   -0.552515351937698185E+01    1
    0.259692621231079102E+02   -0.906811692454179820E+03   -0.553515351937698163E+01    1
    0.331379485130310059E+02   -0.900373283841348439E+03   -0.554515351937698142E+01    1
    0.330920326709747314E+02   -0.877447667755119937E+03   -0.555515351937698032E+01    1
    0.330632615089416504E+02   -0.863233230339335933E+03   -0.556515351937698544E+01    1
    0.260631394386291504E+02   -0.860086642252167167E+03   -0.557515351937698611E+01    1
    0.330258917808532715E+02   -0.844944230097350783E+03   -0.558515351937698146E+01    1
    0.260964560508728027E+02   -0.843801733675254695E+03   -0.559515351937697680E+01    1
    0.261642920970916748E+02   -0.811125854064189753E+03   -0.560515351937697748E+01    1
    0.329092609882354736E+02   -0.789125643772196099E+03   -0.561515351937697904E+01    1
    0.329091286659240723E+02   -0.789063400345110153E+03   -0.562515351937698060E+01    1
    0.262423634529113770E+02   -0.774319681079924521E+03   -0.563515351937698039E+01    1
    0.327685952495947959E+02   -0.724345749699599878E+03   -0.564515351937698284E+01    1
    0.327405548095703125E+02   -0.711764669710734438E+03   -0.565515351937698085E+01    1
    0.327199077606201172E+02   -0.702571422445734243E+03   -0.566515351937697975E+01    1
    0.264486253261566162E+02   -0.681197497263625451E+03   -0.567515351937697954E+01    1
    0.326554882526397705E+02   -0.674273000156659464E+03   -0.568515351937697666E+01    1
    0.326523613929748535E+02   -0.672914254547850305E+03   -0.569515351937697734E+01    1
    0.265746843814849854E+02   -0.627226779645343299E+03   -0.570515351937697890E+01    1
    0.325053632259368896E+02   -0.610587396959365947E+03   -0.571515351937697780E+01    1
    0.266172194480895996E+02   -0.609519478700989112E+03   -0.572515351937697403E+01    1
    0.324970578591239416E+02   -0.607156521618098509E+03   -0.573515351937697382E+01    1
    0.324862277507781982E+02   -0.602697250661828775E+03   -0.574515351937697805E+01    1
    0.324826753139495850E+02   -0.601238131374319892E+03   -0.575515351937698227E+01    1
    0.266886198520660400E+02   -0.580366850698683493E+03   -0.576515351937698384E+01    1
    0.267518126964569092E+02   -0.555162635658751242E+03   -0.577515351937697918E+01    1
    0.267601680755615234E+02   -0.551872107100060930E+03   -0.578515351937698075E+01    1
    0.323309373855590820E+02   -0.540568398503441699E+03   -0.579515351937698409E+01    1
    0.323055648803710938E+02   -0.530739221371288522E+03   -0.580515351937698565E+01    1
    0.322991025447845459E+02   -0.528250193177330402E+03   -0.581515351937698366E+01    1
    0.268328285217285156E+02   -0.523670243813025081E+03   -0.582515351937698256E+01    1
    0.268441891670227051E+02   -0.519327842732923500E+03   -0.583515351937698412E+01    1
    0.322645401954650879E+02   -0.515037757646513001E+03   -0.584515351937698391E+01    1
    0.322256159782409668E+02   -0.500358746029041754E+03   -0.585515351937697837E+01    1
    0.321691823005676270E+02   -0.479454513876080227E+03   -0.586515351937697371E+01    1
    0.320829164981842041E+02   -0.448364301742279167E+03   -0.587515351937697705E+01    1
    0.270419239997863770E+02   -0.446650754413752850E+03   -0.588515351937697684E+01    1
    0.320494079589843750E+02   -0.436569661956092659E+03   -0.589515351937697751E+01    1
    0.270876363738695858E+02   -0.430630751391343608E+03   -0.590515351937697286E+01    1
    0.271377777120262813E+02   -0.413396124463247133E+03   -0.591515351937697531E+01    1
    0.271508026123046875E+02   -0.408976970005471912E+03   -0.592515351937697687E+01    1
    0.271709152245125907E+02   -0.402199864077649352E+03   -0.593515351937697400E+01    1
    0.319139528274536133E+02   -0.390498168109330550E+03   -0.594515351937698000E+01    1
    0.272067344188690186E+02   -0.390270989840992854E+03   -0.595515351937698156E+01    1
    0.272367322444915771E+02   -0.380419456726484952E+03   -0.596515351937697336E+01    1
    0.318472416076027969E+02   -0.368755208676224242E+03   -0.597515351937696959E+01    1
    0.272766005992889404E+02   -0.367521967919074996E+03   -0.598515351937697559E+01    1
    0.318156666438639526E+02   -0.358682023050595092E+03   -0.599515351937697627E+01    1
    0.317403895904489275E+02   -0.335231654925424721E+03   -0.600515351937697517E+01    1
    0.316750246276274758E+02   -0.315514689288676209E+03   -0.601515351937697851E+01    1
    0.316693556308746338E+02   -0.313832947858323735E+03   -0.602515351937697829E+01    1
    0.274570417404174805E+02   -0.311940550670389143E+03   -0.603515351937697453E+01    1
    0.274680280685424805E+02   -0.308704112500428778E+03   -0.604515351937697520E+01    1
    0.316118561158850291E+02   -0.297030443840927205E+03   -0.605515351937697410E+01    1
    0.316056390758622605E+02   -0.295241518869003414E+03   -0.606515351937697478E+01    1
    0.275166251411777054E+02   -0.294591349274370316E+03   -0.607515351937697723E+01    1
    0.275414943695068359E+02   -0.287497540753694295E+03   -0.608515351937697790E+01    1
    0.315736079216003418E+02   -0.286110734686211629E+03   -0.609515351937697769E+01    1
    0.315399837493896484E+02   -0.276680874146565714E+03   -0.610515351937697481E+01    1
    0.275847434997558594E+02   -0.275367854055950261E+03   -0.611515351937697282E+01    1
    0.315171056532945038E+02   -0.270355515320035920E+03   -0.612515351937697528E+01    1
    0.314786612987518311E+02   -0.259891936750566572E+03   -0.613515351937697417E+01    1
    0.276438927650451660E+02   -0.259204138753248571E+03   -0.614515351937697485E+01    1
    0.276513222157342220E+02   -0.257208629504896123E+03   -0.615515351937697819E+01    1
    0.314618456363677979E+02   -0.255380394983935332E+03   -0.616515351937697620E+01    1
    0.314329588413238525E+02   -0.247722950933510759E+03   -0.617515351937697776E+01    1
    0.314018344879150391E+02   -0.239603530960200771E+03   -0.618515351937698288E+01    1
    0.277232396602630615E+02   -0.238292734945965890E+03   -0.619515351937698000E+01    1
    0.277384548672211224E+02   -0.234383895417866540E+03   -0.620515351937697535E+01    1
    0.277647158434306611E+02   -0.227713848513264224E+03   -0.621515351937697247E+01    1
    0.313265974278083661E+02   -0.220538375838422724E+03   -0.622515351937697314E+01    1
    0.313102710247039795E+02   -0.216506226117859740E+03   -0.623515351937697559E+01    1
    0.278790497779846191E+02   -0.199802924781851033E+03   -0.624515351937698071E+01    1
    0.278934913598673901E+02   -0.196408079187966337E+03   -0.625515351937697694E+01    1
    0.279034415563788691E+02   -0.194086086877279740E+03   -0.626515351937697407E+01    1
    0.279208303449670581E+02   -0.190061598172809965E+03   -0.627515351937697385E+01    1
    0.311314116846550846E+02   -0.174784738951582483E+03   -0.628515351937697986E+01    1
    0.279928563281326070E+02   -0.173844051142838140E+03   -0.629515351937697432E+01    1
    0.280198228359222412E+02   -0.167959669715351652E+03   -0.630515351937697766E+01    1
    0.280260932445526123E+02   -0.166606034719601951E+03   -0.631515351937697567E+01    1
    0.280344153764206006E+02   -0.164818008686931023E+03   -0.632515351937697190E+01    1
    0.310444033145904541E+02   -0.156113286542635507E+03   -0.633515351937697790E+01    1
    0.280763554573059082E+02   -0.155955135468115202E+03   -0.634515351937697858E+01    1
    0.280917158935777955E+02   -0.152770942217138440E+03   -0.635515351937697659E+01    1
    0.310095045822337880E+02   -0.148923000977299978E+03   -0.636515351937697371E+01    1
    0.310082352161407471E+02   -0.148664693909426916E+03   -0.637515351937697350E+01    1
    0.281194826520111576E+02   -0.147099032995562311E+03   -0.638515351937697861E+01    1
    0.281240725517272949E+02   -0.146171884599927097E+03   -0.639515351937698195E+01    1
    0.309703321999394632E+02   -0.141055963074865815E+03   -0.640515351937697730E+01    1
    0.281524354427442702E+02   -0.140508285311974589E+03   -0.641515351937697620E+01    1
    0.281603199938889119E+02   -0.138953940976624693E+03   -0.642515351937697776E+01    1
    0.281882536411285400E+02   -0.133517420862156456E+03   -0.643515351937697222E+01    1
    0.281902399296392474E+02   -0.133135017581088050E+03   -0.644515351937697556E+01    1
    0.309185416467543561E+02   -0.130985632441435428E+03   -0.645515351937697535E+01    1
    0.282332968719316177E+02   -0.124981825142305468E+03   -0.646515351937697513E+01    1
    0.308759557792929336E+02   -0.122987332377420984E+03   -0.647515351937697048E+01    1
    0.308516138827144815E+02   -0.118529945366627857E+03   -0.648515351937697559E+01    1
    0.308254587650299072E+02   -0.113833278510605382E+03   -0.649515351937697538E+01    1
    0.308218622207641602E+02   -0.113194962373023927E+03   -0.650515351937697694E+01    1
    0.308147307858417108E+02   -0.111934645009758384E+03   -0.651515351937697318E+01    1
    0.283469920204964652E+02   -0.104704238647419061E+03   -0.652515351937697652E+01    1
    0.283714329568329617E+02   -0.100582276411715995E+03   -0.653515351937697631E+01    1
    0.283823557506830255E+02   -0.987672737323974559E+02   -0.654515351937697609E+01    1
    0.284092276824437597E+02   -0.943733796947865073E+02   -0.655515351937696966E+01    1
    0.307078494627328951E+02   -0.939015722679914404E+02   -0.656515351937697567E+01    1
    0.284163671975992074E+02   -0.932230327757787904E+02   -0.657515351937698256E+01    1
    0.306854519195587905E+02   -0.903259847779893477E+02   -0.658515351937698501E+01    1
    0.284561872482299805E+02   -0.869383841973386495E+02   -0.659515351937696881E+01    1
    0.306577038764953613E+02   -0.859939466624259552E+02   -0.660515351937696948E+01    1
    0.306518805475027634E+02   -0.850985344111612534E+02   -0.661515351937697371E+01    1
    0.306502429920863051E+02   -0.848475970360464231E+02   -0.662515351937697705E+01    1
    0.306309941386971296E+02   -0.819261548541859810E+02   -0.663515351937697861E+01    1
    0.285038132928417411E+02   -0.797142107006885681E+02   -0.664515351937698107E+01    1
    0.285039683635534118E+02   -0.796912090713524321E+02   -0.665515351937697286E+01    1
    0.306158228535735013E+02   -0.796602456550627096E+02   -0.666515351937697353E+01    1
    0.285137784481048584E+02   -0.782429449192330111E+02   -0.667515351937697510E+01    1
    0.305879312327723767E+02   -0.755788356256278036E+02   -0.668515351937697488E+01    1
    0.285759019345888916E+02   -0.693854636478852314E+02   -0.669515351937697734E+01    1
    0.285768640041351318E+02   -0.692525552222756744E+02   -0.670515351937697446E+01    1
    0.285859346389770508E+02   -0.680058516534246991E+02   -0.671515351937697247E+01    1
    0.285884464113608665E+02   -0.676626668256726163E+02   -0.672515351937697314E+01    1
    0.285897564888000488E+02   -0.674840218416860438E+02   -0.673515351937697382E+01    1
    0.305094861984252930E+02   -0.646856770365250213E+02   -0.674515351937697183E+01    1
    0.286146789185542012E+02   -0.641314569540627843E+02   -0.675515351937697428E+01    1
    0.286244238694402142E+02   -0.628442904545801113E+02   -0.676515351937697584E+01    1
    0.286400216303310238E+02   -0.608118118440159350E+02   -0.677515351937697829E+01    1
    0.304772150516510010E+02   -0.604552985235358094E+02   -0.678515351937697098E+01    1
    0.304685076666355990E+02   -0.593389171584032411E+02   -0.679515351937697432E+01    1
    0.304623281955718994E+02   -0.585531020030928033E+02   -0.680515351937697410E+01    1
    0.304601514339447021E+02   -0.582775705079146675E+02   -0.681515351937697567E+01    1
    0.304537263160006155E+02   -0.574681690949461768E+02   -0.682515351937697723E+01    1
    0.286925506591796875E+02   -0.542182836298872246E+02   -0.683515351937697613E+01    1
    0.304254470460351527E+02   -0.539746200485233913E+02   -0.684515351937697059E+01    1
    0.286975377671851390E+02   -0.536124370106737942E+02   -0.685515351937697126E+01    1
    0.304128890264128806E+02   -0.524592479898534236E+02   -0.686515351937697371E+01    1
    0.287125749230236273E+02   -0.518068301326131007E+02   -0.687515351937697083E+01    1
    0.287305438518524170E+02   -0.496908357935270075E+02   -0.688515351937697062E+01    1
    0.303698658943176270E+02   -0.474355875546973991E+02   -0.689515351937697307E+01    1
    0.287516939640045166E+02   -0.472583320103041515E+02   -0.690515351937697019E+01    1
    0.303621618195020844E+02   -0.465634539794168418E+02   -0.691515351937697176E+01    1
    0.303472401076243550E+02   -0.448979625739050050E+02   -0.692515351937697421E+01    1
    0.303426158428192139E+02   -0.443881711679515263E+02   -0.693515351937697400E+01    1
    0.303390578110783267E+02   -0.439979686097018927E+02   -0.694515351937697556E+01    1
    0.287962349743221040E+02   -0.423410824753340336E+02   -0.695515351937697623E+01    1
    0.287990392169529024E+02   -0.420408225657058523E+02   -0.696515351937697869E+01    1
    0.303151217466929879E+02   -0.414191609781369436E+02   -0.697515351937697670E+01    1
    0.288234467791584485E+02   -0.394740622985999039E+02   -0.698515351937697471E+01    1
    0.302947764271835744E+02   -0.392904773837541939E+02   -0.699515351937697627E+01    1
    0.288327860832214355E+02   -0.385140506149171529E+02   -0.700515351937697339E+01    1
    0.288329558873335472E+02   -0.384967093934655296E+02   -0.701515351937697229E+01    1
    0.288440406322479248E+02   -0.373734421539291191E+02   -0.702515351937697385E+01    1
    0.302737922892734019E+02   -0.371558590046464161E+02   -0.703515351937696920E+01    1
    0.302662806688023309E+02   -0.364067684777997798E+02   -0.704515351937696899E+01    1
    0.302645894034737211E+02   -0.362392013685010568E+02   -0.705515351937697233E+01    1
    0.302641367912292480E+02   -0.361944256153527135E+02   -0.706515351937697300E+01    1
    0.288594274085797018E+02   -0.358428339781847995E+02   -0.707515351937697190E+01    1
    0.288658547514523107E+02   -0.352133164382958341E+02   -0.708515351937697524E+01    1
    0.302475559711456299E+02   -0.345739616192423611E+02   -0.709515351937697947E+01    1
    0.302367639541625977E+02   -0.335399894419800191E+02   -0.710515351937697481E+01    1
    0.288923985987935588E+02   -0.326749740795507861E+02   -0.711515351937697194E+01    1
    0.302249692732969208E+02   -0.324286611256345410E+02   -0.712515351937697261E+01    1
    0.289017192706999424E+02   -0.318071291129083633E+02   -0.713515351937696796E+01    1
    0.302117264184969336E+02   -0.312041660510422147E+02   -0.714515351937696508E+01    1
    0.302065110838412352E+02   -0.307286925231439270E+02   -0.715515351937696753E+01    1
    0.302030291622336975E+02   -0.304133780535794713E+02   -0.716515351937696821E+01    1
    0.301999114515654483E+02   -0.301324905789747177E+02   -0.717515351937696444E+01    1
    0.289205932617187500E+02   -0.300871472583894892E+02   -0.718515351937696511E+01    1
    0.289327681978172677E+02   -0.290041947801543216E+02   -0.719515351937696845E+01    1
    0.289382729988303424E+02   -0.285213808977117118E+02   -0.720515351937697446E+01    1
    0.289482254211075301E+02   -0.276592791698776921E+02   -0.721515351937697869E+01    1
    0.289518119839827683E+02   -0.273520128389730210E+02   -0.722515351937697670E+01    1
    0.301643906253037173E+02   -0.270286536485266247E+02   -0.723515351937696849E+01    1
    0.289595655623788595E+02   -0.266939265366161997E+02   -0.724515351937696384E+01    1
    0.289762544631958008E+02   -0.253060991389622245E+02   -0.725515351937697073E+01    1
    0.289806994163153462E+02   -0.249430594281867961E+02   -0.726515351937697051E+01    1
    0.301358102856469827E+02   -0.246599357483750410E+02   -0.727515351937696853E+01    1
    0.289864631238310437E+02   -0.244764430003963547E+02   -0.728515351937696742E+01    1
    0.301311222136794967E+02   -0.242823443088602104E+02   -0.729515351937696988E+01    1
    0.301267387333357561E+02   -0.239320780802681163E+02   -0.730515351937697766E+01    1
    0.289944035868736698E+02   -0.238412431559950662E+02   -0.731515351937697655E+01    1
    0.301243495941162109E+02   -0.237423078917930255E+02   -0.732515351937697723E+01    1
    0.289994871616363525E+02   -0.234392304754544796E+02   -0.733515351937697524E+01    1
    0.290052377062309326E+02   -0.229888484963424489E+02   -0.734515351937696614E+01    1
    0.301099076542957427E+02   -0.226122491750735009E+02   -0.735515351937696948E+01    1
    0.301067600975269798E+02   -0.223698458039124333E+02   -0.736515351937697105E+01    1
    0.290217038890406336E+02   -0.217249089237344037E+02   -0.737515351937696906E+01    1
    0.290233510998173116E+02   -0.216005647519163198E+02   -0.738515351937697240E+01    1
    0.290236485080123572E+02   -0.215781547020624949E+02   -0.739515351937697218E+01    1
    0.290303072796836581E+02   -0.210796613733234430E+02   -0.740515351937697464E+01    1
    0.300882185230127490E+02   -0.209701410150119827E+02   -0.741515351937697265E+01    1
    0.300794673221197293E+02   -0.203262850245957303E+02   -0.742515351937696799E+01    1
    0.300762145444262039E+02   -0.200897089801372069E+02   -0.743515351937697044E+01    1
    0.290493831077377678E+02   -0.196860681645744009E+02   -0.744515351937697023E+01    1
    0.290625312715121105E+02   -0.187552763920896730E+02   -0.745515351937696646E+01    1
    0.300477824939999607E+02   -0.180850956076420104E+02   -0.746515351937696536E+01    1
    0.300449394232718809E+02   -0.178908879384315327E+02   -0.747515351937696515E+01    1
    0.300387859344482422E+02   -0.174744361675194497E+02   -0.748515351937696671E+01    1
    0.290835810186027786E+02   -0.173156633311492598E+02   -0.749515351937696561E+01    1
    0.300306886054577546E+02   -0.169345339401521287E+02   -0.750515351937696362E+01    1
    0.300298938213303366E+02   -0.168820367503108670E+02   -0.751515351937696874E+01    1
    0.300262606505480889E+02   -0.166431877984218808E+02   -0.752515351937696853E+01    1
    0.290972908275576891E+02   -0.164115012824612059E+02   -0.753515351937696742E+01    1
    0.291157690994437459E+02   -0.152346273180491529E+02   -0.754515351937696721E+01    1
    0.291194117144147029E+02   -0.150082891429066549E+02   -0.755515351937696877E+01    1
    0.291269168178966424E+02   -0.145478260267394219E+02   -0.756515351937697211E+01    1
    0.299919140338897705E+02   -0.144768070695880802E+02   -0.757515351937696835E+01    1
    0.299914487814112363E+02   -0.144485990857613160E+02   -0.758515351937696991E+01    1
    0.291287688466920365E+02   -0.144354148583789161E+02   -0.759515351937697325E+01    1
    0.291300048027200695E+02   -0.143606650058852381E+02   -0.760515351937697126E+01    1
    0.291414834227892499E+02   -0.136766941994523332E+02   -0.761515351937696572E+01    1
    0.299739462282962421E+02   -0.134095140393739456E+02   -0.762515351937696639E+01    1
    0.291595206795970654E+02   -0.126393037970783571E+02   -0.763515351937696973E+01    1
    0.291626006850537181E+02   -0.124667286179616319E+02   -0.764515351937696952E+01    1
    0.291643346106911920E+02   -0.123701615377029519E+02   -0.765515351937697019E+01    1
    0.299525008585470260E+02   -0.121950087050669183E+02   -0.766515351937697087E+01    1
    0.291687100627965563E+02   -0.121283577919012888E+02   -0.767515351937697066E+01    1
    0.291787030270662378E+02   -0.115861925258742762E+02   -0.768515351937697044E+01    1
    0.299397565336369524E+02   -0.115038641039293630E+02   -0.769515351937697201E+01    1
    0.291839164677731588E+02   -0.113089061244534381E+02   -0.770515351937697446E+01    1
    0.291876359492606845E+02   -0.111134119580752113E+02   -0.771515351937697069E+01    1
    0.299298036098480225E+02   -0.109799655798194316E+02   -0.772515351937696959E+01    1
    0.291936514597681764E+02   -0.108013520316002474E+02   -0.773515351937697382E+01    1
    0.292016490070899124E+02   -0.103943422836829455E+02   -0.774515351937697538E+01    1
    0.299118554592132568E+02   -0.100703837203772544E+02   -0.775515351937697517E+01    1
    0.298872648919727588E+02   -0.889763409536107730E+01   -0.776515351937697407E+01    1
    0.292380065562191902E+02   -0.865728776951018375E+01   -0.777515351937697297E+01    1
    0.292399894874548991E+02   -0.856788821203494955E+01   -0.778515351937696565E+01    1
    0.298797603754168506E+02   -0.855665011844982182E+01   -0.779515351937696011E+01    1
    0.292403456772229156E+02   -0.855188806671881885E+01   -0.780515351937696522E+01    1
    0.298785744316946236E+02   -0.850348795853599704E+01   -0.781515351937697123E+01    1
    0.298784794639969213E+02   -0.849923939520832405E+01   -0.782515351937697279E+01    1
    0.292496311060718526E+02   -0.814107094931047293E+01   -0.783515351937697524E+01    1
    0.298681140839054287E+02   -0.804313825146641470E+01   -0.784515351937695993E+01    1
    0.298667383697018636E+02   -0.798373788253913830E+01   -0.785515351937696593E+01    1
    0.298604119557336851E+02   -0.771399881655461961E+01   -0.786515351937697016E+01    1
    0.298583912849426270E+02   -0.762902801472697867E+01   -0.787515351937697172E+01    1
    0.292682948529209312E+02   -0.735195876632167433E+01   -0.788515351937697417E+01    1
    0.298513630851247953E+02   -0.733795276498868621E+01   -0.789515351937696952E+01    1
    0.298432292326059425E+02   -0.700974706478590193E+01   -0.790515351937697019E+01    1
    0.298425387642119375E+02   -0.698231413500063169E+01   -0.791515351937696643E+01    1
    0.298423667034708266E+02   -0.697548842900153865E+01   -0.792515351937696444E+01    1
    0.298418438434600830E+02   -0.695477191687864682E+01   -0.793515351937696778E+01    1
    0.298388949705605881E+02   -0.683865200870726753E+01   -0.794515351937696490E+01    1
    0.292825210029373650E+02   -0.678332821705655231E+01   -0.795515351937696735E+01    1
    0.292908358573913574E+02   -0.646413874060710736E+01   -0.796515351937696447E+01    1
    0.292918951279664874E+02   -0.642417292191753475E+01   -0.797515351937695893E+01    1
    0.298255105918182792E+02   -0.632695746964136418E+01   -0.798515351937696582E+01    1
    0.298249935942533284E+02   -0.630769698000686674E+01   -0.799515351937696650E+01    1
    0.292988068998489020E+02   -0.616726373360541213E+01   -0.800515351937696096E+01    1
    0.292995995386049479E+02   -0.613823035777777726E+01   -0.801515351937696785E+01    1
    0.298175673884609758E+02   -0.603517974709320981E+01   -0.802515351937697652E+01    1
    0.293118373562025525E+02   -0.570117259666702036E+01   -0.803515351937696920E+01    1
    0.293135509405275343E+02   -0.564165301368416294E+01   -0.804515351937696543E+01    1
    0.298015034519224074E+02   -0.547218520298024025E+01   -0.805515351937697233E+01    1
    0.298000273836359817E+02   -0.542227141117519906E+01   -0.806515351937697034E+01    1
    0.297972487037490055E+02   -0.532913956675445633E+01   -0.807515351937696657E+01    1
    0.297966348387002355E+02   -0.530871115777293401E+01   -0.808515351937696636E+01    1
    0.297914324256888676E+02   -0.513770840310627275E+01   -0.809515351937696259E+01    1
    0.297893571056559168E+02   -0.507055350525698412E+01   -0.810515351937696593E+01    1
    0.293361759463274296E+02   -0.489446678387789547E+01   -0.811515351937696572E+01    1
    0.297818937705327436E+02   -0.483404813210940443E+01   -0.812515351937696728E+01    1
    0.293388866299360878E+02   -0.480976983293680949E+01   -0.813515351937696707E+01    1
    0.297799985272024799E+02   -0.477523539124019258E+01   -0.814515351937696508E+01    1
    0.297799465052894519E+02   -0.477362817338784673E+01   -0.815515351937696664E+01    1
    0.293419042382855793E+02   -0.471669671894613529E+01   -0.816515351937696643E+01    1
    0.297770832330160076E+02   -0.468575351521645356E+01   -0.817515351937696622E+01    1
    0.293434167029420934E+02   -0.467052841042647415E+01   -0.818515351937696600E+01    1
    0.293546436484174720E+02   -0.433786735500606913E+01   -0.819515351937696224E+01    1
    0.293558023188675605E+02   -0.430454304633883478E+01   -0.820515351937696558E+01    1
    0.293563165532058044E+02   -0.428981365856485297E+01   -0.821515351937696714E+01    1
    0.297598742875884597E+02   -0.418186312071589228E+01   -0.822515351937696693E+01    1
    0.297587977636019403E+02   -0.415172407395596732E+01   -0.823515351937696671E+01    1
    0.293619763925571000E+02   -0.413015092027382913E+01   -0.824515351937696295E+01    1
    0.293721943532982266E+02   -0.385329781833363239E+01   -0.825515351937696096E+01    1
    0.293725689869853568E+02   -0.384342588761902704E+01   -0.826515351937696252E+01    1
    0.297473044157961084E+02   -0.384009439443268841E+01   -0.827515351937696408E+01    1
    0.297472233082851645E+02   -0.383796117733439290E+01   -0.828515351937696565E+01    1
    0.293731820583343506E+02   -0.382731343596836915E+01   -0.829515351937696543E+01    1
    0.297441067641491657E+02   -0.375669245824975562E+01   -0.830515351937696344E+01    1
    0.293771342495104690E+02   -0.372471086391144635E+01   -0.831515351937696146E+01    1
    0.297412910012597749E+02   -0.368444010798958610E+01   -0.832515351937696302E+01    1
    0.293818574438007687E+02   -0.360496982648847553E+01   -0.833515351937696813E+01    1
    0.297375518868891575E+02   -0.359021576811096832E+01   -0.834515351937696437E+01    1
    0.293834813995418713E+02   -0.356452361711348775E+01   -0.835515351937696593E+01    1
    0.293838291178085065E+02   -0.355591149804274531E+01   -0.836515351937696927E+01    1
    0.297354631673554692E+02   -0.353843561084363856E+01   -0.837515351937696906E+01    1
    0.297345147490781017E+02   -0.351512623917084177E+01   -0.838515351937696174E+01    1
    0.297340399973509122E+02   -0.350350566558325305E+01   -0.839515351937695975E+01    1
    0.293874950997493514E+02   -0.346614751478130900E+01   -0.840515351937696487E+01    1
    0.297265120743033222E+02   -0.332347407926931782E+01   -0.841515351937696821E+01    1
    0.297253248513711235E+02   -0.329580803938792499E+01   -0.842515351937696266E+01    1
    0.293951870662355574E+02   -0.328393982696925146E+01   -0.843515351937695534E+01    1
    0.293953090014825449E+02   -0.328111832813736060E+01   -0.844515351937695691E+01    1
    0.293974742862455045E+02   -0.323136289546403210E+01   -0.845515351937696202E+01    1
    0.294007301330566406E+02   -0.315778725534796445E+01   -0.846515351937696536E+01    1
    0.294011027758220607E+02   -0.314946122552344976E+01   -0.847515351937696160E+01    1
    0.294016118603153274E+02   -0.313811817364964840E+01   -0.848515351937696316E+01    1
    0.294036410425087098E+02   -0.309326710588221321E+01   -0.849515351937696295E+01    1
    0.294048500354033067E+02   -0.306681962881705195E+01   -0.850515351937696629E+01    1
    0.294057958958082359E+02   -0.304627147117865515E+01   -0.851515351937696785E+01    1
    0.294090172910323773E+02   -0.297723162971920585E+01   -0.852515351937696408E+01    1
    0.294101826761663645E+02   -0.295261450285618210E+01   -0.853515351937696032E+01    1
    0.294148646977745116E+02   -0.285563595169125550E+01   -0.854515351937695655E+01    1
    0.294163207074095432E+02   -0.282610527523130095E+01   -0.855515351937696344E+01    1
    0.297036494563775904E+02   -0.282550325263884794E+01   -0.856515351937696323E+01    1
    0.294173068676687564E+02   -0.280627317517566333E+01   -0.857515351937696124E+01    1
    0.296999433283990264E+02   -0.275169488507006355E+01   -0.858515351937696103E+01    1
    0.296974146661098573E+02   -0.270244315042721173E+01   -0.859515351937696259E+01    1
    0.296955544606106727E+02   -0.266678453591645814E+01   -0.860515351937696771E+01    1
    0.294248747825622559E+02   -0.265862530811778619E+01   -0.861515351937696039E+01    1
    0.296945703352555377E+02   -0.264811623109464556E+01   -0.862515351937695662E+01    1
    0.296926695676935495E+02   -0.261244481685345864E+01   -0.863515351937696352E+01    1
    0.296926589376357377E+02   -0.261224675102826476E+01   -0.864515351937696508E+01    1
    0.296926271878927857E+02   -0.261165526463119457E+01   -0.865515351937695954E+01    1
    0.294273736002416122E+02   -0.261164058376905395E+01   -0.866515351937696288E+01    1
    0.296912249393862027E+02   -0.258567308405284457E+01   -0.867515351937696266E+01    1
    0.294307942713259294E+02   -0.254874440464867913E+01   -0.868515351937696423E+01    1
    0.294332265853881836E+02   -0.250502097277662594E+01   -0.869515351937696934E+01    1
    0.296864831280653192E+02   -0.249985826440926084E+01   -0.870515351937696735E+01    1
    0.294351141240915624E+02   -0.247166306189728457E+01   -0.871515351937696181E+01    1
    0.296825745990782011E+02   -0.243149805752680148E+01   -0.872515351937695982E+01    1
    0.294401997087919831E+02   -0.238427737173632703E+01   -0.873515351937696316E+01    1
    0.296792036781800128E+02   -0.237426382666039215E+01   -0.874515351937695762E+01    1
    0.294412398445864554E+02   -0.236685214282646950E+01   -0.875515351937695741E+01    1
    0.296773223576499490E+02   -0.234301514076843143E+01   -0.876515351937696252E+01    1
    0.296735584181822034E+02   -0.228198836657613091E+01   -0.877515351937696231E+01    1
    0.294467813230954221E+02   -0.227657786517014538E+01   -0.878515351937696209E+01    1
    0.296720022828560843E+02   -0.225733928124819050E+01   -0.879515351937696188E+01    1
    0.294499774760405373E+02   -0.222647161365240231E+01   -0.880515351937695812E+01    1
    0.294511468934815426E+02   -0.220849710665156618E+01   -0.881515351937695790E+01    1
    0.294528791898716520E+02   -0.218222387377480675E+01   -0.882515351937695769E+01    1
    0.294536078029992261E+02   -0.217129912799516500E+01   -0.883515351937695925E+01    1
    0.296658422242314828E+02   -0.216310227740641725E+01   -0.884515351937695904E+01    1
    0.296646833312731353E+02   -0.214596909033994976E+01   -0.885515351937696238E+01    1
    0.296642591933279220E+02   -0.213974574391776162E+01   -0.886515351937696394E+01    1
    0.296642456153914154E+02   -0.213954693316957822E+01   -0.887515351937696018E+01    1
    0.296628727236352248E+02   -0.211957845984053606E+01   -0.888515351937696174E+01    1
    0.296623257496493551E+02   -0.211169656188921318E+01   -0.889515351937696330E+01    1
    0.296622645191571266E+02   -0.211081684539594194E+01   -0.890515351937696309E+01    1
    0.296622308939099248E+02   -0.211033396556335751E+01   -0.891515351937696288E+01    1
    0.296606995271194478E+02   -0.208851086812361686E+01   -0.892515351937696089E+01    1
    0.294593920134170020E+02   -0.208721678119974596E+01   -0.893515351937696423E+01    1
    0.296603464276587410E+02   -0.208352567021564816E+01   -0.894515351937696579E+01    1
    0.294607578710280649E+02   -0.206804776424732317E+01   -0.895515351937696202E+01    1
    0.296586207862550353E+02   -0.205941428943548122E+01   -0.896515351937696181E+01    1
    0.294614093289282408E+02   -0.205899722067271673E+01   -0.897515351937695982E+01    1
    0.296581109140665582E+02   -0.205237018672580529E+01   -0.898515351937695428E+01    1
    0.296580780152130394E+02   -0.205191692894164968E+01   -0.899515351937695407E+01    1
    0.294629478657661750E+02   -0.203785932298736450E+01   -0.900515351937695741E+01    1
    0.294633135595731019E+02   -0.203288397208032201E+01   -0.901515351937696252E+01    1
    0.294635456860030374E+02   -0.202973558206631566E+01   -0.902515351937696408E+01    1
    0.294637221427252030E+02   -0.202734731751586139E+01   -0.903515351937696032E+01    1
    0.296561233430652607E+02   -0.202525962654787151E+01   -0.904515351937695833E+01    1
    0.296558891834726595E+02   -0.202210221257396361E+01   -0.905515351937695989E+01    1
    0.296530421634938790E+02   -0.198432894575994401E+01   -0.906515351937695790E+01    1
    0.294675163720765880E+02   -0.197705206698565927E+01   -0.907515351937695591E+01    1
    0.296522908708577120E+02   -0.197455090194345217E+01   -0.908515351937695925E+01    1
    0.294694809289311976E+02   -0.195180493168248415E+01   -0.909515351937696437E+01    1
    0.296488730919739076E+02   -0.193106927507040260E+01   -0.910515351937696060E+01    1
    0.294714467518795473E+02   -0.192708411184565609E+01   -0.911515351937695506E+01    1
    0.296483399502497527E+02   -0.192443446700341725E+01   -0.912515351937696195E+01    1
    0.296463414638251805E+02   -0.189991912749121106E+01   -0.913515351937696529E+01    1
    0.294740658718829991E+02   -0.189499117803573136E+01   -0.914515351937696153E+01    1
    0.296458867361610956E+02   -0.189441934328690498E+01   -0.915515351937696131E+01    1
    0.294769365815093884E+02   -0.186092215529116300E+01   -0.916515351937695577E+01    1
    0.294778084119682262E+02   -0.185080457466183379E+01   -0.917515351937695733E+01    1
    0.296415429126261003E+02   -0.184334596906936121E+01   -0.918515351937696067E+01    1
    0.294802801307307085E+02   -0.182270067108936917E+01   -0.919515351937696046E+01    1
    0.296387578274458008E+02   -0.181199405786393286E+01   -0.920515351937696202E+01    1
    0.294819805391565666E+02   -0.180386490662217236E+01   -0.921515351937696536E+01    1
    0.296378999015119007E+02   -0.180255580446374286E+01   -0.922515351937696337E+01    1
    0.296368458660540099E+02   -0.179110162426901054E+01   -0.923515351937695961E+01    1
    0.296360911365396902E+02   -0.178299586094814932E+01   -0.924515351937695584E+01    1
    0.296355877190363017E+02   -0.177763365653867700E+01   -0.925515351937695918E+01    1
    0.294850817640222047E+02   -0.177055773047923570E+01   -0.926515351937696607E+01    1
    0.296345402613709226E+02   -0.176659062958183433E+01   -0.927515351937695876E+01    1
    0.296340576621100276E+02   -0.176155458688222466E+01   -0.928515351937695499E+01    1
    0.296331354419261075E+02   -0.175202197090778822E+01   -0.929515351937696188E+01    1
    0.296330471359999237E+02   -0.175111545490106835E+01   -0.930515351937696522E+01    1
    0.294891187477125243E+02   -0.172922415209553959E+01   -0.931515351937695790E+01    1
    0.296286127275774156E+02   -0.170700185292222639E+01   -0.932515351937696657E+01    1
    0.296270229621847534E+02   -0.169185937219232740E+01   -0.933515351937696458E+01    1
    0.294953997544642874E+02   -0.166946571090407714E+01   -0.934515351937696082E+01    1
    0.294968056407846575E+02   -0.165684880875263008E+01   -0.935515351937695883E+01    1
    0.294973924441459445E+02   -0.165166475070353846E+01   -0.936515351937696394E+01    1
    0.294978990181381917E+02   -0.164722836714890120E+01   -0.937515351937696728E+01    1
    0.296201887708227112E+02   -0.163080675092336347E+01   -0.938515351937696352E+01    1
    0.295000623265421567E+02   -0.162868853227098098E+01   -0.939515351937695797E+01    1
    0.296196339597853395E+02   -0.162613828368534707E+01   -0.940515351937695776E+01    1
    0.295004760190583752E+02   -0.162521799909681319E+01   -0.941515351937695755E+01    1
    0.296193400014096824E+02   -0.162368228702956130E+01   -0.942515351937696089E+01    1
    0.296175580304322494E+02   -0.160905385303648862E+01   -0.943515351937695712E+01    1
    0.296161176294326864E+02   -0.159755536047360658E+01   -0.944515351937694980E+01    1
    0.295046442938883331E+02   -0.159159088476972999E+01   -0.945515351937695137E+01    1
    0.296138731872898440E+02   -0.158021912280663246E+01   -0.946515351937695826E+01    1
    0.295064199297632541E+02   -0.157800729821449037E+01   -0.947515351937695982E+01    1
    0.296109429643666431E+02   -0.155865067545371527E+01   -0.948515351937695605E+01    1
    0.296106066380859332E+02   -0.155625223443542549E+01   -0.949515351937695584E+01    1
    0.295094644065487479E+02   -0.155574762678862033E+01   -0.950515351937695741E+01    1
    0.296104614916783611E+02   -0.155522206056215873E+01   -0.951515351937695897E+01    1
    0.295096642682676560E+02   -0.155433187422965080E+01   -0.952515351937695876E+01    1
    0.295101667944202006E+02   -0.155079693668246277E+01   -0.953515351937695854E+01    1
    0.296093113878670522E+02   -0.154716383239990840E+01   -0.954515351937695833E+01    1
    0.295107016334478516E+02   -0.154707366184759199E+01   -0.955515351937695989E+01    1
    0.295109450688697876E+02   -0.154539229411443824E+01   -0.956515351937696323E+01    1
    0.296088537687661031E+02   -0.154400917996149611E+01   -0.957515351937696302E+01    1
    0.296077200602630271E+02   -0.153632051625749777E+01   -0.958515351937695215E+01    1
    0.295124196320266776E+02   -0.153538563317952859E+01   -0.959515351937695371E+01    1
    0.295126571931279997E+02   -0.153380206197466573E+01   -0.960515351937695527E+01    1
    0.296068040209012509E+02   -0.153023991380088176E+01   -0.961515351937695861E+01    1
    0.295132508206847675E+02   -0.152987961844434639E+01   -0.962515351937695662E+01    1
    0.295132758413521827E+02   -0.152971537930801427E+01   -0.963515351937695286E+01    1
    0.296066546911537429E+02   -0.152925984597268072E+01   -0.964515351937695797E+01    1
    0.295135891369241641E+02   -0.152766630698340711E+01   -0.965515351937696309E+01    1
    0.296064099821106943E+02   -0.152766056457266819E+01   -0.966515351937695755E+01    1
    0.295139287599852409E+02   -0.152546061492256069E+01   -0.967515351937695556E+01    1
    0.295143292384359555E+02   -0.152288050996064150E+01   -0.968515351937696067E+01    1
    0.296044304650064340E+02   -0.151503274021683909E+01   -0.969515351937696224E+01    1
    0.295157600346516702E+02   -0.151384652626553029E+01   -0.970515351937696025E+01    1
    0.295161034834868730E+02   -0.151172079789234304E+01   -0.971515351937696003E+01    1
    0.296030353526742864E+02   -0.150646359408708141E+01   -0.972515351937696160E+01    1
    0.295175315664352986E+02   -0.150305953998870678E+01   -0.973515351937696316E+01    1
    0.296024384086007046E+02   -0.150288051436518177E+01   -0.974515351937696295E+01    1
    0.295189894572805471E+02   -0.149451296447639059E+01   -0.975515351937696273E+01    1
    0.295997988069619531E+02   -0.148763658957827460E+01   -0.976515351937695542E+01    1
    0.295203400333576411E+02   -0.148686186475230020E+01   -0.977515351937695698E+01    1
    0.295203432973105890E+02   -0.148684368456433069E+01   -0.978515351937696209E+01    1
    0.295995476521320811E+02   -0.148623713407021896E+01   -0.979515351937696011E+01    1
    0.295208678678680414E+02   -0.148394127564556189E+01   -0.980515351937695812E+01    1
    0.295987944185133927E+02   -0.148209318172697224E+01   -0.981515351937695613E+01    1
    0.295985654404491463E+02   -0.148084924136492080E+01   -0.982515351937695769E+01    1
    0.295985115487212056E+02   -0.148055754107483262E+01   -0.983515351937696103E+01    1
    0.295217329708094667E+02   -0.147923915190090338E+01   -0.984515351937696082E+01    1
    0.295217944790887046E+02   -0.147890883624320013E+01   -0.985515351937696060E+01    1
    0.295222833774638111E+02   -0.147630222019221113E+01   -0.986515351937695506E+01    1
    0.295976135508885960E+02   -0.147575696702590053E+01   -0.987515351937695307E+01    1
    0.295971157302052035E+02   -0.147314448235008966E+01   -0.988515351937695641E+01    1
    0.295969126135320550E+02   -0.147208855602294064E+01   -0.989515351937695975E+01    1
    0.295230878738479952E+02   -0.147208602928800958E+01   -0.990515351937695954E+01    1
    0.295968129259217214E+02   -0.147157243784536296E+01   -0.991515351937695577E+01    1
    0.295232236573967270E+02   -0.147138338309501737E+01   -0.992515351937695911E+01    1
    0.295966522942138681E+02   -0.147074372690588295E+01   -0.993515351937696067E+01    1
    0.295963985684030924E+02   -0.146944211950803449E+01   -0.994515351937695513E+01    1
    0.295236021241974456E+02   -0.146943857885799956E+01   -0.995515351937695492E+01    1
    0.295962775247523027E+02   -0.146882435408383105E+01   -0.996515351937695826E+01    1
    0.295237672529535935E+02   -0.146859634540229056E+01   -0.997515351937695982E+01    1
