    0.396715760231018066E+02   -0.345720397608635016E+06   -0.460515351937698814E+01    1
    0.395236337184906006E+02   -0.339468675355963933E+06   -0.461515351937698259E+01    1
    0.393416047096252441E+02   -0.331854793949235638E+06   -0.462515351937698149E+01    1
    0.391913294792175293E+02   -0.325634178974623675E+06   -0.463515351937698661E+01    1
    0.388147485256195068E+02   -0.310304226211073401E+06   -0.464515351937698728E+01    1
    0.385544872283935547E+02   -0.299925430381213082E+06   -0.465515351937698174E+01    1
    0.382741510868072510E+02   -0.288943569773480063E+06   -0.466515351937698153E+01    1
    0.380740427970886230E+02   -0.281229830798563024E+06   -0.467515351937698398E+01    1
    0.379673945903778076E+02   -0.277161406346966862E+06   -0.468515351937698377E+01    1
    0.378828930854797363E+02   -0.273958884717362409E+06   -0.469515351937698444E+01    1
    0.378402018547058105E+02   -0.272348006205562211E+06   -0.470515351937698423E+01    1
    0.377884900569915771E+02   -0.270403113994589308E+06   -0.471515351937698135E+01    1
    0.377078032493591309E+02   -0.267382386265966401E+06   -0.472515351937698025E+01    1
    0.375940990447998047E+02   -0.263154366516415554E+06   -0.473515351937698448E+01    1
    0.374906063079833984E+02   -0.259335345847113465E+06   -0.474515351937698782E+01    1
    0.372300148010253906E+02   -0.249842806956614455E+06   -0.475515351937698494E+01    1
    0.370270359516143799E+02   -0.242571535663182585E+06   -0.476515351937698117E+01    1
    0.368550598621368408E+02   -0.236494899889827939E+06   -0.477515351937698451E+01    1
    0.366266429424285889E+02   -0.228543152393079014E+06   -0.478515351937698341E+01    1
    0.365710711479187012E+02   -0.226629128921648837E+06   -0.479515351937697876E+01    1
    0.363331258296966553E+02   -0.218524743380944477E+06   -0.480515351937698032E+01    1
    0.362586021423339844E+02   -0.216016821620777278E+06   -0.481515351937698277E+01    1
    0.362238693237304688E+02   -0.214852914291057008E+06   -0.482515351937698345E+01    1
    0.361290991306304932E+02   -0.211693129540293303E+06   -0.483515351937698323E+01    1
    0.360744976997375488E+02   -0.209883261582684005E+06   -0.484515351937698480E+01    1
    0.360408782958984375E+02   -0.208772747675431368E+06   -0.485515351937698814E+01    1
    0.358354914188385010E+02   -0.202052390810070123E+06   -0.486515351937698437E+01    1
    0.357146275043487549E+02   -0.198149050460017752E+06   -0.487515351937698149E+01    1
    0.356230926513671875E+02   -0.195218237122476683E+06   -0.488515351937698572E+01    1
    0.354689598083496094E+02   -0.190332470282290014E+06   -0.489515351937698817E+01    1
    0.354378688335418701E+02   -0.189354440077310544E+06   -0.490515351937698973E+01    1
    0.352908539772033691E+02   -0.184763908355910447E+06   -0.491515351937698775E+01    1
    0.350973939895629883E+02   -0.178808964234244311E+06   -0.492515351937698220E+01    1
    0.349939286708831787E+02   -0.175664204230587202E+06   -0.493515351937698199E+01    1
    0.348961889743804932E+02   -0.172719097613343416E+06   -0.494515351937698799E+01    1
    0.348050689697265625E+02   -0.169995881844439340E+06   -0.495515351937699045E+01    1
    0.346413898468017578E+02   -0.165158508837895934E+06   -0.496515351937698846E+01    1
    0.346042490005493164E+02   -0.164070567737822363E+06   -0.497515351937698824E+01    1
    0.344527029991149902E+02   -0.159668698129729135E+06   -0.498515351937698359E+01    1
    0.344357967376708984E+02   -0.159181342836253694E+06   -0.499515351937698426E+01    1
    0.343350911140441895E+02   -0.156293745231908979E+06   -0.500515351937698583E+01    1
    0.343135535717010498E+02   -0.155679616213322704E+06   -0.501515351937698384E+01    1
    0.341844558715820312E+02   -0.152023820648248366E+06   -0.502515351937698451E+01    1
    0.341254079341888428E+02   -0.150366175214699062E+06   -0.503515351937698608E+01    1
    0.341208589076995850E+02   -0.150238847957013291E+06   -0.504515351937698409E+01    1
    0.341138112545013428E+02   -0.150041690637884807E+06   -0.505515351937698298E+01    1
    0.337391090393066406E+02   -0.139745839842890331E+06   -0.506515351937698455E+01    1
    0.337352669239044189E+02   -0.139642163696605538E+06   -0.507515351937697989E+01    1
    0.334806358814239502E+02   -0.132856931760773528E+06   -0.508515351937698501E+01    1
    0.333549404144287109E+02   -0.129569782172509425E+06   -0.509515351937699013E+01    1
    0.331056678295135498E+02   -0.123172683518538688E+06   -0.510515351937699080E+01    1
    0.330880606174468994E+02   -0.122726951878689142E+06   -0.511515351937698348E+01    1
    0.330131471157073975E+02   -0.120839527049998651E+06   -0.512515351937698238E+01    1
    0.328084611892700195E+02   -0.115757100014683048E+06   -0.513515351937698394E+01    1
    0.327488160133361816E+02   -0.114296633463978855E+06   -0.514515351937697751E+01    1
    0.326853716373443604E+02   -0.112753316577780410E+06   -0.515515351937698085E+01    1
    0.326182436943054199E+02   -0.111131816995035828E+06   -0.516515351937698330E+01    1
    0.326078057289123535E+02   -0.110880739239931238E+06   -0.517515351937698220E+01    1
    0.324914896488189697E+02   -0.108102052201017184E+06   -0.518515351937698643E+01    1
    0.324593245983123779E+02   -0.107339881532946078E+06   -0.519515351937698533E+01    1
    0.324073231220245361E+02   -0.106113378042648052E+06   -0.520515351937697623E+01    1
    0.323905169963836670E+02   -0.105718496758722671E+06   -0.521515351937698224E+01    1
    0.322435510158538818E+02   -0.102296709056654741E+06   -0.522515351937697670E+01    1
    0.321352815628051758E+02   -0.998118978275890986E+05   -0.523515351937698092E+01    1
    0.320112335681915283E+02   -0.970025192126031034E+05   -0.524515351937698071E+01    1
    0.319776463508605957E+02   -0.962487516902156349E+05   -0.525515351937698583E+01    1
    0.318028450012207031E+02   -0.923733116025501949E+05   -0.526515351937698739E+01    1
    0.316490173339843750E+02   -0.890287452221899148E+05   -0.527515351937698007E+01    1
    0.315878760814666748E+02   -0.877165217089298967E+05   -0.528515351937697542E+01    1
    0.313010466098785400E+02   -0.816906035183131025E+05   -0.529515351937697609E+01    1
    0.310984110832214355E+02   -0.775627396161364304E+05   -0.530515351937697677E+01    1
    0.309172582626342773E+02   -0.739630962231701997E+05   -0.531515351937698188E+01    1
    0.308600425720214844E+02   -0.728439497900092392E+05   -0.532515351937698078E+01    1
    0.306916642189025879E+02   -0.695999464531659760E+05   -0.533515351937697613E+01    1
    0.306907200813293457E+02   -0.695819648753530346E+05   -0.534515351937697680E+01    1
    0.305788791179656982E+02   -0.674683347454399773E+05   -0.535515351937698103E+01    1
    0.304463219642639160E+02   -0.650054159768615864E+05   -0.536515351937698171E+01    1
    0.303552675247192383E+02   -0.633401524826359819E+05   -0.537515351937698238E+01    1
    0.302798700332641602E+02   -0.619775878471658361E+05   -0.538515351937698128E+01    1
    0.300791776180267334E+02   -0.584229296770747387E+05   -0.539515351937698018E+01    1
    0.299201631546020508E+02   -0.556810070744096374E+05   -0.540515351937698263E+01    1
    0.296924483776092529E+02   -0.518692276522938628E+05   -0.541515351937698153E+01    1
    0.293789231777191162E+02   -0.468421746179459005E+05   -0.542515351937697865E+01    1
    0.291536366939544678E+02   -0.433881207309946403E+05   -0.543515351937697933E+01    1
    0.291226696968078613E+02   -0.429236808377257184E+05   -0.544515351937698178E+01    1
    0.291054999828338623E+02   -0.426672482271775953E+05   -0.545515351937698245E+01    1
    0.290235853195190430E+02   -0.414544155052255228E+05   -0.546515351937698401E+01    1
    0.290189158916473389E+02   -0.413858065667371338E+05   -0.547515351937698025E+01    1
    0.285911560058593750E+02   -0.353416824667150504E+05   -0.548515351937698004E+01    1
    0.285557115077972412E+02   -0.348622566717242953E+05   -0.549515351937697805E+01    1
    0.285462605953216553E+02   -0.347349756117768702E+05   -0.550515351937697694E+01    1
    0.285390567779541016E+02   -0.346381138641021462E+05   -0.551515351937698295E+01    1
    0.285335183143615723E+02   -0.345637362477990173E+05   -0.552515351937698185E+01    1
    0.283997595310211182E+02   -0.327917312981930809E+05   -0.553515351937698163E+01    1
    0.283506011962890625E+02   -0.321522107929119156E+05   -0.554515351937698142E+01    1
    0.282883846759796143E+02   -0.313518409261755551E+05   -0.555515351937698032E+01    1
    0.281797552108764648E+02   -0.299785871646424275E+05   -0.556515351937698544E+01    1
    0.278787350654602051E+02   -0.263338930980452024E+05   -0.557515351937698611E+01    1
    0.278726768493652344E+02   -0.262629656462724597E+05   -0.558515351937698146E+01    1
    0.278602445125579834E+02   -0.261177118065167269E+05   -0.559515351937697680E+01    1
    0.278152585029602051E+02   -0.255954814744164905E+05   -0.560515351937697748E+01    1
    0.276875090599060059E+02   -0.241412288556322819E+05   -0.561515351937697904E+01    1
    0.274241352081298828E+02   -0.212773149399651738E+05   -0.562515351937698060E+01    1
    0.274224233627319336E+02   -0.212592917592964368E+05   -0.563515351937698039E+01    1
    0.273419666290283203E+02   -0.204208172459208945E+05   -0.564515351937698284E+01    1
    0.271054482460021973E+02   -0.180536524464154318E+05   -0.565515351937698085E+01    1
    0.269653892517089844E+02   -0.167206202071411826E+05   -0.566515351937697975E+01    1
    0.269608616828918457E+02   -0.166783814586530607E+05   -0.567515351937697954E+01    1
    0.269607925415039062E+02   -0.166777368366358132E+05   -0.568515351937697666E+01    1
    0.269234633445739746E+02   -0.163315268596117166E+05   -0.569515351937697734E+01    1
    0.268818414211273193E+02   -0.159497861464410871E+05   -0.570515351937697890E+01    1
    0.268674612045288086E+02   -0.158189456149461967E+05   -0.571515351937697780E+01    1
    0.268471789360046387E+02   -0.156353205302766582E+05   -0.572515351937697403E+01    1
    0.267962002754211426E+02   -0.151785202904188482E+05   -0.573515351937697382E+01    1
    0.266972374916076660E+02   -0.143110892891631302E+05   -0.574515351937697805E+01    1
    0.201165604591369629E+02   -0.139108510621775240E+05   -0.575515351937698227E+01    1
    0.201860296726226807E+02   -0.133256357394710394E+05   -0.576515351937698384E+01    1
    0.201905775070190430E+02   -0.132877630002841979E+05   -0.577515351937697918E+01    1
    0.265750908851623535E+02   -0.132756413648167018E+05   -0.578515351937698075E+01    1
    0.265532803535461426E+02   -0.130948430262039001E+05   -0.579515351937698409E+01    1
    0.202240657806396484E+02   -0.130105445011616757E+05   -0.580515351937698565E+01    1
    0.202261376380920410E+02   -0.129934895145626033E+05   -0.581515351937698366E+01    1
    0.202406203746795654E+02   -0.128745838610514038E+05   -0.582515351937698256E+01    1
    0.202668797969818115E+02   -0.126603838458439786E+05   -0.583515351937698412E+01    1
    0.264398849010467529E+02   -0.121748309264868803E+05   -0.584515351937698391E+01    1
    0.264309513568878174E+02   -0.121037744374013637E+05   -0.585515351937697837E+01    1
    0.264065945148468018E+02   -0.119110992642867168E+05   -0.586515351937697371E+01    1
    0.263893651962280273E+02   -0.117757401651699602E+05   -0.587515351937697705E+01    1
    0.263510334491729736E+02   -0.114773688971505617E+05   -0.588515351937697684E+01    1
    0.263419401645660400E+02   -0.114071494652196998E+05   -0.589515351937697751E+01    1
    0.262980139255523682E+02   -0.110709807010709992E+05   -0.590515351937697286E+01    1
    0.262917697429656982E+02   -0.110236020272165824E+05   -0.591515351937697531E+01    1
    0.262725281715393066E+02   -0.108782427461679890E+05   -0.592515351937697687E+01    1
    0.262221205234527588E+02   -0.105020163145126480E+05   -0.593515351937697400E+01    1
    0.205888187885284424E+02   -0.101803826289809549E+05   -0.594515351937698000E+01    1
    0.261095893383026123E+02   -0.968601353851052772E+04   -0.595515351937698156E+01    1
    0.207042956352233887E+02   -0.935664941593983349E+04   -0.596515351937697336E+01    1
    0.207595610618591309E+02   -0.897471995822154895E+04   -0.597515351937696959E+01    1
    0.207697594165802002E+02   -0.890511095258731075E+04   -0.598515351937697559E+01    1
    0.259776425361633301E+02   -0.877125768292874818E+04   -0.599515351937697627E+01    1
    0.208032155036926270E+02   -0.867865920813929552E+04   -0.600515351937697517E+01    1
    0.208183550834655762E+02   -0.857714378565787047E+04   -0.601515351937697851E+01    1
    0.259424877166748047E+02   -0.853519277682875145E+04   -0.602515351937697829E+01    1
    0.259305620193481445E+02   -0.845584328265668773E+04   -0.603515351937697453E+01    1
    0.259016430377960205E+02   -0.826496554494209340E+04   -0.604515351937697520E+01    1
    0.209444618225097656E+02   -0.775477168836262354E+04   -0.605515351937697410E+01    1
    0.209520661830902100E+02   -0.770650684172240199E+04   -0.606515351937697478E+01    1
    0.257879340648651123E+02   -0.753557151264859749E+04   -0.607515351937697723E+01    1
    0.257875812053680420E+02   -0.753336051902722829E+04   -0.608515351937697790E+01    1
    0.257792198657989502E+02   -0.748106388245748803E+04   -0.609515351937697769E+01    1
    0.257786273956298828E+02   -0.747736514546204944E+04   -0.610515351937697481E+01    1
    0.257625699043273926E+02   -0.737746809714449137E+04   -0.611515351937697282E+01    1
    0.210641539096832275E+02   -0.701256922282200776E+04   -0.612515351937697528E+01    1
    0.257025527954101562E+02   -0.701003875142133711E+04   -0.613515351937697417E+01    1
    0.256738829612731934E+02   -0.683783320418873154E+04   -0.614515351937697485E+01    1
    0.210967250433221913E+02   -0.681706054395338742E+04   -0.615515351937697819E+01    1
    0.211253571510314941E+02   -0.664747948947256464E+04   -0.616515351937697620E+01    1
    0.256354911093647146E+02   -0.661058734741936041E+04   -0.617515351937697776E+01    1
    0.255949974060058594E+02   -0.637506304678735796E+04   -0.618515351937698288E+01    1
    0.255900526046752930E+02   -0.634659529609880155E+04   -0.619515351937698000E+01    1
    0.255784499645233154E+02   -0.628004784662521070E+04   -0.620515351937697535E+01    1
    0.211899578571319580E+02   -0.627271371669819473E+04   -0.621515351937697247E+01    1
    0.211911714076995850E+02   -0.626577766824225273E+04   -0.622515351937697314E+01    1
    0.255441844463348389E+02   -0.608556458637684318E+04   -0.623515351937697559E+01    1
    0.212238454818725586E+02   -0.608047187296878838E+04   -0.624515351937698071E+01    1
    0.255162966251373291E+02   -0.592953841237655524E+04   -0.625515351937697694E+01    1
    0.254903495311737061E+02   -0.578619045914266098E+04   -0.626515351937697407E+01    1
    0.213244981114371797E+02   -0.552712407531205281E+04   -0.627515351937697385E+01    1
    0.213299055025506732E+02   -0.549814375972518974E+04   -0.628515351937697986E+01    1
    0.213503539562225342E+02   -0.538924150795834976E+04   -0.629515351937697432E+01    1
    0.254105663299560547E+02   -0.535641073505020540E+04   -0.630515351937697766E+01    1
    0.253914487361907959E+02   -0.525589110106849603E+04   -0.631515351937697567E+01    1
    0.214282417297363281E+02   -0.498441576943531709E+04   -0.632515351937697190E+01    1
    0.214788138866424561E+02   -0.473003010812245611E+04   -0.633515351937697790E+01    1
    0.252867925167083740E+02   -0.472249267547491309E+04   -0.634515351937697858E+01    1
    0.215016734600067139E+02   -0.461723041682907296E+04   -0.635515351937697659E+01    1
    0.215254077173126888E+02   -0.450155571759544364E+04   -0.636515351937697371E+01    1
    0.252281963825225830E+02   -0.443631303317814309E+04   -0.637515351937697350E+01    1
    0.252266525007966678E+02   -0.442889381090639654E+04   -0.638515351937697861E+01    1
    0.215867936611175537E+02   -0.420918539567567132E+04   -0.639515351937698195E+01    1
    0.251409327983856201E+02   -0.402670994933401107E+04   -0.640515351937697730E+01    1
    0.251385128498077393E+02   -0.401563386504820664E+04   -0.641515351937697620E+01    1
    0.216644001940751565E+02   -0.385361574290164981E+04   -0.642515351937697776E+01    1
    0.250973224639892578E+02   -0.382944665318727994E+04   -0.643515351937697222E+01    1
    0.216725756784552921E+02   -0.381707204094883082E+04   -0.644515351937697556E+01    1
    0.216783773899078369E+02   -0.379124456944250778E+04   -0.645515351937697535E+01    1
    0.216802906990051270E+02   -0.378274632947376722E+04   -0.646515351937697513E+01    1
    0.250713744548080157E+02   -0.371442763487296861E+04   -0.647515351937697048E+01    1
    0.217518591880798340E+02   -0.347171760973290975E+04   -0.648515351937697559E+01    1
    0.217594480514526367E+02   -0.343952005651204990E+04   -0.649515351937697538E+01    1
    0.250052630901336670E+02   -0.342930866816743946E+04   -0.650515351937697694E+01    1
    0.217698132991790771E+02   -0.339578554397737071E+04   -0.651515351937697318E+01    1
    0.217751431465148926E+02   -0.337340611130052275E+04   -0.652515351937697652E+01    1
    0.249111461639404297E+02   -0.304306128582876818E+04   -0.653515351937697631E+01    1
    0.219100375736162860E+02   -0.283164872512940474E+04   -0.654515351937697609E+01    1
    0.248479368279582928E+02   -0.279661477741665112E+04   -0.655515351937696966E+01    1
    0.248340816688475101E+02   -0.274398637856429195E+04   -0.656515351937697567E+01    1
    0.219406826159906956E+02   -0.271518408599125996E+04   -0.657515351937698256E+01    1
    0.219730401179947030E+02   -0.259486790371716188E+04   -0.658515351937698501E+01    1
    0.220008277893066406E+02   -0.249372180905654295E+04   -0.659515351937696881E+01    1
    0.220531231943280268E+02   -0.230882592762180593E+04   -0.660515351937696948E+01    1
    0.246967703038349526E+02   -0.224946215783884600E+04   -0.661515351937697371E+01    1
    0.220788730796599744E+02   -0.222040334538676871E+04   -0.662515351937697705E+01    1
    0.246708679102461375E+02   -0.216168431467252685E+04   -0.663515351937697861E+01    1
    0.246507179737091064E+02   -0.209460959278727614E+04   -0.664515351937698107E+01    1
    0.221192240715026855E+02   -0.208531773583787617E+04   -0.665515351937697286E+01    1
    0.221212756633758545E+02   -0.207856285229536479E+04   -0.666515351937697353E+01    1
    0.246378147602081299E+02   -0.205221339551189385E+04   -0.667515351937697510E+01    1
    0.246293963468733814E+02   -0.202478684734196486E+04   -0.668515351937697488E+01    1
    0.221498714884863155E+02   -0.198555290012704063E+04   -0.669515351937697734E+01    1
    0.245728981494903564E+02   -0.184549946565703431E+04   -0.670515351937697446E+01    1
    0.245605104109281775E+02   -0.180730110242853084E+04   -0.671515351937697247E+01    1
    0.222113943021306248E+02   -0.179267056186254968E+04   -0.672515351937697314E+01    1
    0.222173929214477539E+02   -0.177439189095572806E+04   -0.673515351937697382E+01    1
    0.222261238098144531E+02   -0.174795518045477206E+04   -0.674515351937697183E+01    1
    0.222360897064208984E+02   -0.171802173587284369E+04   -0.675515351937697428E+01    1
    0.222391527701732556E+02   -0.170887356102867375E+04   -0.676515351937697584E+01    1
    0.222494506835937500E+02   -0.167829701369575491E+04   -0.677515351937697829E+01    1
    0.245152854919433594E+02   -0.167124257641194913E+04   -0.678515351937697098E+01    1
    0.222708499933894295E+02   -0.161564212662084446E+04   -0.679515351937697432E+01    1
    0.222775423526763916E+02   -0.159629260228538624E+04   -0.680515351937697410E+01    1
    0.222969601458014957E+02   -0.154081089623237290E+04   -0.681515351937697567E+01    1
    0.223041434848626636E+02   -0.152053522808913272E+04   -0.682515351937697723E+01    1
    0.223067295551300049E+02   -0.151326871767959847E+04   -0.683515351937697613E+01    1
    0.244559585046401473E+02   -0.150084113496714394E+04   -0.684515351937697059E+01    1
    0.244500924006595994E+02   -0.148449062032698839E+04   -0.685515351937697126E+01    1
    0.244473445415496826E+02   -0.147686239359919227E+04   -0.686515351937697371E+01    1
    0.244335938198309819E+02   -0.143898517672942398E+04   -0.687515351937697083E+01    1
    0.244136470025208041E+02   -0.138491633638062854E+04   -0.688515351937697062E+01    1
    0.243869137763977051E+02   -0.131407809701366068E+04   -0.689515351937697307E+01    1
    0.223893129825592041E+02   -0.129038601312359310E+04   -0.690515351937697019E+01    1
    0.224084416574753362E+02   -0.124129541062838734E+04   -0.691515351937697176E+01    1
    0.224103760719299316E+02   -0.123638414912319467E+04   -0.692515351937697421E+01    1
    0.243510544300079346E+02   -0.122198218192066952E+04   -0.693515351937697400E+01    1
    0.224172955143258577E+02   -0.121889629467394070E+04   -0.694515351937697556E+01    1
    0.243495061397489074E+02   -0.121808125326483423E+04   -0.695515351937697623E+01    1
    0.224351453781127930E+02   -0.117435958593678492E+04   -0.696515351937697869E+01    1
    0.224374311501528219E+02   -0.116871639534011024E+04   -0.697515351937697670E+01    1
    0.243296148744263476E+02   -0.116852079493658675E+04   -0.698515351937697471E+01    1
    0.224614258954990795E+02   -0.111029910717390317E+04   -0.699515351937697627E+01    1
    0.224620365964944675E+02   -0.110883188414218512E+04   -0.700515351937697339E+01    1
    0.243002893917641742E+02   -0.109733514031804043E+04   -0.701515351937697229E+01    1
    0.242974131632896757E+02   -0.109047398213374208E+04   -0.702515351937697385E+01    1
    0.224775927060505865E+02   -0.107178570344875834E+04   -0.703515351937696920E+01    1
    0.224801289349906099E+02   -0.106580558300160487E+04   -0.704515351937696899E+01    1
    0.225032205364376807E+02   -0.101212955865478978E+04   -0.705515351937697233E+01    1
    0.225485980692933943E+02   -0.910699032951294612E+03   -0.706515351937697300E+01    1
    0.225513541698455811E+02   -0.904711309186904259E+03   -0.707515351937697190E+01    1
    0.225525438678985495E+02   -0.902132766293511850E+03   -0.708515351937697524E+01    1
    0.225616147208599145E+02   -0.882593950026743187E+03   -0.709515351937697947E+01    1
    0.242019259031354323E+02   -0.874931487013854280E+03   -0.710515351937697481E+01    1
    0.241936638556109500E+02   -0.857398659491414719E+03   -0.711515351937697194E+01    1
    0.225766735033543142E+02   -0.850630509426350500E+03   -0.712515351937697261E+01    1
    0.225866760046748354E+02   -0.829726081550705771E+03   -0.713515351937696796E+01    1
    0.241775304957800863E+02   -0.823675064346713043E+03   -0.714515351937696508E+01    1
    0.241770066349774808E+02   -0.822591408187996308E+03   -0.715515351937696753E+01    1
    0.241706889314832019E+02   -0.809578959377005503E+03   -0.716515351937696821E+01    1
    0.225994944572448730E+02   -0.803317742947953889E+03   -0.717515351937696444E+01    1
    0.226214315439430287E+02   -0.759116911479010014E+03   -0.718515351937696511E+01    1
    0.241385638713836670E+02   -0.745020937030966024E+03   -0.719515351937696845E+01    1
    0.226381765314495453E+02   -0.726221666381223258E+03   -0.720515351937697446E+01    1
    0.241202414035797119E+02   -0.709404898478281666E+03   -0.721515351937697869E+01    1
    0.226493322849273682E+02   -0.704711979640767368E+03   -0.722515351937697670E+01    1
    0.226503111511359450E+02   -0.702840082006928242E+03   -0.723515351937696849E+01    1
    0.241159200668334961E+02   -0.701132402105465530E+03   -0.724515351937696384E+01    1
    0.241151157939665097E+02   -0.699598124496490982E+03   -0.725515351937697073E+01    1
    0.241150871151570598E+02   -0.699543446263909914E+03   -0.726515351937697051E+01    1
    0.226598906517028809E+02   -0.684652890855109035E+03   -0.727515351937696853E+01    1
    0.241063654422760010E+02   -0.683014395128621800E+03   -0.728515351937696742E+01    1
    0.241003937364980096E+02   -0.671811340701298491E+03   -0.729515351937696988E+01    1
    0.226686000823974609E+02   -0.668325143382276565E+03   -0.730515351937697766E+01    1
    0.226708189698720659E+02   -0.664196948841131189E+03   -0.731515351937697655E+01    1
    0.240949313435302201E+02   -0.661645158535915243E+03   -0.732515351937697723E+01    1
    0.240840483176259212E+02   -0.641622324497227282E+03   -0.733515351937697524E+01    1
    0.226876432972151107E+02   -0.633313140821448087E+03   -0.734515351937696614E+01    1
    0.240714144706726074E+02   -0.618765460343877635E+03   -0.735515351937696948E+01    1
    0.240679623634051332E+02   -0.612592350686709210E+03   -0.736515351937697105E+01    1
    0.227083232877216155E+02   -0.596362320812439521E+03   -0.737515351937696906E+01    1
    0.240577403948371469E+02   -0.594495419704643609E+03   -0.738515351937697240E+01    1
    0.240475189685821533E+02   -0.576671750634182672E+03   -0.739515351937697218E+01    1
    0.227261838068907842E+02   -0.565346317203657236E+03   -0.740515351937697464E+01    1
    0.227268397808074951E+02   -0.564223002172799625E+03   -0.741515351937697265E+01    1
    0.227357792854309082E+02   -0.549026430239092633E+03   -0.742515351937696799E+01    1
    0.227460049364925894E+02   -0.531898875092852791E+03   -0.743515351937697044E+01    1
    0.240182105771183778E+02   -0.527074821676637384E+03   -0.744515351937697023E+01    1
    0.240178539116189711E+02   -0.526485044591246492E+03   -0.745515351937696646E+01    1
    0.227553746518143498E+02   -0.516444235583745467E+03   -0.746515351937696536E+01    1
    0.227599287033081055E+02   -0.509015301303753859E+03   -0.747515351937696515E+01    1
    0.240050397309193890E+02   -0.505515627528859170E+03   -0.748515351937696671E+01    1
    0.240023958683013916E+02   -0.501242407874658511E+03   -0.749515351937696561E+01    1
    0.240015232563018799E+02   -0.499836022077921939E+03   -0.750515351937696362E+01    1
    0.239895099893326744E+02   -0.480676006168597894E+03   -0.751515351937696874E+01    1
    0.239888117142453403E+02   -0.479573890687412927E+03   -0.752515351937696853E+01    1
    0.239824356762175448E+02   -0.469569113873243396E+03   -0.753515351937696742E+01    1
    0.239772965577220489E+02   -0.461582329789272990E+03   -0.754515351937696721E+01    1
    0.239714896536383755E+02   -0.452640559596028424E+03   -0.755515351937696877E+01    1
    0.239709510319639207E+02   -0.451815616050374274E+03   -0.756515351937697211E+01    1
    0.239687440567239882E+02   -0.448443347571930929E+03   -0.757515351937696835E+01    1
    0.227986835677057691E+02   -0.447982461471245244E+03   -0.758515351937696991E+01    1
    0.239676297200401009E+02   -0.446745458854947628E+03   -0.759515351937697325E+01    1
    0.228012241440116661E+02   -0.444118168129717446E+03   -0.760515351937697126E+01    1
    0.239589994809714568E+02   -0.433705355843681559E+03   -0.761515351937696572E+01    1
    0.239587692531148306E+02   -0.433360144851988480E+03   -0.762515351937696639E+01    1
    0.239575725471757188E+02   -0.431567991038244941E+03   -0.763515351937696973E+01    1
    0.239542210102081299E+02   -0.426568686016738468E+03   -0.764515351937696952E+01    1
    0.228185033473994920E+02   -0.418282258718520552E+03   -0.765515351937697019E+01    1
    0.239248468831838075E+02   -0.384005579710002678E+03   -0.766515351937697087E+01    1
    0.228543078899383545E+02   -0.367223984569987692E+03   -0.767515351937697066E+01    1
    0.239102363101826079E+02   -0.363672303578306071E+03   -0.768515351937697044E+01    1
    0.228751643943318399E+02   -0.339021998331674467E+03   -0.769515351937697201E+01    1
    0.238795336455568084E+02   -0.322756903619192030E+03   -0.770515351937697446E+01    1
    0.238787669104376263E+02   -0.321766569399109812E+03   -0.771515351937697069E+01    1
    0.228980007102582235E+02   -0.309443163738874091E+03   -0.772515351937696959E+01    1
    0.238683704646036645E+02   -0.308489497712590037E+03   -0.773515351937697382E+01    1
    0.238677775859832764E+02   -0.307740835797233103E+03   -0.774515351937697538E+01    1
    0.238664641404517255E+02   -0.306085535454439650E+03   -0.775515351937697517E+01    1
    0.238653240466989693E+02   -0.304652350916144314E+03   -0.776515351937697407E+01    1
    0.229030727865956329E+02   -0.303057997321595394E+03   -0.777515351937697297E+01    1
    0.238624966144561768E+02   -0.301112671930717397E+03   -0.778515351937696565E+01    1
    0.238587701320648193E+02   -0.296479293076633155E+03   -0.779515351937696011E+01    1
    0.229125905036926270E+02   -0.291257229425781190E+03   -0.780515351937696522E+01    1
    0.238484327361417527E+02   -0.283815587144564518E+03   -0.781515351937697123E+01    1
    0.238464713096618652E+02   -0.281444200169643466E+03   -0.782515351937697279E+01    1
    0.238431011544131124E+02   -0.277393058935629881E+03   -0.783515351937697524E+01    1
    0.229302209611928767E+02   -0.270021408186229792E+03   -0.784515351937695993E+01    1
    0.238303705780223005E+02   -0.262357198941643389E+03   -0.785515351937696593E+01    1
    0.238222782244629627E+02   -0.253019047411337084E+03   -0.786515351937697016E+01    1
    0.238190984725952148E+02   -0.249396487794430641E+03   -0.787515351937697172E+01    1
    0.238140006657412791E+02   -0.243643756037487748E+03   -0.788515351937697417E+01    1
    0.238012525600772022E+02   -0.229554340033471362E+03   -0.789515351937696952E+01    1
    0.237967649574273281E+02   -0.224695360597949247E+03   -0.790515351937697019E+01    1
    0.237926661968231201E+02   -0.220303263737807072E+03   -0.791515351937696643E+01    1
    0.229771673679351807E+02   -0.217425254344736516E+03   -0.792515351937696444E+01    1
    0.229794302909111607E+02   -0.215035112746256800E+03   -0.793515351937696778E+01    1
    0.237765522384842001E+02   -0.203460513481240156E+03   -0.794515351937696490E+01    1
    0.229934835761753753E+02   -0.200490571565353548E+03   -0.795515351937696735E+01    1
    0.237729274146595593E+02   -0.199764986483395575E+03   -0.796515351937696447E+01    1
    0.237695229550948213E+02   -0.196325306973242419E+03   -0.797515351937695893E+01    1
    0.229984988311028893E+02   -0.195424622576317688E+03   -0.798515351937696582E+01    1
    0.237622001803938474E+02   -0.189029140939359593E+03   -0.799515351937696650E+01    1
    0.230072488716156585E+02   -0.186743094219852509E+03   -0.800515351937696096E+01    1
    0.230168130845380929E+02   -0.177482025547009641E+03   -0.801515351937696785E+01    1
    0.230207620746004586E+02   -0.173727740721560338E+03   -0.802515351937697652E+01    1
    0.230282514127650053E+02   -0.166719297755644561E+03   -0.803515351937696920E+01    1
    0.237345462239061007E+02   -0.162736111182097545E+03   -0.804515351937696543E+01    1
    0.230328631401062012E+02   -0.162476415622368819E+03   -0.805515351937697233E+01    1
    0.230343761927919282E+02   -0.161096452853035146E+03   -0.806515351937697034E+01    1
    0.237286436557769775E+02   -0.157382134049661545E+03   -0.807515351937696657E+01    1
    0.230408624943829352E+02   -0.155248308299979726E+03   -0.808515351937696636E+01    1
    0.230482978293780612E+02   -0.148679390417128246E+03   -0.809515351937696259E+01    1
    0.237124224311250202E+02   -0.143136186290454248E+03   -0.810515351937696593E+01    1
    0.237116270235755948E+02   -0.142455274418268971E+03   -0.811515351937696572E+01    1
    0.230577907851349266E+02   -0.140502031619517709E+03   -0.812515351937696728E+01    1
    0.237091815675228261E+02   -0.140372159575961604E+03   -0.813515351937696707E+01    1
    0.230606397111590944E+02   -0.138093748026958423E+03   -0.814515351937696508E+01    1
    0.237027060796486637E+02   -0.134931417623772319E+03   -0.815515351937696664E+01    1
    0.230681872367858887E+02   -0.131815848578623275E+03   -0.816515351937696643E+01    1
    0.230769884952300472E+02   -0.124682622619866606E+03   -0.817515351937696622E+01    1
    0.230973634923063997E+02   -0.108943800153783116E+03   -0.818515351937696600E+01    1
    0.236664143646774150E+02   -0.106461484734516105E+03   -0.819515351937696224E+01    1
    0.236623270441469451E+02   -0.103470155509572521E+03   -0.820515351937696558E+01    1
    0.231050778826746281E+02   -0.103267137623491465E+03   -0.821515351937696714E+01    1
    0.236587630766524235E+02   -0.100897380071535224E+03   -0.822515351937696693E+01    1
    0.236528665600864656E+02   -0.967134653308239365E+02   -0.823515351937696671E+01    1
    0.231163326840428631E+02   -0.952634605876372973E+02   -0.824515351937696295E+01    1
    0.231164045152594007E+02   -0.952134391644914899E+02   -0.825515351937696096E+01    1
    0.236496033967807051E+02   -0.944370146785888807E+02   -0.826515351937696252E+01    1
    0.236396435193633145E+02   -0.876604182110523311E+02   -0.827515351937696408E+01    1
    0.236357951164245605E+02   -0.851112529099125936E+02   -0.828515351937696565E+01    1
    0.236256260005575065E+02   -0.785610298947517265E+02   -0.829515351937696543E+01    1
    0.231422007058518879E+02   -0.781192018994699566E+02   -0.830515351937696344E+01    1
    0.236240492377942886E+02   -0.775695256582837658E+02   -0.831515351937696146E+01    1
    0.231434756515487408E+02   -0.773193161270877596E+02   -0.832515351937696302E+01    1
    0.231466567516326904E+02   -0.753420037144438766E+02   -0.833515351937696813E+01    1
    0.236189021263861108E+02   -0.743780043372740209E+02   -0.834515351937696437E+01    1
    0.236176533885365849E+02   -0.736141188337753789E+02   -0.835515351937696593E+01    1
    0.236176288127899170E+02   -0.735991259869284136E+02   -0.836515351937696927E+01    1
    0.231512470762016065E+02   -0.725352305170119962E+02   -0.837515351937696906E+01    1
    0.231520411641981418E+02   -0.720552538503958857E+02   -0.838515351937696174E+01    1
    0.231576482090547060E+02   -0.687129159694841007E+02   -0.839515351937695975E+01    1
    0.236090253008802868E+02   -0.684471424746611490E+02   -0.840515351937696487E+01    1
    0.236068716245909300E+02   -0.671876610468504083E+02   -0.841515351937696821E+01    1
    0.231638314676392660E+02   -0.651221003479417817E+02   -0.842515351937696266E+01    1
    0.231647009535284418E+02   -0.646251532415150507E+02   -0.843515351937695534E+01    1
    0.231647179502724505E+02   -0.646154585347294699E+02   -0.844515351937695691E+01    1
    0.231711831960716914E+02   -0.609823851355036410E+02   -0.845515351937696202E+01    1
    0.231759298114030443E+02   -0.583844273319859468E+02   -0.846515351937696536E+01    1
    0.231803274739243150E+02   -0.560298644834925170E+02   -0.847515351937696160E+01    1
    0.235852614078978284E+02   -0.552191010380741716E+02   -0.848515351937696316E+01    1
    0.231848040039561383E+02   -0.536848423951689639E+02   -0.849515351937696295E+01    1
    0.231878473312417768E+02   -0.521204234647820002E+02   -0.850515351937696629E+01    1
    0.235784976685479606E+02   -0.517231728523313308E+02   -0.851515351937696785E+01    1
    0.235758769707304552E+02   -0.504006792625161211E+02   -0.852515351937696408E+01    1
    0.231913769245147705E+02   -0.503362722075127067E+02   -0.853515351937696032E+01    1
    0.231946197890902468E+02   -0.487256770231290517E+02   -0.854515351937695655E+01    1
    0.235724413572305345E+02   -0.486940657039824956E+02   -0.855515351937696344E+01    1
    0.231949641492373431E+02   -0.485562574892081784E+02   -0.856515351937696323E+01    1
    0.235715629686002082E+02   -0.482626711918967644E+02   -0.857515351937696124E+01    1
    0.231977796554565430E+02   -0.471826681034977469E+02   -0.858515351937696103E+01    1
    0.232000473696866791E+02   -0.460913492309768458E+02   -0.859515351937696259E+01    1
    0.232016123357829471E+02   -0.453460382952810406E+02   -0.860515351937696771E+01    1
    0.235653222755834015E+02   -0.452556352230850507E+02   -0.861515351937696039E+01    1
    0.232058608107287512E+02   -0.433548983290772938E+02   -0.862515351937695662E+01    1
    0.232060778141021729E+02   -0.432544577486088357E+02   -0.863515351937696352E+01    1
    0.232091574811309158E+02   -0.418422559540861343E+02   -0.864515351937696508E+01    1
    0.235578847297377827E+02   -0.418044739443918516E+02   -0.865515351937695954E+01    1
    0.232121525954656747E+02   -0.404925362779879521E+02   -0.866515351937696288E+01    1
    0.235532590397362398E+02   -0.397307820995322913E+02   -0.867515351937696266E+01    1
    0.232141694784674399E+02   -0.395968199944768102E+02   -0.868515351937696423E+01    1
    0.232174813080417799E+02   -0.381490033024577713E+02   -0.869515351937696934E+01    1
    0.235486223466750246E+02   -0.377081226694117859E+02   -0.870515351937696735E+01    1
    0.232192108520885014E+02   -0.374042691120901623E+02   -0.871515351937696181E+01    1
    0.232224864919796090E+02   -0.360151576997374647E+02   -0.872515351937695982E+01    1
    0.235440061298750756E+02   -0.357500565149729397E+02   -0.873515351937696316E+01    1
    0.235417875625051707E+02   -0.348287640028176000E+02   -0.874515351937695762E+01    1
    0.235404898948705252E+02   -0.342958345931738933E+02   -0.875515351937695741E+01    1
    0.235393569476387867E+02   -0.338341414638668354E+02   -0.876515351937696252E+01    1
    0.235388409508186989E+02   -0.336249737203678976E+02   -0.877515351937696231E+01    1
    0.232288396733664619E+02   -0.334006600112295473E+02   -0.878515351937696209E+01    1
    0.232316590284746667E+02   -0.322741224440160508E+02   -0.879515351937696188E+01    1
    0.235314321517944336E+02   -0.306982066115857855E+02   -0.880515351937695812E+01    1
    0.235303796644642027E+02   -0.302940375497733143E+02   -0.881515351937695790E+01    1
    0.232367924417158207E+02   -0.302761500969200057E+02   -0.882515351937695769E+01    1
    0.235295399583089022E+02   -0.299736497921351841E+02   -0.883515351937695925E+01    1
    0.232379341433832280E+02   -0.298411251404253193E+02   -0.884515351937695904E+01    1
    0.232396119444501608E+02   -0.292079936328363843E+02   -0.885515351937696238E+01    1
    0.235273039340972900E+02   -0.291294625353995578E+02   -0.886515351937696394E+01    1
    0.235270140693890788E+02   -0.290209812888356566E+02   -0.887515351937696018E+01    1
    0.232432383032137437E+02   -0.278646237879401966E+02   -0.888515351937696174E+01    1
    0.235238277442974564E+02   -0.278429397067874724E+02   -0.889515351937696330E+01    1
    0.232434114306320154E+02   -0.278013466297242502E+02   -0.890515351937696309E+01    1
    0.235230049162290484E+02   -0.275430242048518110E+02   -0.891515351937696288E+01    1
    0.235214671628717298E+02   -0.269872533977976978E+02   -0.892515351937696089E+01    1
    0.235206233370032720E+02   -0.266848988628730766E+02   -0.893515351937696423E+01    1
    0.232467137725373689E+02   -0.266093142895432777E+02   -0.894515351937696579E+01    1
    0.232483449492623322E+02   -0.260310021703757464E+02   -0.895515351937696202E+01    1
    0.235117473457374935E+02   -0.236169323459607874E+02   -0.896515351937696181E+01    1
    0.235103852077070599E+02   -0.231642854302929777E+02   -0.897515351937695982E+01    1
    0.232589155004194410E+02   -0.224514288746049004E+02   -0.898515351937695428E+01    1
    0.232591709385373875E+02   -0.223685318547712271E+02   -0.899515351937695407E+01    1
    0.232620727986033629E+02   -0.214387340366670713E+02   -0.900515351937695741E+01    1
    0.235045449407055855E+02   -0.212783430829327358E+02   -0.901515351937696252E+01    1
    0.235045133868221718E+02   -0.212683951262554203E+02   -0.902515351937696408E+01    1
    0.235026685657172010E+02   -0.206912913554962863E+02   -0.903515351937696032E+01    1
    0.232646502071037666E+02   -0.206312983160872676E+02   -0.904515351937695833E+01    1
    0.235014966667212271E+02   -0.203293004968056863E+02   -0.905515351937695989E+01    1
    0.232666556339962440E+02   -0.200150261280994819E+02   -0.906515351937695790E+01    1
    0.232669090046443259E+02   -0.199379105541500508E+02   -0.907515351937695591E+01    1
    0.235001827847166389E+02   -0.199277081811826378E+02   -0.908515351937695925E+01    1
    0.232685935497283936E+02   -0.194294585758181348E+02   -0.909515351937696437E+01    1
    0.234983397241890621E+02   -0.193719528741369267E+02   -0.910515351937696060E+01    1
    0.234978777623117949E+02   -0.192340407911118270E+02   -0.911515351937695506E+01    1
    0.234966352738990558E+02   -0.188658734272621871E+02   -0.912515351937696195E+01    1
    0.232715756890144263E+02   -0.185474845215738391E+02   -0.913515351937696529E+01    1
    0.234944968844599522E+02   -0.182416586908337415E+02   -0.914515351937696153E+01    1
    0.232748581445134697E+02   -0.176034877919849748E+02   -0.915515351937696131E+01    1
    0.232759546818620606E+02   -0.172943934206895520E+02   -0.916515351937695577E+01    1
    0.232761764120839771E+02   -0.172322725187458161E+02   -0.917515351937695733E+01    1
    0.234892947781482064E+02   -0.167728791531184669E+02   -0.918515351937696067E+01    1
    0.234886908670851646E+02   -0.166069381184457470E+02   -0.919515351937696046E+01    1
    0.232784940182536531E+02   -0.165906310349645558E+02   -0.920515351937696202E+01    1
    0.234868721406584129E+02   -0.161129351490477504E+02   -0.921515351937696536E+01    1
    0.232804448229937897E+02   -0.160613913668766060E+02   -0.922515351937696337E+01    1
    0.232823238275025268E+02   -0.155610081829620235E+02   -0.923515351937695961E+01    1
    0.232829272747039795E+02   -0.154022609357393829E+02   -0.924515351937695584E+01    1
    0.234840189049446337E+02   -0.153553094100796574E+02   -0.925515351937695918E+01    1
    0.232836909166812269E+02   -0.152027320945819895E+02   -0.926515351937696607E+01    1
    0.232837986880640422E+02   -0.151746953384022873E+02   -0.927515351937695876E+01    1
    0.232840827499130576E+02   -0.151009416109654904E+02   -0.928515351937695499E+01    1
    0.234822488577660415E+02   -0.148959690522533155E+02   -0.929515351937696188E+01    1
    0.234819102682868674E+02   -0.148090329554775302E+02   -0.930515351937696522E+01    1
    0.234799510875315391E+02   -0.143118608409806196E+02   -0.931515351937695790E+01    1
    0.232884653875287917E+02   -0.139896870827151538E+02   -0.932515351937696657E+01    1
    0.234779641779424324E+02   -0.138178692923713164E+02   -0.933515351937696458E+01    1
    0.234771041658317188E+02   -0.136072410008378935E+02   -0.934515351937696082E+01    1
    0.232901802080032745E+02   -0.135685055003383024E+02   -0.935515351937695883E+01    1
    0.232905051414627948E+02   -0.134895614264463255E+02   -0.936515351937696394E+01    1
    0.234765263346106678E+02   -0.134668052014182962E+02   -0.937515351937696728E+01    1
    0.234756018194410068E+02   -0.132439214802126024E+02   -0.938515351937696352E+01    1
    0.232925370756678198E+02   -0.130021343589754252E+02   -0.939515351937695797E+01    1
    0.234744430389627610E+02   -0.129677065224293795E+02   -0.940515351937695776E+01    1
    0.234740019295925784E+02   -0.128634802808122295E+02   -0.941515351937695755E+01    1
    0.232952396681701330E+02   -0.123705016992484023E+02   -0.942515351937696089E+01    1
    0.232958245499131280E+02   -0.122363125006097206E+02   -0.943515351937695712E+01    1
    0.234704038941066635E+02   -0.120322672497334953E+02   -0.944515351937694980E+01    1
    0.234680613801830127E+02   -0.115092370703560753E+02   -0.945515351937695137E+01    1
    0.232992603788501214E+02   -0.114660335413709618E+02   -0.946515351937695826E+01    1
    0.234659938911291448E+02   -0.110594951140635924E+02   -0.947515351937695982E+01    1
    0.234658487663203879E+02   -0.110283444799339758E+02   -0.948515351937695605E+01    1
    0.233017420768737793E+02   -0.109287983804211386E+02   -0.949515351937695584E+01    1
    0.234651285280660851E+02   -0.108745595493543519E+02   -0.950515351937695741E+01    1
    0.234636322092244498E+02   -0.105593883025719730E+02   -0.951515351937695897E+01    1
    0.234611047640697592E+02   -0.100402823856875809E+02   -0.952515351937695876E+01    1
    0.234611018621022680E+02   -0.100396959263493066E+02   -0.953515351937695854E+01    1
    0.234602987432400028E+02   -0.987823698645883397E+01   -0.954515351937695833E+01    1
    0.233069832709502087E+02   -0.984693746885845655E+01   -0.955515351937695989E+01    1
    0.233071707121850800E+02   -0.980957278696897994E+01   -0.956515351937696323E+01    1
    0.234598093285941545E+02   -0.978066944944232475E+01   -0.957515351937696302E+01    1
    0.234594198878814524E+02   -0.970347828328991824E+01   -0.958515351937695215E+01    1
    0.233090524034287760E+02   -0.943954866268487258E+01   -0.959515351937695371E+01    1
    0.233098486732242378E+02   -0.928574538975939845E+01   -0.960515351937695527E+01    1
    0.233106915983731255E+02   -0.912473096669118178E+01   -0.961515351937695861E+01    1
    0.233108386497524265E+02   -0.909683111643203191E+01   -0.962515351937695662E+01    1
    0.233112855282196918E+02   -0.901239136489625636E+01   -0.963515351937695286E+01    1
    0.233116132756047065E+02   -0.895079282128760312E+01   -0.964515351937695797E+01    1
    0.233120195030593749E+02   -0.887483286693648488E+01   -0.965515351937696309E+01    1
    0.233127744515690907E+02   -0.873480836240200986E+01   -0.966515351937695755E+01    1
    0.233128380775451660E+02   -0.872307516840250052E+01   -0.967515351937695556E+01    1
    0.234540548044802399E+02   -0.868029543992325969E+01   -0.968515351937696067E+01    1
    0.234539623583228867E+02   -0.866332236152161350E+01   -0.969515351937696224E+01    1
    0.233141060220583149E+02   -0.849145510098651179E+01   -0.970515351937696025E+01    1
    0.234527010365414696E+02   -0.843396930858813576E+01   -0.971515351937696003E+01    1
    0.233155472344180872E+02   -0.823327157358636441E+01   -0.972515351937696160E+01    1
    0.233164653410033011E+02   -0.807162164372286561E+01   -0.973515351937696316E+01    1
    0.233169090953621172E+02   -0.799427786343885760E+01   -0.974515351937696295E+01    1
    0.234501430341386516E+02   -0.798156503214593727E+01   -0.975515351937696273E+01    1
    0.234496195762418225E+02   -0.789108905234106750E+01   -0.976515351937695542E+01    1
    0.234494385962322305E+02   -0.785997407733276887E+01   -0.977515351937695698E+01    1
    0.234493419255013400E+02   -0.784338894572471013E+01   -0.978515351937696209E+01    1
    0.234488524145516486E+02   -0.775978084462657325E+01   -0.979515351937696011E+01    1
    0.234487307681665911E+02   -0.773910061470067046E+01   -0.980515351937695812E+01    1
    0.233189112370034124E+02   -0.765169776762448794E+01   -0.981515351937695613E+01    1
    0.233192069534698341E+02   -0.760198415464299071E+01   -0.982515351937695769E+01    1
    0.234477360465087088E+02   -0.757144220420205727E+01   -0.983515351937696103E+01    1
    0.234477019554525157E+02   -0.756574192755387021E+01   -0.984515351937696082E+01    1
    0.233196278764006095E+02   -0.753161486654694556E+01   -0.985515351937696060E+01    1
    0.234432510709751760E+02   -0.684753425269660809E+01   -0.986515351937695506E+01    1
    0.233238903405265390E+02   -0.684503624474222150E+01   -0.987515351937695307E+01    1
    0.233242660322138704E+02   -0.678679222770415791E+01   -0.988515351937695641E+01    1
    0.233243618484064896E+02   -0.677199657966786095E+01   -0.989515351937695975E+01    1
    0.233253694430976211E+02   -0.661785564287381689E+01   -0.990515351937695954E+01    1
    0.234414320790571757E+02   -0.656887837051894419E+01   -0.991515351937695577E+01    1
    0.233256969322018008E+02   -0.656832641117291871E+01   -0.992515351937695911E+01    1
    0.233260671889795113E+02   -0.651266568126618939E+01   -0.993515351937696067E+01    1
    0.234405162748471270E+02   -0.643184777807199737E+01   -0.994515351937695513E+01    1
    0.233294652251770103E+02   -0.601852488480304793E+01   -0.995515351937695492E+01    1
    0.234371978507714900E+02   -0.595362646173777144E+01   -0.996515351937695826E+01    1
    0.234365843210144256E+02   -0.586835371259201199E+01   -0.997515351937695982E+01    1
    0.233306377226749930E+02   -0.585500422676217980E+01   -0.998515351937696138E+01    1
    0.233307494788824954E+02   -0.583960533864193287E+01   -0.999515351937695584E+01    1
    0.233315943194167303E+02   -0.572424790781474169E+01   -0.100051535193769503E+02    1
    0.233316309218337210E+02   -0.571929213061137087E+01   -0.100151535193769536E+02    1
    0.234350408791831342E+02   -0.565817345049369358E+01   -0.100251535193769570E+02    1
    0.233341506725256451E+02   -0.538652488276428620E+01   -0.100351535193769603E+02    1
    0.234326287539889400E+02   -0.534213260021298275E+01   -0.100451535193769637E+02    1
    0.233354192813088126E+02   -0.522525063745298013E+01   -0.100551535193769475E+02    1
    0.233356446712250900E+02   -0.519703633028837864E+01   -0.100651535193769543E+02    1
    0.234309264132078461E+02   -0.512821631856949267E+01   -0.100751535193769577E+02    1
    0.234308989603689142E+02   -0.512482847504399253E+01   -0.100851535193769539E+02    1
    0.233367202098693696E+02   -0.506422374579087808E+01   -0.100951535193769484E+02    1
    0.233371129789004144E+02   -0.501647429296246194E+01   -0.101051535193769499E+02    1
    0.234295210740230253E+02   -0.495731247649843354E+01   -0.101151535193769551E+02    1
    0.233382745717141873E+02   -0.487761074972312070E+01   -0.101251535193769566E+02    1
    0.234285942754855476E+02   -0.484742075005653028E+01   -0.101351535193769582E+02    1
    0.233387750233537510E+02   -0.481886776149541873E+01   -0.101451535193769562E+02    1
    0.233390317650270234E+02   -0.478898476829428077E+01   -0.101551535193769507E+02    1
    0.233396445110688404E+02   -0.471835954845296790E+01   -0.101651535193769487E+02    1
    0.234274457261857094E+02   -0.471434192232423488E+01   -0.101751535193769485E+02    1
    0.233401408533497161E+02   -0.466186840100041877E+01   -0.101851535193769500E+02    1
    0.233408995573684166E+02   -0.457675742509616423E+01   -0.101951535193769534E+02    1
    0.233409355156575522E+02   -0.457276088151332250E+01   -0.102051535193769531E+02    1
    0.233411873294586911E+02   -0.454486775086240424E+01   -0.102151535193769565E+02    1
    0.233412268241172818E+02   -0.454050796470648255E+01   -0.102251535193769545E+02    1
    0.234254921911597478E+02   -0.449588888309155532E+01   -0.102351535193769507E+02    1
    0.233418369293212891E+02   -0.447367536235970409E+01   -0.102451535193769541E+02    1
    0.233418768524060170E+02   -0.446933589540290122E+01   -0.102551535193769521E+02    1
    0.233431845909475371E+02   -0.432948697444581665E+01   -0.102651535193769536E+02    1
    0.234236729529188210E+02   -0.430139760459482279E+01   -0.102751535193769570E+02    1
    0.234235495673424019E+02   -0.428851903703715109E+01   -0.102851535193769532E+02    1
    0.234233887003878820E+02   -0.427178787826377171E+01   -0.102951535193769512E+02    1
    0.234232887531628577E+02   -0.426142671775644821E+01   -0.103051535193769492E+02    1
    0.234227614295744324E+02   -0.420719206526130662E+01   -0.103151535193769526E+02    1
    0.234223888848747421E+02   -0.416931311271260796E+01   -0.103251535193769541E+02    1
    0.234223675727844238E+02   -0.416715711734440841E+01   -0.103351535193769539E+02    1
    0.234220994093650923E+02   -0.414013005396307943E+01   -0.103451535193769555E+02    1
    0.233450502506749729E+02   -0.413768936025767076E+01   -0.103551535193769570E+02    1
    0.233451125889423921E+02   -0.413143734596634804E+01   -0.103651535193769533E+02    1
    0.234218631814458647E+02   -0.411647690437745251E+01   -0.103751535193769513E+02    1
    0.234213734441493457E+02   -0.406790354143094213E+01   -0.103851535193769564E+02    1
    0.233457541744917627E+02   -0.406768013152750907E+01   -0.103951535193769562E+02    1
    0.233463803667250254E+02   -0.400648713454354688E+01   -0.104051535193769507E+02    1
    0.233470110604727736E+02   -0.394588723904670680E+01   -0.104151535193769558E+02    1
    0.233478462341111772E+02   -0.386723535027091003E+01   -0.104251535193769538E+02    1
    0.233479344244823181E+02   -0.385903620003930836E+01   -0.104351535193769482E+02    1
    0.234181462090705885E+02   -0.376345003091322594E+01   -0.104451535193769534E+02    1
    0.234175451459079405E+02   -0.370974500262515239E+01   -0.104551535193769531E+02    1
    0.234174036762695188E+02   -0.369724157010905330E+01   -0.104651535193769529E+02    1
    0.233505122759738661E+02   -0.362832660791189054E+01   -0.104751535193769580E+02    1
    0.233505237708512894E+02   -0.362733663906540960E+01   -0.104851535193769543E+02    1
    0.234164230652173906E+02   -0.361200662828186880E+01   -0.104951535193769523E+02    1
    0.233507849195981620E+02   -0.360493861054871667E+01   -0.105051535193769539E+02    1
    0.233509760703248901E+02   -0.358865678947058031E+01   -0.105151535193769536E+02    1
    0.234157468818352754E+02   -0.355469249727562975E+01   -0.105251535193769499E+02    1
    0.233515034005990181E+02   -0.354423361792665892E+01   -0.105351535193769514E+02    1
    0.234155305968619629E+02   -0.353661145714996383E+01   -0.105451535193769512E+02    1
    0.234154908355237446E+02   -0.353330074658271531E+01   -0.105551535193769528E+02    1
    0.233517812740860080E+02   -0.352111666469736972E+01   -0.105651535193769543E+02    1
    0.234153343234450695E+02   -0.352030886718921732E+01   -0.105751535193769524E+02    1
    0.233519727925829272E+02   -0.350530093486149452E+01   -0.105851535193769575E+02    1
    0.233520690122246322E+02   -0.349739112874261027E+01   -0.105951535193769573E+02    1
    0.233529372379248663E+02   -0.342710917880494703E+01   -0.106051535193769570E+02    1
    0.234141467741604608E+02   -0.342381179790857715E+01   -0.106151535193769551E+02    1
    0.233538945875554447E+02   -0.335189023043329692E+01   -0.106251535193769495E+02    1
    0.233540970369423313E+02   -0.333628975914351633E+01   -0.106351535193769458E+02    1
    0.233541168131164838E+02   -0.333477156130039942E+01   -0.106451535193769526E+02    1
    0.234128962265312026E+02   -0.332616882263993308E+01   -0.106551535193769560E+02    1
    0.233546516511490054E+02   -0.329409910494987379E+01   -0.106651535193769540E+02    1
    0.234123880248805669E+02   -0.328765308181954907E+01   -0.106751535193769556E+02    1
    0.233554666997690212E+02   -0.323355139686877058E+01   -0.106851535193769500E+02    1
    0.233555999258843947E+02   -0.322381902739049453E+01   -0.106951535193769480E+02    1
    0.233565304684071933E+02   -0.315713142663213597E+01   -0.107051535193769549E+02    1
    0.234105639812873818E+02   -0.315495555804478434E+01   -0.107151535193769494E+02    1
    0.234105473388433083E+02   -0.315378475456282459E+01   -0.107251535193769456E+02    1
    0.233566273535697420E+02   -0.315031783955226574E+01   -0.107351535193769543E+02    1
    0.233575073332073124E+02   -0.308955221150507775E+01   -0.107451535193769505E+02    1
    0.234094223502388807E+02   -0.307631492817207741E+01   -0.107551535193769414E+02    1
    0.233580375683591335E+02   -0.305391205170286240E+01   -0.107651535193769483E+02    1
    0.234090219595030398E+02   -0.304953879537641948E+01   -0.107751535193769499E+02    1
    0.233581059369907571E+02   -0.304936993334868678E+01   -0.107851535193769426E+02    1
    0.233586417136394360E+02   -0.301419703755232682E+01   -0.107951535193769441E+02    1
    0.233588705567180952E+02   -0.299940186680896437E+01   -0.108051535193769528E+02    1
    0.234079587807681229E+02   -0.298046642025381336E+01   -0.108151535193769561E+02    1
    0.233593876900955344E+02   -0.296647084712611164E+01   -0.108251535193769524E+02    1
    0.234076832300744968E+02   -0.296304520690949769E+01   -0.108351535193769521E+02    1
    0.233596611775083787E+02   -0.294933695448572797E+01   -0.108451535193769519E+02    1
    0.233597043123599200E+02   -0.294665236819401466E+01   -0.108551535193769482E+02    1
    0.234073806006029130E+02   -0.294413999834677176E+01   -0.108651535193769480E+02    1
    0.233599881636044131E+02   -0.292910725166042951E+01   -0.108751535193769477E+02    1
    0.234065700649351811E+02   -0.289468173864607348E+01   -0.108851535193769493E+02    1
    0.234064766912985256E+02   -0.288909413696176776E+01   -0.108951535193769473E+02    1
    0.233607318849625614E+02   -0.288413300820855900E+01   -0.109051535193769453E+02    1
    0.234058143205863942E+02   -0.285010932112886994E+01   -0.109151535193769469E+02    1
    0.233613200573939110E+02   -0.284958594993817416E+01   -0.109251535193769485E+02    1
    0.233615249072513649E+02   -0.283776552544432725E+01   -0.109351535193769500E+02    1
    0.233615987659442226E+02   -0.283353049185179895E+01   -0.109451535193769498E+02    1
    0.233616510914925399E+02   -0.283053876590143449E+01   -0.109551535193769460E+02    1
    0.233617741630716296E+02   -0.282353024821104093E+01   -0.109651535193769440E+02    1
    0.234051948046286178E+02   -0.281468166131684150E+01   -0.109751535193769456E+02    1
    0.234051754304114183E+02   -0.281358985677332329E+01   -0.109851535193769454E+02    1
    0.234050416230371532E+02   -0.280607605563018891E+01   -0.109951535193769434E+02    1
    0.233632707972957085E+02   -0.274146081375482842E+01   -0.110051535193769485E+02    1
    0.233633652736772319E+02   -0.273647599569614863E+01   -0.110151535193769536E+02    1
    0.233636815684978103E+02   -0.271995677174446859E+01   -0.110251535193769499E+02    1
    0.234033313598425359E+02   -0.271414802308283809E+01   -0.110351535193769461E+02    1
    0.233639771457616483E+02   -0.270475524706090642E+01   -0.110451535193769441E+02    1
    0.233641549448123271E+02   -0.269572072891962700E+01   -0.110551535193769439E+02    1
    0.233644933658889933E+02   -0.267875216583961162E+01   -0.110651535193769455E+02    1
    0.233650540193471237E+02   -0.265129765071400492E+01   -0.110751535193769488E+02    1
    0.234020094640251308E+02   -0.264831823427650281E+01   -0.110851535193769504E+02    1
    0.234017649072019474E+02   -0.263663862946613925E+01   -0.110951535193769502E+02    1
    0.233656924448953802E+02   -0.262103230287508149E+01   -0.111051535193769553E+02    1
    0.234013290910160059E+02   -0.261621121243797505E+01   -0.111151535193769551E+02    1
    0.233659291890494458E+02   -0.261007915138625091E+01   -0.111251535193769460E+02    1
    0.233661293207800540E+02   -0.260093383775298737E+01   -0.111351535193769493E+02    1
    0.233662179258469180E+02   -0.259691823751797068E+01   -0.111451535193769491E+02    1
    0.233667496384178222E+02   -0.257325072269659882E+01   -0.111551535193769507E+02    1
    0.233668149572117585E+02   -0.257039408020812576E+01   -0.111651535193769469E+02    1
    0.233668391714567143E+02   -0.256933792313675902E+01   -0.111751535193769467E+02    1
    0.234002726376762240E+02   -0.256874791081139220E+01   -0.111851535193769482E+02    1
    0.234002318020342344E+02   -0.256697167812312355E+01   -0.111951535193769498E+02    1
    0.234001551681724855E+02   -0.256365005700346460E+01   -0.112051535193769514E+02    1
    0.234000792851306727E+02   -0.256037606109759386E+01   -0.112151535193769529E+02    1
    0.234000772135843889E+02   -0.256028689406787668E+01   -0.112251535193769527E+02    1
    0.233672546234805516E+02   -0.255145510667884023E+01   -0.112351535193769525E+02    1
    0.233673870972589910E+02   -0.254584746197434786E+01   -0.112451535193769505E+02    1
    0.233675635392191161E+02   -0.253844966201974476E+01   -0.112551535193769485E+02    1
    0.233994133380401585E+02   -0.253228734942217093E+01   -0.112651535193769465E+02    1
    0.233991968898331884E+02   -0.252340675602295716E+01   -0.112751535193769428E+02    1
    0.233681021983753539E+02   -0.251636689780507172E+01   -0.112851535193769514E+02    1
    0.233987368345130378E+02   -0.250493684428159424E+01   -0.112951535193769441E+02    1
    0.233987147003297089E+02   -0.250406212789942950E+01   -0.113051535193769475E+02    1
    0.233684373691490279E+02   -0.250300796518934332E+01   -0.113151535193769508E+02    1
    0.233684808929549526E+02   -0.250129471122089697E+01   -0.113251535193769524E+02    1
    0.233685504432091662E+02   -0.249856721058697806E+01   -0.113351535193769486E+02    1
    0.233688805981378351E+02   -0.248579173648719776E+01   -0.113451535193769519E+02    1
    0.233982238391040305E+02   -0.248499202016372900E+01   -0.113551535193769464E+02    1
    0.233690661325093707E+02   -0.247873709190134139E+01   -0.113651535193769444E+02    1
    0.233692074487948531E+02   -0.247342395901308310E+01   -0.113751535193769477E+02    1
    0.233693748319720491E+02   -0.246719811118534782E+01   -0.113851535193769493E+02    1
    0.233976947934295367E+02   -0.246514157158221403E+01   -0.113951535193769544E+02    1
    0.233970248272029551E+02   -0.244105040629388670E+01   -0.114051535193769453E+02    1
    0.233966381315655561E+02   -0.242767776988836603E+01   -0.114151535193769433E+02    1
    0.233705137255329660E+02   -0.242677542928014267E+01   -0.114251535193769502E+02    1
    0.233964557447456407E+02   -0.242150575831263382E+01   -0.114351535193769465E+02    1
    0.233707001689557679E+02   -0.242048000648942940E+01   -0.114451535193769427E+02    1
    0.233707869011438909E+02   -0.241758229452786422E+01   -0.114551535193769425E+02    1
    0.233962405309986288E+02   -0.241433438326259298E+01   -0.114651535193769476E+02    1
    0.233959308450356716E+02   -0.240422682336268112E+01   -0.114751535193769509E+02    1
    0.233954372707048464E+02   -0.238863414556564013E+01   -0.114851535193769489E+02    1
    0.233950605711233806E+02   -0.237716090425767312E+01   -0.114951535193769505E+02    1
    0.233950524168929093E+02   -0.237691663809770892E+01   -0.115051535193769467E+02    1
    0.233949006325806650E+02   -0.237240145874116459E+01   -0.115151535193769430E+02    1
    0.233948115032008204E+02   -0.236977807821543429E+01   -0.115251535193769428E+02    1
    0.233724456440975885E+02   -0.236593682228574442E+01   -0.115351535193769426E+02    1
    0.233725885672736240E+02   -0.236182241965138751E+01   -0.115451535193769423E+02    1
    0.233727886366341941E+02   -0.235615234396412898E+01   -0.115551535193769439E+02    1
    0.233942086250888792E+02   -0.235257698536225268E+01   -0.115651535193769455E+02    1
    0.233730224435129017E+02   -0.234965832167331845E+01   -0.115751535193769453E+02    1
    0.233730285501709112E+02   -0.234949061746961974E+01   -0.115851535193769433E+02    1
    0.233730483100851245E+02   -0.234894862653046621E+01   -0.115951535193769448E+02    1
    0.233737100524390158E+02   -0.233138550281249968E+01   -0.116051535193769446E+02    1
    0.233737486244550752E+02   -0.233039697413814739E+01   -0.116151535193769408E+02    1
    0.233740367764809527E+02   -0.232313486055542651E+01   -0.116251535193769424E+02    1
    0.233740507768942507E+02   -0.232278752953360446E+01   -0.116351535193769458E+02    1
    0.233930611817659546E+02   -0.232245575035417451E+01   -0.116451535193769455E+02    1
    0.233741796447203249E+02   -0.231961448777780621E+01   -0.116551535193769418E+02    1
    0.233741971520955225E+02   -0.231918675273369024E+01   -0.116651535193769451E+02    1
    0.233742080254583442E+02   -0.231892150006628261E+01   -0.116751535193769502E+02    1
    0.233929157133544017E+02   -0.231888218593410711E+01   -0.116851535193769465E+02    1
    0.233928617152155738E+02   -0.231756970805028617E+01   -0.116951535193769445E+02    1
    0.233927735597072903E+02   -0.231544333197381258E+01   -0.117051535193769460E+02    1
    0.233927018563779257E+02   -0.231372873157562253E+01   -0.117151535193769476E+02    1
    0.233925349355748544E+02   -0.230978915579014510E+01   -0.117251535193769456E+02    1
    0.233745930158080597E+02   -0.230972836841354789E+01   -0.117351535193769418E+02    1
    0.233924538436211904E+02   -0.230790147497672171E+01   -0.117451535193769399E+02    1
    0.233924120588814546E+02   -0.230693548903182499E+01   -0.117551535193769414E+02    1
    0.233748979021237275E+02   -0.230272212136839194E+01   -0.117651535193769430E+02    1
    0.233749044597478850E+02   -0.230257408944992426E+01   -0.117751535193769463E+02    1
    0.233749474104268771E+02   -0.230160729108143292E+01   -0.117851535193769479E+02    1
    0.233921004128129439E+02   -0.229987434109350541E+01   -0.117951535193769459E+02    1
    0.233920788684176699E+02   -0.229939555141529528E+01   -0.118051535193769439E+02    1
    0.233919359571108956E+02   -0.229625020331058005E+01   -0.118151535193769472E+02    1
    0.233919345763848234E+02   -0.229622007440201781E+01   -0.118251535193769470E+02    1
    0.233918570806453197E+02   -0.229453700057025944E+01   -0.118351535193769397E+02    1
    0.233755549754683187E+02   -0.228844633973601841E+01   -0.118451535193769431E+02    1
    0.233756356263806069E+02   -0.228677162620530927E+01   -0.118551535193769446E+02    1
    0.233756623692141048E+02   -0.228622005474209722E+01   -0.118651535193769391E+02    1
    0.233756752089716251E+02   -0.228595589678070388E+01   -0.118751535193769389E+02    1
    0.233757405653601182E+02   -0.228461795091553821E+01   -0.118851535193769422E+02    1
    0.233758987117375376E+02   -0.228142651160745702E+01   -0.118951535193769455E+02    1
