    0.423875642877776398E-97    0.449390721195898493E+03    0.237967649574273281E+02
    0.339124328630815909E-95    0.440606527475614143E+03    0.237926661968231201E+02
    0.596924769577154269E-94    0.434850508689473031E+03    0.229771673679351807E+02
    0.645062748673618582E-93    0.430070225492513600E+03    0.229794302909111607E+02
    0.679271837266635151E-88    0.406921026962480312E+03    0.237765522384842001E+02
    0.131078073523994042E-86    0.400981143130707096E+03    0.229934835761753753E+02
    0.268104869675949718E-86    0.399529972966791149E+03    0.237729274146595593E+02
    0.827552563343976592E-85    0.392650613946484839E+03    0.237695229550948213E+02
    0.201657745223275249E-84    0.390849245152635376E+03    0.229984988311028893E+02
    0.119617396640356192E-81    0.378058281878719185E+03    0.237622001803938474E+02
    0.116484697717117776E-80    0.373486188439705018E+03    0.230072488716156585E+02
    0.121326858699443645E-76    0.354964051094019283E+03    0.230168130845380929E+02
    0.512954910544704204E-75    0.347455481443120675E+03    0.230207620746004586E+02
    0.561648177156045572E-72    0.333438595511289122E+03    0.230282514127650053E+02
    0.298536445878674996E-70    0.325472222364195090E+03    0.237345462239061007E+02
    0.383211701480905838E-70    0.324952831244737638E+03    0.230328631401062012E+02
    0.150801629043883409E-69    0.322192905706070292E+03    0.230343761927919282E+02
    0.612591897912980531E-68    0.314764268099323090E+03    0.237286436557769775E+02
    0.512314976958975928E-67    0.310496616599959452E+03    0.230408624943829352E+02
    0.361442232408797777E-64    0.297358780834256493E+03    0.230482978293780612E+02
    0.914279359586806926E-62    0.286272372580908495E+03    0.237124224311250202E+02
    0.178834884827412415E-61    0.284910548836537941E+03    0.237116270235755948E+02
    0.124850953612813572E-60    0.281004063239035418E+03    0.230577907851349266E+02
    0.140751045959518662E-60    0.280744319151923207E+03    0.237091815675228261E+02
    0.136022342363805493E-59    0.276187496053916846E+03    0.230606397111590944E+02
    0.318163201858298216E-58    0.269862835247544638E+03    0.237027060796486637E+02
    0.710201275639744735E-57    0.263631697157246549E+03    0.230681872367858887E+02
    0.880966056178038528E-54    0.249365245239733213E+03    0.230769884952300472E+02
    0.596897801264528749E-47    0.217887600307566231E+03    0.230973634923063997E+02
    0.707315089563246053E-46    0.212922969469032211E+03    0.236664143646774150E+02
    0.139440122092812475E-44    0.206940311019145042E+03    0.236623270441469451E+02
    0.169127549814588688E-44    0.206534275246982929E+03    0.231050778826746281E+02
    0.179078744380642087E-43    0.201794760143070448E+03    0.236587630766524235E+02
    0.116346193884160452E-41    0.193426930661647873E+03    0.236528665600864656E+02
    0.491064223054081266E-41    0.190526921175274595E+03    0.231163326840428631E+02
    0.511115883767921267E-41    0.190426878328982980E+03    0.231164045152594007E+02
    0.109995090811783909E-40    0.188874029357177761E+03    0.236496033967807051E+02
    0.955143907262309639E-38    0.175320836422104662E+03    0.236396435193633145E+02
    0.121008057285099763E-36    0.170222505819825187E+03    0.236357951164245605E+02
    0.837909384588164548E-34    0.157122059789503453E+03    0.236256260005575065E+02
    0.129043926767126280E-33    0.156238403798939913E+03    0.231422007058518879E+02
    0.221368582222918759E-33    0.155139051316567532E+03    0.236240492377942886E+02
    0.281473593379021522E-33    0.154638632254175519E+03    0.231434756515487408E+02
    0.201293885275163647E-32    0.150684007428887753E+03    0.231466567516326904E+02
    0.522573337674522808E-32    0.148756008674548042E+03    0.236189021263861108E+02
    0.111059461123344948E-31    0.147228237667550758E+03    0.236176533885365849E+02
    0.111615350584319691E-31    0.147198251973856827E+03    0.236176288127899170E+02
    0.320202644824688028E-31    0.145070461034023992E+03    0.231512470762016065E+02
    0.512310418297221591E-31    0.144110507700791771E+03    0.231520411641981418E+02
    0.143466050020074231E-29    0.137425831938968201E+03    0.231576482090547060E+02
    0.185280689691507496E-29    0.136894284949322298E+03    0.236090253008802868E+02
    0.646357880274030857E-29    0.134375322093700817E+03    0.236068716245909300E+02
    0.504884126529999883E-28    0.130244200695883563E+03    0.231638314676392660E+02
    0.821618402685258790E-28    0.129250306483030101E+03    0.231647009535284418E+02
    0.821367606447215654E-28    0.129230917069458940E+03    0.231647179502724505E+02
    0.307622683060321054E-26    0.121964770271007282E+03    0.231711831960716914E+02
    0.409217454154772246E-25    0.116768854663971894E+03    0.231759298114030443E+02
    0.426761130352647183E-24    0.112059728966985034E+03    0.231803274739243150E+02
    0.950499740032797622E-24    0.110438202076148343E+03    0.235852614078978284E+02
    0.436444595539676701E-23    0.107369684790337928E+03    0.231848040039561383E+02
    0.206540243197591279E-22    0.104240846929564000E+03    0.231878473312417768E+02
    0.304218407197648283E-22    0.103446345704662662E+03    0.235784976685479606E+02
    0.113030126005459576E-21    0.100801358525032242E+03    0.235758769707304552E+02
    0.119350129759443564E-21    0.100672544415025413E+03    0.231913769245147705E+02
    0.591497007589705658E-21    0.974513540462581034E+02    0.231946197890902468E+02
    0.604419167721919332E-21    0.973881314079649911E+02    0.235724413572305345E+02
    0.686822684886365072E-21    0.971125149784163568E+02    0.231949641492373431E+02
    0.912020488805956417E-21    0.965253423837935287E+02    0.235715629686002082E+02
    0.265889404833697650E-20    0.943653362069954937E+02    0.231977796554565430E+02
    0.783992397740520446E-20    0.921826984619536915E+02    0.232000473696866791E+02
    0.163551048728682957E-19    0.906920765905620812E+02    0.232016123357829471E+02
    0.177244163790540751E-19    0.905112704461701014E+02    0.235653222755834015E+02
    0.117410934213154466E-18    0.867097966581545876E+02    0.232058608107287512E+02
    0.128524637814773219E-18    0.865089154972176715E+02    0.232060778141021729E+02
    0.522341931406985553E-18    0.836845119081722686E+02    0.232091574811309158E+02
    0.537057102048094613E-18    0.836089478887837032E+02    0.235578847297377827E+02
    0.197444394438124994E-17    0.809850725559759042E+02    0.232121525954656747E+02
    0.418723658466598756E-17    0.794615641990645827E+02    0.235532590397362398E+02
    0.473983865014430177E-17    0.791936399889536204E+02    0.232141694784674399E+02
    0.199617868235127347E-16    0.762980066049155425E+02    0.232174813080417799E+02
    0.307134423443306142E-16    0.754162453388235718E+02    0.235486223466750246E+02
    0.412047679853916811E-16    0.748085382241803245E+02    0.232192108520885014E+02
    0.163639426729469695E-15    0.720303153994749294E+02    0.232224864919796090E+02
    0.211191768164261867E-15    0.715001130299458794E+02    0.235440061298750756E+02
    0.525347047330153303E-15    0.696575280056352000E+02    0.235417875625051707E+02
    0.886240622222044235E-15    0.685916691863477865E+02    0.235404898948705252E+02
    0.139225724419334749E-14    0.676682829277336708E+02    0.235393569476387867E+02
    0.169909216902052779E-14    0.672499474407357951E+02    0.235388409508186989E+02
    0.210519436826344243E-14    0.668013200224590946E+02    0.232288396733664619E+02
    0.642981242872264310E-14    0.645482448880321016E+02    0.232316590284746667E+02
    0.307798790524380824E-13    0.613964132231715709E+02    0.235314321517944336E+02
    0.456512167600877861E-13    0.605880750995466286E+02    0.235303796644642027E+02
    0.460127123455637651E-13    0.605523001938400114E+02    0.232367924417158207E+02
    0.616465963248868373E-13    0.599472995842703682E+02    0.235295399583089022E+02
    0.696820442738692545E-13    0.596822502808506385E+02    0.232379341433832280E+02
    0.129940178314128810E-12    0.584159872656727686E+02    0.232396119444501608E+02
    0.139157345532318267E-12    0.582589250707991155E+02    0.235273039340972900E+02
    0.153559255481513596E-12    0.580419625776713133E+02    0.235270140693890788E+02
    0.483206463330065037E-12    0.557292475758803931E+02    0.232432383032137437E+02
    0.488885398826589290E-12    0.556858794135749449E+02    0.235238277442974564E+02
    0.504577366491512031E-12    0.556026932594485004E+02    0.232434114306320154E+02
    0.646804189992746868E-12    0.550860484097036220E+02    0.235230049162290484E+02
    0.111634408216193977E-11    0.539745067955953957E+02    0.235214671628717298E+02
    0.149542981727143254E-11    0.533697977257461531E+02    0.235206233370032720E+02
    0.159679459558821154E-11    0.532186285790865554E+02    0.232467137725373689E+02
    0.281879745952867012E-11    0.520620043407514927E+02    0.232483449492623322E+02
    0.311988172556898202E-10    0.472338646919215748E+02    0.235117473457374935E+02
    0.485710221632761232E-10    0.463285708605859554E+02    0.235103852077070599E+02
    0.980898266167674203E-10    0.449028577492098009E+02    0.232589155004194410E+02
    0.105507356127775046E-09    0.447370637095424541E+02    0.232591709385373875E+02
    0.264695072836961687E-09    0.428774680733341427E+02    0.232620727986033629E+02
    0.307652053714265064E-09    0.425566861658654716E+02    0.235045449407055855E+02
    0.307636042895790294E-09    0.425367902525108406E+02    0.235045133868221718E+02
    0.542409459247607542E-09    0.413825827109925726E+02    0.235026685657172010E+02
    0.570215417857849426E-09    0.412625966321745352E+02    0.232646502071037666E+02
    0.763575521612878803E-09    0.406586009936113726E+02    0.235014966667212271E+02
    0.103513424591531144E-08    0.400300522561989638E+02    0.232666556339962440E+02
    0.110699230054013615E-08    0.398758211083001015E+02    0.232669090046443259E+02
    0.110721634852675752E-08    0.398554163623652755E+02    0.235001827847166389E+02
    0.180416643595963221E-08    0.388589171516362697E+02    0.232685935497283936E+02
    0.189194306648508356E-08    0.387439057482738534E+02    0.234983397241890621E+02
    0.215010453414940179E-08    0.384680815822236539E+02    0.234978777623117949E+02
    0.307616541234388344E-08    0.377317468545243742E+02    0.234966352738990558E+02
    0.418736949390213209E-08    0.370949690431476782E+02    0.232715756890144263E+02
    0.562881286862914406E-08    0.364833173816674829E+02    0.234944968844599522E+02
    0.105494050041322990E-07    0.352069755839699496E+02    0.232748581445134697E+02
    0.142273167569466262E-07    0.345887868413791040E+02    0.232759546818620606E+02
    0.149885223847702676E-07    0.344645450374916322E+02    0.232761764120839771E+02
    0.234924266614748851E-07    0.335457583062369338E+02    0.234892947781482064E+02
    0.274569448006290754E-07    0.332138762368914939E+02    0.234886908670851646E+02
    0.276306653026062627E-07    0.331812620699291116E+02    0.232784940182536531E+02
    0.441071589416724975E-07    0.322258702980955007E+02    0.234868721406584129E+02
    0.459781317046813332E-07    0.321227827337532119E+02    0.232804448229937897E+02
    0.750796139339060827E-07    0.311220163659240470E+02    0.232823238275025268E+02
    0.871208571116828695E-07    0.308045218714787659E+02    0.232829272747039795E+02
    0.904003231919928380E-07    0.307106188201593149E+02    0.234840189049446337E+02
    0.104253471305816152E-06    0.304054641891639790E+02    0.232836909166812269E+02
    0.106150926274515442E-06    0.303493906768045747E+02    0.232837986880640422E+02
    0.113138829202061913E-06    0.302018832219309807E+02    0.232840827499130576E+02
    0.137495089033768563E-06    0.297919381045066309E+02    0.234822488577660415E+02
    0.148490992097457493E-06    0.296180659109550604E+02    0.234819102682868674E+02
    0.241699788250107997E-06    0.286237216819612392E+02    0.234799510875315391E+02
    0.330256679864710754E-06    0.279793741654303076E+02    0.232884653875287917E+02
    0.388264947215400329E-06    0.276357385847426329E+02    0.234779641779424324E+02
    0.474525924406497027E-06    0.272144820016757869E+02    0.234771041658317188E+02
    0.488359469380107722E-06    0.271370110006766048E+02    0.232901802080032745E+02
    0.523216756279230268E-06    0.269791228528926510E+02    0.232905051414627948E+02
    0.529933777796479398E-06    0.269336104028365924E+02    0.234765263346106678E+02
    0.655655679536352464E-06    0.264878429604252048E+02    0.234756018194410068E+02
    0.826684310515468258E-06    0.260042687179508505E+02    0.232925370756678198E+02
    0.847127089621407422E-06    0.259354130448587590E+02    0.234744430389627610E+02
    0.930830289063335109E-06    0.257269605616244590E+02    0.234740019295925784E+02
    0.150877833601522165E-05    0.247410033984968045E+02    0.232952396681701330E+02
    0.170828419666040414E-05    0.244726250012194413E+02    0.232958245499131280E+02
    0.207411534681163136E-05    0.240645344994669905E+02    0.234704038941066635E+02
    0.346448815552028443E-05    0.230184741407121507E+02    0.234680613801830127E+02
    0.358145245654270359E-05    0.229320670827419235E+02    0.232992603788501214E+02
    0.532443636773346584E-05    0.221189902281271848E+02    0.234659938911291448E+02
    0.543825095577402904E-05    0.220566889598679516E+02    0.234658487663203879E+02
    0.594769407012581374E-05    0.218575967608422772E+02    0.233017420768737793E+02
    0.621671992411988479E-05    0.217491190987087037E+02    0.234651285280660851E+02
    0.843520206328398358E-05    0.211187766051439461E+02    0.234636322092244498E+02
    0.140345140903327951E-04    0.200805647713751618E+02    0.234611047640697592E+02
    0.139030195071073913E-04    0.200793918526986133E+02    0.234611018621022680E+02
    0.161765876020116196E-04    0.197564739729176679E+02    0.234602987432400028E+02
    0.165248367177067031E-04    0.196938749377169131E+02    0.233069832709502087E+02
    0.169832775542534689E-04    0.196191455739379599E+02    0.233071707121850800E+02
    0.173073717624498807E-04    0.195613388988846495E+02    0.234598093285941545E+02
    0.185102325564105850E-04    0.194069565665798365E+02    0.234594198878814524E+02
    0.238611905069169238E-04    0.188790973253697452E+02    0.233090524034287760E+02
    0.275514890699028190E-04    0.185714907795187969E+02    0.233098486732242378E+02
    0.320427518649377840E-04    0.182494619333823636E+02    0.233106915983731255E+02
    0.326214764145140994E-04    0.181936622328640638E+02    0.233108386497524265E+02
    0.351424783698643472E-04    0.180247827297925127E+02    0.233112855282196918E+02
    0.370033760225449201E-04    0.179015856425752062E+02    0.233116132756047065E+02
    0.395264120001115790E-04    0.177496657338729698E+02    0.233120195030593749E+02
    0.450149029324359797E-04    0.174696167248040197E+02    0.233127744515690907E+02
    0.450929901426815169E-04    0.174461503368050010E+02    0.233128380775451660E+02
    0.465956194595300549E-04    0.173605908798465194E+02    0.234540548044802399E+02
    0.469216698334545520E-04    0.173266447230432270E+02    0.234539623583228867E+02
    0.551660028218275766E-04    0.169829102019730236E+02    0.233141060220583149E+02
    0.578487973916492435E-04    0.168679386171762715E+02    0.234527010365414696E+02
    0.700024611022974830E-04    0.164665431471727288E+02    0.233155472344180872E+02
    0.814655580163172290E-04    0.161432432874457312E+02    0.233164653410033011E+02
    0.871407049213381756E-04    0.159885557268777152E+02    0.233169090953621172E+02
    0.873774238966811305E-04    0.159631300642918745E+02    0.234501430341386516E+02
    0.946998978271669918E-04    0.157821781046821350E+02    0.234496195762418225E+02
    0.967207437779788858E-04    0.157199481546655377E+02    0.234494385962322305E+02
    0.973597643129437193E-04    0.156867778914494203E+02    0.234493419255013400E+02
    0.104796579080795960E-03    0.155195616892531465E+02    0.234488524145516486E+02
    0.105921828908101938E-03    0.154782012294013409E+02    0.234487307681665911E+02
    0.114446127031621857E-03    0.153033955352489759E+02    0.233189112370034124E+02
    0.119082653469121502E-03    0.152039683092859814E+02    0.233192069534698341E+02
    0.121554141115888406E-03    0.151428844084041145E+02    0.234477360465087088E+02
    0.121032613951569084E-03    0.151314838551077404E+02    0.234477019554525157E+02
    0.123988287695444676E-03    0.150632297330938911E+02    0.233196278764006095E+02
    0.243293302319540526E-03    0.136950685053932162E+02    0.234432510709751760E+02
    0.241474947072150425E-03    0.136900724894844430E+02    0.233238903405265390E+02
    0.253410257340584255E-03    0.135735844554083158E+02    0.233242660322138704E+02
    0.254628442402300410E-03    0.135439931593357219E+02    0.233243618484064896E+02
    0.294107789396988635E-03    0.132357112857476338E+02    0.233253694430976211E+02
    0.305797648287176179E-03    0.131377567410378884E+02    0.234414320790571757E+02
    0.302922065377210167E-03    0.131366528223458374E+02    0.233256969322018008E+02
    0.317074351075679684E-03    0.130253313625323788E+02    0.233260671889795113E+02
    0.340343089486666616E-03    0.128636955561439947E+02    0.234405162748471270E+02
    0.509422172766278757E-03    0.120370497696060959E+02    0.233294652251770103E+02
    0.538170547052798168E-03    0.119072529234755429E+02    0.234371978507714900E+02
    0.580243742545421995E-03    0.117367074251840240E+02    0.234365843210144256E+02
    0.582190519269367964E-03    0.117100084535243596E+02    0.233306377226749930E+02
    0.585342200880350095E-03    0.116792106772838657E+02    0.233307494788824954E+02
    0.650378216890649605E-03    0.114484958156294834E+02    0.233315943194167303E+02
    0.647105824539236725E-03    0.114385842612227417E+02    0.233316309218337210E+02
    0.681045095255528206E-03    0.113163469009873872E+02    0.234350408791831342E+02
    0.884725202248990935E-03    0.107730497655285724E+02    0.233341506725256451E+02
    0.915682211139251284E-03    0.106842652004259655E+02    0.234326287539889400E+02
    0.101897381503864926E-02    0.104505012749059603E+02    0.233354192813088126E+02
    0.103770377590901917E-02    0.103940726605767573E+02    0.233356446712250900E+02
    0.110057236475066453E-02    0.102564326371389853E+02    0.234309264132078461E+02
    0.109331921397336088E-02    0.102496569500879851E+02    0.234308989603689142E+02
    0.115007015958489846E-02    0.101284474915817562E+02    0.233367202098693696E+02
    0.119431452514712081E-02    0.100329485859249239E+02    0.233371129789004144E+02
    0.125449640124236108E-02    0.991462495299686708E+01    0.234295210740230253E+02
    0.134505639953801776E-02    0.975522149944624140E+01    0.233382745717141873E+02
    0.137248908891776699E-02    0.969484150011306056E+01    0.234285942754855476E+02
    0.139819054547155172E-02    0.963773552299083747E+01    0.233387750233537510E+02
    0.142626897517211110E-02    0.957796953658856154E+01    0.233390317650270234E+02
    0.151541169237399249E-02    0.943671909690593580E+01    0.233396445110688404E+02
    0.150637299644748265E-02    0.942868384464846976E+01    0.234274457261857094E+02
    0.157173215344329881E-02    0.932373680200083754E+01    0.233401408533497161E+02
    0.169433319735796213E-02    0.915351485019232847E+01    0.233408995573684166E+02
    0.168419181398721230E-02    0.914552176302664499E+01    0.233409355156575522E+02
    0.171459850232304743E-02    0.908973550172480849E+01    0.233411873294586911E+02
    0.170495502132558732E-02    0.908101592941296509E+01    0.233412268241172818E+02
    0.176501256889741165E-02    0.899177776618311064E+01    0.234254921911597478E+02
    0.178670176762446282E-02    0.894735072471940818E+01    0.233418369293212891E+02
    0.177661665371935638E-02    0.893867179080580243E+01    0.233418768524060170E+02
    0.202295582222530900E-02    0.865897394889163330E+01    0.233431845909475371E+02
    0.205988280425539088E-02    0.860279520918964558E+01    0.234236729529188210E+02
    0.206582085851320270E-02    0.857703807407430219E+01    0.234235495673424019E+02
    0.207977313151195024E-02    0.854357575652754342E+01    0.234233887003878820E+02
    0.208052439908717026E-02    0.852285343551289643E+01    0.234232887531628577E+02
    0.217462150645884996E-02    0.841438413052261325E+01    0.234227614295744324E+02
    0.223610068182103104E-02    0.833862622542521592E+01    0.234223888848747421E+02
    0.221862931005822276E-02    0.833431423468881682E+01    0.234223675727844238E+02
    0.225672949860393404E-02    0.828026010792615885E+01    0.234220994093650923E+02
    0.223973450520903840E-02    0.827537872051534151E+01    0.233450502506749729E+02
    0.223135572387697483E-02    0.826287469193269608E+01    0.233451125889423921E+02
    0.224245173140558618E-02    0.823295380875490501E+01    0.234218631814458647E+02
    0.233064057155871196E-02    0.813580708286188425E+01    0.234213734441493457E+02
    0.230796587524079557E-02    0.813536026305501814E+01    0.233457541744917627E+02
    0.242919410933066775E-02    0.801297426908709376E+01    0.233463803667250254E+02
    0.255527399229019819E-02    0.789177447809341359E+01    0.233470110604727736E+02
    0.273686018203878187E-02    0.773447070054182007E+01    0.233478462341111772E+02
    0.273193594325177574E-02    0.771807240007861672E+01    0.233479344244823181E+02
    0.297604924355243661E-02    0.752690006182645188E+01    0.234181462090705885E+02
    0.310900174395680991E-02    0.741949000525030478E+01    0.234175451459079405E+02
    0.311679467047809361E-02    0.739448314021810660E+01    0.234174036762695188E+02
    0.330593747530114621E-02    0.725665321582378109E+01    0.233505122759738661E+02
    0.327628466264267074E-02    0.725467327813081919E+01    0.233505237708512894E+02
    0.329379391602749099E-02    0.722401325656373761E+01    0.234164230652173906E+02
    0.328415071443124333E-02    0.720987722109743334E+01    0.233507849195981620E+02
    0.330484609589922883E-02    0.717731357894116062E+01    0.233509760703248901E+02
    0.338500098503490216E-02    0.710938499455125950E+01    0.234157468818352754E+02
    0.338655464852795698E-02    0.708846723585331784E+01    0.233515034005990181E+02
    0.337851153246097966E-02    0.707322291429992767E+01    0.234155305968619629E+02
    0.335598711114605801E-02    0.706660149316543063E+01    0.234154908355237446E+02
    0.336332487202137482E-02    0.704223332939473945E+01    0.233517812740860080E+02
    0.333255016909848574E-02    0.704061773437843463E+01    0.234153343234450695E+02
    0.334928121382692357E-02    0.701060186972298904E+01    0.233519727925829272E+02
    0.334228787798764460E-02    0.699478225748522053E+01    0.233520690122246322E+02
    0.354996418901431252E-02    0.685421835760989406E+01    0.233529372379248663E+02
    0.352624969461669746E-02    0.684762359581715430E+01    0.234141467741604608E+02
    0.375150264181793808E-02    0.670378046086659385E+01    0.233538945875554447E+02
    0.377257176810553421E-02    0.667257951828703266E+01    0.233540970369423313E+02
    0.374070887912638858E-02    0.666954312260079885E+01    0.233541168131164838E+02
    0.373548578109337637E-02    0.665233764527986615E+01    0.234128962265312026E+02
    0.381884335335706641E-02    0.658819820989974758E+01    0.233546516511490054E+02
    0.380529536129563207E-02    0.657530616363909814E+01    0.234123880248805669E+02
    0.397687087505259763E-02    0.646710279373754116E+01    0.233554666997690212E+02
    0.397580668543665288E-02    0.644763805478098906E+01    0.233555999258843947E+02
    0.420769616211382532E-02    0.631426285326427195E+01    0.233565304684071933E+02
    0.417490305049557971E-02    0.630991111608956867E+01    0.234105639812873818E+02
    0.413820425983966924E-02    0.630756950912564918E+01    0.234105473388433083E+02
    0.411125713946480092E-02    0.630063567910453148E+01    0.233566273535697420E+02
    0.432535614706040100E-02    0.617910442301015550E+01    0.233575073332073124E+02
    0.433938123977547011E-02    0.615262985634415482E+01    0.234094223502388807E+02
    0.439353719984806289E-02    0.610782410340572479E+01    0.233580375683591335E+02
    0.436888531217115555E-02    0.609907759075283895E+01    0.234090219595030398E+02
    0.432614463686470298E-02    0.609873986669737356E+01    0.233581059369907571E+02
    0.443642848328349229E-02    0.602839407510465364E+01    0.233586417136394360E+02
    0.445775300184455669E-02    0.599880373361792874E+01    0.233588705567180952E+02
    0.449776350519554263E-02    0.596093284050762673E+01    0.234079587807681229E+02
    0.451577059856452315E-02    0.593294169425222329E+01    0.233593876900955344E+02
    0.448617967522052432E-02    0.592609041381899537E+01    0.234076832300744968E+02
    0.450284644507056245E-02    0.589867390897145594E+01    0.233596611775083787E+02
    0.447002645273504237E-02    0.589330473638802932E+01    0.233597043123599200E+02
    0.443668154085669411E-02    0.588827999669354352E+01    0.234073806006029130E+02
    0.445906651688856518E-02    0.585821450332085902E+01    0.233599881636044131E+02
    0.456932255268703048E-02    0.578936347729214695E+01    0.234065700649351811E+02
    0.454920529686355258E-02    0.577818827392353551E+01    0.234064766912985256E+02
    0.452634009288624753E-02    0.576826601641711800E+01    0.233607318849625614E+02
    0.463639615400800956E-02    0.570021864225773989E+01    0.234058143205863942E+02
    0.459266628179538436E-02    0.569917189987634831E+01    0.233613200573939110E+02
    0.460103449852919139E-02    0.567553105088865451E+01    0.233615249072513649E+02
    0.457458599980980346E-02    0.566706098370359790E+01    0.233615987659442226E+02
    0.454263812794248115E-02    0.566107753180286899E+01    0.233616510914925399E+02
    0.452906921204871121E-02    0.564706049642208185E+01    0.233617741630716296E+02
    0.452385738346054288E-02    0.562936332263368300E+01    0.234051948046286178E+02
    0.448373694334852982E-02    0.562717971354664659E+01    0.234051754304114183E+02
    0.447260332761176532E-02    0.561215211126037783E+01    0.234050416230371532E+02
    0.472366924914480873E-02    0.548292162750965684E+01    0.233632707972957085E+02
    0.470003849422750801E-02    0.547295199139229727E+01    0.233633652736772319E+02
    0.473077919162434232E-02    0.543991354348893719E+01    0.233636815684978103E+02
    0.471099280083930264E-02    0.542829604616567618E+01    0.234033313598425359E+02
    0.470813304139525764E-02    0.540951049412181284E+01    0.233639771457616483E+02
    0.470358961800471619E-02    0.539144145783925399E+01    0.233641549448123271E+02
    0.473648134991041993E-02    0.535750433167922324E+01    0.233644933658889933E+02
    0.481988005995333778E-02    0.530259530142800983E+01    0.233650540193471237E+02
    0.478616019429876048E-02    0.529663646855300563E+01    0.234020094640251308E+02
    0.479420580681758687E-02    0.527327725893227850E+01    0.234017649072019474E+02
    0.482115917440870990E-02    0.524206460575016298E+01    0.233656924448953802E+02
    0.479625536999382217E-02    0.523242242487595011E+01    0.234013290910160059E+02
    0.477773957910124919E-02    0.522015830277250181E+01    0.233659291890494458E+02
    0.477365785476470059E-02    0.520186767550597473E+01    0.233661293207800540E+02
    0.474517568716179092E-02    0.519383647503594137E+01    0.233662179258469180E+02
    0.481047567395957894E-02    0.514650144539319765E+01    0.233667496384178222E+02
    0.477623516810799821E-02    0.514078816041625153E+01    0.233668149572117585E+02
    0.473370773380914212E-02    0.513867584627351803E+01    0.233668391714567143E+02
    0.468937252640481105E-02    0.513749582162278440E+01    0.234002726376762240E+02
    0.465096635606538147E-02    0.513394335624624709E+01    0.234002318020342344E+02
    0.462000892835582547E-02    0.512730011400692920E+01    0.234001551681724855E+02
    0.458903899808199480E-02    0.512075212219518772E+01    0.234000792851306727E+02
    0.454378243464018290E-02    0.512057378813575337E+01    0.234000772135843889E+02
    0.453847742998855080E-02    0.510291021335768047E+01    0.233672546234805516E+02
    0.451858654052145897E-02    0.509169492394869572E+01    0.233673870972589910E+02
    0.450684355983943605E-02    0.507689932403948951E+01    0.233675635392191161E+02
    0.448958084871652237E-02    0.506457469884434186E+01    0.233994133380401585E+02
    0.448455799411252073E-02    0.504681351204591433E+01    0.233991968898331884E+02
    0.447130269508110977E-02    0.503273379561014345E+01    0.233681021983753539E+02
    0.447770147146063936E-02    0.500987368856318849E+01    0.233987368345130378E+02
    0.443702704068494030E-02    0.500812425579885900E+01    0.233987147003297089E+02
    0.439751113369639662E-02    0.500601593037868664E+01    0.233684373691490279E+02
    0.436122064845036531E-02    0.500258942244179394E+01    0.233684808929549526E+02
    0.432961872581372371E-02    0.499713442117395612E+01    0.233685504432091662E+02
    0.434165216196960406E-02    0.497158347297439551E+01    0.233688805981378351E+02
    0.430189091828151859E-02    0.496998404032745800E+01    0.233982238391040305E+02
    0.428581015877927633E-02    0.495747418380268279E+01    0.233690661325093707E+02
    0.426577013524698061E-02    0.494684791802616619E+01    0.233692074487948531E+02
    0.424970081273346942E-02    0.493439622237069564E+01    0.233693748319720491E+02
    0.421607720333373390E-02    0.493028314316442806E+01    0.233976947934295367E+02
    0.427590719121020806E-02    0.488210081258777340E+01    0.233970248272029551E+02
    0.429035261736231827E-02    0.485535553977673207E+01    0.233966381315655561E+02
    0.425149746404878889E-02    0.485355085856028534E+01    0.233705137255329660E+02
    0.423143397303181023E-02    0.484301151662526763E+01    0.233964557447456407E+02
    0.419362991961168101E-02    0.484096001297885881E+01    0.233707001689557679E+02
    0.416395107061925604E-02    0.483516458905572843E+01    0.233707869011438909E+02
    0.413593040895704218E-02    0.482866876652518595E+01    0.233962405309986288E+02
    0.413637529314328251E-02    0.480845364672536224E+01    0.233959308450356716E+02
    0.415957351703509590E-02    0.477726829113128026E+01    0.233954372707048464E+02
    0.416570608883376579E-02    0.475432180851534625E+01    0.233950605711233806E+02
    0.412526416007410242E-02    0.475383327619541785E+01    0.233950524168929093E+02
    0.410269976345096002E-02    0.474480291748232919E+01    0.233949006325806650E+02
    0.407254705772554671E-02    0.473955615643086858E+01    0.233948115032008204E+02
    0.404754236048405092E-02    0.473187364457148885E+01    0.233724456440975885E+02
    0.402379012244992278E-02    0.472364483930277501E+01    0.233725885672736240E+02
    0.400640508088799183E-02    0.471230468792825796E+01    0.233727886366341941E+02
    0.398074787238184707E-02    0.470515397072450536E+01    0.233942086250888792E+02
    0.395265843069904019E-02    0.469931664334663690E+01    0.233730224435129017E+02
    0.391398515890845240E-02    0.469898123493923947E+01    0.233730285501709112E+02
    0.387714116189324162E-02    0.469789725306093242E+01    0.233730483100851245E+02
    0.390657562812127268E-02    0.466277100562499935E+01    0.233737100524390158E+02
    0.387152977836466121E-02    0.466079394827629478E+01    0.233737486244550752E+02
    0.386094446687297371E-02    0.464626972111085301E+01    0.233740367764809527E+02
    0.382385534049902494E-02    0.464557505906720891E+01    0.233740507768942507E+02
    0.378706360458505196E-02    0.464491150070834902E+01    0.233930611817659546E+02
    0.376004981830037072E-02    0.463922897555561242E+01    0.233741796447203249E+02
    0.372422934025916450E-02    0.463837350546738048E+01    0.233741971520955225E+02
    0.368815080126939053E-02    0.463784300013256523E+01    0.233742080254583442E+02
    0.365159664416983684E-02    0.463776437186821422E+01    0.233929157133544017E+02
    0.362001071793751576E-02    0.463513941610057234E+01    0.233928617152155738E+02
    0.359162003041434185E-02    0.463088666394762516E+01    0.233927735597072903E+02
    0.356198496196841272E-02    0.462745746315124507E+01    0.233927018563779257E+02
    0.354046310372109572E-02    0.461957831158029020E+01    0.233925349355748544E+02
    0.350544798774475195E-02    0.461945673682709579E+01    0.233745930158080597E+02
    0.347691435085301960E-02    0.461580294995344342E+01    0.233924538436211904E+02
    0.344564531286745959E-02    0.461387097806364999E+01    0.233924120588814546E+02
    0.342576420807832582E-02    0.460544424273678388E+01    0.233748979021237275E+02
    0.339217939833056422E-02    0.460514817889984851E+01    0.233749044597478850E+02
    0.336167514083492288E-02    0.460321458216286583E+01    0.233749474104268771E+02
    0.333399856377209532E-02    0.459974868218701083E+01    0.233921004128129439E+02
    0.330240550299005413E-02    0.459879110283059056E+01    0.233920788684176699E+02
    0.327984606971287382E-02    0.459250040662116010E+01    0.233919359571108956E+02
    0.324730889244092364E-02    0.459244014880403562E+01    0.233919345763848234E+02
    0.322041326365002725E-02    0.458907400114051889E+01    0.233918570806453197E+02
    0.320784815259153285E-02    0.457689267947203682E+01    0.233755549754683187E+02
    0.318125275851968616E-02    0.457354325241061854E+01    0.233756356263806069E+02
    0.315133647267669967E-02    0.457244010948419444E+01    0.233756623692141048E+02
    0.312080442732229606E-02    0.457191179356140776E+01    0.233756752089716251E+02
    0.309388859193389853E-02    0.456923590183107642E+01    0.233757405653601182E+02
    0.307289521213017234E-02    0.456285302321491404E+01    0.233758987117375376E+02
    0.326351969350389135E-02    0.444244750896077001E+01    0.233800218315362471E+02
    0.327356021346003395E-02    0.443630377016941058E+01    0.233867533288645895E+02
    0.331602799086749269E-02    0.441052469927405077E+01    0.233830250741742844E+02
    0.331642512980338680E-02    0.441028518672619274E+01    0.233840066533526247E+02
    0.310727386323474521E-02    0.454056851511599557E+01    0.233764784727534902E+02
    0.331707804772053347E-02    0.440989147745868593E+01    0.233833480770642979E+02
    0.323601778333155706E-02    0.445937306676088951E+01    0.233792001308824098E+02
    0.318677934254503036E-02    0.449003846343871871E+01    0.233780130902473289E+02
    0.330943102882716228E-02    0.441450749605889570E+01    0.233822146449003121E+02
    0.328534280970069941E-02    0.442911805092713440E+01    0.233808381287266052E+02
    0.328031599636910724E-02    0.443218053983328630E+01    0.233806304048912921E+02
    0.331569241491763223E-02    0.441072710584707384E+01    0.233841682147083141E+02
    0.329962935496838335E-02    0.442043976508099945E+01    0.233855858805942844E+02
    0.321559935436826387E-02    0.447203252667631457E+01    0.233884503280533629E+02
    0.329777110129388573E-02    0.442156642321609805E+01    0.233814353184868082E+02
    0.330517855699746527E-02    0.441707905972286241E+01    0.233818881971902606E+02
    0.308157998916152925E-02    0.455717515816052643E+01    0.233910831668404953E+02
    0.331612805467575806E-02    0.441046434857808478E+01    0.233840782911863521E+02
    0.320972287341397431E-02    0.447569085376681564E+01    0.233885918724992194E+02
    0.323187965852752375E-02    0.446193224485909656E+01    0.233880363472268726E+02
    0.314232114307018157E-02    0.451813656731394708E+01    0.233771145017288511E+02
    0.331501047028074898E-02    0.441113849188025409E+01    0.233842869156371869E+02
    0.329451973144558475E-02    0.442353925493389166E+01    0.233858610688284152E+02
    0.322549212458303871E-02    0.446588898530545819E+01    0.233789224267484386E+02
    0.324174887064802028E-02    0.445583413791831884E+01    0.233877667136730345E+02
    0.331063881336286173E-02    0.441377772457437079E+01    0.233848025059023250E+02
    0.310677921143704067E-02    0.454088692359613422E+01    0.233906554962635660E+02
    0.315004659578457455E-02    0.451322556597599167E+01    0.233898630432360797E+02
    0.331444473179844318E-02    0.441147984028155449E+01    0.233843723030978090E+02
    0.331046462868264928E-02    0.441388295457524737E+01    0.233848186832470795E+02
    0.314301693468906984E-02    0.451769376432507030E+01    0.233899976619494829E+02
    0.308227494390956019E-02    0.455672417106980365E+01    0.233910716534169012E+02
    0.321391948615345081E-02    0.447307762401233866E+01    0.233786341727354490E+02
    0.312683173379678945E-02    0.452801952349398551E+01    0.233768268780665629E+02
    0.322608003089488700E-02    0.446552448108893074E+01    0.233881878301018524E+02
    0.326493624589087967E-02    0.444157958403495634E+01    0.233800691730766701E+02
    0.324244758675634390E-02    0.445540311081072371E+01    0.233793783534677360E+02
    0.317739102034291041E-02    0.449593920366218214E+01    0.233893126298642287E+02
    0.331470535010053345E-02    0.441132258434436508E+01    0.233843341408648300E+02
    0.330612510518562804E-02    0.441650637497383691E+01    0.233851702027827031E+02
    0.317980379087187594E-02    0.449442106824776477E+01    0.233892617523607207E+02
    0.327238036137983933E-02    0.443702473735784153E+01    0.233867963883904402E+02
    0.325293839739040132E-02    0.444894263577087301E+01    0.233874394931249867E+02
    0.323547160781340656E-02    0.445971065552071710E+01    0.233879400411628744E+02
    0.311828863932866280E-02    0.453349137946259795E+01    0.233766727930308171E+02
    0.331670243349301268E-02    0.441011796323341887E+01    0.233839273037953355E+02
    0.312974988849438378E-02    0.452615386899741345E+01    0.233768802262253033E+02
    0.330914000190483167E-02    0.441468338110789826E+01    0.233849355096718732E+02
    0.311737392305647641E-02    0.453407814391278574E+01    0.233904688773814406E+02
    0.312940060151147047E-02    0.452637708585971943E+01    0.233902515305134528E+02
    0.324473666266027107E-02    0.445399166577637651E+01    0.233794435749717096E+02
    0.329362013653774740E-02    0.442408544547110250E+01    0.233812191356029722E+02
    0.331224211413672781E-02    0.441280938416617818E+01    0.233846423207221896E+02
    0.328848876669310484E-02    0.442720382042335014E+01    0.233809764276144136E+02
    0.327387355681635264E-02    0.443611234044744229E+01    0.233803835536681959E+02
    0.327227660523150311E-02    0.443708815162011749E+01    0.233868001483840935E+02
    0.321844118376241224E-02    0.447026578022073551E+01    0.233883804819513799E+02
    0.331402511853355142E-02    0.441173305906352375E+01    0.233826951189552616E+02
    0.328709497915855801E-02    0.442805167674108180E+01    0.233809142807549044E+02
    0.331040581351586816E-02    0.441391848776822826E+01    0.233823012524487410E+02
    0.325088396690382392E-02    0.445020615770602923E+01    0.233796238284766389E+02
    0.316373120899745381E-02    0.450455586928101681E+01    0.233895932750202391E+02
    0.319432555496064778E-02    0.448530811278336738E+01    0.233889462522543177E+02
    0.324194958540080557E-02    0.445571031059710165E+01    0.233793642923224851E+02
    0.330407070176541324E-02    0.441774954751901117E+01    0.233818130643650015E+02
    0.313778505485706738E-02    0.452102574712014071E+01    0.233770291080720973E+02
    0.311985159170247899E-02    0.453248918820133184E+01    0.233904245960069588E+02
    0.331684122757901255E-02    0.441003427096086398E+01    0.233832451202712370E+02
    0.322436944669866367E-02    0.446658523460216195E+01    0.233788937297386390E+02
    0.331218893505726012E-02    0.441284149504729228E+01    0.233846480116379780E+02
    0.330063277004900629E-02    0.441983165887591589E+01    0.233815979793888289E+02
    0.326118066598876351E-02    0.444388146147135288E+01    0.233871803787846027E+02
    0.330832897273143980E-02    0.441517361638096872E+01    0.233821229629474097E+02
    0.311177313772082256E-02    0.453767464711958546E+01    0.233905680718473477E+02
    0.330440582276086926E-02    0.441754670440108566E+01    0.233852899019637412E+02
    0.319623789398318370E-02    0.448411113596284583E+01    0.233889034270283531E+02
    0.327082471129515372E-02    0.443797573925780764E+01    0.233802730267560435E+02
    0.315736039405154368E-02    0.450858733568152470E+01    0.233774051621452941E+02
    0.319015099158799628E-02    0.448792355913179630E+01    0.233780866895344133E+02
    0.331452962163786280E-02    0.441142861676799214E+01    0.233827652784975690E+02
    0.330732931064149638E-02    0.441577803822667736E+01    0.233850807947736428E+02
    0.328483542647255156E-02    0.442942695166675993E+01    0.233808164638919074E+02
    0.320703772719355953E-02    0.447736468674533672E+01    0.233784700282644167E+02
    0.331691224635034636E-02    0.440999144828340484E+01    0.233832721405284971E+02
    0.329947851035327071E-02    0.442053119841909048E+01    0.233815308193825118E+02
    0.331102397491566183E-02    0.441354505700095068E+01    0.233847659653503150E+02
    0.324578504382888036E-02    0.445334556598647691E+01    0.233794737777100003E+02
    0.326461063837332191E-02    0.444177905117936511E+01    0.233870671150633775E+02
    0.324360300546366756E-02    0.445469055471630604E+01    0.233877141995499613E+02
    0.312505194602638071E-02    0.452915824450009286E+01    0.233767945231335048E+02
    0.325656696798402694E-02    0.444671292966216836E+01    0.233797978131632291E+02
    0.325660576437505596E-02    0.444668910324599675E+01    0.233873263239872387E+02
    0.331239058281256743E-02    0.441271973773132853E+01    0.233824990796769221E+02
    0.326063191013530778E-02    0.444421802793863208E+01    0.233799271684008083E+02
    0.324088725480895304E-02    0.445636578327213417E+01    0.233793344463621722E+02
    0.316115489777409747E-02    0.450618518644015609E+01    0.233896448863126771E+02
    0.330265302463824935E-02    0.441860787137672428E+01    0.233817213520539688E+02
    0.331628850665030171E-02    0.441036758024449860E+01    0.233840409329362018E+02
    0.328351024043260081E-02    0.443023396525899837E+01    0.233863646973363615E+02
    0.322531348052623647E-02    0.446599975848188535E+01    0.233789178491976450E+02
