    0.128809740532454487E-98    0.451444911652909525E+03    0.251462437262343457E+02
    0.133013054363414254E-97    0.446755519786020159E+03    0.251435167838669180E+02
    0.203419738908863841E-81    0.372203148315859721E+03    0.241471474307694400E+02
    0.140552543099059750E-79    0.363712188209063527E+03    0.241526024746222596E+02
    0.290206611377304468E-78    0.357636994560610219E+03    0.250886701492469797E+02
    0.120158440216916187E-75    0.345565047833214862E+03    0.250807359644208709E+02
    0.246573887578011854E-75    0.344107346856640106E+03    0.241654462485434287E+02
    0.207098433659129349E-74    0.339831111650995808E+03    0.241682959859067914E+02
    0.534122381837281255E-74    0.337916250076974620E+03    0.250756369491052595E+02
    0.140884048835695098E-70    0.322140944910606549E+03    0.241802799701690674E+02
    0.193137694395506657E-67    0.307674502005425154E+03    0.250548878909657304E+02
    0.301188064307594831E-65    0.297555498651412620E+03    0.250477191135567665E+02
    0.367284019926285379E-63    0.287928357125435525E+03    0.242044301025942872E+02
    0.522436230207082017E-63    0.287203622157571886E+03    0.242049567854696477E+02
    0.929187374817904504E-57    0.258400986072220462E+03    0.250187599658966064E+02
    0.633495166252057394E-56    0.254541931974522385E+03    0.250157903099775289E+02
    0.817861128354347030E-54    0.244800711236654536E+03    0.242370223999023438E+02
    0.143684457187948134E-53    0.243653686904163465E+03    0.242379269217204794E+02
    0.597903014789810058E-53    0.240782069039227224E+03    0.242402008084883143E+02
    0.846946855278450085E-53    0.240065650259511017E+03    0.250044446194886234E+02
    0.443877980803100018E-51    0.232127486370291194E+03    0.242471372124868161E+02
    0.927150594464015607E-51    0.230634353771701399E+03    0.249968679149862112E+02
    0.675585152387279004E-49    0.222037086996090807E+03    0.249898250571558336E+02
    0.956788179261561280E-49    0.221321081354279954E+03    0.249892324043046372E+02
    0.835854037966044984E-47    0.212360997035429079E+03    0.242634815687997722E+02
    0.230672997804873171E-46    0.210310732626246647E+03    0.249799951748374838E+02
    0.875818811278197260E-46    0.207622416387449590E+03    0.242675115413713627E+02
    0.149348293822563863E-45    0.206535002426513188E+03    0.242684428122274234E+02
    0.378649592640645415E-44    0.200049172042200240E+03    0.249711658255334648E+02
    0.698490822521685515E-44    0.198804550402132691E+03    0.249700796604156494E+02
    0.135785224745378514E-43    0.197455075480440371E+03    0.242763166920071782E+02
    0.112027657159083197E-42    0.193214562550239805E+03    0.249651588830115685E+02
    0.378916745834168272E-42    0.190757421083765678E+03    0.249629733930031605E+02
    0.159526910659311245E-41    0.187862458669992634E+03    0.249603803415115166E+02
    0.403593446835687422E-40    0.181380897634590042E+03    0.242907135499664939E+02
    0.411086847522137626E-40    0.181324104737698548E+03    0.242907655239105225E+02
    0.188303135890276539E-39    0.178260437373304057E+03    0.242935814017932046E+02
    0.396915255695143574E-39    0.176749097959385892E+03    0.249502354155751469E+02
    0.975824278550903404E-39    0.174929978496267381E+03    0.242966700891537641E+02
    0.131627216410867326E-38    0.174311425747466899E+03    0.249479678665916538E+02
    0.276235187008346340E-37    0.168203697920351487E+03    0.243029990860660021E+02
    0.133204757677883307E-36    0.165037258042231770E+03    0.249391925334930420E+02
    0.100654072300934335E-34    0.156367313399224201E+03    0.243144518309149724E+02
    0.895018357758387535E-34    0.151977004162744493E+03    0.243188095940674245E+02
    0.280179629749128836E-32    0.145069490385236918E+03    0.249194194391734385E+02
    0.127760447986496107E-31    0.142014868043093514E+03    0.249162772099323249E+02
    0.870705936433449390E-31    0.138156573456208378E+03    0.243329552910413440E+02
    0.114520339664741478E-30    0.137588506985421418E+03    0.243335515384939072E+02
    0.605450889246126181E-30    0.134238064973974588E+03    0.249081213145410274E+02
    0.988033921227255479E-30    0.133238577817075964E+03    0.243381586862632382E+02
    0.563285152517324148E-29    0.129737269716825750E+03    0.249032928754730243E+02
    0.265588365665459608E-28    0.126615776280523804E+03    0.243453200590957621E+02
    0.373760513870535761E-28    0.125912440995735665E+03    0.248991233496393995E+02
    0.582967665790702218E-28    0.125003408059774898E+03    0.248981231135362613E+02
    0.144373806763336695E-25    0.113959349315106010E+03    0.243595474404765433E+02
    0.750422868949191524E-25    0.110642887202092027E+03    0.243634046467215448E+02
    0.132045011340113273E-22    0.100282364671016865E+03    0.243758425093163851E+02
    0.571662903116920036E-22    0.973315514150575325E+02    0.248657134550378061E+02
    0.168769878982130949E-21    0.951464079555716893E+02    0.243822467447416820E+02
    0.487992776745670876E-21    0.930028789959662134E+02    0.243849706415267029E+02
    0.745244377470528097E-21    0.921360558278680628E+02    0.243860810674793136E+02
    0.444494274092414363E-20    0.885444356715857168E+02    0.243907386971520452E+02
    0.507756614183387534E-20    0.882583055642992917E+02    0.248541010516575369E+02
    0.401548815903475551E-19    0.841024816123449455E+02    0.243966317871441198E+02
    0.149589960509590466E-18    0.814521737371970858E+02    0.244002222927204961E+02
    0.418918050215892972E-18    0.793726190128222555E+02    0.248421341505228988E+02
    0.657369172133013625E-18    0.784514781129702783E+02    0.244043587737665462E+02
    0.521063898689755660E-17    0.742910540990587691E+02    0.244102271956402959E+02
    0.263796545288403601E-16    0.710272729855165892E+02    0.244149469185286101E+02
    0.583892630387908227E-16    0.694181950463118937E+02    0.248279011124974076E+02
    0.635731413871375071E-16    0.692280769361906891E+02    0.244175951721403770E+02
    0.120653150357961978E-15    0.679266192814722842E+02    0.244195323245563571E+02
    0.160770679171689416E-15    0.673325010947062594E+02    0.248247920248765261E+02
    0.421135107424038877E-15    0.653865516831322964E+02    0.244233673276858205E+02
    0.835230549422113303E-15    0.639970435003582097E+02    0.248197180518200859E+02
    0.419159214534012277E-13    0.561456170466472173E+02    0.244379902094079711E+02
    0.463348709652076338E-13    0.559251588696365047E+02    0.248068615980695348E+02
    0.541157047273420902E-13    0.555946996611893240E+02    0.244388987432532723E+02
    0.730483582464600710E-13    0.549747052029331513E+02    0.248052882359832267E+02
    0.154116739193776213E-12    0.534615278061509116E+02    0.244424598325621005E+02
    0.368731666748855661E-12    0.516968101518055647E+02    0.244454599280100418E+02
    0.137596961309590974E-11    0.490431206605721144E+02    0.247951453460065423E+02
    0.173247174667750022E-11    0.485623396838651757E+02    0.244509178642396066E+02
    0.275027085626894523E-11    0.476180391720608753E+02    0.247926183530300115E+02
    0.441234525037583561E-11    0.466526252702788469E+02    0.247908848951515104E+02
    0.860940733153018647E-11    0.452957270097496973E+02    0.244567969625959520E+02
    0.133358399259135154E-10    0.444005276876537707E+02    0.247867699813291935E+02
    0.148093315233027639E-10    0.441709229912660390E+02    0.244588701829268267E+02
    0.215515951845723829E-10    0.434005382995026281E+02    0.247849094104434897E+02
    0.586394564625055283E-10    0.413786223951378460E+02    0.247810807308123593E+02
    0.883478735830243645E-10    0.405388737113505684E+02    0.247794631266529457E+02
    0.130335464196689983E-09    0.397412147310573260E+02    0.244673038363216975E+02
    0.270513894745328471E-09    0.382607910443686663E+02    0.244702264214395413E+02
    0.364371984333756636E-09    0.376450874104959468E+02    0.244714585532377669E+02
    0.363991155193084921E-09    0.376271788352521384E+02    0.244714945418192542E+02
    0.446099157882715232E-09    0.372003554632942723E+02    0.244723548252859260E+02
    0.445322699592559679E-09    0.371838395981290262E+02    0.244723882128308610E+02
    0.500507551005865383E-09    0.369301926009624282E+02    0.247723129271446894E+02
    0.788221390927183111E-09    0.360018799653924546E+02    0.247704176567906380E+02
    0.180386866959069694E-08    0.343260601752732839E+02    0.247669332488175336E+02
    0.179595502343138880E-08    0.343148535602635505E+02    0.247669096645310276E+02
    0.324291562223162797E-08    0.331129817970172411E+02    0.247643575543025101E+02
    0.471126152723438626E-08    0.323460159894453056E+02    0.247627046455029785E+02
    0.489651112883574654E-08    0.322488815401496396E+02    0.247624939150204213E+02
    0.967923701410765266E-08    0.308659612594800841E+02    0.247594585155798868E+02
    0.257147311694052090E-07    0.288917993642516997E+02    0.247550048636886260E+02
    0.267310308324215719E-07    0.287942772260666011E+02    0.247547809669072691E+02
    0.322511018345169481E-07    0.283988229979916440E+02    0.247538691468183849E+02
    0.406021753141422803E-07    0.279182841254538268E+02    0.244924622890185262E+02
    0.466641529968982044E-07    0.276199748778541476E+02    0.247520545344126646E+02
    0.464568359836539890E-07    0.276088801679734708E+02    0.244931863323761760E+02
    0.722636544549369292E-07    0.267052848178666338E+02    0.244953244328249014E+02
    0.755805114803990571E-07    0.265955304835256925E+02    0.244955865863335269E+02
    0.823842764636100374E-07    0.264031382159493724E+02    0.247491673990518919E+02
    0.133100987816752235E-06    0.254237111201567103E+02    0.244984200241601009E+02
    0.193809707142800923E-06    0.246521738408138447E+02    0.245003214253272894E+02
    0.334275822188533425E-06    0.235419944799009322E+02    0.245031104628312093E+02
    0.346201890998233877E-06    0.234518832043653269E+02    0.245033397057611815E+02
    0.541618542227661129E-06    0.225368035000695031E+02    0.247395217104834515E+02
    0.614076129161136786E-06    0.222656895954848224E+02    0.247388153033677476E+02
    0.790800083613755094E-06    0.217398370200715547E+02    0.247374327674866770E+02
    0.899903874253329795E-06    0.214613515116608795E+02    0.245085210271118044E+02
    0.102658525227488857E-05    0.211779408452849722E+02    0.245092780036517937E+02
    0.106791678719818071E-05    0.210789972103783221E+02    0.247356713628347897E+02
    0.117520081287723642E-05    0.208675387810264894E+02    0.247351019165309545E+02
    0.153104793174454932E-05    0.203185120088450653E+02    0.245116050551700333E+02
    0.174071746208489551E-05    0.200418221306235154E+02    0.245123646928670773E+02
    0.180482977478447922E-05    0.199494842966884889E+02    0.247325954646166650E+02
    0.196220504144415613E-05    0.197622791321157365E+02    0.247320773171477200E+02
    0.208764168544557326E-05    0.196183467587525833E+02    0.247316772665586235E+02
    0.210145869595065631E-05    0.195851534147385848E+02    0.247315847994457059E+02
    0.254522878853763090E-05    0.191819757697139011E+02    0.247304553329308376E+02
    0.253704312946401363E-05    0.191684182948553499E+02    0.245147976865696151E+02
    0.270197054988495157E-05    0.190224541759620323E+02    0.245152096660778867E+02
    0.292036154433343608E-05    0.188470020058302303E+02    0.247295078578147240E+02
    0.321291301959082844E-05    0.186360608394324672E+02    0.247289068761596553E+02
    0.380718962313888619E-05    0.182766342857016326E+02    0.245173398849743123E+02
    0.422954573757434436E-05    0.180462276628723650E+02    0.245180067457659376E+02
    0.463311595365740038E-05    0.178439575883842174E+02    0.247266191380643612E+02
    0.727971441794621377E-05    0.169202335898963199E+02    0.245213288279724608E+02
    0.878785661816912467E-05    0.165236751786648455E+02    0.247226897644659900E+02
    0.906118688738397796E-05    0.164424166271719230E+02    0.245227719598818332E+02
    0.140596111696086798E-04    0.155438043943214517E+02    0.247196707272827396E+02
    0.140114416274915024E-04    0.155306683462716268E+02    0.245255852175545250E+02
    0.147152948486421385E-04    0.154126420186279685E+02    0.247192594524664173E+02
    0.174456196890757460E-04    0.150522396632581792E+02    0.245270945826866580E+02
    0.208219918331329166E-04    0.146783974005074445E+02    0.247169240293875276E+02
    0.213233142946484147E-04    0.146108147722931179E+02    0.247167061552590326E+02
    0.222866383249236021E-04    0.145024422149014391E+02    0.247163557248216215E+02
    0.290846745543195925E-04    0.139499940805024440E+02    0.247145485877990723E+02
    0.333933663666896208E-04    0.136537023192045108E+02    0.245316502495917774E+02
    0.369917169888116638E-04    0.134290288113355913E+02    0.245324035600001480E+02
    0.375093217721410055E-04    0.133812378908149316E+02    0.245325646115964560E+02
    0.508931719353705316E-04    0.127509593203560954E+02    0.247104986276789234E+02
    0.530564462134695296E-04    0.126477041167399413E+02    0.247101411017118764E+02
    0.607127955740120688E-04    0.123581079040043420E+02    0.245360843543994065E+02
    0.742416694359887216E-04    0.119357657056863449E+02    0.247076350744934565E+02
    0.735418159292835350E-04    0.119347085188650155E+02    0.247076312982668895E+02
    0.787677408992953519E-04    0.117774097889771809E+02    0.245381472813507493E+02
    0.912346364131261109E-04    0.114635476357428843E+02    0.247059312989555124E+02
    0.100651431415892033E-03    0.112470901087615776E+02    0.247051385586666257E+02
    0.997803623741201688E-04    0.112444740678518329E+02    0.247051289312695843E+02
    0.988910964558128861E-04    0.112423784384639163E+02    0.245400936155456861E+02
    0.121721356992734740E-03    0.108069479092773051E+02    0.247035026550292969E+02
    0.141860876027436519E-03    0.104807231940654493E+02    0.247022684810880087E+02
    0.147735309488041200E-03    0.103795724098184863E+02    0.247018819049274256E+02
    0.149844090592595190E-03    0.103312261411659811E+02    0.247016964686802289E+02
    0.154928162372163788E-03    0.102444937743308131E+02    0.245438521287787097E+02
    0.161005568942088029E-03    0.101475389479891120E+02    0.245442269129003350E+02
    0.176156475852119602E-03    0.994767152137950994E+01    0.247002096111620872E+02
    0.185488637064551459E-03    0.982442960725728476E+01    0.246997257761483802E+02
    0.184266618447157297E-03    0.981764941196239427E+01    0.245455157641176775E+02
    0.184330102459307388E-03    0.979696048545626041E+01    0.245455973128541238E+02
    0.196306536169883598E-03    0.965106206102831976E+01    0.245461748652166847E+02
    0.206215568363040161E-03    0.953257271614955926E+01    0.246985676862901684E+02
    0.222208719121837867E-03    0.936318262335056950E+01    0.246978873751968635E+02
    0.238436586712889391E-03    0.920221007382317957E+01    0.245479797097446628E+02
    0.272197799026242695E-03    0.891735884753665786E+01    0.246960667337114401E+02
    0.303908722793880010E-03    0.867696205145947985E+01    0.246950660268117375E+02
    0.302902709756330173E-03    0.866359352809470629E+01    0.245502048624972176E+02
    0.309755015431331172E-03    0.859885343167270122E+01    0.246947378935020296E+02
    0.323465068128161201E-03    0.849223460205864633E+01    0.246942875646127931E+02
    0.450795846198475151E-03    0.780838772049827945E+01    0.246913290541397288E+02
    0.540167333538575699E-03    0.742665891920708887E+01    0.245555940234524712E+02
    0.586642535500498719E-03    0.724158552446941783E+01    0.246887767314910889E+02
    0.586801237099005327E-03    0.722104454720853983E+01    0.245565324499502786E+02
    0.634254743771427371E-03    0.704551550058349818E+01    0.245573442423797346E+02
    0.808438014896697456E-03    0.654020883759908678E+01    0.245597396974974096E+02
    0.938755801824455133E-03    0.622130608930343776E+01    0.245612996423125267E+02
    0.994555428649152680E-03    0.608582519229927410E+01    0.246832403274201226E+02
    0.103789347548105234E-02    0.598051998880216473E+01    0.245625042915344238E+02
    0.103878763603127496E-02    0.595879770106038542E+01    0.245626141573279391E+02
    0.104477812300678478E-02    0.592729721741892668E+01    0.246824409966647096E+02
    0.110241898885417820E-02    0.579989260591863065E+01    0.246817907722763650E+02
    0.111788019021441141E-02    0.575203788899703294E+01    0.245636701469387688E+02
    0.115292467236396815E-02    0.567030248361927924E+01    0.245640928518403321E+02
    0.115960039780892490E-02    0.563875537595750664E+01    0.245642568206917602E+02
    0.115219771187505130E-02    0.563156395332342452E+01    0.246809205705248225E+02
    0.118408685557843275E-02    0.555696251515552753E+01    0.245646841080157472E+02
    0.117484502663608905E-02    0.555263380485622005E+01    0.246805080246667998E+02
    0.123073287305472401E-02    0.543968665080441482E+01    0.245653023179086389E+02
    0.122771464261377033E-02    0.542459744420246803E+01    0.246798324894713765E+02
    0.121704504906459650E-02    0.542205463858770109E+01    0.246798189925442841E+02
    0.124038837081262023E-02    0.536405723250698774E+01    0.246795102795980448E+02
    0.123735309584317179E-02    0.534895730223356125E+01    0.246794296293739279E+02
    0.123754421874386648E-02    0.532864840392097072E+01    0.246793209766756476E+02
    0.126039919426442566E-02    0.527204931494008111E+01    0.246790170669555664E+02
    0.141754045555744519E-02    0.501705970562555237E+01    0.245675877511202572E+02
    0.141940922714067991E-02    0.499442480256058019E+01    0.246775019958617747E+02
    0.162218325133889579E-02    0.470736044231765582E+01    0.245693247081025135E+02
    0.162803491677747597E-02    0.468015886819743177E+01    0.246757348520020798E+02
    0.164329669329201021E-02    0.464149749226869801E+01    0.245697014551564479E+02
    0.173202771642123323E-02    0.451632067307241414E+01    0.246747898495027300E+02
    0.185862346715970524E-02    0.435523401356705175E+01    0.246738437273973510E+02
    0.193036048639016631E-02    0.425949276622510720E+01    0.246732730330706396E+02
    0.191341088490993563E-02    0.425713139215246095E+01    0.245719559576522855E+02
    0.191207356528602743E-02    0.423852971928806177E+01    0.245720676172021300E+02
    0.200324308983078261E-02    0.412537147382038327E+01    0.245727522554510855E+02
    0.204489107359690945E-02    0.406421725153943569E+01    0.245731261980879871E+02
    0.212046323574645399E-02    0.397163715371771175E+01    0.246715170918002897E+02
    0.212965405980543180E-02    0.394298719161418010E+01    0.246713388628846566E+02
    0.222420900220651838E-02    0.383610360263183470E+01    0.245745467164245071E+02
    0.223316248953440814E-02    0.380806882304347116E+01    0.245747242034390005E+02
    0.241722901328382403E-02    0.362966260163999088E+01    0.246693453584184290E+02
    0.240775229007047196E-02    0.361751899303601565E+01    0.245759484526512750E+02
    0.245320184007668911E-02    0.356011820851929883E+01    0.246688912449381732E+02
    0.243336391109758628E-02    0.355635704697863453E+01    0.246688665581025006E+02
    0.245099664385671750E-02    0.352191682770310344E+01    0.245765749438609582E+02
    0.257092473647520638E-02    0.340637499054671089E+01    0.245773436730223942E+02
    0.268623477925190217E-02    0.329862529262430915E+01    0.245780725146032140E+02
    0.273846270961982090E-02    0.324011288206913139E+01    0.245784733473426655E+02
    0.281372504435614982E-02    0.316588781015513998E+01    0.245789871173505610E+02
    0.281650494406596782E-02    0.314391282871287014E+01    0.246660744452929421E+02
    0.279616189604329178E-02    0.313841084734433418E+01    0.246660359853873388E+02
    0.284661832413855538E-02    0.308264282453128846E+01    0.245795706172760582E+02
    0.286477900788756172E-02    0.304992387405444987E+01    0.246654126978600452E+02
    0.284055251620414159E-02    0.304690913578153433E+01    0.246653913025942622E+02
    0.289203618950536773E-02    0.299098466244527028E+01    0.246649924544133441E+02
    0.292030217322137220E-02    0.295153210839013092E+01    0.245805060243170246E+02
    0.303893633783767223E-02    0.285189116755507088E+01    0.246639837829302522E+02
    0.303387967300481742E-02    0.283522185696999296E+01    0.245813535874372135E+02
    0.318227345250227979E-02    0.271971457114717685E+01    0.245822128953885937E+02
    0.323125112327652449E-02    0.266916748439488138E+01    0.246626200925557484E+02
    0.320869248246634505E-02    0.266317924254706684E+01    0.246625746141228106E+02
    0.323928491100046933E-02    0.262420110027488995E+01    0.245829375180852132E+02
    0.326821423245157337E-02    0.258641883929239791E+01    0.245832278373158601E+02
    0.354654893888242846E-02    0.240295629666151411E+01    0.246605456962413427E+02
    0.356210898311856358E-02    0.237420073730980619E+01    0.245849000379524512E+02
    0.363227468851154596E-02    0.231518812225011139E+01    0.246598364535135879E+02
    0.373108470245097365E-02    0.224150830554855096E+01    0.245859843804085649E+02
    0.402543639280283742E-02    0.206963964707103898E+01    0.246577763076158192E+02
    0.410046325068780596E-02    0.201270638760169795E+01    0.245879336710585328E+02
    0.423301897139759329E-02    0.192907541157388485E+01    0.246565407306542959E+02
    0.420356492152704122E-02    0.192304038598246496E+01    0.246564866731761647E+02
    0.426326437353667393E-02    0.187483599479680052E+01    0.245891630774028016E+02
    0.437461845335218764E-02    0.180326768751388511E+01    0.245898194306058677E+02
    0.435410227480090024E-02    0.179266939343198262E+01    0.246552970859408340E+02
    0.448529883540929770E-02    0.171329605168274846E+01    0.246545511448133965E+02
    0.444547830616459205E-02    0.171113136097582297E+01    0.245906842766472344E+02
    0.445920721467037845E-02    0.168496430685507637E+01    0.245909342015159709E+02
    0.468547208016809307E-02    0.156597294862063885E+01    0.245920965137488778E+02
    0.469002372835628477E-02    0.154403101460936654E+01    0.246528991205384749E+02
    0.464645536169178922E-02    0.154269701599826514E+01    0.246528857427457844E+02
    0.474414328925138080E-02    0.148108456710161995E+01    0.245929535373266930E+02
    0.469756957777455082E-02    0.148081577048987034E+01    0.246522585433855141E+02
    0.469232915401198228E-02    0.146304813718788185E+01    0.245931388414093988E+02
    0.473342027499124712E-02    0.142561021074954275E+01    0.246516875907652775E+02
    0.471777282225152410E-02    0.141223264111382907E+01    0.246515475404344606E+02
    0.483949033901316487E-02    0.134128747154793082E+01    0.245944216500013333E+02
    0.483982393218594566E-02    0.132114961336352454E+01    0.245946394820401970E+02
    0.510512598259822096E-02    0.119441603902622440E+01    0.245960513391442532E+02
    0.511574547892835931E-02    0.117026003327213735E+01    0.246488857825158902E+02
    0.506521588365649918E-02    0.117011277934347468E+01    0.246488840805945770E+02
    0.504873561682170000E-02    0.115663062013788553E+01    0.245964870462316618E+02
    0.502826270465671528E-02    0.114475722279470160E+01    0.246485893656610813E+02
    0.505136510053985893E-02    0.111558925080855698E+01    0.245969686856010910E+02
    0.512584093525149994E-02    0.106631710521990941E+01    0.245975591473229791E+02
    0.509423258928199882E-02    0.105868822825520970E+01    0.245976518183292470E+02
    0.509844219079711065E-02    0.103703621763178466E+01    0.246472981054822746E+02
    0.515539098574060821E-02    0.994820377167711989E+00    0.245984415838281478E+02
    0.518227147435024703E-02    0.964419360769302791E+00    0.245988267231130209E+02
    0.518723552361107301E-02    0.942504496488488774E+00    0.246461065644992345E+02
    0.518654957486328061E-02    0.922768989628569569E+00    0.246458500987061591E+02
    0.518174802377519440E-02    0.904621386856031884E+00    0.246456117446877983E+02
    0.518678636238208493E-02    0.882677683410279301E+00    0.245998946425005869E+02
    0.523378793121731436E-02    0.844635726699706102E+00    0.246004091558511639E+02
    0.520883868779222371E-02    0.834192437595082881E+00    0.246005524999125598E+02
    0.526620043779044839E-02    0.792288052249932262E+00    0.246440775340718261E+02
    0.524063458506502430E-02    0.782021108161197742E+00    0.246012830267269891E+02
    0.521148956428089255E-02    0.773174858692875389E+00    0.246438054416815575E+02
    0.519778781371518176E-02    0.758440068940086976E+00    0.246016215622697203E+02
    0.514658554151233103E-02    0.758239311912641156E+00    0.246435903659575395E+02
    0.512381701422310373E-02    0.747106954428400472E+00    0.246434286120891812E+02
    0.512645827313576094E-02    0.726076246902193634E+00    0.246431195538434658E+02
    0.510337107753326431E-02    0.715103664274841400E+00    0.246429564421810809E+02
    0.505839403830015896E-02    0.712808199827473343E+00    0.246429221535706304E+02
    0.506742155077843578E-02    0.689242061459398481E+00    0.246026481069035583E+02
    0.504841169056712523E-02    0.676758944007922913E+00    0.246423758664818173E+02
    0.501266254169194150E-02    0.670971859447886732E+00    0.246422867569783577E+02
    0.502815599309476124E-02    0.644799667949450095E+00    0.246418786128815199E+02
    0.500172256166111530E-02    0.635341567331023871E+00    0.246034858587886092E+02
    0.501433017256615408E-02    0.610306602800304798E+00    0.246413271210627016E+02
    0.500523527558043371E-02    0.593937458661545126E+00    0.246410596370697021E+02
    0.497972438558375811E-02    0.584157207712723170E+00    0.246408979537839414E+02
    0.496092490687443689E-02    0.571721905176077461E+00    0.246045245430468320E+02
    0.495109474253665766E-02    0.555688873728721999E+00    0.246404189747318298E+02
    0.491708678246557864E-02    0.549473822705287995E+00    0.246049021502949543E+02
    0.489179160081175401E-02    0.539789064362337312E+00    0.246050690652189488E+02
    0.485424721774864714E-02    0.535198224733309025E+00    0.246051487449538584E+02
    0.480604472487603136E-02    0.535157411560336804E+00    0.246051494549481546E+02
    0.481361572872085475E-02    0.512009273247317043E+00    0.246055569076656475E+02
    0.477381448136612006E-02    0.508614964295424743E+00    0.246056174756247223E+02
    0.473821719465412211E-02    0.503584406831955822E+00    0.246057076400100740E+02
    0.470179753104050472E-02    0.499016520177740674E+00    0.246057899305423788E+02
    0.467151276895009550E-02    0.491940392962715967E+00    0.246392966256286421E+02
    0.462556938944767935E-02    0.491707348964668445E+00    0.246059224496154698E+02
    0.459478930197060927E-02    0.485060496210467706E+00    0.246060438809669186E+02
    0.455197308173702336E-02    0.483784731593923434E+00    0.246391475439086527E+02
    0.451832547434332515E-02    0.478623388352078349E+00    0.246061623351269887E+02
    0.448292690757916973E-02    0.474353976830235835E+00    0.246389734610665840E+02
    0.443834997156075314E-02    0.474340939509265147E+00    0.246062416146669776E+02
    0.441956681759662039E-02    0.462822925765871585E+00    0.246064567746045739E+02
    0.441802513286958156E-02    0.443520710751333702E+00    0.246383909131806327E+02
    0.440281076655341889E-02    0.430420003098371307E+00    0.246070780523350265E+02
    0.437857047012258499E-02    0.421461709339089607E+00    0.246379605841511164E+02
    0.433730450666800372E-02    0.420400150705267928E+00    0.246072752632308038E+02
    0.431511403014493266E-02    0.410658796923622615E+00    0.246074694555695430E+02
    0.427685824673089930E-02    0.408468927118867176E+00    0.246075134542221861E+02
    0.425881302458288279E-02    0.396925320744287824E+00    0.246077475404621921E+02
    0.423610622518100308E-02    0.387617289820585409E+00    0.246079390130168392E+02
    0.420116956699331193E-02    0.384180388490279801E+00    0.246080103473127245E+02
    0.418613934552381894E-02    0.371348474328212497E+00    0.246082798169947878E+02
    0.415496579856635545E-02    0.366297904439064681E+00    0.246083872791527725E+02
    0.415234969204048877E-02    0.347557568461840938E+00    0.246364215082807760E+02
    0.411818758368276156E-02    0.344079978800379604E+00    0.246363448392911728E+02
    0.408276170271769812E-02    0.341359003498649449E+00    0.246089302824154430E+02
    0.404832145309913082E-02    0.338301619836379186E+00    0.246089983426769159E+02
    0.404036679672605068E-02    0.322235339960974088E+00    0.246093617394416846E+02
    0.400745545216815886E-02    0.318593319553096999E+00    0.246094455117722397E+02
    0.396861118829862011E-02    0.318073884461266498E+00    0.246357573306949291E+02
    0.393276402401009431E-02    0.316221312863663506E+00    0.246095003596540920E+02
    0.390063639423513875E-02    0.312626862537140282E+00    0.246356309194878733E+02
    0.387889971256918020E-02    0.303803229833709776E+00    0.246097913334039440E+02
    0.384645055030716394E-02    0.300604722059996332E+00    0.246353474784534825E+02
    0.381215266212326471E-02    0.298518232669463146E+00    0.246352976414635876E+02
    0.378512331987288344E-02    0.292749363068554591E+00    0.246100560149576033E+02
    0.375771780123399434E-02    0.287282687471405174E+00    0.246101889975324823E+02
    0.374725899974841757E-02    0.272857019562507463E+00    0.246105469548384228E+02
    0.371818607232823417E-02    0.268434429408814457E+00    0.246345559895776525E+02
    0.368762968864103178E-02    0.264938516505289434E+00    0.246344667976790888E+02
    0.365439509660962477E-02    0.263045139679274675E+00    0.246107966233830844E+02
    0.362119924079547196E-02    0.261295792274958694E+00    0.246108416929390259E+02
    0.359301240308797796E-02    0.256924377922405633E+00    0.246342597552605795E+02
    0.355763132048809083E-02    0.256716370200839039E+00    0.246342543324515333E+02
    0.352462806982103407E-02    0.255356461022323566E+00    0.246342188169038963E+02
    0.349609161024875192E-02    0.251614974693123217E+00    0.246110942953362013E+02
    0.347342792949181323E-02    0.244622333672782966E+00    0.246112802583936805E+02
    0.345959409232318455E-02    0.232603762541581160E+00    0.246336076094678660E+02
    0.342940197480882079E-02    0.230134508983803832E+00    0.246116756114544302E+02
    0.340369359497138830E-02    0.225183911339089160E+00    0.246334008080970719E+02
    0.337560699010939656E-02    0.221755984052347532E+00    0.246333039169152279E+02
    0.334815139065282753E-02    0.218089558521135096E+00    0.246331993035947683E+02
    0.332076824737090109E-02    0.214513986261985673E+00    0.246121185561016560E+02
    0.329416127532616843E-02    0.210603116428843079E+00    0.246329824191807738E+02
    0.326171455901896803E-02    0.210400307260395186E+00    0.246329764806287166E+02
    0.323067468319436632E-02    0.209524306866066407E+00    0.246329507908741192E+02
    0.319916394880886360E-02    0.209127278857087484E+00    0.246122757072764138E+02
    0.317422208878174322E-02    0.204781116367916460E+00    0.246328105679383818E+02
    0.315643966167438502E-02    0.196016892074820592E+00    0.246126685661979039E+02
    0.312780191638104910E-02    0.194245308776674730E+00    0.246324919838380474E+02
    0.309967026916064311E-02    0.192314816108034858E+00    0.246324324894028059E+02
    0.306906494810855980E-02    0.192160422116738339E+00    0.246127871181132853E+02
    0.332252815762085684E-02    0.334209921823662159E-01    0.246227387795833970E+02
    0.326008280312591221E-02    0.713677754041317780E-01    0.246178046288017356E+02
    0.331181947913747332E-02    0.398775050875481360E-01    0.246206227125887906E+02
    0.318246891406252872E-02    0.119558397722473675E+00    0.246153728767051660E+02
    0.330638399742581249E-02    0.431626763295793331E-01    0.246201713299292564E+02
    0.328019154648179472E-02    0.590693269628623160E-01    0.246265566558238120E+02
    0.330935501200459864E-02    0.413663450206945421E-01    0.246204066448224808E+02
    0.325401743749178986E-02    0.750922298416843992E-01    0.246276402163227282E+02
    0.331817169811185692E-02    0.360450891773247753E-01    0.246213380954210237E+02
    0.316109618739920939E-02    0.133035240597310200E+00    0.246148276589396389E+02
    0.325812053000718157E-02    0.725719558064408798E-01    0.246177290756817868E+02
    0.325135709457891747E-02    0.767280114853433337E-01    0.246174768544075171E+02
    0.314974060389453534E-02    0.140232762026431562E+00    0.246306632551545093E+02
    0.315089234971603410E-02    0.139501568292212275E+00    0.246306356415202607E+02
    0.332253233321057155E-02    0.334184786824694713E-01    0.246227328338538314E+02
    0.331141942634005778E-02    0.401191106244236650E-01    0.246246287546920044E+02
    0.328090510061588170E-02    0.586343057002399609E-01    0.246265230584581332E+02
    0.330489156753380024E-02    0.440656366752493547E-01    0.246200612446549663E+02
    0.307457835566950222E-02    0.188537421481614287E+00    0.246128998118166642E+02
    0.328471209303223422E-02    0.563149546136829104E-01    0.246263388289345002E+02
    0.329525776998845993E-02    0.499041738927471987E-01    0.246194404910613436E+02
    0.330691906815139356E-02    0.428390433604313656E-01    0.246202120172267200E+02
    0.329904250103689629E-02    0.476084146409983464E-01    0.246255459431081434E+02
    0.330147565336018009E-02    0.461338925646503362E-01    0.246198254595534003E+02
    0.332255023718411313E-02    0.334077014056772051E-01    0.246227032454574157E+02
    0.332253743372534381E-02    0.334154084274102051E-01    0.246227251644585401E+02
    0.332140168106098005E-02    0.340991911387215144E-01    0.246232625547924364E+02
    0.310288940022911391E-02    0.170205481022664473E+00    0.246317234722949152E+02
    0.332067565695635860E-02    0.345364182714787971E-01    0.246234409544251172E+02
    0.320829848001048367E-02    0.103391508833224788E+00    0.246160867934379191E+02
    0.311298067934664925E-02    0.163711594983174114E+00    0.246315044933778502E+02
    0.318470974736314834E-02    0.118150657489452859E+00    0.246297826163088409E+02
    0.315687893728103415E-02    0.135705242084361355E+00    0.246304907181035944E+02
    0.325776944825260061E-02    0.727874792459667630E-01    0.246177156763487872E+02
    0.316575783368254569E-02    0.130088027267351691E+00    0.246149435766913456E+02
    0.320780590462806277E-02    0.103698595722006209E+00    0.246160725060284129E+02
    0.312395174209853348E-02    0.156675396207046430E+00    0.246312609747707469E+02
    0.319543228185835719E-02    0.111428208652913571E+00    0.246294921941325207E+02
    0.312622066914220028E-02    0.155223322891913179E+00    0.246140049724778081E+02
    0.332180646205906165E-02    0.338554649209885095E-01    0.246220771695607823E+02
    0.332124475249759559E-02    0.341936887549848662E-01    0.246233049877614931E+02
    0.324347681716804365E-02    0.815812726371416691E-01    0.246171971836034871E+02
    0.331367486121631437E-02    0.387573579516350894E-01    0.246208022424198134E+02
    0.317315896722194807E-02    0.125417742336983079E+00    0.246300838891087288E+02
    0.322810400390996727E-02    0.910830265967060015E-01    0.246285270579516435E+02
    0.331857337537195011E-02    0.358029962500619608E-01    0.246238174275075146E+02
    0.325110520211956263E-02    0.768829635314988019E-01    0.246174676900609093E+02
    0.314249215830363646E-02    0.144840632759216881E+00    0.246143796937273400E+02
    0.331358387775300802E-02    0.388122726407384364E-01    0.246207930269159974E+02
    0.320824830703587537E-02    0.103422786077060680E+00    0.246291294969821628E+02
    0.315018854544433114E-02    0.139948351494230627E+00    0.246145623081812275E+02
    0.326603206991607584E-02    0.677213373294667936E-01    0.246180410326177608E+02
    0.322123220064542701E-02    0.953450502513040754E-01    0.246164730077659542E+02
    0.316333706536758982E-02    0.131617957515904049E+00    0.246148831854023555E+02
    0.317222631237117515E-02    0.126005668722153241E+00    0.246301077337672183E+02
    0.310727127813641407E-02    0.167383087940457920E+00    0.246135858817312894E+02
    0.331205424718711066E-02    0.397357342389864851E-01    0.246206445268893717E+02
    0.324243947565525581E-02    0.822210228126274006E-01    0.246280534447494972E+02
    0.321901150978554746E-02    0.967243092034423685E-01    0.246164050979290110E+02
    0.328002609129676064E-02    0.591702109238575052E-01    0.246265644065006839E+02
    0.331900754836066385E-02    0.355413509342022219E-01    0.246214649643208787E+02
    0.327133457218159365E-02    0.644769095843851225E-01    0.246269526608672535E+02
    0.314068500572808537E-02    0.145991103343254491E+00    0.246308774981450540E+02
    0.330414988475943297E-02    0.445145264471386165E-01    0.246200082523545660E+02
    0.329064518988106966E-02    0.527056611844286052E-01    0.246191823490191872E+02
    0.315475202452145890E-02    0.137053174403574118E+00    0.246146723557905993E+02
    0.330215434401097364E-02    0.457227910017510703E-01    0.246253441259849986E+02
    0.319621174052149440E-02    0.110940410105766246E+00    0.246294706421229819E+02
    0.318870760963631608E-02    0.115641571657738113E+00    0.246296756150738929E+02
    0.331678869376952901E-02    0.368788571461875353E-01    0.246240626219566501E+02
    0.321403992552953379E-02    0.998155857435182176E-01    0.246162555310206557E+02
    0.312142841700202480E-02    0.158291518953477706E+00    0.246138973236645420E+02
    0.316824216277067057E-02    0.128519142381397833E+00    0.246150060039028418E+02
    0.316129529467207206E-02    0.132909271002737001E+00    0.246148325781324466E+02
    0.328748462507054114E-02    0.546275235633356254E-01    0.246261988597351795E+02
    0.310738688532796519E-02    0.167308678575681158E+00    0.246135883870577850E+02
    0.331892378165671862E-02    0.355918285301806830E-01    0.246237632104928501E+02
    0.331792603983023906E-02    0.361931631156115555E-01    0.246213031471313677E+02
    0.311320301680384536E-02    0.163568754702101860E+00    0.246314996160797506E+02
    0.329158111423147499E-02    0.521369026437945859E-01    0.246259816748046880E+02
    0.318670565042174572E-02    0.116897621547341568E+00    0.246297293809094811E+02
    0.329864616515474938E-02    0.478487023554851620E-01    0.246255706737390021E+02
    0.329122242329057783E-02    0.523548589836470707E-01    0.246260012358066334E+02
    0.315726509648085523E-02    0.135460610857555175E+00    0.246147335458824337E+02
    0.330572474859686365E-02    0.435614893899531896E-01    0.246201221069553213E+02
    0.312649008479830683E-02    0.155050971624198064E+00    0.246140110594758035E+02
    0.324155100915864613E-02    0.827691213974454665E-01    0.246280839252474166E+02
    0.312543374625105482E-02    0.155726820265896210E+00    0.246139872148809147E+02
    0.326494228100573068E-02    0.683887960343406986E-01    0.246272179798878454E+02
    0.323503788555046939E-02    0.867916869236280697E-01    0.246283026357676640E+02
    0.322903187747161820E-02    0.905082370397980313E-01    0.246167173393667689E+02
    0.320506138673263890E-02    0.105410477748119652E+00    0.246159934252028982E+02
    0.320806714436970954E-02    0.103535724829892983E+00    0.246160800798037904E+02
    0.312889913995170917E-02    0.153510504557515332E+00    0.246140656574069112E+02
    0.332072389861027628E-02    0.345073631583101628E-01    0.246217845340122103E+02
    0.326120357717048530E-02    0.706803195923476901E-01    0.246273665345907666E+02
    0.331294842825436472E-02    0.391958515452061756E-01    0.246244849161155770E+02
    0.326463360139706265E-02    0.685778923030477272E-01    0.246179844144797073E+02
    0.326954618236339513E-02    0.655705787276556623E-01    0.246181863923247484E+02
    0.332229061690940885E-02    0.335639852237797839E-01    0.246222847521415282E+02
