    0.395637381076812744E+02   -0.183759628257879085E+06   -0.460515351937698814E+01    1
    0.392344903945922852E+02   -0.175750086373527476E+06   -0.461515351937698259E+01    1
    0.390518712997436523E+02   -0.171384494986488658E+06   -0.462515351937698149E+01    1
    0.389434719085693359E+02   -0.168819126436257589E+06   -0.463515351937698661E+01    1
    0.384645855426788330E+02   -0.157717359752261837E+06   -0.464515351937698728E+01    1
    0.382619929313659668E+02   -0.153134410838357755E+06   -0.465515351937698174E+01    1
    0.381618583202362061E+02   -0.150894168428678066E+06   -0.466515351937698153E+01    1
    0.380630838871002197E+02   -0.148700529028786754E+06   -0.467515351937698398E+01    1
    0.379579579830169678E+02   -0.146383477070011490E+06   -0.468515351937698377E+01    1
    0.378677284717559814E+02   -0.144409262183242390E+06   -0.469515351937698444E+01    1
    0.378328061103820801E+02   -0.143648761248744995E+06   -0.470515351937698423E+01    1
    0.378070461750030518E+02   -0.143089076329055941E+06   -0.471515351937698135E+01    1
    0.377630460262298584E+02   -0.142135613785312453E+06   -0.472515351937698025E+01    1
    0.376899766921997070E+02   -0.140559277107755275E+06   -0.473515351937698448E+01    1
    0.376621055603027344E+02   -0.139960324437756673E+06   -0.474515351937698782E+01    1
    0.376470625400543213E+02   -0.139637580225100130E+06   -0.475515351937698494E+01    1
    0.372952985763549805E+02   -0.132196784564162896E+06   -0.476515351937698117E+01    1
    0.372020876407623291E+02   -0.130259253249449277E+06   -0.477515351937698451E+01    1
    0.371979582309722900E+02   -0.130173748050330934E+06   -0.478515351937698341E+01    1
    0.370727682113647461E+02   -0.127594840300708267E+06   -0.479515351937697876E+01    1
    0.368870365619659424E+02   -0.123816313911504636E+06   -0.480515351937698032E+01    1
    0.365595626831054688E+02   -0.117292523366473455E+06   -0.481515351937698277E+01    1
    0.365191316604614258E+02   -0.116499318605832159E+06   -0.482515351937698345E+01    1
    0.364033401012420654E+02   -0.114242527175977870E+06   -0.483515351937698323E+01    1
    0.363758909702301025E+02   -0.113710776826675370E+06   -0.484515351937698480E+01    1
    0.362034261226654053E+02   -0.110398132409757440E+06   -0.485515351937698814E+01    1
    0.361415803432464600E+02   -0.109222148811391744E+06   -0.486515351937698437E+01    1
    0.361371064186096191E+02   -0.109137322378395271E+06   -0.487515351937698149E+01    1
    0.360617852210998535E+02   -0.107714166032979818E+06   -0.488515351937698572E+01    1
    0.360336136817932129E+02   -0.107184278849065071E+06   -0.489515351937698817E+01    1
    0.359618020057678223E+02   -0.105839461097312305E+06   -0.490515351937698973E+01    1
    0.358852863311767578E+02   -0.104415893853020199E+06   -0.491515351937698775E+01    1
    0.357127928733825684E+02   -0.101242025228249579E+06   -0.492515351937698220E+01    1
    0.352847969532012939E+02   -0.935784849251232226E+05   -0.493515351937698199E+01    1
    0.350389301776885986E+02   -0.893124644443467114E+05   -0.494515351937698799E+01    1
    0.348287534713745117E+02   -0.857445997794355790E+05   -0.495515351937699045E+01    1
    0.347591280937194824E+02   -0.845787070793267048E+05   -0.496515351937698846E+01    1
    0.339079594612121582E+02   -0.709708465555191215E+05   -0.497515351937698824E+01    1
    0.338601398468017578E+02   -0.702417285503892053E+05   -0.498515351937698359E+01    1
    0.338404953479766846E+02   -0.699432947357982339E+05   -0.499515351937698426E+01    1
    0.338403964042663574E+02   -0.699417932182376389E+05   -0.500515351937698583E+01    1
    0.338388264179229736E+02   -0.699179700904074707E+05   -0.501515351937698384E+01    1
    0.337905037403106689E+02   -0.691867015979474963E+05   -0.502515351937698451E+01    1
    0.337475752830505371E+02   -0.685402885317111068E+05   -0.503515351937698608E+01    1
    0.336457955837249756E+02   -0.670198222163697646E+05   -0.504515351937698409E+01    1
    0.336339199542999268E+02   -0.668435256331875571E+05   -0.505515351937698298E+01    1
    0.335049021244049072E+02   -0.649431880027718726E+05   -0.506515351937698455E+01    1
    0.334950339794158936E+02   -0.647989656701174681E+05   -0.507515351937697989E+01    1
    0.332490086555480957E+02   -0.612551436311884536E+05   -0.508515351937698501E+01    1
    0.332052183151245117E+02   -0.606348213263589205E+05   -0.509515351937699013E+01    1
    0.329120719432830811E+02   -0.565634926263547968E+05   -0.510515351937699080E+01    1
    0.328658127784729004E+02   -0.559339517754852786E+05   -0.511515351937698348E+01    1
    0.323750209808349609E+02   -0.494717356289153104E+05   -0.512515351937698238E+01    1
    0.322367000579833984E+02   -0.477221059037055675E+05   -0.513515351937698394E+01    1
    0.321619069576263428E+02   -0.467891641410742304E+05   -0.514515351937697751E+01    1
    0.321011471748352051E+02   -0.460380485091421288E+05   -0.515515351937698085E+01    1
    0.320136034488677979E+02   -0.449665154553281900E+05   -0.516515351937698330E+01    1
    0.319924330711364746E+02   -0.447092850654964859E+05   -0.517515351937698220E+01    1
    0.318792736530303955E+02   -0.433468556387072167E+05   -0.518515351937698643E+01    1
    0.317387497425079346E+02   -0.416843045372677298E+05   -0.519515351937698533E+01    1
    0.317230284214019775E+02   -0.415003261543664994E+05   -0.520515351937697623E+01    1
    0.316517448425292969E+02   -0.406712370256603244E+05   -0.521515351937698224E+01    1
    0.316248714923858643E+02   -0.403608482572292414E+05   -0.522515351937697670E+01    1
    0.315435683727264404E+02   -0.394290322053275668E+05   -0.523515351937698092E+01    1
    0.314490187168121338E+02   -0.383590839361610560E+05   -0.524515351937698071E+01    1
    0.314128744602203369E+02   -0.379539546765801788E+05   -0.525515351937698583E+01    1
    0.313308453559875488E+02   -0.370424964371419919E+05   -0.526515351937698739E+01    1
    0.310028600692749023E+02   -0.335088177098823071E+05   -0.527515351937698007E+01    1
    0.309881222248077393E+02   -0.333541915057171718E+05   -0.528515351937697542E+01    1
    0.306486320495605469E+02   -0.298913261221057655E+05   -0.529515351937697609E+01    1
    0.306427741050720215E+02   -0.298332392296155813E+05   -0.530515351937697677E+01    1
    0.305278289318084717E+02   -0.287048825616933900E+05   -0.531515351937698188E+01    1
    0.304203164577484131E+02   -0.276691762595083346E+05   -0.532515351937698078E+01    1
    0.302586281299591064E+02   -0.261474037737582767E+05   -0.533515351937697613E+01    1
    0.302435672283172607E+02   -0.260078453608030904E+05   -0.534515351937697680E+01    1
    0.301123416423797607E+02   -0.248076751474640550E+05   -0.535515351937698103E+01    1
    0.300999772548675537E+02   -0.246960536852835830E+05   -0.536515351937698171E+01    1
    0.300505053997039795E+02   -0.242519568612751391E+05   -0.537515351937698238E+01    1
    0.299732983112335205E+02   -0.235669384922540412E+05   -0.538515351937698128E+01    1
    0.298496353626251221E+02   -0.224901888113725836E+05   -0.539515351937698018E+01    1
    0.297242975234985352E+02   -0.214245457524335470E+05   -0.540515351937698263E+01    1
    0.295276808738708496E+02   -0.198049856667252425E+05   -0.541515351937698153E+01    1
    0.294375205039978027E+02   -0.190836050256593844E+05   -0.542515351937697865E+01    1
    0.293219292163848877E+02   -0.181783267353026240E+05   -0.543515351937697933E+01    1
    0.293002080917358398E+02   -0.180106681611890963E+05   -0.544515351937698178E+01    1
    0.292664992809295654E+02   -0.177520184350581221E+05   -0.545515351937698245E+01    1
    0.292576301097869873E+02   -0.176842756034482300E+05   -0.546515351937698401E+01    1
    0.200283896923065186E+02   -0.173742752855952167E+05   -0.547515351937698025E+01    1
    0.290655732154846191E+02   -0.162491078602847265E+05   -0.548515351937698004E+01    1
    0.203293216228485107E+02   -0.151727119095055605E+05   -0.549515351937697805E+01    1
    0.289074528217315674E+02   -0.151131130027722393E+05   -0.550515351937697694E+01    1
    0.203542387485504150E+02   -0.149971061424471191E+05   -0.551515351937698295E+01    1
    0.288820695877075195E+02   -0.149345847467904350E+05   -0.552515351937698185E+01    1
    0.287863481044769287E+02   -0.142708878078853359E+05   -0.553515351937698163E+01    1
    0.287776720523834229E+02   -0.142114768920683564E+05   -0.554515351937698142E+01    1
    0.205042159557342529E+02   -0.139617193541410616E+05   -0.555515351937698032E+01    1
    0.205475294589996338E+02   -0.136695906153476863E+05   -0.556515351937698544E+01    1
    0.206272208690643311E+02   -0.131401793503035115E+05   -0.557515351937698611E+01    1
    0.206691265106201172E+02   -0.128659834960058142E+05   -0.558515351937698146E+01    1
    0.207539355754852295E+02   -0.123199092409257137E+05   -0.559515351937697680E+01    1
    0.207587206363677979E+02   -0.122894517709985412E+05   -0.560515351937697748E+01    1
    0.284496557712554932E+02   -0.120562330811024949E+05   -0.561515351937697904E+01    1
    0.284320938587188721E+02   -0.119458376042047348E+05   -0.562515351937698060E+01    1
    0.284073221683502197E+02   -0.117909841573387639E+05   -0.563515351937698039E+01    1
    0.208501136302947998E+02   -0.117149602763184303E+05   -0.564515351937698284E+01    1
    0.208551204204559326E+02   -0.116838851599126901E+05   -0.565515351937698085E+01    1
    0.283463275432586670E+02   -0.114139991144435335E+05   -0.566515351937697975E+01    1
    0.283173608779907227E+02   -0.112371120027623001E+05   -0.567515351937697954E+01    1
    0.209942030906677246E+02   -0.108371517896261503E+05   -0.568515351937697666E+01    1
    0.209999720973982811E+02   -0.108027180286583589E+05   -0.569515351937697734E+01    1
    0.282409951336096370E+02   -0.107774001705671599E+05   -0.570515351937697890E+01    1
    0.210283362865447998E+02   -0.106342162135096423E+05   -0.571515351937697780E+01    1
    0.281814289093017578E+02   -0.104254843320865220E+05   -0.572515351937697403E+01    1
    0.210773777961730957E+02   -0.103460023885348437E+05   -0.573515351937697382E+01    1
    0.281491971015930176E+02   -0.102374951507691148E+05   -0.574515351937697805E+01    1
    0.280435740947723389E+02   -0.963344396618223982E+04   -0.575515351937698227E+01    1
    0.280261564254760742E+02   -0.953559753006659957E+04   -0.576515351937698384E+01    1
    0.212527370452880859E+02   -0.934781914157930623E+04   -0.577515351937697918E+01    1
    0.279782688617706299E+02   -0.926915604443680604E+04   -0.578515351937698075E+01    1
    0.212735974155250069E+02   -0.923244670733274688E+04   -0.579515351937698409E+01    1
    0.212928800445715360E+02   -0.912643746081330391E+04   -0.580515351937698565E+01    1
    0.279486058065327470E+02   -0.910600743469794543E+04   -0.581515351937698366E+01    1
    0.213356514704689637E+02   -0.889347968389641755E+04   -0.582515351937698256E+01    1
    0.213395309448242188E+02   -0.887249881196040405E+04   -0.583515351937698412E+01    1
    0.278775978088378906E+02   -0.872134342709807242E+04   -0.584515351937698391E+01    1
    0.214018964767456055E+02   -0.853861596883614584E+04   -0.585515351937697837E+01    1
    0.278279972076416016E+02   -0.845757175538292904E+04   -0.586515351937697371E+01    1
    0.214204929598709981E+02   -0.844029637599369562E+04   -0.587515351937697705E+01    1
    0.277217350835692926E+02   -0.790611243731058312E+04   -0.588515351937697684E+01    1
    0.277211260795593262E+02   -0.790300551726784943E+04   -0.589515351937697751E+01    1
    0.215647983551025391E+02   -0.769670433808116832E+04   -0.590515351937697286E+01    1
    0.276275861263275146E+02   -0.743304751890743864E+04   -0.591515351937697531E+01    1
    0.276005327701568604E+02   -0.729981313311621852E+04   -0.592515351937697687E+01    1
    0.216538250446319580E+02   -0.725505751640258950E+04   -0.593515351937697400E+01    1
    0.275621199607849121E+02   -0.711270489262250339E+04   -0.594515351937698000E+01    1
    0.217019278577367842E+02   -0.702185714965843999E+04   -0.595515351937698156E+01    1
    0.274981820583343506E+02   -0.680665111089223046E+04   -0.596515351937697336E+01    1
    0.217510473728179932E+02   -0.678765885712828458E+04   -0.597515351937696959E+01    1
    0.217705333232879639E+02   -0.669585168831613737E+04   -0.598515351937697559E+01    1
    0.274486255559504642E+02   -0.657406703450818441E+04   -0.599515351937697627E+01    1
    0.218059182167053223E+02   -0.653073561585350126E+04   -0.600515351937697517E+01    1
    0.218955910205841064E+02   -0.612152768413590638E+04   -0.601515351937697851E+01    1
    0.273353836272365243E+02   -0.605776286405311112E+04   -0.602515351937697829E+01    1
    0.219274926185607910E+02   -0.597914223994505028E+04   -0.603515351937697453E+01    1
    0.272760155515184977E+02   -0.579552119793758357E+04   -0.604515351937697520E+01    1
    0.221333181858062744E+02   -0.510076455206945866E+04   -0.605515351937697410E+01    1
    0.271108317375183105E+02   -0.509640131627556093E+04   -0.606515351937697478E+01    1
    0.221653065027650555E+02   -0.497051373582205724E+04   -0.607515351937697723E+01    1
    0.221798838400839422E+02   -0.491171613720637652E+04   -0.608515351937697790E+01    1
    0.221965312957763672E+02   -0.484499661757622744E+04   -0.609515351937697769E+01    1
    0.222083735764349228E+02   -0.479781295404493358E+04   -0.610515351937697481E+01    1
    0.270036426563906957E+02   -0.466676932869026768E+04   -0.611515351937697282E+01    1
    0.223218560218811035E+02   -0.435736747345657022E+04   -0.612515351937697528E+01    1
    0.269144213199615479E+02   -0.432358012282874552E+04   -0.613515351937697417E+01    1
    0.269141447544097900E+02   -0.432253669032814287E+04   -0.614515351937697485E+01    1
    0.224123141374721833E+02   -0.402146917839164598E+04   -0.615515351937697819E+01    1
    0.268214964866638184E+02   -0.398007813367898780E+04   -0.616515351937697620E+01    1
    0.268090035216791875E+02   -0.393498125347248697E+04   -0.617515351937697776E+01    1
    0.267686314946222836E+02   -0.379100387523347035E+04   -0.618515351937698288E+01    1
    0.267434253165177402E+02   -0.370247260515418111E+04   -0.619515351937698000E+01    1
    0.267303140950721208E+02   -0.365683580911964509E+04   -0.620515351937697535E+01    1
    0.225311672687530518E+02   -0.360060955971823660E+04   -0.621515351937697247E+01    1
    0.266408836841583252E+02   -0.335310014446372861E+04   -0.622515351937697314E+01    1
    0.266309642791748047E+02   -0.332022173353250218E+04   -0.623515351937697559E+01    1
    0.226576697826385498E+02   -0.317821269459314681E+04   -0.624515351937698071E+01    1
    0.265869259834289551E+02   -0.317621038306923219E+04   -0.625515351937697694E+01    1
    0.265829726264597213E+02   -0.316343853228645321E+04   -0.626515351937697407E+01    1
    0.265583740274010580E+02   -0.308454758860375432E+04   -0.627515351937697385E+01    1
    0.227273970876561933E+02   -0.295665340349816279E+04   -0.628515351937697986E+01    1
    0.227290773391723633E+02   -0.295141315019083913E+04   -0.629515351937697432E+01    1
    0.227455517154303379E+02   -0.290028018938214291E+04   -0.630515351937697766E+01    1
    0.264936923980712891E+02   -0.288185865737888707E+04   -0.631515351937697567E+01    1
    0.227526717527602464E+02   -0.287831939235524533E+04   -0.632515351937697190E+01    1
    0.264861462140418844E+02   -0.285866029195394231E+04   -0.633515351937697790E+01    1
    0.264617908813608871E+02   -0.278442706526679649E+04   -0.634515351937697858E+01    1
    0.264483581074004590E+02   -0.274390281225559738E+04   -0.635515351937697659E+01    1
    0.263824955869307516E+02   -0.254950649748330079E+04   -0.636515351937697371E+01    1
    0.228688328062650754E+02   -0.253182425468753536E+04   -0.637515351937697350E+01    1
    0.263571000166889426E+02   -0.247645799270688985E+04   -0.638515351937697861E+01    1
    0.228930652141571045E+02   -0.246234219535409829E+04   -0.639515351937698195E+01    1
    0.228955523320840690E+02   -0.245526553588504748E+04   -0.640515351937697730E+01    1
    0.229114854335784912E+02   -0.241017226930117704E+04   -0.641515351937697620E+01    1
    0.229319454463436045E+02   -0.235288003443331399E+04   -0.642515351937697776E+01    1
    0.229328969100118982E+02   -0.235023251045902634E+04   -0.643515351937697222E+01    1
    0.262962251595389347E+02   -0.230567888607877012E+04   -0.644515351937697556E+01    1
    0.262833656250751879E+02   -0.227038309284036450E+04   -0.645515351937697535E+01    1
    0.229841444424587742E+02   -0.220983414555843001E+04   -0.646515351937697513E+01    1
    0.262511707116353001E+02   -0.218321115090052217E+04   -0.647515351937697048E+01    1
    0.230040944620877923E+02   -0.215634803579088566E+04   -0.648515351937697559E+01    1
    0.230464587975993460E+02   -0.204494208437153770E+04   -0.649515351937697538E+01    1
    0.230529272556304932E+02   -0.202819192355073255E+04   -0.650515351937697694E+01    1
    0.261856672049443517E+02   -0.201111970531921133E+04   -0.651515351937697318E+01    1
    0.261842799186706543E+02   -0.200755139973555833E+04   -0.652515351937697652E+01    1
    0.230865240097045898E+02   -0.194230068868918715E+04   -0.653515351937697631E+01    1
    0.261354804773730223E+02   -0.188404799846879723E+04   -0.654515351937697609E+01    1
    0.231137156845041503E+02   -0.187414488491169050E+04   -0.655515351937696966E+01    1
    0.231141185760498047E+02   -0.187314419071979569E+04   -0.656515351937697567E+01    1
    0.231535289108976912E+02   -0.177654914485063455E+04   -0.657515351937698256E+01    1
    0.260764568737328979E+02   -0.173990757805665226E+04   -0.658515351937698501E+01    1
    0.260662238088323548E+02   -0.171550098334834047E+04   -0.659515351937696881E+01    1
    0.260653054714202881E+02   -0.171331911242111664E+04   -0.660515351937696948E+01    1
    0.260581323350371861E+02   -0.169632428892728194E+04   -0.661515351937697371E+01    1
    0.231899616070483852E+02   -0.168952683716580304E+04   -0.662515351937697705E+01    1
    0.232115236496249082E+02   -0.163905358028082628E+04   -0.663515351937697861E+01    1
    0.232178171309160639E+02   -0.162446586404974232E+04   -0.664515351937698107E+01    1
    0.232211123084304099E+02   -0.161685395156664299E+04   -0.665515351937697286E+01    1
    0.260107254981994629E+02   -0.158613639039279906E+04   -0.666515351937697353E+01    1
    0.232436084747314453E+02   -0.156536505093769460E+04   -0.667515351937697510E+01    1
    0.232531324559620352E+02   -0.154381772983978908E+04   -0.668515351937697488E+01    1
    0.232700081225983801E+02   -0.150600447680717753E+04   -0.669515351937697734E+01    1
    0.233089345078931842E+02   -0.142057028861111917E+04   -0.670515351937697446E+01    1
    0.259191596508026123E+02   -0.138378433749221722E+04   -0.671515351937697247E+01    1
    0.233525137386878150E+02   -0.132788389737971420E+04   -0.672515351937697314E+01    1
    0.258667815262366432E+02   -0.127423973853592111E+04   -0.673515351937697382E+01    1
    0.258454318904898415E+02   -0.123088440767397742E+04   -0.674515351937697183E+01    1
    0.258266019279444805E+02   -0.119326863606354982E+04   -0.675515351937697428E+01    1
    0.258078050613403320E+02   -0.115630117070688016E+04   -0.676515351937697584E+01    1
    0.234421095017724923E+02   -0.114714919549699880E+04   -0.677515351937697829E+01    1
    0.257778118265168921E+02   -0.109851859282197870E+04   -0.678515351937697098E+01    1
    0.234770648569425546E+02   -0.108022022853281328E+04   -0.679515351937697432E+01    1
    0.234931287502226418E+02   -0.105013734942728229E+04   -0.680515351937697410E+01    1
    0.257404410839080811E+02   -0.102859534798229879E+04   -0.681515351937697567E+01    1
    0.257331528012302648E+02   -0.101522639454719183E+04   -0.682515351937697723E+01    1
    0.235143616623526768E+02   -0.101102631531342649E+04   -0.683515351937697613E+01    1
    0.257249844074249268E+02   -0.100034697524734906E+04   -0.684515351937697059E+01    1
    0.235346799863605263E+02   -0.974294905199622804E+03   -0.685515351937697126E+01    1
    0.235716837348378938E+02   -0.909145656871705683E+03   -0.686515351937697371E+01    1
    0.256730256470442342E+02   -0.908271358433722753E+03   -0.687515351937697083E+01    1
    0.235733217755237803E+02   -0.906313805852878090E+03   -0.688515351937697062E+01    1
    0.235834706011879618E+02   -0.888866945620861770E+03   -0.689515351937697307E+01    1
    0.256607133392649018E+02   -0.887104222425669150E+03   -0.690515351937697019E+01    1
    0.256606299286148811E+02   -0.886961675171142133E+03   -0.691515351937697176E+01    1
    0.256600720791636974E+02   -0.886008615266557626E+03   -0.692515351937697421E+01    1
    0.235864138603210449E+02   -0.883838903845520235E+03   -0.693515351937697400E+01    1
    0.235899204951846109E+02   -0.877867051200042624E+03   -0.694515351937697556E+01    1
    0.235931050777435303E+02   -0.872461198992720028E+03   -0.695515351937697623E+01    1
    0.256410527229309082E+02   -0.853821427007628472E+03   -0.696515351937697869E+01    1
    0.256349868178440801E+02   -0.843681118128232583E+03   -0.697515351937697670E+01    1
    0.255977849868208125E+02   -0.782816200745168658E+03   -0.698515351937697471E+01    1
    0.236625444889068604E+02   -0.758738448467789567E+03   -0.699515351937697627E+01    1
    0.255798686245554769E+02   -0.754316604066733134E+03   -0.700515351937697339E+01    1
    0.255738808110871751E+02   -0.744909597743108975E+03   -0.701515351937697229E+01    1
    0.255566596984863281E+02   -0.718183797160387257E+03   -0.702515351937697385E+01    1
    0.236917476139201675E+02   -0.713282968779252428E+03   -0.703515351937696920E+01    1
    0.237019610404968262E+02   -0.697716870359928066E+03   -0.704515351937696899E+01    1
    0.237072843609080479E+02   -0.689671775144117532E+03   -0.705515351937697233E+01    1
    0.255363646584614585E+02   -0.687314250742858462E+03   -0.706515351937697300E+01    1
    0.237289881706237793E+02   -0.657353823774991838E+03   -0.707515351937697190E+01    1
    0.237332129478454590E+02   -0.651153110755504485E+03   -0.708515351937697524E+01    1
    0.254996412248557327E+02   -0.633180099661180975E+03   -0.709515351937697947E+01    1
    0.237632508387280055E+02   -0.607913621251307177E+03   -0.710515351937697481E+01    1
    0.254772830009460449E+02   -0.601309117403559867E+03   -0.711515351937697194E+01    1
    0.254750453359912754E+02   -0.598164697092841720E+03   -0.712515351937697261E+01    1
    0.237778516693734616E+02   -0.587432255350505443E+03   -0.713515351937696796E+01    1
    0.237782969217651221E+02   -0.586813190596805498E+03   -0.714515351937696508E+01    1
    0.238127186634628814E+02   -0.539942236335018492E+03   -0.715515351937696753E+01    1
    0.238151514530181885E+02   -0.536703390534763685E+03   -0.716515351937696821E+01    1
    0.254299691841617346E+02   -0.536578179690963793E+03   -0.717515351937696444E+01    1
    0.254030871977625132E+02   -0.501442233465776837E+03   -0.718515351937696511E+01    1
    0.238565253098443080E+02   -0.483113064751853187E+03   -0.719515351937696845E+01    1
    0.253868167516942371E+02   -0.480753987017753559E+03   -0.720515351937697446E+01    1
    0.253801245311652508E+02   -0.472371170354181515E+03   -0.721515351937697869E+01    1
    0.253774348684355182E+02   -0.469022813707197884E+03   -0.722515351937697670E+01    1
    0.253700745105743408E+02   -0.459920806906512098E+03   -0.723515351937696849E+01    1
    0.253682205355347676E+02   -0.457642196073793571E+03   -0.724515351937696384E+01    1
    0.253627348138153010E+02   -0.450933163901796888E+03   -0.725515351937697073E+01    1
    0.253600910005161886E+02   -0.447717474993017731E+03   -0.726515351937697051E+01    1
    0.253480856186917656E+02   -0.433260011842323138E+03   -0.727515351937696853E+01    1
    0.238980040919096233E+02   -0.432215718623069733E+03   -0.728515351937696742E+01    1
    0.253460672981305137E+02   -0.430852751247093579E+03   -0.729515351937696988E+01    1
    0.239183506415137117E+02   -0.408284566045468182E+03   -0.730515351937697766E+01    1
    0.239314877496753553E+02   -0.393195085225084085E+03   -0.731515351937697655E+01    1
    0.253129628742404691E+02   -0.392326047055023480E+03   -0.732515351937697723E+01    1
    0.253120382468603253E+02   -0.391275871973441667E+03   -0.733515351937697524E+01    1
    0.239386639654136708E+02   -0.385072369481933947E+03   -0.734515351937696614E+01    1
    0.252951848506927490E+02   -0.372380723564504024E+03   -0.735515351937696948E+01    1
    0.239545738293819603E+02   -0.367366432370533630E+03   -0.736515351937697105E+01    1
    0.239555548006355075E+02   -0.366288357993544082E+03   -0.737515351937696906E+01    1
    0.239758914512089909E+02   -0.344295511983686538E+03   -0.738515351937697240E+01    1
    0.239782708425111011E+02   -0.341766837529170573E+03   -0.739515351937697218E+01    1
    0.252651059394316135E+02   -0.339819847214051265E+03   -0.740515351937697464E+01    1
    0.252610081960974746E+02   -0.335499259001825862E+03   -0.741515351937697265E+01    1
    0.239983286615037983E+02   -0.320821044980022577E+03   -0.742515351937696799E+01    1
    0.240216415627977931E+02   -0.297308358096576853E+03   -0.743515351937697044E+01    1
    0.252207159996032715E+02   -0.294488152483883198E+03   -0.744515351937697023E+01    1
    0.252048129838238921E+02   -0.279037022773561375E+03   -0.745515351937696646E+01    1
    0.240430370464851642E+02   -0.276516918449802574E+03   -0.746515351937696536E+01    1
    0.240553499337972454E+02   -0.264893301966317949E+03   -0.747515351937696515E+01    1
    0.240563253763006095E+02   -0.263983134143344785E+03   -0.748515351937696671E+01    1
    0.251864277411482504E+02   -0.261693115973313866E+03   -0.749515351937696561E+01    1
    0.251789259910583496E+02   -0.254776118672930806E+03   -0.750515351937696362E+01    1
    0.251772308349609375E+02   -0.253225931232129994E+03   -0.751515351937696874E+01    1
    0.251759545026241724E+02   -0.252061871928093041E+03   -0.752515351937696853E+01    1
    0.240923403673055567E+02   -0.231474814260030257E+03   -0.753515351937696742E+01    1
    0.240963324830532315E+02   -0.228002867803817054E+03   -0.754515351937696721E+01    1
    0.251462437262343457E+02   -0.225722455826454762E+03   -0.755515351937696877E+01    1
    0.251435167838669180E+02   -0.223377759893010079E+03   -0.756515351937697211E+01    1
    0.241471474307694400E+02   -0.186101574157929861E+03   -0.757515351937696835E+01    1
    0.241526024746222596E+02   -0.181856094104531763E+03   -0.758515351937696991E+01    1
    0.250886701492469797E+02   -0.178818497280305110E+03   -0.759515351937697325E+01    1
    0.250807359644208709E+02   -0.172782523916607431E+03   -0.760515351937697126E+01    1
    0.241654462485434287E+02   -0.172053673428320053E+03   -0.761515351937696572E+01    1
    0.241682959859067914E+02   -0.169915555825497904E+03   -0.762515351937696639E+01    1
    0.250756369491052595E+02   -0.168958125038487310E+03   -0.763515351937696973E+01    1
    0.241802799701690674E+02   -0.161070472455303275E+03   -0.764515351937696952E+01    1
    0.250548878909657304E+02   -0.153837251002712577E+03   -0.765515351937697019E+01    1
    0.250477191135567665E+02   -0.148777749325706310E+03   -0.766515351937697087E+01    1
    0.242044301025942872E+02   -0.143964178562717763E+03   -0.767515351937697066E+01    1
    0.242049567854696477E+02   -0.143601811078785943E+03   -0.768515351937697044E+01    1
    0.250187599658966064E+02   -0.129200493036110231E+03   -0.769515351937697201E+01    1
    0.250157903099775289E+02   -0.127270965987261192E+03   -0.770515351937697446E+01    1
    0.242370223999023438E+02   -0.122400355618327268E+03   -0.771515351937697069E+01    1
    0.242379269217204794E+02   -0.121826843452081732E+03   -0.772515351937696959E+01    1
    0.242402008084883143E+02   -0.120391034519613612E+03   -0.773515351937697382E+01    1
    0.250044446194886234E+02   -0.120032825129755508E+03   -0.774515351937697538E+01    1
    0.242471372124868161E+02   -0.116063743185145597E+03   -0.775515351937697517E+01    1
    0.249968679149862112E+02   -0.115317176885850699E+03   -0.776515351937697407E+01    1
    0.249898250571558336E+02   -0.111018543498045403E+03   -0.777515351937697297E+01    1
    0.249892324043046372E+02   -0.110660540677139977E+03   -0.778515351937696565E+01    1
    0.242634815687997722E+02   -0.106180498517714540E+03   -0.779515351937696011E+01    1
    0.249799951748374838E+02   -0.105155366313123324E+03   -0.780515351937696522E+01    1
    0.242675115413713627E+02   -0.103811208193724795E+03   -0.781515351937697123E+01    1
    0.242684428122274234E+02   -0.103267501213256594E+03   -0.782515351937697279E+01    1
    0.249711658255334648E+02   -0.100024586021100120E+03   -0.783515351937697524E+01    1
    0.249700796604156494E+02   -0.994022752010663453E+02   -0.784515351937695993E+01    1
    0.242763166920071782E+02   -0.987275377402201855E+02   -0.785515351937696593E+01    1
    0.249651588830115685E+02   -0.966072812751199024E+02   -0.786515351937697016E+01    1
    0.249629733930031605E+02   -0.953787105418828389E+02   -0.787515351937697172E+01    1
    0.249603803415115166E+02   -0.939312293349963170E+02   -0.788515351937697417E+01    1
    0.242907135499664939E+02   -0.906904488172950209E+02   -0.789515351937696952E+01    1
    0.242907655239105225E+02   -0.906620523688492739E+02   -0.790515351937697019E+01    1
    0.242935814017932046E+02   -0.891302186866520287E+02   -0.791515351937696643E+01    1
    0.249502354155751469E+02   -0.883745489796929462E+02   -0.792515351937696444E+01    1
    0.242966700891537641E+02   -0.874649892481336906E+02   -0.793515351937696778E+01    1
    0.249479678665916538E+02   -0.871557128737334494E+02   -0.794515351937696490E+01    1
    0.243029990860660021E+02   -0.841018489601757437E+02   -0.795515351937696735E+01    1
    0.249391925334930420E+02   -0.825186290211158848E+02   -0.796515351937696447E+01    1
    0.243144518309149724E+02   -0.781836566996121007E+02   -0.797515351937695893E+01    1
    0.243188095940674245E+02   -0.759885020813722463E+02   -0.798515351937696582E+01    1
    0.249194194391734385E+02   -0.725347451926184590E+02   -0.799515351937696650E+01    1
    0.249162772099323249E+02   -0.710074340215467572E+02   -0.800515351937696096E+01    1
    0.243329552910413440E+02   -0.690782867281041888E+02   -0.801515351937696785E+01    1
    0.243335515384939072E+02   -0.687942534927107090E+02   -0.802515351937697652E+01    1
    0.249081213145410274E+02   -0.671190324869872939E+02   -0.803515351937696920E+01    1
    0.243381586862632382E+02   -0.666192889085379818E+02   -0.804515351937696543E+01    1
    0.249032928754730243E+02   -0.648686348584128751E+02   -0.805515351937697233E+01    1
    0.243453200590957621E+02   -0.633078881402619018E+02   -0.806515351937697034E+01    1
    0.248991233496393995E+02   -0.629562204978678324E+02   -0.807515351937696657E+01    1
    0.248981231135362613E+02   -0.625017040298874491E+02   -0.808515351937696636E+01    1
    0.243595474404765433E+02   -0.569796746575530051E+02   -0.809515351937696259E+01    1
    0.243634046467215448E+02   -0.553214436010460133E+02   -0.810515351937696593E+01    1
    0.243758425093163851E+02   -0.501411823355084323E+02   -0.811515351937696572E+01    1
    0.248657134550378061E+02   -0.486657757075287662E+02   -0.812515351937696728E+01    1
    0.243822467447416820E+02   -0.475732039777858446E+02   -0.813515351937696707E+01    1
    0.243849706415267029E+02   -0.465014394979831067E+02   -0.814515351937696508E+01    1
    0.243860810674793136E+02   -0.460680279139340314E+02   -0.815515351937696664E+01    1
    0.243907386971520452E+02   -0.442722178357928584E+02   -0.816515351937696643E+01    1
    0.248541010516575369E+02   -0.441291527821496459E+02   -0.817515351937696622E+01    1
    0.243966317871441198E+02   -0.420512408061724727E+02   -0.818515351937696600E+01    1
    0.244002222927204961E+02   -0.407260868685985429E+02   -0.819515351937696224E+01    1
    0.248421341505228988E+02   -0.396863095064111278E+02   -0.820515351937696558E+01    1
    0.244043587737665462E+02   -0.392257390564851391E+02   -0.821515351937696714E+01    1
    0.244102271956402959E+02   -0.371455270495293846E+02   -0.822515351937696693E+01    1
    0.244149469185286101E+02   -0.355136364927582946E+02   -0.823515351937696671E+01    1
    0.248279011124974076E+02   -0.347090975231559469E+02   -0.824515351937696295E+01    1
    0.244175951721403770E+02   -0.346140384680953446E+02   -0.825515351937696096E+01    1
    0.244195323245563571E+02   -0.339633096407361421E+02   -0.826515351937696252E+01    1
    0.248247920248765261E+02   -0.336662505473531297E+02   -0.827515351937696408E+01    1
    0.244233673276858205E+02   -0.326932758415661482E+02   -0.828515351937696565E+01    1
    0.248197180518200859E+02   -0.319985217501791048E+02   -0.829515351937696543E+01    1
    0.244379902094079711E+02   -0.280728085233236087E+02   -0.830515351937696344E+01    1
    0.248068615980695348E+02   -0.279625794348182524E+02   -0.831515351937696146E+01    1
    0.244388987432532723E+02   -0.277973498305946620E+02   -0.832515351937696302E+01    1
    0.248052882359832267E+02   -0.274873526014665757E+02   -0.833515351937696813E+01    1
    0.244424598325621005E+02   -0.267307639030754558E+02   -0.834515351937696437E+01    1
    0.244454599280100418E+02   -0.258484050759027824E+02   -0.835515351937696593E+01    1
    0.247951453460065423E+02   -0.245215603302860572E+02   -0.836515351937696927E+01    1
    0.244509178642396066E+02   -0.242811698419325879E+02   -0.837515351937696906E+01    1
    0.247926183530300115E+02   -0.238090195860304377E+02   -0.838515351937696174E+01    1
    0.247908848951515104E+02   -0.233263126351394234E+02   -0.839515351937695975E+01    1
    0.244567969625959520E+02   -0.226478635048748487E+02   -0.840515351937696487E+01    1
    0.247867699813291935E+02   -0.222002638438268853E+02   -0.841515351937696821E+01    1
    0.244588701829268267E+02   -0.220854614956330195E+02   -0.842515351937696266E+01    1
    0.247849094104434897E+02   -0.217002691497513140E+02   -0.843515351937695534E+01    1
    0.247810807308123593E+02   -0.206893111975689230E+02   -0.844515351937695691E+01    1
    0.247794631266529457E+02   -0.202694368556752842E+02   -0.845515351937696202E+01    1
    0.244673038363216975E+02   -0.198706073655286630E+02   -0.846515351937696536E+01    1
    0.244702264214395413E+02   -0.191303955221843331E+02   -0.847515351937696160E+01    1
    0.244714585532377669E+02   -0.188225437052479734E+02   -0.848515351937696316E+01    1
    0.244714945418192542E+02   -0.188135894176260692E+02   -0.849515351937696295E+01    1
    0.244723548252859260E+02   -0.186001777316471362E+02   -0.850515351937696629E+01    1
    0.244723882128308610E+02   -0.185919197990645131E+02   -0.851515351937696785E+01    1
    0.247723129271446894E+02   -0.184650963004812141E+02   -0.852515351937696408E+01    1
    0.247704176567906380E+02   -0.180009399826962273E+02   -0.853515351937696032E+01    1
    0.247669332488175336E+02   -0.171630300876366420E+02   -0.854515351937695655E+01    1
    0.247669096645310276E+02   -0.171574267801317752E+02   -0.855515351937696344E+01    1
    0.247643575543025101E+02   -0.165564908985086205E+02   -0.856515351937696323E+01    1
    0.247627046455029785E+02   -0.161730079947226528E+02   -0.857515351937696124E+01    1
    0.247624939150204213E+02   -0.161244407700748198E+02   -0.858515351937696103E+01    1
    0.247594585155798868E+02   -0.154329806297400420E+02   -0.859515351937696259E+01    1
    0.247550048636886260E+02   -0.144458996821258498E+02   -0.860515351937696771E+01    1
    0.247547809669072691E+02   -0.143971386130333006E+02   -0.861515351937696039E+01    1
    0.247538691468183849E+02   -0.141994114989958220E+02   -0.862515351937695662E+01    1
    0.244924622890185262E+02   -0.139591420627269134E+02   -0.863515351937696352E+01    1
    0.247520545344126646E+02   -0.138099874389270738E+02   -0.864515351937696508E+01    1
    0.244931863323761760E+02   -0.138044400839867354E+02   -0.865515351937695954E+01    1
    0.244953244328249014E+02   -0.133526424089333169E+02   -0.866515351937696288E+01    1
    0.244955865863335269E+02   -0.132977652417628462E+02   -0.867515351937696266E+01    1
    0.247491673990518919E+02   -0.132015691079746862E+02   -0.868515351937696423E+01    1
    0.244984200241601009E+02   -0.127118555600783552E+02   -0.869515351937696934E+01    1
    0.245003214253272894E+02   -0.123260869204069223E+02   -0.870515351937696735E+01    1
    0.245031104628312093E+02   -0.117709972399504661E+02   -0.871515351937696181E+01    1
    0.245033397057611815E+02   -0.117259416021826635E+02   -0.872515351937695982E+01    1
    0.247395217104834515E+02   -0.112684017500347515E+02   -0.873515351937696316E+01    1
    0.247388153033677476E+02   -0.111328447977424112E+02   -0.874515351937695762E+01    1
    0.247374327674866770E+02   -0.108699185100357774E+02   -0.875515351937695741E+01    1
    0.245085210271118044E+02   -0.107306757558304398E+02   -0.876515351937696252E+01    1
    0.245092780036517937E+02   -0.105889704226424861E+02   -0.877515351937696231E+01    1
    0.247356713628347897E+02   -0.105394986051891610E+02   -0.878515351937696209E+01    1
    0.247351019165309545E+02   -0.104337693905132447E+02   -0.879515351937696188E+01    1
    0.245116050551700333E+02   -0.101592560044225326E+02   -0.880515351937695812E+01    1
    0.245123646928670773E+02   -0.100209110653117577E+02   -0.881515351937695790E+01    1
    0.247325954646166650E+02   -0.997474214834424444E+01   -0.882515351937695769E+01    1
    0.247320773171477200E+02   -0.988113956605786825E+01   -0.883515351937695925E+01    1
    0.247316772665586235E+02   -0.980917337937629163E+01   -0.884515351937695904E+01    1
    0.247315847994457059E+02   -0.979257670736929242E+01   -0.885515351937696238E+01    1
    0.247304553329308376E+02   -0.959098788485695053E+01   -0.886515351937696394E+01    1
    0.245147976865696151E+02   -0.958420914742767494E+01   -0.887515351937696018E+01    1
    0.245152096660778867E+02   -0.951122708798101613E+01   -0.888515351937696174E+01    1
    0.247295078578147240E+02   -0.942350100291511517E+01   -0.889515351937696330E+01    1
    0.247289068761596553E+02   -0.931803041971623358E+01   -0.890515351937696309E+01    1
    0.245173398849743123E+02   -0.913831714285081631E+01   -0.891515351937696288E+01    1
    0.245180067457659376E+02   -0.902311383143618251E+01   -0.892515351937696089E+01    1
    0.247266191380643612E+02   -0.892197879419210871E+01   -0.893515351937696423E+01    1
    0.245213288279724608E+02   -0.846011679494815994E+01   -0.894515351937696579E+01    1
    0.247226897644659900E+02   -0.826183758933242274E+01   -0.895515351937696202E+01    1
    0.245227719598818332E+02   -0.822120831358596149E+01   -0.896515351937696181E+01    1
    0.247196707272827396E+02   -0.777190219716072583E+01   -0.897515351937695982E+01    1
    0.245255852175545250E+02   -0.776533417313581342E+01   -0.898515351937695428E+01    1
    0.247192594524664173E+02   -0.770632100931398423E+01   -0.899515351937695407E+01    1
    0.245270945826866580E+02   -0.752611983162908960E+01   -0.900515351937695741E+01    1
    0.247169240293875276E+02   -0.733919870025372223E+01   -0.901515351937696252E+01    1
    0.247167061552590326E+02   -0.730540738614655893E+01   -0.902515351937696408E+01    1
    0.247163557248216215E+02   -0.725122110745071957E+01   -0.903515351937696032E+01    1
    0.247145485877990723E+02   -0.697499704025122202E+01   -0.904515351937695833E+01    1
    0.245316502495917774E+02   -0.682685115960225541E+01   -0.905515351937695989E+01    1
    0.245324035600001480E+02   -0.671451440566779567E+01   -0.906515351937695790E+01    1
    0.245325646115964560E+02   -0.669061894540746582E+01   -0.907515351937695591E+01    1
    0.247104986276789234E+02   -0.637547966017804768E+01   -0.908515351937695925E+01    1
    0.247101411017118764E+02   -0.632385205836997066E+01   -0.909515351937696437E+01    1
    0.245360843543994065E+02   -0.617905395200217100E+01   -0.910515351937696060E+01    1
    0.247076350744934565E+02   -0.596788285284317244E+01   -0.911515351937695506E+01    1
    0.247076312982668895E+02   -0.596735425943250775E+01   -0.912515351937696195E+01    1
    0.245381472813507493E+02   -0.588870489448859047E+01   -0.913515351937696529E+01    1
    0.247059312989555124E+02   -0.573177381787144213E+01   -0.914515351937696153E+01    1
    0.247051385586666257E+02   -0.562354505438078878E+01   -0.915515351937696131E+01    1
    0.247051289312695843E+02   -0.562223703392591645E+01   -0.916515351937695577E+01    1
    0.245400936155456861E+02   -0.562118921923195813E+01   -0.917515351937695733E+01    1
    0.247035026550292969E+02   -0.540347395463865254E+01   -0.918515351937696067E+01    1
    0.247022684810880087E+02   -0.524036159703272464E+01   -0.919515351937696046E+01    1
    0.247018819049274256E+02   -0.518978620490924314E+01   -0.920515351937696202E+01    1
    0.247016964686802289E+02   -0.516561307058299057E+01   -0.921515351937696536E+01    1
    0.245438521287787097E+02   -0.512224688716540655E+01   -0.922515351937696337E+01    1
    0.245442269129003350E+02   -0.507376947399455602E+01   -0.923515351937695961E+01    1
    0.247002096111620872E+02   -0.497383576068975497E+01   -0.924515351937695584E+01    1
    0.246997257761483802E+02   -0.491221480362864238E+01   -0.925515351937695918E+01    1
    0.245455157641176775E+02   -0.490882470598119713E+01   -0.926515351937696607E+01    1
    0.245455973128541238E+02   -0.489848024272813021E+01   -0.927515351937695876E+01    1
    0.245461748652166847E+02   -0.482553103051415988E+01   -0.928515351937695499E+01    1
    0.246985676862901684E+02   -0.476628635807477963E+01   -0.929515351937696188E+01    1
    0.246978873751968635E+02   -0.468159131167528475E+01   -0.930515351937696522E+01    1
    0.245479797097446628E+02   -0.460110503691158979E+01   -0.931515351937695790E+01    1
    0.246960667337114401E+02   -0.445867942376832893E+01   -0.932515351937696657E+01    1
    0.246950660268117375E+02   -0.433848102572973993E+01   -0.933515351937696458E+01    1
    0.245502048624972176E+02   -0.433179676404735314E+01   -0.934515351937696082E+01    1
    0.246947378935020296E+02   -0.429942671583635061E+01   -0.935515351937695883E+01    1
    0.246942875646127931E+02   -0.424611730102932317E+01   -0.936515351937696394E+01    1
    0.246913290541397288E+02   -0.390419386024913972E+01   -0.937515351937696728E+01    1
    0.245555940234524712E+02   -0.371332945960354444E+01   -0.938515351937696352E+01    1
    0.246887767314910889E+02   -0.362079276223470892E+01   -0.939515351937695797E+01    1
    0.245565324499502786E+02   -0.361052227360426992E+01   -0.940515351937695776E+01    1
    0.245573442423797346E+02   -0.352275775029174909E+01   -0.941515351937695755E+01    1
    0.245597396974974096E+02   -0.327010441879954339E+01   -0.942515351937696089E+01    1
    0.245612996423125267E+02   -0.311065304465171888E+01   -0.943515351937695712E+01    1
    0.246832403274201226E+02   -0.304291259614963705E+01   -0.944515351937694980E+01    1
    0.245625042915344238E+02   -0.299025999440108237E+01   -0.945515351937695137E+01    1
    0.245626141573279391E+02   -0.297939885053019271E+01   -0.946515351937695826E+01    1
    0.246824409966647096E+02   -0.296364860870946334E+01   -0.947515351937695982E+01    1
    0.246817907722763650E+02   -0.289994630295931533E+01   -0.948515351937695605E+01    1
    0.245636701469387688E+02   -0.287601894449851647E+01   -0.949515351937695584E+01    1
    0.245640928518403321E+02   -0.283515124180963962E+01   -0.950515351937695741E+01    1
    0.245642568206917602E+02   -0.281937768797875332E+01   -0.951515351937695897E+01    1
    0.246809205705248225E+02   -0.281578197666171226E+01   -0.952515351937695876E+01    1
    0.245646841080157472E+02   -0.277848125757776376E+01   -0.953515351937695854E+01    1
    0.246805080246667998E+02   -0.277631690242811002E+01   -0.954515351937695833E+01    1
    0.245653023179086389E+02   -0.271984332540220741E+01   -0.955515351937695989E+01    1
    0.246798324894713765E+02   -0.271229872210123402E+01   -0.956515351937696323E+01    1
    0.246798189925442841E+02   -0.271102731929385055E+01   -0.957515351937696302E+01    1
    0.246795102795980448E+02   -0.268202861625349387E+01   -0.958515351937695215E+01    1
    0.246794296293739279E+02   -0.267447865111678063E+01   -0.959515351937695371E+01    1
    0.246793209766756476E+02   -0.266432420196048536E+01   -0.960515351937695527E+01    1
    0.246790170669555664E+02   -0.263602465747004056E+01   -0.961515351937695861E+01    1
    0.245675877511202572E+02   -0.250852985281277618E+01   -0.962515351937695662E+01    1
    0.246775019958617747E+02   -0.249721240128029009E+01   -0.963515351937695286E+01    1
    0.245693247081025135E+02   -0.235368022115882791E+01   -0.964515351937695797E+01    1
    0.246757348520020798E+02   -0.234007943409871588E+01   -0.965515351937696309E+01    1
    0.245697014551564479E+02   -0.232074874613434901E+01   -0.966515351937695755E+01    1
    0.246747898495027300E+02   -0.225816033653620707E+01   -0.967515351937695556E+01    1
    0.246738437273973510E+02   -0.217761700678352588E+01   -0.968515351937696067E+01    1
    0.246732730330706396E+02   -0.212974638311255360E+01   -0.969515351937696224E+01    1
    0.245719559576522855E+02   -0.212856569607623047E+01   -0.970515351937696025E+01    1
    0.245720676172021300E+02   -0.211926485964403089E+01   -0.971515351937696003E+01    1
    0.245727522554510855E+02   -0.206268573691019164E+01   -0.972515351937696160E+01    1
    0.245731261980879871E+02   -0.203210862576971785E+01   -0.973515351937696316E+01    1
    0.246715170918002897E+02   -0.198581857685885588E+01   -0.974515351937696295E+01    1
    0.246713388628846566E+02   -0.197149359580709005E+01   -0.975515351937696273E+01    1
    0.245745467164245071E+02   -0.191805180131591735E+01   -0.976515351937695542E+01    1
    0.245747242034390005E+02   -0.190403441152173558E+01   -0.977515351937695698E+01    1
    0.246693453584184290E+02   -0.181483130081999544E+01   -0.978515351937696209E+01    1
    0.245759484526512750E+02   -0.180875949651800783E+01   -0.979515351937696011E+01    1
    0.246688912449381732E+02   -0.178005910425964942E+01   -0.980515351937695812E+01    1
    0.246688665581025006E+02   -0.177817852348931726E+01   -0.981515351937695613E+01    1
    0.245765749438609582E+02   -0.176095841385155172E+01   -0.982515351937695769E+01    1
    0.245773436730223942E+02   -0.170318749527335545E+01   -0.983515351937696103E+01    1
    0.245780725146032140E+02   -0.164931264631215457E+01   -0.984515351937696082E+01    1
    0.245784733473426655E+02   -0.162005644103456570E+01   -0.985515351937696060E+01    1
    0.245789871173505610E+02   -0.158294390507756999E+01   -0.986515351937695506E+01    1
    0.246660744452929421E+02   -0.157195641435643507E+01   -0.987515351937695307E+01    1
    0.246660359853873388E+02   -0.156920542367216709E+01   -0.988515351937695641E+01    1
    0.245795706172760582E+02   -0.154132141226564423E+01   -0.989515351937695975E+01    1
    0.246654126978600452E+02   -0.152496193702722493E+01   -0.990515351937695954E+01    1
    0.246653913025942622E+02   -0.152345456789076716E+01   -0.991515351937695577E+01    1
    0.246649924544133441E+02   -0.149549233122263514E+01   -0.992515351937695911E+01    1
    0.245805060243170246E+02   -0.147576605419506546E+01   -0.993515351937696067E+01    1
    0.246639837829302522E+02   -0.142594558377753544E+01   -0.994515351937695513E+01    1
    0.245813535874372135E+02   -0.141761092848499648E+01   -0.995515351937695492E+01    1
    0.245822128953885937E+02   -0.135985728557358843E+01   -0.996515351937695826E+01    1
    0.246626200925557484E+02   -0.133458374219744069E+01   -0.997515351937695982E+01    1
    0.246625746141228106E+02   -0.133158962127353342E+01   -0.998515351937696138E+01    1
    0.245829375180852132E+02   -0.131210055013744498E+01   -0.999515351937695584E+01    1
    0.245832278373158601E+02   -0.129320941964619895E+01   -0.100051535193769503E+02    1
    0.246605456962413427E+02   -0.120147814833075706E+01   -0.100151535193769536E+02    1
    0.245849000379524512E+02   -0.118710036865490309E+01   -0.100251535193769570E+02    1
    0.246598364535135879E+02   -0.115759406112505570E+01   -0.100351535193769603E+02    1
    0.245859843804085649E+02   -0.112075415277427548E+01   -0.100451535193769637E+02    1
    0.246577763076158192E+02   -0.103481982353551949E+01   -0.100551535193769475E+02    1
    0.245879336710585328E+02   -0.100635319380084898E+01   -0.100651535193769543E+02    1
    0.246565407306542959E+02   -0.964537705786942423E+00   -0.100751535193769577E+02    1
    0.246564866731761647E+02   -0.961520192991232481E+00   -0.100851535193769539E+02    1
    0.245891630774028016E+02   -0.937417997398400260E+00   -0.100951535193769484E+02    1
    0.245898194306058677E+02   -0.901633843756942555E+00   -0.101051535193769499E+02    1
    0.246552970859408340E+02   -0.896334696715991308E+00   -0.101151535193769551E+02    1
    0.246545511448133965E+02   -0.856648025841374228E+00   -0.101251535193769566E+02    1
    0.245906842766472344E+02   -0.855565680487911484E+00   -0.101351535193769582E+02    1
    0.245909342015159709E+02   -0.842482153427538183E+00   -0.101451535193769562E+02    1
    0.245920965137488778E+02   -0.782986474310319425E+00   -0.101551535193769507E+02    1
    0.246528991205384749E+02   -0.772015507304683268E+00   -0.101651535193769487E+02    1
    0.246528857427457844E+02   -0.771348507999132571E+00   -0.101751535193769485E+02    1
    0.245929535373266930E+02   -0.740542283550809977E+00   -0.101851535193769500E+02    1
    0.246522585433855141E+02   -0.740407885244935171E+00   -0.101951535193769534E+02    1
    0.245931388414093988E+02   -0.731524068593940924E+00   -0.102051535193769531E+02    1
    0.246516875907652775E+02   -0.712805105374771375E+00   -0.102151535193769565E+02    1
    0.246515475404344606E+02   -0.706116320556914534E+00   -0.102251535193769545E+02    1
    0.245944216500013333E+02   -0.670643735773965410E+00   -0.102351535193769507E+02    1
    0.245946394820401970E+02   -0.660574806681762272E+00   -0.102451535193769541E+02    1
    0.245960513391442532E+02   -0.597208019513112198E+00   -0.102551535193769521E+02    1
    0.246488857825158902E+02   -0.585130016636068673E+00   -0.102651535193769536E+02    1
    0.246488840805945770E+02   -0.585056389671737342E+00   -0.102751535193769570E+02    1
    0.245964870462316618E+02   -0.578315310068942767E+00   -0.102851535193769532E+02    1
    0.246485893656610813E+02   -0.572378611397350801E+00   -0.102951535193769512E+02    1
    0.245969686856010910E+02   -0.557794625404278488E+00   -0.103051535193769492E+02    1
    0.245975591473229791E+02   -0.533158552609954706E+00   -0.103151535193769526E+02    1
    0.245976518183292470E+02   -0.529344114127604848E+00   -0.103251535193769541E+02    1
    0.246472981054822746E+02   -0.518518108815892331E+00   -0.103351535193769539E+02    1
    0.245984415838281478E+02   -0.497410188583855994E+00   -0.103451535193769555E+02    1
    0.245988267231130209E+02   -0.482209680384651396E+00   -0.103551535193769570E+02    1
    0.246461065644992345E+02   -0.471252248244244387E+00   -0.103651535193769533E+02    1
    0.246458500987061591E+02   -0.461384494814284785E+00   -0.103751535193769513E+02    1
    0.246456117446877983E+02   -0.452310693428015942E+00   -0.103851535193769564E+02    1
    0.245998946425005869E+02   -0.441338841705139651E+00   -0.103951535193769562E+02    1
    0.246004091558511639E+02   -0.422317863349853051E+00   -0.104051535193769507E+02    1
    0.246005524999125598E+02   -0.417096218797541440E+00   -0.104151535193769558E+02    1
    0.246440775340718261E+02   -0.396144026124966131E+00   -0.104251535193769538E+02    1
    0.246012830267269891E+02   -0.391010554080598871E+00   -0.104351535193769482E+02    1
    0.246438054416815575E+02   -0.386587429346437694E+00   -0.104451535193769534E+02    1
    0.246016215622697203E+02   -0.379220034470043488E+00   -0.104551535193769531E+02    1
    0.246435903659575395E+02   -0.379119655956320578E+00   -0.104651535193769529E+02    1
    0.246434286120891812E+02   -0.373553477214200236E+00   -0.104751535193769580E+02    1
    0.246431195538434658E+02   -0.363038123451096817E+00   -0.104851535193769543E+02    1
    0.246429564421810809E+02   -0.357551832137420700E+00   -0.104951535193769523E+02    1
    0.246429221535706304E+02   -0.356404099913736672E+00   -0.105051535193769539E+02    1
    0.246026481069035583E+02   -0.344621030729699240E+00   -0.105151535193769536E+02    1
    0.246423758664818173E+02   -0.338379472003961457E+00   -0.105251535193769499E+02    1
    0.246422867569783577E+02   -0.335485929723943366E+00   -0.105351535193769514E+02    1
    0.246418786128815199E+02   -0.322399833974725047E+00   -0.105451535193769512E+02    1
    0.246034858587886092E+02   -0.317670783665511935E+00   -0.105551535193769528E+02    1
    0.246413271210627016E+02   -0.305153301400152399E+00   -0.105651535193769543E+02    1
    0.246410596370697021E+02   -0.296968729330772563E+00   -0.105751535193769524E+02    1
    0.246408979537839414E+02   -0.292078603856361585E+00   -0.105851535193769575E+02    1
    0.246045245430468320E+02   -0.285860952588038730E+00   -0.105951535193769573E+02    1
    0.246404189747318298E+02   -0.277844436864361000E+00   -0.106051535193769570E+02    1
    0.246049021502949543E+02   -0.274736911352643998E+00   -0.106151535193769551E+02    1
    0.246050690652189488E+02   -0.269894532181168656E+00   -0.106251535193769495E+02    1
    0.246051487449538584E+02   -0.267599112366654512E+00   -0.106351535193769458E+02    1
    0.246051494549481546E+02   -0.267578705780168402E+00   -0.106451535193769526E+02    1
    0.246055569076656475E+02   -0.256004636623658521E+00   -0.106551535193769560E+02    1
    0.246056174756247223E+02   -0.254307482147712371E+00   -0.106651535193769540E+02    1
    0.246057076400100740E+02   -0.251792203415977911E+00   -0.106751535193769556E+02    1
    0.246057899305423788E+02   -0.249508260088870337E+00   -0.106851535193769500E+02    1
    0.246392966256286421E+02   -0.245970196481357983E+00   -0.106951535193769480E+02    1
    0.246059224496154698E+02   -0.245853674482334222E+00   -0.107051535193769549E+02    1
    0.246060438809669186E+02   -0.242530248105233853E+00   -0.107151535193769494E+02    1
    0.246391475439086527E+02   -0.241892365796961717E+00   -0.107251535193769456E+02    1
    0.246061623351269887E+02   -0.239311694176039175E+00   -0.107351535193769543E+02    1
    0.246389734610665840E+02   -0.237176988415117918E+00   -0.107451535193769505E+02    1
    0.246062416146669776E+02   -0.237170469754632574E+00   -0.107551535193769414E+02    1
    0.246064567746045739E+02   -0.231411462882935792E+00   -0.107651535193769483E+02    1
    0.246383909131806327E+02   -0.221760355375666851E+00   -0.107751535193769499E+02    1
    0.246070780523350265E+02   -0.215210001549185653E+00   -0.107851535193769426E+02    1
    0.246379605841511164E+02   -0.210730854669544804E+00   -0.107951535193769441E+02    1
    0.246072752632308038E+02   -0.210200075352633964E+00   -0.108051535193769528E+02    1
    0.246074694555695430E+02   -0.205329398461811308E+00   -0.108151535193769561E+02    1
    0.246075134542221861E+02   -0.204234463559433588E+00   -0.108251535193769524E+02    1
    0.246077475404621921E+02   -0.198462660372143912E+00   -0.108351535193769521E+02    1
    0.246079390130168392E+02   -0.193808644910292704E+00   -0.108451535193769519E+02    1
    0.246080103473127245E+02   -0.192090194245139900E+00   -0.108551535193769482E+02    1
    0.246082798169947878E+02   -0.185674237164106248E+00   -0.108651535193769480E+02    1
    0.246083872791527725E+02   -0.183148952219532341E+00   -0.108751535193769477E+02    1
    0.246364215082807760E+02   -0.173778784230920469E+00   -0.108851535193769493E+02    1
    0.246363448392911728E+02   -0.172039989400189802E+00   -0.108951535193769473E+02    1
    0.246089302824154430E+02   -0.170679501749324725E+00   -0.109051535193769453E+02    1
    0.246089983426769159E+02   -0.169150809918189593E+00   -0.109151535193769469E+02    1
    0.246093617394416846E+02   -0.161117669980487044E+00   -0.109251535193769485E+02    1
    0.246094455117722397E+02   -0.159296659776548499E+00   -0.109351535193769500E+02    1
    0.246357573306949291E+02   -0.159036942230633249E+00   -0.109451535193769498E+02    1
    0.246095003596540920E+02   -0.158110656431831753E+00   -0.109551535193769460E+02    1
    0.246356309194878733E+02   -0.156313431268570141E+00   -0.109651535193769440E+02    1
    0.246097913334039440E+02   -0.151901614916854888E+00   -0.109751535193769456E+02    1
    0.246353474784534825E+02   -0.150302361029998166E+00   -0.109851535193769454E+02    1
    0.246352976414635876E+02   -0.149259116334731573E+00   -0.109951535193769434E+02    1
    0.246100560149576033E+02   -0.146374681534277296E+00   -0.110051535193769485E+02    1
    0.246101889975324823E+02   -0.143641343735702587E+00   -0.110151535193769536E+02    1
    0.246105469548384228E+02   -0.136428509781253732E+00   -0.110251535193769499E+02    1
    0.246345559895776525E+02   -0.134217214704407228E+00   -0.110351535193769461E+02    1
    0.246344667976790888E+02   -0.132469258252644717E+00   -0.110451535193769441E+02    1
    0.246107966233830844E+02   -0.131522569839637338E+00   -0.110551535193769439E+02    1
    0.246108416929390259E+02   -0.130647896137479347E+00   -0.110651535193769455E+02    1
    0.246342597552605795E+02   -0.128462188961202817E+00   -0.110751535193769488E+02    1
    0.246342543324515333E+02   -0.128358185100419520E+00   -0.110851535193769504E+02    1
    0.246342188169038963E+02   -0.127678230511161783E+00   -0.110951535193769502E+02    1
    0.246110942953362013E+02   -0.125807487346561608E+00   -0.111051535193769553E+02    1
    0.246112802583936805E+02   -0.122311166836391483E+00   -0.111151535193769551E+02    1
    0.246336076094678660E+02   -0.116301881270790580E+00   -0.111251535193769460E+02    1
    0.246116756114544302E+02   -0.115067254491901916E+00   -0.111351535193769493E+02    1
    0.246334008080970719E+02   -0.112591955669544580E+00   -0.111451535193769491E+02    1
    0.246333039169152279E+02   -0.110877992026173766E+00   -0.111551535193769507E+02    1
    0.246331993035947683E+02   -0.109044779260567548E+00   -0.111651535193769469E+02    1
    0.246121185561016560E+02   -0.107256993130992836E+00   -0.111751535193769467E+02    1
    0.246329824191807738E+02   -0.105301558214421540E+00   -0.111851535193769482E+02    1
    0.246329764806287166E+02   -0.105200153630197593E+00   -0.111951535193769498E+02    1
    0.246329507908741192E+02   -0.104762153433033203E+00   -0.112051535193769514E+02    1
    0.246122757072764138E+02   -0.104563639428543742E+00   -0.112151535193769529E+02    1
    0.246328105679383818E+02   -0.102390558183958230E+00   -0.112251535193769527E+02    1
    0.246126685661979039E+02   -0.980084460374102961E-01   -0.112351535193769525E+02    1
    0.246324919838380474E+02   -0.971226543883373650E-01   -0.112451535193769505E+02    1
    0.246324324894028059E+02   -0.961574080540174292E-01   -0.112551535193769485E+02    1
    0.246127871181132853E+02   -0.960802110583691693E-01   -0.112651535193769465E+02    1
