    0.304108558033044716E+02   -0.714312969020776833E+01
    0.304105785286768082E+02   -0.711281280275489802E+01
    0.302432276496671406E+02   -0.623827908235280315E+01
    0.302479775935232169E+02   -0.578340088266875885E+01
    0.302507096721805766E+02   -0.553445957792102838E+01
    0.303916045404162602E+02   -0.526508841807165862E+01
    0.302542551733004501E+02   -0.522522474240476242E+01
    0.302560654021850688E+02   -0.507336008646436198E+01
    0.302565937812434100E+02   -0.502980050779006582E+01
    0.302581648166282307E+02   -0.490233285461735502E+01
    0.303871832238724160E+02   -0.489877680473592481E+01
    0.303869522984946663E+02   -0.488031160374624129E+01
    0.303851628533810114E+02   -0.473946988531556013E+01
    0.302606431275329655E+02   -0.470748545035644028E+01
    0.302610319963824494E+02   -0.467760466803355079E+01
    0.303824081798430683E+02   -0.453043261037186173E+01
    0.302639528953597221E+02   -0.445916647940668831E+01
    0.302652039852768553E+02   -0.436884608038985967E+01
    0.302653093057451414E+02   -0.436133136903450769E+01
    0.303799776549936951E+02   -0.435382073988060903E+01
    0.303797623257020746E+02   -0.433852789006640727E+01
    0.302661673213866180E+02   -0.430062454252455595E+01
    0.302669309713734371E+02   -0.424736348556385046E+01
    0.303781898316885162E+02   -0.422859428263591752E+01
    0.303781240027497290E+02   -0.422405914303033203E+01
    0.302673552671352510E+02   -0.421808387449066746E+01
    0.302674371857899871E+02   -0.421245662465356929E+01
    0.302682233807181831E+02   -0.415887432601285312E+01
    0.302685648818510842E+02   -0.413583886082237129E+01
    0.303753302207704223E+02   -0.403654970550159664E+01
    0.302703749452481716E+02   -0.401616248805189446E+01
    0.303746646636627489E+02   -0.399330970895775028E+01
    0.303740630547181922E+02   -0.395469778957536322E+01
    0.302724532222897693E+02   -0.388377167595853079E+01
    0.303719086057562535E+02   -0.382011083358904546E+01
    0.303718284221213430E+02   -0.381521310514546963E+01
    0.302738734857731373E+02   -0.379638390280726101E+01
    0.303711012853717435E+02   -0.377116317975419513E+01
    0.302749390316945224E+02   -0.373246676483569884E+01
    0.302749609382641225E+02   -0.373116748769334539E+01
    0.303703282491727116E+02   -0.372505294392883268E+01
    0.303702126553261635E+02   -0.371822177539138687E+01
    0.302754467014324717E+02   -0.370251007411896893E+01
    0.302758446405078274E+02   -0.367925222378225270E+01
    0.303689634477845622E+02   -0.364545715108411406E+01
    0.303679769398776784E+02   -0.358936427767691590E+01
    0.302776131836158306E+02   -0.357826812190192367E+01
    0.303676460511977098E+02   -0.357082067874308517E+01
    0.302780737428801920E+02   -0.355260774990186690E+01
    0.303672865369562217E+02   -0.355082701359015296E+01
    0.302782690561128724E+02   -0.354180530327711018E+01
    0.303670752082323787E+02   -0.353914931566040591E+01
    0.302789390310368844E+02   -0.350511017864229979E+01
    0.303660269154683462E+02   -0.348204240821374666E+01
    0.303660269154683462E+02   -0.348204240821374666E+01
    0.303659473602789731E+02   -0.347776427982089675E+01
    0.303653431859354832E+02   -0.344553100882081154E+01
    0.303653431859354832E+02   -0.344553100882081154E+01
    0.302802692505521200E+02   -0.343390541579676878E+01
    0.303645906528279284E+02   -0.340601677604772801E+01
    0.303638651636114218E+02   -0.336858856602458134E+01
    0.303630978960391538E+02   -0.332971636583412467E+01
    0.303626308733555383E+02   -0.330641354590228165E+01
    0.302832673451150605E+02   -0.328148143573215867E+01
    0.302854246609145932E+02   -0.317871061719375980E+01
    0.303595963097669141E+02   -0.316159892518684238E+01
    0.302860311168091414E+02   -0.315086112193932966E+01
    0.302860898794144688E+02   -0.314818692088254970E+01
    0.303590475258487125E+02   -0.313663138193799362E+01
    0.303590475258487125E+02   -0.313663138193799362E+01
    0.303586857755713737E+02   -0.312037772527518875E+01
    0.303585830569182384E+02   -0.311579214689065420E+01
    0.303582247886998999E+02   -0.309990087252608726E+01
    0.303582211430560100E+02   -0.309973998654447591E+01
    0.302872899398997895E+02   -0.309451217291270231E+01
    0.303580844402313232E+02   -0.309371906788051376E+01
    0.302878961313720438E+02   -0.306807928638152383E+01
    0.302881134961940326E+02   -0.305871231018402145E+01
    0.303572242215579600E+02   -0.305636435911226823E+01
    0.302883531780755995E+02   -0.304845165576271704E+01
    0.302884515266946686E+02   -0.304426205167979891E+01
    0.302888501672138872E+02   -0.302740320788037609E+01
    0.302888501672138872E+02   -0.302740320788037609E+01
    0.302889517896187286E+02   -0.302313708586940066E+01
    0.302889517896187286E+02   -0.302313708586940066E+01
    0.302897043312051011E+02   -0.299194452685817147E+01
    0.302901445575576318E+02   -0.297402344377208916E+01
    0.303551834326555827E+02   -0.297142088138368354E+01
    0.302904244024321727E+02   -0.296275645280570110E+01
    0.302904244024321727E+02   -0.296275645280570110E+01
    0.303547608383471754E+02   -0.295447786392760836E+01
    0.302908383105530667E+02   -0.294627021409595669E+01
    0.302908383105530667E+02   -0.294627021409595669E+01
    0.303542533233289475E+02   -0.293442331643129117E+01
    0.302913281804140198E+02   -0.292703334806615878E+01
    0.302913281804140198E+02   -0.292703334806615878E+01
    0.302914293753692334E+02   -0.292309663843166057E+01
    0.303538995462470780E+02   -0.292063300238601986E+01
    0.303538995462470780E+02   -0.292063300238601986E+01
    0.302916564746522425E+02   -0.291430827543200444E+01
    0.302918604826028144E+02   -0.290646813335379139E+01
    0.303532693554446276E+02   -0.289645314993076930E+01
    0.302928858384990676E+02   -0.286784603346982703E+01
    0.302928858384990676E+02   -0.286784603346982703E+01
    0.302932377588301094E+02   -0.285489128344632448E+01
    0.303521257253288184E+02   -0.285383304559261575E+01
    0.303518030566675066E+02   -0.284210188631286620E+01
    0.302938853552835639E+02   -0.283145424753864816E+01
    0.302938853552835639E+02   -0.283145424753864816E+01
    0.303510327999820682E+02   -0.281462077396277532E+01
    0.303510327999820682E+02   -0.281462077396277532E+01
    0.303509832130575177E+02   -0.281287686819280269E+01
    0.303509832130575177E+02   -0.281287686819280269E+01
    0.302955086982864330E+02   -0.277499383726026227E+01
    0.302955337927121064E+02   -0.277414673738200390E+01
    0.302955337927121064E+02   -0.277414673738200390E+01
    0.303495620685457546E+02   -0.276419528311177976E+01
    0.303495620685457546E+02   -0.276419528311177976E+01
    0.303493239448622845E+02   -0.275628371115321791E+01
    0.302960686520458182E+02   -0.275627777638885085E+01
    0.302960686520458182E+02   -0.275627777638885085E+01
    0.302969314862229702E+02   -0.272820062594967050E+01
    0.302973934820934048E+02   -0.271354714997417368E+01
    0.302973934820934048E+02   -0.271354714997417368E+01
    0.303479953452206495E+02   -0.271343431601264440E+01
    0.303475903250253580E+02   -0.270080789060487092E+01
    0.303475882849861733E+02   -0.270074480855152643E+01
    0.302980588097758279E+02   -0.269291028979347757E+01
    0.302983687718478620E+02   -0.268348377277041594E+01
    0.303465172431835661E+02   -0.266833990876825222E+01
    0.303465172431835661E+02   -0.266833990876825222E+01
    0.302991088985753905E+02   -0.266145787164245640E+01
    0.302991088985753905E+02   -0.266145787164245640E+01
    0.303461843879135671E+02   -0.265855944239396713E+01
    0.303461637061468537E+02   -0.265795628016785246E+01
    0.302994481869774503E+02   -0.265158823839779334E+01
    0.303455893898907973E+02   -0.264141918252140018E+01
    0.302999389326402557E+02   -0.263756582667300155E+01
    0.303453023577885226E+02   -0.263330781885687992E+01
    0.303451747481845722E+02   -0.262973450772906503E+01
    0.303451747481845722E+02   -0.262973450772906503E+01
    0.303451676318419175E+02   -0.262953583210618280E+01
    0.303003627120387442E+02   -0.262569759769778699E+01
    0.303449778964652594E+02   -0.262426195579067034E+01
    0.303449778964652594E+02   -0.262426195579067034E+01
    0.303445970300097869E+02   -0.261381038668538146E+01
    0.303445674550697646E+02   -0.261300634358133399E+01
    0.303008672253844580E+02   -0.261185924131020775E+01
    0.303010214030128679E+02   -0.260769336046904510E+01
    0.303443439563531427E+02   -0.260696529569518098E+01
    0.303442775778055349E+02   -0.260518307080432532E+01
    0.303439926066332077E+02   -0.259759394964606471E+01
    0.303439926066332077E+02   -0.259759394964606471E+01
    0.303439341199446275E+02   -0.259604885597531609E+01
    0.303438208401589229E+02   -0.259306833051995511E+01
    0.303019428253173828E+02   -0.258341207835129527E+01
    0.303019428253173828E+02   -0.258341207835129527E+01
    0.303432560438612242E+02   -0.257844573433138535E+01
    0.303432355296934944E+02   -0.257792207939241536E+01
    0.303022507812355499E+02   -0.257553198007051520E+01
    0.303024488666770537E+02   -0.257052554941963685E+01
    0.303428909880348030E+02   -0.256920525562436186E+01
    0.303426747727378654E+02   -0.256381036318824540E+01
    0.303028148901083227E+02   -0.256140287971610991E+01
    0.303424458203475709E+02   -0.255816096480183086E+01
    0.303423498165023204E+02   -0.255581144704043339E+01
    0.303032746913966733E+02   -0.255017875534087413E+01
    0.303419985673906218E+02   -0.254731284261686408E+01
    0.303419835546496124E+02   -0.254695301885154857E+01
    0.303035166589023106E+02   -0.254437759650249218E+01
    0.303415454315246151E+02   -0.253657543647206829E+01
    0.303040980523006311E+02   -0.253073603518432000E+01
    0.303411338425820105E+02   -0.252704357176646655E+01
    0.303403939641452673E+02   -0.251043808903773824E+01
    0.303402610350458808E+02   -0.250752675146297044E+01
    0.303052164588385295E+02   -0.250567497602208222E+01
    0.303053429106230965E+02   -0.250293923590492007E+01
    0.303054816479808409E+02   -0.249996055283383978E+01
    0.303397666356291680E+02   -0.249689132977172745E+01
    0.303394468244333382E+02   -0.249017334442511462E+01
    0.303394468244333382E+02   -0.249017334442511462E+01
    0.303065320919972834E+02   -0.247818343330566959E+01
    0.303065320919972834E+02   -0.247818343330566959E+01
    0.303068232045935773E+02   -0.247239084216992211E+01
    0.303385524864623193E+02   -0.247206121588759942E+01
    0.303069736181858538E+02   -0.246943914352807736E+01
    0.303381800747506105E+02   -0.246481213890306528E+01
    0.303073949224485197E+02   -0.246132111975524692E+01
    0.303075350643747896E+02   -0.245866962340281736E+01
    0.303377814188566042E+02   -0.245724313201329458E+01
    0.303375723564225410E+02   -0.245335271737066218E+01
    0.303374512519246267E+02   -0.245112393441879295E+01
    0.303373688890988049E+02   -0.244961855385762162E+01
    0.303082167241273090E+02   -0.244612049781722085E+01
    0.303085016887906278E+02   -0.244104547782985604E+01
    0.303086519978016824E+02   -0.243840921570706870E+01
    0.303088126800260937E+02   -0.243562205493864870E+01
    0.303365168142164237E+02   -0.243453934016520712E+01
    0.303364171099993740E+02   -0.243283380915189351E+01
    0.303363675343988533E+02   -0.243199037006754759E+01
    0.303362148756862773E+02   -0.242941233344385932E+01
    0.303361393542300917E+02   -0.242814766163947171E+01
    0.303107739216492753E+02   -0.240418751616442705E+01
    0.303105842534931327E+02   -0.240701879899875060E+01
    0.303097750686100582E+02   -0.241959995978598252E+01
    0.303099288936491646E+02   -0.241714568367208882E+01
    0.303112734482793726E+02   -0.239694462755024329E+01
    0.303121343853391139E+02   -0.238518893958305700E+01
    0.303114213536170851E+02   -0.239485954870735629E+01
    0.303108784844904555E+02   -0.240264575644390721E+01
    0.303116772915967196E+02   -0.239131568757478385E+01
    0.303093784535967004E+02   -0.242606353927000562E+01
    0.303210432149567914E+02   -0.231760149564677320E+01
    0.303205859834108580E+02   -0.231867019141586184E+01
    0.303220185798265582E+02   -0.231618961664508616E+01
    0.303159295235707305E+02   -0.234434316067257420E+01
    0.303214947111840623E+02   -0.231680103266270265E+01
    0.303163021202399960E+02   -0.234129751913699380E+01
    0.303134406338052429E+02   -0.236911098379015606E+01
    0.303222844011095027E+02   -0.231600975022623512E+01
    0.303178510219110500E+02   -0.233048515766172049E+01
    0.303219585876696911E+02   -0.231624235007666179E+01
    0.303211729357672404E+02   -0.231734558696443660E+01
    0.303142371750310673E+02   -0.236034706755159496E+01
    0.303133450396845916E+02   -0.237021572349395937E+01
    0.303154308105316304E+02   -0.234868957654131094E+01
    0.303139535166776817E+02   -0.236337764924322125E+01
    0.303149647373566502E+02   -0.235303080978970414E+01
    0.303138799113719202E+02   -0.236418037470077547E+01
    0.303192100673866811E+02   -0.232345270804693715E+01
    0.303202944885053611E+02   -0.231948706192677090E+01
    0.303145224237353723E+02   -0.235740028606808139E+01
    0.303150868951250771E+02   -0.235186687922838367E+01
    0.303214572436580845E+02   -0.231685782445550092E+01
    0.303135219937025333E+02   -0.236817968470687035E+01
    0.303256389266137774E+02   -0.232128285303561555E+01
    0.303232810246201652E+02   -0.231611684205372992E+01
    0.303232334898044442E+02   -0.231608371364384702E+01
    0.303287732727121977E+02   -0.233884191783115014E+01
    0.303336280511683256E+02   -0.239012855279471204E+01
    0.303231204861255073E+02   -0.231601622562684240E+01
    0.303234995087770969E+02   -0.231630520873277135E+01
    0.303320054273000821E+02   -0.236972952211479093E+01
    0.303234903220978183E+02   -0.231629609420288318E+01
    0.303286754314965918E+02   -0.233810927246770017E+01
    0.303283934733527012E+02   -0.233606445166625409E+01
    0.303283500606002434E+02   -0.233575838622179699E+01
    0.303344437715415296E+02   -0.240161885279632914E+01
    0.303230988526651828E+02   -0.231600511474391002E+01
    0.303260233245621436E+02   -0.232277976231333128E+01
    0.303265950156973787E+02   -0.232534550542534557E+01
    0.303331834170051735E+02   -0.238421346159904157E+01
    0.303253533896017302E+02   -0.232028973474230682E+01
    0.303319632073157130E+02   -0.236924240460071411E+01
    0.303271842645889684E+02   -0.232841492819615592E+01
    0.303302093191511446E+02   -0.235096329350696953E+01
    0.303356152628525635E+02   -0.241956648076144765E+01
    0.303360475100879938E+02   -0.242661919960712424E+01
    0.303243453678912829E+02   -0.231759363099231219E+01
    0.303234690345588298E+02   -0.231627537676754036E+01
    0.303120353472031354E+02   -0.238649439240801620E+01
    0.303177799626366280E+02   -0.233091597457152933E+01
    0.303105514901124486E+02   -0.240751240264032695E+01
    0.303322343182668597E+02   -0.237240891772691764E+01
    0.303276867270830763E+02   -0.233137297513476138E+01
    0.303151467892980158E+02   -0.235130297431945223E+01
    0.303282477929917675E+02   -0.233504663985072103E+01
    0.303348836256115177E+02   -0.240815768323375412E+01
    0.303340182286985183E+02   -0.239552149853968022E+01
    0.303117506766396332E+02   -0.239031456727383462E+01
    0.303316991193142371E+02   -0.236624570330641770E+01
    0.303239025688504071E+02   -0.231680830465461440E+01
    0.303314844844502076E+02   -0.236387398245217950E+01
    0.303095013278880145E+02   -0.242404018312337088E+01
    0.303172301906838300E+02   -0.233446111181329830E+01
    0.303140274226164941E+02   -0.236257841629550347E+01
    0.303246404804395695E+02   -0.231825228200763034E+01
    0.303164864155860272E+02   -0.233985481564586273E+01
    0.303174577182856275E+02   -0.233294838947926841E+01
    0.303308047696145238E+02   -0.235674068144356141E+01
    0.303323931554891004E+02   -0.237430651541428839E+01
    0.303212565611060114E+02   -0.231719169487266452E+01
    0.303146876548015065E+02   -0.235573958526272920E+01
    0.303317433936329977E+02   -0.236674205532042015E+01
    0.303137093450622714E+02   -0.236606640546057978E+01
    0.303276262255665259E+02   -0.233100018899261974E+01
    0.303221563901802256E+02   -0.231608541118417577E+01
    0.303187079332426528E+02   -0.232578377885811793E+01
    0.303244522987176524E+02   -0.231781978808415623E+01
    0.303225407133504383E+02   -0.231591943877033302E+01
    0.303299059241916282E+02   -0.234818896468075522E+01
    0.303119807378166719E+02   -0.238721942727175485E+01
    0.303238188796348425E+02   -0.231668724395918169E+01
    0.303244359277061015E+02   -0.231778424283184004E+01
    0.303233293509644781E+02   -0.231615339940232712E+01
    0.303197806788561195E+02   -0.232118392869167778E+01
