    0.201486039161682129E+02   -0.642932511651955720E+05   -0.460515351937698814E+01    1
    0.201619398593902588E+02   -0.641248197569689364E+05   -0.461515351937698259E+01    1
    0.204423356056213379E+02   -0.606346082902959533E+05   -0.462515351937698149E+01    1
    0.206147992610931396E+02   -0.585363845800033596E+05   -0.463515351937698661E+01    1
    0.207392811775207520E+02   -0.570448736921954696E+05   -0.464515351937698728E+01    1
    0.398176229000091553E+02   -0.559963335322952626E+05   -0.465515351937698174E+01    1
    0.397706937789916992E+02   -0.554441952745101225E+05   -0.466515351937698153E+01    1
    0.208774554729461670E+02   -0.554118451848917975E+05   -0.467515351937698398E+01    1
    0.396307969093322754E+02   -0.538144906644732328E+05   -0.468515351937698377E+01    1
    0.210371339321136475E+02   -0.535542070095214949E+05   -0.469515351937698444E+01    1
    0.395693731307983398E+02   -0.531066252716929303E+05   -0.470515351937698423E+01    1
    0.211549055576324463E+02   -0.522043916832088580E+05   -0.471515351937698135E+01    1
    0.214133429527282715E+02   -0.493027514258134761E+05   -0.472515351937698025E+01    1
    0.215347552299499512E+02   -0.479682228607633733E+05   -0.473515351937698448E+01    1
    0.390572416782379150E+02   -0.473871121720322626E+05   -0.474515351937698782E+01    1
    0.216147303581237793E+02   -0.470991627835153922E+05   -0.475515351937698494E+01    1
    0.389575409889221191E+02   -0.463115361012085923E+05   -0.476515351937698117E+01    1
    0.389144706726074219E+02   -0.458507105897714428E+05   -0.477515351937698451E+01    1
    0.217871379852294922E+02   -0.452526985485075638E+05   -0.478515351937698341E+01    1
    0.218408894538879395E+02   -0.446845772824181913E+05   -0.479515351937697876E+01    1
    0.219459152221679688E+02   -0.435848741667822615E+05   -0.480515351937698032E+01    1
    0.220717203617095947E+02   -0.422856309854777719E+05   -0.481515351937698277E+01    1
    0.385679340362548828E+02   -0.422268408186807574E+05   -0.482515351937698345E+01    1
    0.220858716964721680E+02   -0.421407142565131871E+05   -0.483515351937698323E+01    1
    0.221420860290527344E+02   -0.415675082219990800E+05   -0.484515351937698480E+01    1
    0.221798837184906006E+02   -0.411842999491280498E+05   -0.485515351937698814E+01    1
    0.223249554634094238E+02   -0.397299810460231674E+05   -0.486515351937698437E+01    1
    0.383117234706878662E+02   -0.396434621681874487E+05   -0.487515351937698149E+01    1
    0.223471868038177490E+02   -0.395094258267752593E+05   -0.488515351937698572E+01    1
    0.382972276210784912E+02   -0.394997373442670796E+05   -0.489515351937698817E+01    1
    0.380761575698852539E+02   -0.373401955649162555E+05   -0.490515351937698973E+01    1
    0.380044519901275635E+02   -0.366527725111085383E+05   -0.491515351937698775E+01    1
    0.379600930213928223E+02   -0.362307121356197749E+05   -0.492515351937698220E+01    1
    0.226966619491577148E+02   -0.361229945793874867E+05   -0.493515351937698199E+01    1
    0.379250431060791016E+02   -0.358989528905052866E+05   -0.494515351937698799E+01    1
    0.377974152565002441E+02   -0.347038076565295487E+05   -0.495515351937699045E+01    1
    0.375643539428710938E+02   -0.325735629920289612E+05   -0.496515351937698846E+01    1
    0.373880255222320557E+02   -0.310067076619589934E+05   -0.497515351937698824E+01    1
    0.233186554908752441E+02   -0.304711420056417883E+05   -0.498515351937698359E+01    1
    0.372005224227905273E+02   -0.293829249230133391E+05   -0.499515351937698426E+01    1
    0.234670007228851318E+02   -0.291941535998089748E+05   -0.500515351937698583E+01    1
    0.371779882907867432E+02   -0.291907182803290671E+05   -0.501515351937698384E+01    1
    0.371255493164062500E+02   -0.287458777889214070E+05   -0.502515351937698451E+01    1
    0.370480740070343018E+02   -0.280949051662380843E+05   -0.503515351937698608E+01    1
    0.370266902446746826E+02   -0.279165448572895002E+05   -0.504515351937698409E+01    1
    0.367797017097473145E+02   -0.258976018212825657E+05   -0.505515351937698298E+01    1
    0.238907480239868164E+02   -0.256970112038492516E+05   -0.506515351937698455E+01    1
    0.239323377609252930E+02   -0.253657956450375495E+05   -0.507515351937697989E+01    1
    0.239674484729766846E+02   -0.250878508597888213E+05   -0.508515351937698501E+01    1
    0.241053903102874756E+02   -0.240106966056759484E+05   -0.509515351937699013E+01    1
    0.241396641731262207E+02   -0.237467263622905048E+05   -0.510515351937699080E+01    1
    0.364400625228881836E+02   -0.232450584837854221E+05   -0.511515351937698348E+01    1
    0.364021623134613037E+02   -0.229579493133831857E+05   -0.512515351937698238E+01    1
    0.363901114463806152E+02   -0.228670330698931211E+05   -0.513515351937698394E+01    1
    0.243055558204650879E+02   -0.224896869741454648E+05   -0.514515351937697751E+01    1
    0.243078649044036865E+02   -0.224724311812511187E+05   -0.515515351937698085E+01    1
    0.243366181850433350E+02   -0.222581125359665202E+05   -0.516515351937698330E+01    1
    0.244370341300964355E+02   -0.215176971104711192E+05   -0.517515351937698220E+01    1
    0.244587159156799316E+02   -0.213594710223401271E+05   -0.518515351937698643E+01    1
    0.245364058017730713E+02   -0.207973123705486905E+05   -0.519515351937698533E+01    1
    0.247441160678863525E+02   -0.193311541048680956E+05   -0.520515351937697623E+01    1
    0.247927796840667725E+02   -0.189954025250462000E+05   -0.521515351937698224E+01    1
    0.358445262908935547E+02   -0.189398956445343174E+05   -0.522515351937697670E+01    1
    0.248078799247741699E+02   -0.188918173791638510E+05   -0.523515351937698092E+01    1
    0.357366740703582764E+02   -0.182073438049184988E+05   -0.524515351937698071E+01    1
    0.357333052158355713E+02   -0.181846946509017071E+05   -0.525515351937698583E+01    1
    0.249659204483032227E+02   -0.178246808055866604E+05   -0.526515351937698739E+01    1
    0.250235319137573242E+02   -0.174433875802987277E+05   -0.527515351937698007E+01    1
    0.355541062355041504E+02   -0.170002412937287299E+05   -0.528515351937697542E+01    1
    0.355126237869262695E+02   -0.167317400841041817E+05   -0.529515351937697609E+01    1
    0.355069935321807861E+02   -0.166954621872374191E+05   -0.530515351937697677E+01    1
    0.354166412353515625E+02   -0.161186738788402836E+05   -0.531515351937698188E+01    1
    0.354118466377258301E+02   -0.160883496071837253E+05   -0.532515351937698078E+01    1
    0.252595674991607666E+02   -0.159242687419576232E+05   -0.533515351937697613E+01    1
    0.252699124813079834E+02   -0.158592717579870514E+05   -0.534515351937697680E+01    1
    0.353091251850128174E+02   -0.154455293111926476E+05   -0.535515351937698103E+01    1
    0.255178236961364746E+02   -0.143414239056866008E+05   -0.536515351937698171E+01    1
    0.255316734313964844E+02   -0.142588799324099964E+05   -0.537515351937698238E+01    1
    0.255897533893585205E+02   -0.139153199996785279E+05   -0.538515351937698128E+01    1
    0.258981513977050781E+02   -0.121612524945373134E+05   -0.539515351937698018E+01    1
    0.259100139141082764E+02   -0.120961419631653880E+05   -0.540515351937698263E+01    1
    0.259323680400848389E+02   -0.119739205474681312E+05   -0.541515351937698153E+01    1
    0.346270060539245605E+02   -0.115094043340936969E+05   -0.542515351937697865E+01    1
    0.260977339744567871E+02   -0.110890609453474535E+05   -0.543515351937697933E+01    1
    0.345418512821197510E+02   -0.110586046892604681E+05   -0.544515351937698178E+01    1
    0.261059343814849854E+02   -0.110460652517795097E+05   -0.545515351937698245E+01    1
    0.261682927608489990E+02   -0.107218457500928489E+05   -0.546515351937698401E+01    1
    0.261852467060089111E+02   -0.106345323775672059E+05   -0.547515351937698025E+01    1
    0.262263715267181396E+02   -0.104242216782860105E+05   -0.548515351937698004E+01    1
    0.344128513336181641E+02   -0.103928520347275589E+05   -0.549515351937697805E+01    1
    0.343985033035278320E+02   -0.103200810850099751E+05   -0.550515351937697694E+01    1
    0.263685727119445801E+02   -0.971320191451792925E+04   -0.551515351937698295E+01    1
    0.342330658435821533E+02   -0.949948173638137087E+04   -0.552515351937698185E+01    1
    0.264236378669738770E+02   -0.944461743206790561E+04   -0.553515351937698163E+01    1
    0.264305925369262695E+02   -0.941096339585953683E+04   -0.554515351937698142E+01    1
    0.341658723354339600E+02   -0.917589845988060733E+04   -0.555515351937698032E+01    1
    0.341131782531738281E+02   -0.892606364866009062E+04   -0.556515351937698544E+01    1
    0.266095829010009766E+02   -0.856549056085269694E+04   -0.557515351937698611E+01    1
    0.266253018379211426E+02   -0.849314206099187868E+04   -0.558515351937698146E+01    1
    0.339672613143920898E+02   -0.825223753978484274E+04   -0.559515351937697680E+01    1
    0.267221844196319580E+02   -0.805400268974043865E+04   -0.560515351937697748E+01    1
    0.267429208755493164E+02   -0.796152547489746848E+04   -0.561515351937697904E+01    1
    0.338875889778137207E+02   -0.789548377870376135E+04   -0.562515351937698060E+01    1
    0.269777286052703857E+02   -0.695163461123702473E+04   -0.563515351937698039E+01    1
    0.269958913326263428E+02   -0.687637175617559478E+04   -0.564515351937698284E+01    1
    0.336258494853973389E+02   -0.677897831732092436E+04   -0.565515351937698085E+01    1
    0.335759973526000977E+02   -0.657597123596001074E+04   -0.566515351937697975E+01    1
    0.271141266822814941E+02   -0.639644362110791371E+04   -0.567515351937697954E+01    1
    0.271415758132934570E+02   -0.628750878582051337E+04   -0.568515351937697666E+01    1
    0.271537065505981445E+02   -0.623966485564641698E+04   -0.569515351937697734E+01    1
    0.271898245811462402E+02   -0.609829679566617597E+04   -0.570515351937697890E+01    1
    0.272190499305725098E+02   -0.598509318377373529E+04   -0.571515351937697780E+01    1
    0.272192275524139404E+02   -0.598440841404574257E+04   -0.572515351937697403E+01    1
    0.334000873565673828E+02   -0.588429935338596624E+04   -0.573515351937697382E+01    1
    0.272890925407409668E+02   -0.571810346961671257E+04   -0.574515351937697805E+01    1
    0.332871830463409424E+02   -0.546061651773291214E+04   -0.575515351937698227E+01    1
    0.273686993122100830E+02   -0.542205608451564422E+04   -0.576515351937698384E+01    1
    0.273705244064331055E+02   -0.541536110063362321E+04   -0.577515351937697918E+01    1
    0.332684791088104248E+02   -0.539195731706156676E+04   -0.578515351937698075E+01    1
    0.332444477081298828E+02   -0.530437969947034981E+04   -0.579515351937698409E+01    1
    0.274241685867309570E+02   -0.522042656028440797E+04   -0.580515351937698565E+01    1
    0.274507379531860352E+02   -0.512520134152298670E+04   -0.581515351937698366E+01    1
    0.274990379810333252E+02   -0.495433893571709723E+04   -0.582515351937698256E+01    1
    0.275509405136108398E+02   -0.477396276344770013E+04   -0.583515351937698412E+01    1
    0.330754649639129639E+02   -0.470881368530810960E+04   -0.584515351937698391E+01    1
    0.275745248794555664E+02   -0.469310607749934115E+04   -0.585515351937697837E+01    1
    0.275778937339782715E+02   -0.468161268646215194E+04   -0.586515351937697371E+01    1
    0.277104091644287109E+02   -0.424069882435944601E+04   -0.587515351937697705E+01    1
    0.277379333972930908E+02   -0.415185433321672735E+04   -0.588515351937697684E+01    1
    0.277537083625793457E+02   -0.410135911966988988E+04   -0.589515351937697751E+01    1
    0.277663195133209229E+02   -0.406121352692306482E+04   -0.590515351937697286E+01    1
    0.277676868438720703E+02   -0.405687271869530696E+04   -0.591515351937697531E+01    1
    0.328432881832122803E+02   -0.394837419244473267E+04   -0.592515351937697687E+01    1
    0.278131383897024804E+02   -0.391390124532234404E+04   -0.593515351937697400E+01    1
    0.278752049340790080E+02   -0.372281070691583454E+04   -0.594515351937698000E+01    1
    0.278778624534606934E+02   -0.371473556542390997E+04   -0.595515351937698156E+01    1
    0.278917968273162842E+02   -0.367253815659934480E+04   -0.596515351937697336E+01    1
    0.279193854331970215E+02   -0.358970319422221746E+04   -0.597515351937696959E+01    1
    0.327008605003356934E+02   -0.351502435434273548E+04   -0.598515351937697559E+01    1
    0.279717814922332764E+02   -0.343498663554757513E+04   -0.599515351937697627E+01    1
    0.326726996898651123E+02   -0.343232608406216195E+04   -0.600515351937697517E+01    1
    0.279735183715820312E+02   -0.342991632617428058E+04   -0.601515351937697851E+01    1
    0.280704486370086670E+02   -0.315289692506019128E+04   -0.602515351937697829E+01    1
    0.325630538489422676E+02   -0.311972000944900083E+04   -0.603515351937697453E+01    1
    0.325444865591971890E+02   -0.306826224882581755E+04   -0.604515351937697520E+01    1
    0.325426411628723145E+02   -0.306317127665203225E+04   -0.605515351937697410E+01    1
    0.325385594367980957E+02   -0.305192587397975331E+04   -0.606515351937697478E+01    1
    0.324417448057294564E+02   -0.279126271111882897E+04   -0.607515351937697723E+01    1
    0.324051487445831299E+02   -0.269576406222244486E+04   -0.608515351937697790E+01    1
    0.323998320102691650E+02   -0.268202827014874356E+04   -0.609515351937697769E+01    1
    0.323612585207505532E+02   -0.258342510902529011E+04   -0.610515351937697481E+01    1
    0.323580312728881836E+02   -0.257525927019025357E+04   -0.611515351937697282E+01    1
    0.283038764643072831E+02   -0.253367340786712475E+04   -0.612515351937697528E+01    1
    0.283226501941680908E+02   -0.248681230968662794E+04   -0.613515351937697417E+01    1
    0.283612787723541260E+02   -0.239176873233422202E+04   -0.614515351937697485E+01    1
    0.322799777984619141E+02   -0.238170255131448448E+04   -0.615515351937697819E+01    1
    0.322333049774169922E+02   -0.226957906209810153E+04   -0.616515351937697620E+01    1
    0.284388279914855957E+02   -0.220655873115367513E+04   -0.617515351937697776E+01    1
    0.321899947294791460E+02   -0.216795410769907767E+04   -0.618515351937698288E+01    1
    0.284689629077911377E+02   -0.213660330849345064E+04   -0.619515351937698000E+01    1
    0.321683246254375490E+02   -0.211798106448881754E+04   -0.620515351937697535E+01    1
    0.321376588779942551E+02   -0.204826013470353291E+04   -0.621515351937697247E+01    1
    0.321215593814849854E+02   -0.201212431496195927E+04   -0.622515351937697314E+01    1
    0.285308897495269775E+02   -0.199638679355843192E+04   -0.623515351937697559E+01    1
    0.285562622207769934E+02   -0.194031344925393910E+04   -0.624515351937698071E+01    1
    0.320290431583645230E+02   -0.181070999249955685E+04   -0.625515351937697694E+01    1
    0.320263020701161736E+02   -0.180490462410174268E+04   -0.626515351937697407E+01    1
    0.320157349109649658E+02   -0.178261171479061886E+04   -0.627515351937697385E+01    1
    0.320095280092057664E+02   -0.176958204738069549E+04   -0.628515351937697986E+01    1
    0.286395049095153809E+02   -0.176196209146962428E+04   -0.629515351937697432E+01    1
    0.319809687137603760E+02   -0.171024641828386234E+04   -0.630515351937697766E+01    1
    0.286666613025598878E+02   -0.170564031774385012E+04   -0.631515351937697567E+01    1
    0.319545948505401611E+02   -0.165635115016945315E+04   -0.632515351937697190E+01    1
    0.319299820031198003E+02   -0.160683396668717728E+04   -0.633515351937697790E+01    1
    0.287264279480244866E+02   -0.158491223588976140E+04   -0.634515351937697858E+01    1
    0.287444167475833794E+02   -0.154944376705646346E+04   -0.635515351937697659E+01    1
    0.318827486186776348E+02   -0.151391552827061878E+04   -0.636515351937697371E+01    1
    0.318469163523702576E+02   -0.144527424027857182E+04   -0.637515351937697350E+01    1
    0.318283929155872940E+02   -0.141041558130192516E+04   -0.638515351937697861E+01    1
    0.288249886035919189E+02   -0.139551270326856547E+04   -0.639515351937698195E+01    1
    0.288358608788440165E+02   -0.137535891611875581E+04   -0.640515351937697730E+01    1
    0.318039298057556152E+02   -0.136503237744520152E+04   -0.641515351937697620E+01    1
    0.288492643833160400E+02   -0.135071511655139693E+04   -0.642515351937697776E+01    1
    0.288595044612884521E+02   -0.133203799514006982E+04   -0.643515351937697222E+01    1
    0.288623579132193839E+02   -0.132685672161567436E+04   -0.644515351937697556E+01    1
    0.317709077771342265E+02   -0.130494994312996596E+04   -0.645515351937697535E+01    1
    0.289068913459777832E+02   -0.124730399493141954E+04   -0.646515351937697513E+01    1
    0.317176294326782227E+02   -0.121086760616362380E+04   -0.647515351937697048E+01    1
    0.289505760322051344E+02   -0.117166100081587274E+04   -0.648515351937697559E+01    1
    0.289524650573730469E+02   -0.116844349578804417E+04   -0.649515351937697538E+01    1
    0.289663302898406982E+02   -0.114496304032382409E+04   -0.650515351937697694E+01    1
    0.289663386344909668E+02   -0.114494898075292804E+04   -0.651515351937697318E+01    1
    0.316529119014739990E+02   -0.110132815037400223E+04   -0.652515351937697652E+01    1
    0.316376925421293009E+02   -0.107632381832566693E+04   -0.653515351937697631E+01    1
    0.290129649639129639E+02   -0.106774063650170365E+04   -0.654515351937697609E+01    1
    0.290483260154724121E+02   -0.101098707413291220E+04   -0.655515351937696966E+01    1
    0.290523229373067302E+02   -0.100466982418472571E+04   -0.656515351937697567E+01    1
    0.315814352035522461E+02   -0.986394466263555159E+03   -0.657515351937698256E+01    1
    0.315694367885589600E+02   -0.967723227041905716E+03   -0.658515351937698501E+01    1
    0.315659534931182861E+02   -0.962336218258594158E+03   -0.659515351937696881E+01    1
    0.291430592536926270E+02   -0.866597244478003176E+03   -0.660515351937696948E+01    1
    0.314954290570644240E+02   -0.856510024546298723E+03   -0.661515351937697371E+01    1
    0.291715622925540785E+02   -0.825335351855730551E+03   -0.662515351937697705E+01    1
    0.291805708408355713E+02   -0.812504178615933597E+03   -0.663515351937697861E+01    1
    0.292001128435100448E+02   -0.785016388825942840E+03   -0.664515351937698107E+01    1
    0.313942402332285262E+02   -0.715461879258737895E+03   -0.665515351937697286E+01    1
    0.292519009113311768E+02   -0.714465624988767672E+03   -0.666515351937697353E+01    1
    0.292601597309112549E+02   -0.703522665824953719E+03   -0.667515351937697510E+01    1
    0.292609725458707643E+02   -0.702450263403577196E+03   -0.668515351937697488E+01    1
    0.292635752631725659E+02   -0.699021841616401389E+03   -0.669515351937697734E+01    1
    0.292638064762491013E+02   -0.698717683832307671E+03   -0.670515351937697446E+01    1
    0.292665684223175049E+02   -0.695089514393749710E+03   -0.671515351937697247E+01    1
    0.292676067352294922E+02   -0.693728008329019417E+03   -0.672515351937697314E+01    1
    0.313498759269714355E+02   -0.657632654795783765E+03   -0.673515351937697382E+01    1
    0.313428869955681115E+02   -0.648745441201960489E+03   -0.674515351937697183E+01    1
    0.313358724117279053E+02   -0.639886617132328524E+03   -0.675515351937697428E+01    1
    0.293122804164886475E+02   -0.636417211669971152E+03   -0.676515351937697584E+01    1
    0.313308534070505722E+02   -0.633585552263435829E+03   -0.677515351937697829E+01    1
    0.313279734266477128E+02   -0.629984035685718936E+03   -0.678515351937697098E+01    1
    0.313239498676881567E+02   -0.624969686029209925E+03   -0.679515351937697432E+01    1
    0.293402433395385742E+02   -0.601805773684208475E+03   -0.680515351937697410E+01    1
    0.293445932865142822E+02   -0.596508876216697786E+03   -0.681515351937697567E+01    1
    0.313003587722778320E+02   -0.595973964947131094E+03   -0.682515351937697723E+01    1
    0.293570801285477216E+02   -0.581434321382414282E+03   -0.683515351937697613E+01    1
    0.293599982599895846E+02   -0.577939371047306054E+03   -0.684515351937697059E+01    1
    0.312748268953764530E+02   -0.565371816138994745E+03   -0.685515351937697126E+01    1
    0.312748236757932787E+02   -0.565368008253585685E+03   -0.686515351937697371E+01    1
    0.293769221657571187E+02   -0.557878730924124284E+03   -0.687515351937697083E+01    1
    0.312551167401002203E+02   -0.542301348991314512E+03   -0.688515351937697062E+01    1
    0.293911623954772949E+02   -0.541274801043768207E+03   -0.689515351937697307E+01    1
    0.293997457615941329E+02   -0.531388378075178025E+03   -0.690515351937697019E+01    1
    0.294014453887939453E+02   -0.529441582338602643E+03   -0.691515351937697176E+01    1
    0.294054751555961218E+02   -0.524840126032577359E+03   -0.692515351937697421E+01    1
    0.312372934003142113E+02   -0.521854869226069582E+03   -0.693515351937697400E+01    1
    0.294124652201084658E+02   -0.516906247079549075E+03   -0.694515351937697556E+01    1
    0.312293662163184180E+02   -0.512887790091926945E+03   -0.695515351937697623E+01    1
    0.294202435610696718E+02   -0.508149004331471986E+03   -0.696515351937697869E+01    1
    0.312231361865997314E+02   -0.505895280001364370E+03   -0.697515351937697670E+01    1
    0.312126386165618896E+02   -0.494221998058874874E+03   -0.698515351937697471E+01    1
    0.311983789746545099E+02   -0.478584562626384809E+03   -0.699515351937697627E+01    1
    0.294572567939758301E+02   -0.467507370031266760E+03   -0.700515351937697339E+01    1
    0.311647057533264160E+02   -0.442660252730895536E+03   -0.701515351937697229E+01    1
    0.311602490076494263E+02   -0.438011115361002055E+03   -0.702515351937697385E+01    1
    0.311585288812352168E+02   -0.436223332552627539E+03   -0.703515351937696920E+01    1
    0.311577061473862464E+02   -0.435369538145388617E+03   -0.704515351937696899E+01    1
    0.294945861943180176E+02   -0.428242217574898120E+03   -0.705515351937697233E+01    1
    0.294994583764486329E+02   -0.423245089541339155E+03   -0.706515351937697300E+01    1
    0.295120819253406523E+02   -0.410434986916147068E+03   -0.707515351937697190E+01    1
    0.311311161518096924E+02   -0.408228413339216900E+03   -0.708515351937697524E+01    1
    0.295187273164808062E+02   -0.403770919704560811E+03   -0.709515351937697947E+01    1
    0.311033201217651367E+02   -0.380795176451942382E+03   -0.710515351937697481E+01    1
    0.311009371280670166E+02   -0.378487952502323935E+03   -0.711515351937697194E+01    1
    0.295448413641549372E+02   -0.378114817402189374E+03   -0.712515351937697261E+01    1
    0.311002445220947266E+02   -0.377818691697485860E+03   -0.713515351937696796E+01    1
    0.310942498324438539E+02   -0.372050959345156627E+03   -0.714515351937696508E+01    1
    0.310893750190734863E+02   -0.367393614929244279E+03   -0.715515351937696753E+01    1
    0.295752155780792236E+02   -0.349338924000850625E+03   -0.716515351937696821E+01    1
    0.310563039625703396E+02   -0.336577301189545096E+03   -0.717515351937696444E+01    1
    0.310561842163786892E+02   -0.336468187668535791E+03   -0.718515351937696511E+01    1
    0.296028067533581201E+02   -0.324192961755294164E+03   -0.719515351937696845E+01    1
    0.310305544499587249E+02   -0.313524069637623086E+03   -0.720515351937697446E+01    1
    0.296176932858592252E+02   -0.311018465719889946E+03   -0.721515351937697869E+01    1
    0.296183312160700254E+02   -0.310460052169858159E+03   -0.722515351937697670E+01    1
    0.296222768910247964E+02   -0.307017430081037446E+03   -0.723515351937696849E+01    1
    0.310144579410552979E+02   -0.299531411511364581E+03   -0.724515351937696384E+01    1
    0.310144205545482023E+02   -0.299499286145436599E+03   -0.725515351937697073E+01    1
    0.310055544484460199E+02   -0.291929873880126138E+03   -0.726515351937697051E+01    1
    0.296435834250629391E+02   -0.288761539805565917E+03   -0.727515351937696853E+01    1
    0.296447332687553917E+02   -0.287792366850563667E+03   -0.728515351937696742E+01    1
    0.296502113342285156E+02   -0.283197600597349890E+03   -0.729515351937696988E+01    1
    0.309898410085683942E+02   -0.278754455582063372E+03   -0.730515351937697766E+01    1
    0.309883122389806545E+02   -0.277488983254868003E+03   -0.731515351937697655E+01    1
    0.296589896358209657E+02   -0.275912465950010812E+03   -0.732515351937697723E+01    1
    0.296666047066434082E+02   -0.269670234964906285E+03   -0.733515351937697524E+01    1
    0.296698863095088328E+02   -0.267002446731871601E+03   -0.734515351937696614E+01    1
    0.309658718211315076E+02   -0.259247512542355707E+03   -0.735515351937696948E+01    1
    0.309655058716971503E+02   -0.258955221521655801E+03   -0.736515351937697105E+01    1
    0.309485670487769475E+02   -0.245607907096560581E+03   -0.737515351937696906E+01    1
    0.309444955114684888E+02   -0.242452781886108738E+03   -0.738515351937697240E+01    1
    0.297011697292327881E+02   -0.242242101228977930E+03   -0.739515351937697218E+01    1
    0.297020220756530762E+02   -0.241584494454768475E+03   -0.740515351937697464E+01    1
    0.297203910350799561E+02   -0.227631672215018511E+03   -0.741515351937697265E+01    1
    0.297262465953826904E+02   -0.223271966146957055E+03   -0.742515351937696799E+01    1
    0.297266524269822447E+02   -0.222971386036422075E+03   -0.743515351937697044E+01    1
    0.297274758447794909E+02   -0.222362148409207947E+03   -0.744515351937697023E+01    1
    0.297338163852691650E+02   -0.217699065601030782E+03   -0.745515351937696646E+01    1
    0.297351673477896483E+02   -0.216711968400441378E+03   -0.746515351937696536E+01    1
    0.297375130653381348E+02   -0.215003427084450692E+03   -0.747515351937696515E+01    1
    0.297513352003083256E+02   -0.205074650369654677E+03   -0.748515351937696671E+01    1
    0.297523238055041723E+02   -0.204373605207163735E+03   -0.749515351937696561E+01    1
    0.297534707872608735E+02   -0.203561772545985008E+03   -0.750515351937696362E+01    1
    0.308915108553624265E+02   -0.203271423898659748E+03   -0.751515351937696874E+01    1
    0.297550461141599314E+02   -0.202449421160615714E+03   -0.752515351937696853E+01    1
    0.308878379030452770E+02   -0.200684581193599797E+03   -0.753515351937696742E+01    1
    0.297661303193850664E+02   -0.194709924598434981E+03   -0.754515351937696721E+01    1
    0.297664033525135032E+02   -0.194521206398181590E+03   -0.755515351937696877E+01    1
    0.297781860900053204E+02   -0.186465304025950303E+03   -0.756515351937697211E+01    1
    0.297843345718827308E+02   -0.182330039258301241E+03   -0.757515351937696835E+01    1
    0.297844028801595542E+02   -0.182284361132614947E+03   -0.758515351937696991E+01    1
    0.308580811567426281E+02   -0.180344887854748208E+03   -0.759515351937697325E+01    1
    0.297881210311541089E+02   -0.179806756997750995E+03   -0.760515351937697126E+01    1
    0.308570851991232828E+02   -0.179683141938820114E+03   -0.761515351937696572E+01    1
    0.297888807849783035E+02   -0.179302605163779646E+03   -0.762515351937696639E+01    1
    0.298012888431549072E+02   -0.171170436438173965E+03   -0.763515351937696973E+01    1
    0.298036647073598502E+02   -0.169635124666945984E+03   -0.764515351937696952E+01    1
    0.308381351933189798E+02   -0.167326914707752138E+03   -0.765515351937697019E+01    1
    0.308380542621419451E+02   -0.167275100672490197E+03   -0.766515351937697087E+01    1
    0.308316083834215320E+02   -0.163174428253253723E+03   -0.767515351937697066E+01    1
    0.298142325516461071E+02   -0.162891015565554085E+03   -0.768515351937697044E+01    1
    0.308284611392474552E+02   -0.161190999077780958E+03   -0.769515351937697201E+01    1
    0.298189738706641094E+02   -0.159910318092352355E+03   -0.770515351937697446E+01    1
    0.298295019654793805E+02   -0.153391527880498359E+03   -0.771515351937697069E+01    1
    0.298336249589939655E+02   -0.150876169116493116E+03   -0.772515351937696959E+01    1
    0.298352740313910374E+02   -0.149876013807938307E+03   -0.773515351937697382E+01    1
    0.308058694422758990E+02   -0.147314612542226939E+03   -0.774515351937697538E+01    1
    0.308007542928612565E+02   -0.144260784112767396E+03   -0.775515351937697517E+01    1
    0.298479710070359516E+02   -0.142288486180387650E+03   -0.776515351937697407E+01    1
    0.307892388243694981E+02   -0.137504805406682806E+03   -0.777515351937697297E+01    1
    0.298574702073865623E+02   -0.136742857929741319E+03   -0.778515351937696565E+01    1
    0.298578556980487519E+02   -0.136520175337782405E+03   -0.779515351937696011E+01    1
    0.307860269926160477E+02   -0.135649843440479259E+03   -0.780515351937696522E+01    1
    0.298595353008073268E+02   -0.135552090056654009E+03   -0.781515351937697123E+01    1
    0.298650296739844698E+02   -0.132409738255087291E+03   -0.782515351937697279E+01    1
    0.298730779211590232E+02   -0.127874466144358976E+03   -0.783515351937697524E+01    1
    0.307642768824793222E+02   -0.123425488671327543E+03   -0.784515351937695993E+01    1
    0.298813897009314786E+02   -0.123275147790605047E+03   -0.785515351937696593E+01    1
    0.298817551894479685E+02   -0.123074874707503994E+03   -0.786515351937697016E+01    1
    0.298869880942326631E+02   -0.120225647791486693E+03   -0.787515351937697172E+01    1
    0.307530412148479471E+02   -0.117340822585886684E+03   -0.788515351937697417E+01    1
    0.298976775146412166E+02   -0.114511152415752548E+03   -0.789515351937696952E+01    1
    0.299055308461491691E+02   -0.110403257325894273E+03   -0.790515351937697019E+01    1
    0.299056753599170406E+02   -0.110328383395885467E+03   -0.791515351937696643E+01    1
    0.299080992158653913E+02   -0.109076427580709577E+03   -0.792515351937696444E+01    1
    0.299123430143421842E+02   -0.106902020388981981E+03   -0.793515351937696778E+01    1
    0.299167668819427490E+02   -0.104659166327848084E+03   -0.794515351937696490E+01    1
    0.299172041743921433E+02   -0.104438783976259771E+03   -0.795515351937696735E+01    1
    0.299174726009368896E+02   -0.104303622660363516E+03   -0.796515351937696447E+01    1
    0.299198829229317305E+02   -0.103093958950391738E+03   -0.797515351937695893E+01    1
    0.307197480317715588E+02   -0.100231706663254371E+03   -0.798515351937696582E+01    1
    0.299262093795413691E+02   -0.999532419382044139E+02   -0.799515351937696650E+01    1
    0.299265122306002738E+02   -0.998041410061085941E+02   -0.800515351937696096E+01    1
    0.299295102542029632E+02   -0.983342875924981286E+02   -0.801515351937696785E+01    1
    0.307059836387634277E+02   -0.935605841617549174E+02   -0.802515351937697652E+01    1
    0.307015007169917276E+02   -0.914386743274443603E+02   -0.803515351937696920E+01    1
    0.299459522438089323E+02   -0.904717277537666291E+02   -0.804515351937696543E+01    1
    0.306984387997253663E+02   -0.900037195867432018E+02   -0.805515351937697233E+01    1
    0.306972777941296044E+02   -0.894626642926510272E+02   -0.806515351937697034E+01    1
    0.306971758271988264E+02   -0.894152253447031455E+02   -0.807515351937696657E+01    1
    0.306962506481122226E+02   -0.889853865829271768E+02   -0.808515351937696636E+01    1
    0.306897837326213363E+02   -0.860105446264622060E+02   -0.809515351937696259E+01    1
    0.306808396770460732E+02   -0.819818046137013710E+02   -0.810515351937696593E+01    1
    0.299777570573938554E+02   -0.762157241230939491E+02   -0.811515351937696572E+01    1
    0.299830517155832510E+02   -0.739644786880152907E+02   -0.812515351937696728E+01    1
    0.306600649976771962E+02   -0.730075680069886772E+02   -0.813515351937696707E+01    1
    0.306549876716537320E+02   -0.708957914197308696E+02   -0.814515351937696508E+01    1
    0.306494989482945819E+02   -0.686489251147486073E+02   -0.815515351937696664E+01    1
    0.299961246205668459E+02   -0.685551220666393988E+02   -0.816515351937696643E+01    1
    0.306473288048430881E+02   -0.677708773278407079E+02   -0.817515351937696622E+01    1
    0.299984616178404941E+02   -0.676104778475500154E+02   -0.818515351937696600E+01    1
    0.299997460156749369E+02   -0.670941967075193162E+02   -0.819515351937696224E+01    1
    0.300034844691185967E+02   -0.656031373542184610E+02   -0.820515351937696558E+01    1
    0.300042514062921875E+02   -0.652993952438368268E+02   -0.821515351937696714E+01    1
    0.300047180738059573E+02   -0.651149311720932928E+02   -0.822515351937696693E+01    1
    0.306397896323456891E+02   -0.647659655451691236E+02   -0.823515351937696671E+01    1
    0.300093230809884801E+02   -0.633091722762363958E+02   -0.824515351937696295E+01    1
    0.300114337851582391E+02   -0.624903069828525446E+02   -0.825515351937696096E+01    1
    0.306275696930456220E+02   -0.600453924715877250E+02   -0.826515351937696252E+01    1
    0.306275427763312607E+02   -0.600351992627642588E+02   -0.827515351937696408E+01    1
    0.306268929236152161E+02   -0.597893768406073605E+02   -0.828515351937696565E+01    1
    0.306251292648331415E+02   -0.591248742430614129E+02   -0.829515351937696543E+01    1
    0.300213551521301270E+02   -0.587153729121148444E+02   -0.830515351937696344E+01    1
    0.300232063749279163E+02   -0.580245458523291546E+02   -0.831515351937696146E+01    1
    0.306210719132735356E+02   -0.576108344341635572E+02   -0.832515351937696302E+01    1
    0.300276879779941872E+02   -0.563697583531219664E+02   -0.833515351937696813E+01    1
    0.306166571307821620E+02   -0.559866464362396172E+02   -0.834515351937696437E+01    1
    0.306150331305344778E+02   -0.553952716747326477E+02   -0.835515351937696593E+01    1
    0.300468470938358578E+02   -0.495767608513949867E+02   -0.836515351937696927E+01    1
    0.300472983545005903E+02   -0.494222595680455541E+02   -0.837515351937696906E+01    1
    0.305974151352425920E+02   -0.491902868856765849E+02   -0.838515351937696174E+01    1
    0.300516567715050691E+02   -0.479430574907111335E+02   -0.839515351937695975E+01    1
    0.300563733811947991E+02   -0.463688734603339512E+02   -0.840515351937696487E+01    1
    0.300574988461196995E+02   -0.459973295661512793E+02   -0.841515351937696821E+01    1
    0.305829059584781007E+02   -0.443697318061236956E+02   -0.842515351937696266E+01    1
    0.300628708643873281E+02   -0.442455721474716839E+02   -0.843515351937695534E+01    1
    0.305799639496741875E+02   -0.434241614918736190E+02   -0.844515351937695691E+01    1
    0.300663267347004748E+02   -0.431375983878300673E+02   -0.845515351937696202E+01    1
    0.305772369099756212E+02   -0.425572848457153867E+02   -0.846515351937696536E+01    1
    0.300698653500786506E+02   -0.420184686475770377E+02   -0.847515351937696160E+01    1
    0.300704741051079267E+02   -0.418275106364844689E+02   -0.848515351937696316E+01    1
    0.300724980417357770E+02   -0.411959392282528825E+02   -0.849515351937696295E+01    1
    0.300736053718531657E+02   -0.408525493329644220E+02   -0.850515351937696629E+01    1
    0.300772002704636741E+02   -0.397482481346634557E+02   -0.851515351937696785E+01    1
    0.300780101623029559E+02   -0.395016766974633242E+02   -0.852515351937696408E+01    1
    0.305666322843777216E+02   -0.392740747994812693E+02   -0.853515351937696032E+01    1
    0.305665627574106722E+02   -0.392530100734577019E+02   -0.854515351937695655E+01    1
    0.305643304292918359E+02   -0.385798685987928351E+02   -0.855515351937696344E+01    1
    0.300863754954017892E+02   -0.370025238614859973E+02   -0.856515351937696323E+01    1
    0.305588167884883930E+02   -0.369437984268146664E+02   -0.857515351937696124E+01    1
    0.300888212592221507E+02   -0.362882717501204510E+02   -0.858515351937696103E+01    1
    0.300927365915645346E+02   -0.351603209922574749E+02   -0.859515351937696259E+01    1
    0.305524181751493273E+02   -0.350924702305682885E+02   -0.860515351937696771E+01    1
    0.300970396102849946E+02   -0.339426476295362818E+02   -0.861515351937696039E+01    1
    0.305437836248005610E+02   -0.326748333606130856E+02   -0.862515351937695662E+01    1
    0.301032928458103441E+02   -0.322140985700308136E+02   -0.863515351937696352E+01    1
    0.301039655591310940E+02   -0.320310377539235276E+02   -0.864515351937696508E+01    1
    0.305378732790121958E+02   -0.310733547258123579E+02   -0.865515351937695954E+01    1
    0.301081518722256831E+02   -0.309044793260913799E+02   -0.866515351937696288E+01    1
    0.305368662149940668E+02   -0.308048054491425951E+02   -0.867515351937696266E+01    1
    0.305353000649400812E+02   -0.303896702286247233E+02   -0.868515351937696423E+01    1
    0.305344591467902262E+02   -0.301680274848073360E+02   -0.869515351937696934E+01    1
    0.301138721900886424E+02   -0.294003092202021392E+02   -0.870515351937696735E+01    1
    0.301141707346503260E+02   -0.293229223197871747E+02   -0.871515351937696181E+01    1
    0.305311283087054406E+02   -0.292987411769627712E+02   -0.872515351937695982E+01    1
    0.305309498692930887E+02   -0.292525607608819662E+02   -0.873515351937696316E+01    1
    0.305308659122825183E+02   -0.292308462299453105E+02   -0.874515351937695762E+01    1
    0.301145996709587322E+02   -0.292119298745483995E+02   -0.875515351937695741E+01    1
    0.301150885262224008E+02   -0.290857113418823232E+02   -0.876515351937696252E+01    1
    0.301172459014669798E+02   -0.285322400288513691E+02   -0.877515351937696231E+01    1
    0.301206607307257386E+02   -0.276679890998541644E+02   -0.878515351937696209E+01    1
    0.301211955486616887E+02   -0.275339452802229445E+02   -0.879515351937696188E+01    1
    0.301229741137203568E+02   -0.270907310359650282E+02   -0.880515351937695812E+01    1
    0.305221132092244432E+02   -0.270150970305915621E+02   -0.881515351937695790E+01    1
    0.301270140907815929E+02   -0.260985781743919389E+02   -0.882515351937695769E+01    1
    0.305156807003095274E+02   -0.254473736166570959E+02   -0.883515351937695925E+01    1
    0.305137480313719927E+02   -0.249863871697668323E+02   -0.884515351937695904E+01    1
    0.301330085942308408E+02   -0.246637852917388258E+02   -0.885515351937696238E+01    1
    0.301332182221902265E+02   -0.246144183146645794E+02   -0.886515351937696394E+01    1
    0.301338156925420861E+02   -0.244740147108532398E+02   -0.887515351937696018E+01    1
    0.301343237809495790E+02   -0.243549644581706133E+02   -0.888515351937696174E+01    1
    0.305073092669339054E+02   -0.234840703442249357E+02   -0.889515351937696330E+01    1
    0.305057374767103120E+02   -0.231251544743696336E+02   -0.890515351937696309E+01    1
    0.305054428301931253E+02   -0.230582139619680966E+02   -0.891515351937696288E+01    1
    0.301421344280242920E+02   -0.225652063511730461E+02   -0.892515351937696089E+01    1
    0.305026360547524966E+02   -0.224259514724266928E+02   -0.893515351937696423E+01    1
    0.305022186604138028E+02   -0.223327638357060714E+02   -0.894515351937696579E+01    1
    0.301432795842061552E+02   -0.223091712150989494E+02   -0.895515351937696202E+01    1
    0.305010401253127625E+02   -0.220708117832448494E+02   -0.896515351937696181E+01    1
    0.301454149501264723E+02   -0.218360948655110434E+02   -0.897515351937695982E+01    1
    0.301455731784164342E+02   -0.218012658257370973E+02   -0.898515351937695428E+01    1
    0.304994388141241082E+02   -0.217176543725539126E+02   -0.899515351937695407E+01    1
    0.301467166057420819E+02   -0.215505002481672179E+02   -0.900515351937695741E+01    1
    0.301511977179481754E+02   -0.205833996613450054E+02   -0.901515351937696252E+01    1
    0.304940187175517288E+02   -0.205459287701001294E+02   -0.902515351937696408E+01    1
    0.304909877090272659E+02   -0.199065898367620413E+02   -0.903515351937696032E+01    1
    0.304875180299778563E+02   -0.191887299230900901E+02   -0.904515351937695833E+01    1
    0.304872538574193257E+02   -0.191346865277325691E+02   -0.905515351937695989E+01    1
    0.304869964634475465E+02   -0.190821132501904600E+02   -0.906515351937695790E+01    1
    0.304841037770748891E+02   -0.184969353216953074E+02   -0.907515351937695591E+01    1
    0.301623518932933372E+02   -0.182844562962557049E+02   -0.908515351937695925E+01    1
    0.304828523799375688E+02   -0.182470040347771878E+02   -0.909515351937696437E+01    1
    0.304821466035161990E+02   -0.181069030345365789E+02   -0.910515351937696060E+01    1
    0.301645394524442949E+02   -0.178517142435146958E+02   -0.911515351937695506E+01    1
    0.301651219447744872E+02   -0.177374880085855651E+02   -0.912515351937696195E+01    1
    0.304800353946801188E+02   -0.176915087834841103E+02   -0.913515351937696529E+01    1
    0.304784029641473921E+02   -0.173741129770297000E+02   -0.914515351937696153E+01    1
    0.304780275595698456E+02   -0.173015906784152769E+02   -0.915515351937696131E+01    1
    0.304773795013683397E+02   -0.171768079098734887E+02   -0.916515351937695577E+01    1
    0.304769734419225564E+02   -0.170988875390260162E+02   -0.917515351937695733E+01    1
    0.301692087708489964E+02   -0.169479171754225710E+02   -0.918515351937696067E+01    1
    0.301693089757230695E+02   -0.169288182783571202E+02   -0.919515351937696046E+01    1
    0.301716421552891774E+02   -0.164876440746929340E+02   -0.920515351937696202E+01    1
    0.304713532757907828E+02   -0.160414468901120451E+02   -0.921515351937696536E+01    1
    0.301741655121106760E+02   -0.160181211869806575E+02   -0.922515351937696337E+01    1
    0.304705630185957972E+02   -0.158959054975409320E+02   -0.923515351937695961E+01    1
    0.301763570308685303E+02   -0.156167612729873859E+02   -0.924515351937695584E+01    1
    0.304658484458923340E+02   -0.150437435263992114E+02   -0.925515351937695918E+01    1
    0.301809725320407729E+02   -0.147909809628148974E+02   -0.926515351937696607E+01    1
    0.304643764666089041E+02   -0.147833383399995100E+02   -0.927515351937695876E+01    1
    0.301823644951870520E+02   -0.145471322100902434E+02   -0.928515351937695499E+01    1
    0.301843686145323815E+02   -0.142002711621422648E+02   -0.929515351937696188E+01    1
    0.301859726878681904E+02   -0.139262424766648998E+02   -0.930515351937696522E+01    1
    0.301943269429587708E+02   -0.125507315641674673E+02   -0.931515351937695790E+01    1
    0.301955039565845347E+02   -0.123639064108786574E+02   -0.932515351937696657E+01    1
    0.301972840217803480E+02   -0.120846293373832019E+02   -0.933515351937696458E+01    1
    0.304449639549450595E+02   -0.116009109053093873E+02   -0.934515351937696082E+01    1
    0.302009006587141471E+02   -0.115293322829139147E+02   -0.935515351937695883E+01    1
    0.302039164674589884E+02   -0.110787094284491339E+02   -0.936515351937696394E+01    1
    0.302041559889692834E+02   -0.110434043494531835E+02   -0.937515351937696728E+01    1
    0.304409557642501909E+02   -0.110021255742745048E+02   -0.938515351937696352E+01    1
    0.302050932537800350E+02   -0.109059380925616818E+02   -0.939515351937695797E+01    1
    0.302077389297260090E+02   -0.105237910505893915E+02   -0.940515351937695776E+01    1
    0.302086359774387887E+02   -0.103961934140779597E+02   -0.941515351937695755E+01    1
    0.304350090026855469E+02   -0.101505049932197906E+02   -0.942515351937696089E+01    1
    0.302105641885269449E+02   -0.101253048336857514E+02   -0.943515351937695712E+01    1
    0.304333698385672413E+02   -0.992348753394632688E+01   -0.944515351937694980E+01    1
    0.302127632794925276E+02   -0.982199841060803536E+01   -0.945515351937695137E+01    1
    0.302132321681092080E+02   -0.975810461144217811E+01   -0.946515351937695826E+01    1
    0.302141760636483525E+02   -0.963031153685702002E+01   -0.947515351937695982E+01    1
    0.302142581396456897E+02   -0.961925165051495057E+01   -0.948515351937695605E+01    1
    0.302154751341816237E+02   -0.945624140465249496E+01   -0.949515351937695584E+01    1
    0.304297301594708713E+02   -0.943134030566835158E+01   -0.950515351937695741E+01    1
    0.302163041213965151E+02   -0.934625620717701011E+01   -0.951515351937695897E+01    1
    0.304288939359757293E+02   -0.932059317375304985E+01   -0.952515351937695876E+01    1
    0.304253685030144041E+02   -0.886324497827319746E+01   -0.953515351937695854E+01    1
    0.304238495285752535E+02   -0.867095014166215883E+01   -0.954515351937695833E+01    1
    0.304216660064579720E+02   -0.839954801097321635E+01   -0.955515351937695989E+01    1
    0.302241894907444433E+02   -0.834275045937307880E+01   -0.956515351937696323E+01    1
    0.302259021105910719E+02   -0.813500888029637359E+01   -0.957515351937696302E+01    1
    0.304186781207263692E+02   -0.803776394917506742E+01   -0.958515351937695215E+01    1
    0.304157613146039623E+02   -0.769528349437945103E+01   -0.959515351937695371E+01    1
    0.304154116086017190E+02   -0.765493181399512146E+01   -0.960515351937695527E+01    1
    0.304137280080990742E+02   -0.746279164315579990E+01   -0.961515351937695861E+01    1
    0.302327698855202200E+02   -0.733854466028400765E+01   -0.962515351937695662E+01    1
    0.302328160992085770E+02   -0.733338365558984506E+01   -0.963515351937695286E+01    1
    0.304112407789398738E+02   -0.718538082985690529E+01   -0.964515351937695797E+01    1
    0.304109475840447594E+02   -0.715318592817251542E+01   -0.965515351937696309E+01    1
    0.304108558033044716E+02   -0.714312969020776833E+01   -0.966515351937695755E+01    1
    0.304105785286768082E+02   -0.711281280275489802E+01   -0.967515351937695556E+01    1
    0.302359781083105261E+02   -0.698656071939899093E+01   -0.968515351937696067E+01    1
    0.304083848658240079E+02   -0.687632682927391503E+01   -0.969515351937696224E+01    1
    0.304082387474046101E+02   -0.686078699965242134E+01   -0.970515351937696025E+01    1
    0.302389435606700019E+02   -0.667258272050131218E+01   -0.971515351937696003E+01    1
    0.302392178744647566E+02   -0.664409073027460195E+01   -0.972515351937696160E+01    1
    0.304059996346613559E+02   -0.662597242755006377E+01   -0.973515351937696316E+01    1
    0.304057092137461034E+02   -0.659597241446429816E+01   -0.974515351937696295E+01    1
    0.304055605860575469E+02   -0.658065994291776679E+01   -0.975515351937696273E+01    1
    0.302403313962243949E+02   -0.652939304972513490E+01   -0.976515351937695542E+01    1
    0.304044436650519501E+02   -0.646646630492071139E+01   -0.977515351937695698E+01    1
    0.304037397384748189E+02   -0.639529316694059435E+01   -0.978515351937696209E+01    1
    0.304033204442749856E+02   -0.635319136463578094E+01   -0.979515351937696011E+01    1
    0.302426196119201620E+02   -0.629853123414685889E+01   -0.980515351937695812E+01    1
    0.302432205347519272E+02   -0.623898146359043260E+01   -0.981515351937695613E+01    1
    0.302432276496671406E+02   -0.623827908235280315E+01   -0.982515351937695769E+01    1
    0.303997534037092443E+02   -0.600385242528905572E+01   -0.983515351937696103E+01    1
    0.302460616644901350E+02   -0.596350734983657116E+01   -0.984515351937696082E+01    1
    0.302460923016654633E+02   -0.596059143474315256E+01   -0.985515351937696060E+01    1
    0.302461116684254208E+02   -0.595874879097827659E+01   -0.986515351937695506E+01    1
    0.303989174748001751E+02   -0.592427152026727555E+01   -0.987515351937695307E+01    1
    0.303980445741701679E+02   -0.584209733641592432E+01   -0.988515351937695641E+01    1
    0.303977706939933938E+02   -0.581650954439828460E+01   -0.989515351937695975E+01    1
    0.302479775935232169E+02   -0.578340088266875885E+01   -0.990515351937695954E+01    1
    0.302491234671866387E+02   -0.567786236883753048E+01   -0.991515351937695577E+01    1
    0.302499984394861805E+02   -0.559837292106929940E+01   -0.992515351937695911E+01    1
    0.302500561513416031E+02   -0.559316334844971408E+01   -0.993515351937696067E+01    1
    0.302507096721805766E+02   -0.553445957792102838E+01   -0.994515351937695513E+01    1
    0.302508563910718387E+02   -0.552135319337733677E+01   -0.995515351937695492E+01    1
    0.303916045404162602E+02   -0.526508841807165862E+01   -0.996515351937695826E+01    1
    0.302541370900573767E+02   -0.523527246707003791E+01   -0.997515351937695982E+01    1
    0.302542551733004501E+02   -0.522522474240476242E+01   -0.998515351937696138E+01    1
    0.303904037736454526E+02   -0.516320153055846642E+01   -0.999515351937695584E+01    1
    0.302560654021850688E+02   -0.507336008646436198E+01   -0.100051535193769503E+02    1
    0.302565937812434100E+02   -0.502980050779006582E+01   -0.100151535193769536E+02    1
    0.303878967294923505E+02   -0.495624850352182111E+01   -0.100251535193769570E+02    1
    0.303875271753775777E+02   -0.492640258353732463E+01   -0.100351535193769603E+02    1
    0.302581648166282307E+02   -0.490233285461735502E+01   -0.100451535193769637E+02    1
    0.303871832238724160E+02   -0.489877680473592481E+01   -0.100551535193769475E+02    1
    0.303869522984946663E+02   -0.488031160374624129E+01   -0.100651535193769543E+02    1
    0.302589629689884205E+02   -0.483874837534266788E+01   -0.100751535193769577E+02    1
    0.303851628533810114E+02   -0.473946988531556013E+01   -0.100851535193769539E+02    1
    0.302606431275329655E+02   -0.470748545035644028E+01   -0.100951535193769484E+02    1
    0.302610319963824494E+02   -0.467760466803355079E+01   -0.101051535193769499E+02    1
    0.302613480663286012E+02   -0.465345615842278271E+01   -0.101151535193769551E+02    1
    0.303824081798430683E+02   -0.453043261037186173E+01   -0.101251535193769566E+02    1
    0.302629853943546010E+02   -0.453034681345166845E+01   -0.101351535193769582E+02    1
    0.302639528953597221E+02   -0.445916647940668831E+01   -0.101451535193769562E+02    1
    0.303809883655775224E+02   -0.442637181694380999E+01   -0.101551535193769507E+02    1
    0.302646826144258085E+02   -0.440624930143481564E+01   -0.101651535193769487E+02    1
    0.302652039852768553E+02   -0.436884608038985967E+01   -0.101751535193769485E+02    1
    0.302652284895117099E+02   -0.436709645093023280E+01   -0.101851535193769500E+02    1
    0.302653093057451414E+02   -0.436133136903450769E+01   -0.101951535193769534E+02    1
    0.303799776549936951E+02   -0.435382073988060903E+01   -0.102051535193769531E+02    1
    0.303797623257020746E+02   -0.433852789006640727E+01   -0.102151535193769565E+02    1
    0.302661673213866180E+02   -0.430062454252455595E+01   -0.102251535193769545E+02    1
    0.302669309713734371E+02   -0.424736348556385046E+01   -0.102351535193769507E+02    1
    0.303781898316885162E+02   -0.422859428263591752E+01   -0.102451535193769541E+02    1
    0.303781240027497290E+02   -0.422405914303033203E+01   -0.102551535193769521E+02    1
    0.302673552671352510E+02   -0.421808387449066746E+01   -0.102651535193769536E+02    1
    0.303779835972012613E+02   -0.421440419705036540E+01   -0.102751535193769570E+02    1
    0.302674371857899871E+02   -0.421245662465356929E+01   -0.102851535193769532E+02    1
    0.303775145762652734E+02   -0.418232964129936402E+01   -0.102951535193769512E+02    1
    0.302680602773301288E+02   -0.416992734708809731E+01   -0.103051535193769492E+02    1
    0.302682233807181831E+02   -0.415887432601285312E+01   -0.103151535193769526E+02    1
    0.302682887348268679E+02   -0.415445474997432207E+01   -0.103251535193769541E+02    1
    0.302685648818510842E+02   -0.413583886082237129E+01   -0.103351535193769539E+02    1
    0.303753302207704223E+02   -0.403654970550159664E+01   -0.103451535193769555E+02    1
    0.302703749452481716E+02   -0.401616248805189446E+01   -0.103551535193769570E+02    1
    0.303746646636627489E+02   -0.399330970895775028E+01   -0.103651535193769533E+02    1
    0.303740630547181922E+02   -0.395469778957536322E+01   -0.103751535193769513E+02    1
    0.302724532222897693E+02   -0.388377167595853079E+01   -0.103851535193769564E+02    1
    0.303719086057562535E+02   -0.382011083358904546E+01   -0.103951535193769562E+02    1
    0.303718284221213430E+02   -0.381521310514546963E+01   -0.104051535193769507E+02    1
    0.302738734857731373E+02   -0.379638390280726101E+01   -0.104151535193769558E+02    1
    0.303711012853717435E+02   -0.377116317975419513E+01   -0.104251535193769538E+02    1
    0.302749390316945224E+02   -0.373246676483569884E+01   -0.104351535193769482E+02    1
    0.302749609382641225E+02   -0.373116748769334539E+01   -0.104451535193769534E+02    1
    0.303703282491727116E+02   -0.372505294392883268E+01   -0.104551535193769531E+02    1
    0.303702126553261635E+02   -0.371822177539138687E+01   -0.104651535193769529E+02    1
    0.302754467014324717E+02   -0.370251007411896893E+01   -0.104751535193769580E+02    1
    0.302758446405078274E+02   -0.367925222378225270E+01   -0.104851535193769543E+02    1
    0.303689634477845622E+02   -0.364545715108411406E+01   -0.104951535193769523E+02    1
    0.303679769398776784E+02   -0.358936427767691590E+01   -0.105051535193769539E+02    1
    0.302776131836158306E+02   -0.357826812190192367E+01   -0.105151535193769536E+02    1
    0.303676460511977098E+02   -0.357082067874308517E+01   -0.105251535193769499E+02    1
    0.302780737428801920E+02   -0.355260774990186690E+01   -0.105351535193769514E+02    1
    0.303672865369562217E+02   -0.355082701359015296E+01   -0.105451535193769512E+02    1
    0.302782690561128724E+02   -0.354180530327711018E+01   -0.105551535193769528E+02    1
    0.303670752082323787E+02   -0.353914931566040591E+01   -0.105651535193769543E+02    1
    0.302789390310368844E+02   -0.350511017864229979E+01   -0.105751535193769524E+02    1
    0.303660269154683462E+02   -0.348204240821374666E+01   -0.105851535193769575E+02    1
    0.303659473602789731E+02   -0.347776427982089675E+01   -0.105951535193769573E+02    1
    0.303653431859354832E+02   -0.344553100882081154E+01   -0.106051535193769570E+02    1
    0.302802692505521200E+02   -0.343390541579676878E+01   -0.106151535193769551E+02    1
    0.303645906528279284E+02   -0.340601677604772801E+01   -0.106251535193769495E+02    1
    0.303638651636114218E+02   -0.336858856602458134E+01   -0.106351535193769458E+02    1
    0.303630978960391538E+02   -0.332971636583412467E+01   -0.106451535193769526E+02    1
    0.303626308733555383E+02   -0.330641354590228165E+01   -0.106551535193769560E+02    1
    0.302832673451150605E+02   -0.328148143573215867E+01   -0.106651535193769540E+02    1
    0.302854246609145932E+02   -0.317871061719375980E+01   -0.106751535193769556E+02    1
    0.303595963097669141E+02   -0.316159892518684238E+01   -0.106851535193769500E+02    1
    0.302860311168091414E+02   -0.315086112193932966E+01   -0.106951535193769480E+02    1
    0.302860898794144688E+02   -0.314818692088254970E+01   -0.107051535193769549E+02    1
    0.303590475258487125E+02   -0.313663138193799362E+01   -0.107151535193769494E+02    1
    0.303586857755713737E+02   -0.312037772527518875E+01   -0.107251535193769456E+02    1
    0.303585830569182384E+02   -0.311579214689065420E+01   -0.107351535193769543E+02    1
    0.303582247886998999E+02   -0.309990087252608726E+01   -0.107451535193769505E+02    1
    0.303582211430560100E+02   -0.309973998654447591E+01   -0.107551535193769414E+02    1
    0.302872899398997895E+02   -0.309451217291270231E+01   -0.107651535193769483E+02    1
    0.303580844402313232E+02   -0.309371906788051376E+01   -0.107751535193769499E+02    1
    0.302878961313720438E+02   -0.306807928638152383E+01   -0.107851535193769426E+02    1
    0.302881134961940326E+02   -0.305871231018402145E+01   -0.107951535193769441E+02    1
    0.303572242215579600E+02   -0.305636435911226823E+01   -0.108051535193769528E+02    1
    0.302883531780755995E+02   -0.304845165576271704E+01   -0.108151535193769561E+02    1
    0.302884515266946686E+02   -0.304426205167979891E+01   -0.108251535193769524E+02    1
    0.302888501672138872E+02   -0.302740320788037609E+01   -0.108351535193769521E+02    1
    0.302889517896187286E+02   -0.302313708586940066E+01   -0.108451535193769519E+02    1
    0.302897043312051011E+02   -0.299194452685817147E+01   -0.108551535193769482E+02    1
    0.302901445575576318E+02   -0.297402344377208916E+01   -0.108651535193769480E+02    1
    0.303551834326555827E+02   -0.297142088138368354E+01   -0.108751535193769477E+02    1
    0.302904244024321727E+02   -0.296275645280570110E+01   -0.108851535193769493E+02    1
    0.303547608383471754E+02   -0.295447786392760836E+01   -0.108951535193769473E+02    1
    0.302908383105530667E+02   -0.294627021409595669E+01   -0.109051535193769453E+02    1
    0.303542533233289475E+02   -0.293442331643129117E+01   -0.109151535193769469E+02    1
    0.302913281804140198E+02   -0.292703334806615878E+01   -0.109251535193769485E+02    1
    0.302914293753692334E+02   -0.292309663843166057E+01   -0.109351535193769500E+02    1
    0.303538995462470780E+02   -0.292063300238601986E+01   -0.109451535193769498E+02    1
    0.302916564746522425E+02   -0.291430827543200444E+01   -0.109551535193769460E+02    1
    0.302918604826028144E+02   -0.290646813335379139E+01   -0.109651535193769440E+02    1
    0.303532693554446276E+02   -0.289645314993076930E+01   -0.109751535193769456E+02    1
    0.302928858384990676E+02   -0.286784603346982703E+01   -0.109851535193769454E+02    1
    0.302932377588301094E+02   -0.285489128344632448E+01   -0.109951535193769434E+02    1
    0.303521257253288184E+02   -0.285383304559261575E+01   -0.110051535193769485E+02    1
    0.303518030566675066E+02   -0.284210188631286620E+01   -0.110151535193769536E+02    1
    0.302938853552835639E+02   -0.283145424753864816E+01   -0.110251535193769499E+02    1
    0.303510327999820682E+02   -0.281462077396277532E+01   -0.110351535193769461E+02    1
    0.303509832130575177E+02   -0.281287686819280269E+01   -0.110451535193769441E+02    1
    0.302955086982864330E+02   -0.277499383726026227E+01   -0.110551535193769439E+02    1
    0.302955337927121064E+02   -0.277414673738200390E+01   -0.110651535193769455E+02    1
    0.303495620685457546E+02   -0.276419528311177976E+01   -0.110751535193769488E+02    1
    0.303493239448622845E+02   -0.275628371115321791E+01   -0.110851535193769504E+02    1
    0.302960686520458182E+02   -0.275627777638885085E+01   -0.110951535193769502E+02    1
    0.302969314862229702E+02   -0.272820062594967050E+01   -0.111051535193769553E+02    1
    0.302973934820934048E+02   -0.271354714997417368E+01   -0.111151535193769551E+02    1
    0.303479953452206495E+02   -0.271343431601264440E+01   -0.111251535193769460E+02    1
    0.303475903250253580E+02   -0.270080789060487092E+01   -0.111351535193769493E+02    1
    0.303475882849861733E+02   -0.270074480855152643E+01   -0.111451535193769491E+02    1
    0.302980588097758279E+02   -0.269291028979347757E+01   -0.111551535193769507E+02    1
    0.302983687718478620E+02   -0.268348377277041594E+01   -0.111651535193769469E+02    1
    0.303465172431835661E+02   -0.266833990876825222E+01   -0.111751535193769467E+02    1
    0.302991088985753905E+02   -0.266145787164245640E+01   -0.111851535193769482E+02    1
    0.303461843879135671E+02   -0.265855944239396713E+01   -0.111951535193769498E+02    1
    0.303461637061468537E+02   -0.265795628016785246E+01   -0.112051535193769514E+02    1
    0.302994481869774503E+02   -0.265158823839779334E+01   -0.112151535193769529E+02    1
    0.303455893898907973E+02   -0.264141918252140018E+01   -0.112251535193769527E+02    1
    0.302999389326402557E+02   -0.263756582667300155E+01   -0.112351535193769525E+02    1
    0.303453023577885226E+02   -0.263330781885687992E+01   -0.112451535193769505E+02    1
    0.303451747481845722E+02   -0.262973450772906503E+01   -0.112551535193769485E+02    1
    0.303451676318419175E+02   -0.262953583210618280E+01   -0.112651535193769465E+02    1
    0.303003627120387442E+02   -0.262569759769778699E+01   -0.112751535193769428E+02    1
    0.303449778964652594E+02   -0.262426195579067034E+01   -0.112851535193769514E+02    1
    0.303445970300097869E+02   -0.261381038668538146E+01   -0.112951535193769441E+02    1
    0.303445674550697646E+02   -0.261300634358133399E+01   -0.113051535193769475E+02    1
    0.303008672253844580E+02   -0.261185924131020775E+01   -0.113151535193769508E+02    1
    0.303010214030128679E+02   -0.260769336046904510E+01   -0.113251535193769524E+02    1
    0.303443439563531427E+02   -0.260696529569518098E+01   -0.113351535193769486E+02    1
    0.303442775778055349E+02   -0.260518307080432532E+01   -0.113451535193769519E+02    1
    0.303439926066332077E+02   -0.259759394964606471E+01   -0.113551535193769464E+02    1
    0.303439341199446275E+02   -0.259604885597531609E+01   -0.113651535193769444E+02    1
    0.303438208401589229E+02   -0.259306833051995511E+01   -0.113751535193769477E+02    1
    0.303019428253173828E+02   -0.258341207835129527E+01   -0.113851535193769493E+02    1
    0.303432560438612242E+02   -0.257844573433138535E+01   -0.113951535193769544E+02    1
    0.303432355296934944E+02   -0.257792207939241536E+01   -0.114051535193769453E+02    1
    0.303022507812355499E+02   -0.257553198007051520E+01   -0.114151535193769433E+02    1
    0.303024488666770537E+02   -0.257052554941963685E+01   -0.114251535193769502E+02    1
    0.303428909880348030E+02   -0.256920525562436186E+01   -0.114351535193769465E+02    1
    0.303426747727378654E+02   -0.256381036318824540E+01   -0.114451535193769427E+02    1
    0.303028148901083227E+02   -0.256140287971610991E+01   -0.114551535193769425E+02    1
    0.303424458203475709E+02   -0.255816096480183086E+01   -0.114651535193769476E+02    1
    0.303423498165023204E+02   -0.255581144704043339E+01   -0.114751535193769509E+02    1
    0.303032746913966733E+02   -0.255017875534087413E+01   -0.114851535193769489E+02    1
    0.303419985673906218E+02   -0.254731284261686408E+01   -0.114951535193769505E+02    1
    0.303419835546496124E+02   -0.254695301885154857E+01   -0.115051535193769467E+02    1
    0.303035166589023106E+02   -0.254437759650249218E+01   -0.115151535193769430E+02    1
    0.303415454315246151E+02   -0.253657543647206829E+01   -0.115251535193769428E+02    1
    0.303040980523006311E+02   -0.253073603518432000E+01   -0.115351535193769426E+02    1
    0.303411338425820105E+02   -0.252704357176646655E+01   -0.115451535193769423E+02    1
    0.303403939641452673E+02   -0.251043808903773824E+01   -0.115551535193769439E+02    1
    0.303402610350458808E+02   -0.250752675146297044E+01   -0.115651535193769455E+02    1
    0.303052164588385295E+02   -0.250567497602208222E+01   -0.115751535193769453E+02    1
    0.303053429106230965E+02   -0.250293923590492007E+01   -0.115851535193769433E+02    1
    0.303054816479808409E+02   -0.249996055283383978E+01   -0.115951535193769448E+02    1
    0.303397666356291680E+02   -0.249689132977172745E+01   -0.116051535193769446E+02    1
    0.303394468244333382E+02   -0.249017334442511462E+01   -0.116151535193769408E+02    1
    0.303065320919972834E+02   -0.247818343330566959E+01   -0.116251535193769424E+02    1
    0.303068232045935773E+02   -0.247239084216992211E+01   -0.116351535193769458E+02    1
    0.303385524864623193E+02   -0.247206121588759942E+01   -0.116451535193769455E+02    1
    0.303069736181858538E+02   -0.246943914352807736E+01   -0.116551535193769418E+02    1
    0.303381800747506105E+02   -0.246481213890306528E+01   -0.116651535193769451E+02    1
    0.303073949224485197E+02   -0.246132111975524692E+01   -0.116751535193769502E+02    1
    0.303075350643747896E+02   -0.245866962340281736E+01   -0.116851535193769465E+02    1
    0.303377814188566042E+02   -0.245724313201329458E+01   -0.116951535193769445E+02    1
    0.303375723564225410E+02   -0.245335271737066218E+01   -0.117051535193769460E+02    1
    0.303374512519246267E+02   -0.245112393441879295E+01   -0.117151535193769476E+02    1
    0.303373688890988049E+02   -0.244961855385762162E+01   -0.117251535193769456E+02    1
    0.303372871205456143E+02   -0.244813237066096523E+01   -0.117351535193769418E+02    1
    0.303082167241273090E+02   -0.244612049781722085E+01   -0.117451535193769399E+02    1
    0.303085016887906278E+02   -0.244104547782985604E+01   -0.117551535193769414E+02    1
    0.303086519978016824E+02   -0.243840921570706870E+01   -0.117651535193769430E+02    1
    0.303088126800260937E+02   -0.243562205493864870E+01   -0.117751535193769463E+02    1
    0.303365168142164237E+02   -0.243453934016520712E+01   -0.117851535193769479E+02    1
    0.303364171099993740E+02   -0.243283380915189351E+01   -0.117951535193769459E+02    1
    0.303363675343988533E+02   -0.243199037006754759E+01   -0.118051535193769439E+02    1
    0.303362148756862773E+02   -0.242941233344385932E+01   -0.118151535193769472E+02    1
    0.303361393542300917E+02   -0.242814766163947171E+01   -0.118251535193769470E+02    1
    0.303092969953765170E+02   -0.242741523982802576E+01   -0.118351535193769397E+02    1
