    0.203177189826965332E+02   -0.745254038358241669E+05   -0.460515351937698814E+01    1
    0.204483842849731445E+02   -0.726717158671331126E+05   -0.461515351937698259E+01    1
    0.205528080463409424E+02   -0.712070880488451221E+05   -0.462515351937698149E+01    1
    0.206898927688598633E+02   -0.693069984972954990E+05   -0.463515351937698661E+01    1
    0.206998646259307861E+02   -0.691697841938963829E+05   -0.464515351937698728E+01    1
    0.208080732822418213E+02   -0.676895592748700583E+05   -0.465515351937698174E+01    1
    0.208513617515563965E+02   -0.671018844484570000E+05   -0.466515351937698153E+01    1
    0.211265611648559570E+02   -0.634257601957657898E+05   -0.467515351937698398E+01    1
    0.212822973728179932E+02   -0.613913133541325078E+05   -0.468515351937698377E+01    1
    0.399630570411682129E+02   -0.579303318717691654E+05   -0.469515351937698444E+01    1
    0.399616861343383789E+02   -0.579130783717904415E+05   -0.470515351937698423E+01    1
    0.399450552463531494E+02   -0.577039755967560486E+05   -0.471515351937698135E+01    1
    0.216169166564941406E+02   -0.571322224613542348E+05   -0.472515351937698025E+01    1
    0.220259797573089600E+02   -0.521335825889355838E+05   -0.473515351937698448E+01    1
    0.394650709629058838E+02   -0.518320247829309810E+05   -0.474515351937698782E+01    1
    0.220602869987487793E+02   -0.517247567636255844E+05   -0.475515351937698494E+01    1
    0.222069394588470459E+02   -0.499953010493470647E+05   -0.476515351937698117E+01    1
    0.392557561397552490E+02   -0.493699861710459809E+05   -0.477515351937698451E+01    1
    0.223468601703643799E+02   -0.483726459734882301E+05   -0.478515351937698341E+01    1
    0.389871585369110107E+02   -0.462984029371755896E+05   -0.479515351937697876E+01    1
    0.388796710968017578E+02   -0.450968535597379596E+05   -0.480515351937698032E+01    1
    0.388764965534210205E+02   -0.450616070740356517E+05   -0.481515351937698277E+01    1
    0.388494265079498291E+02   -0.447616121068912544E+05   -0.482515351937698345E+01    1
    0.388093328475952148E+02   -0.443191282087571672E+05   -0.483515351937698323E+01    1
    0.227319777011871338E+02   -0.440446940614529231E+05   -0.484515351937698480E+01    1
    0.385861110687255859E+02   -0.418957807192681212E+05   -0.485515351937698814E+01    1
    0.230010271072387695E+02   -0.411414460505245006E+05   -0.486515351937698437E+01    1
    0.385119974613189697E+02   -0.411062521730777225E+05   -0.487515351937698149E+01    1
    0.230147004127502441E+02   -0.409965436107258574E+05   -0.488515351937698572E+01    1
    0.231487774848937988E+02   -0.395892095810423998E+05   -0.489515351937698817E+01    1
    0.383655893802642822E+02   -0.395686476393953853E+05   -0.490515351937698973E+01    1
    0.231752741336822510E+02   -0.393139975165481519E+05   -0.491515351937698775E+01    1
    0.232402133941650391E+02   -0.386435541050387546E+05   -0.492515351937698220E+01    1
    0.234095919132232666E+02   -0.369219971096437657E+05   -0.493515351937698199E+01    1
    0.236268591880798340E+02   -0.347711334855532041E+05   -0.494515351937698799E+01    1
    0.378200054168701172E+02   -0.340969413334718629E+05   -0.495515351937699045E+01    1
    0.237857842445373535E+02   -0.332387104883789725E+05   -0.496515351937698846E+01    1
    0.377298712730407715E+02   -0.332321534466105368E+05   -0.497515351937698824E+01    1
    0.376254963874816895E+02   -0.322446134052068955E+05   -0.498515351937698359E+01    1
    0.375983357429504395E+02   -0.319900762417512487E+05   -0.499515351937698426E+01    1
    0.375948226451873779E+02   -0.319572267663373495E+05   -0.500515351937698583E+01    1
    0.375886666774749756E+02   -0.318997056381382936E+05   -0.501515351937698384E+01    1
    0.239575421810150146E+02   -0.316213787007264109E+05   -0.502515351937698451E+01    1
    0.375389802455902100E+02   -0.314373344547568413E+05   -0.503515351937698608E+01    1
    0.240220367908477783E+02   -0.310244925299400493E+05   -0.504515351937698409E+01    1
    0.374279105663299561E+02   -0.304159512591281673E+05   -0.505515351937698298E+01    1
    0.373458218574523926E+02   -0.296719140478777808E+05   -0.506515351937698455E+01    1
    0.244100308418273926E+02   -0.275537053763700605E+05   -0.507515351937697989E+01    1
    0.370557653903961182E+02   -0.271166932969624395E+05   -0.508515351937698501E+01    1
    0.369364345073699951E+02   -0.260988604639499936E+05   -0.509515351937699013E+01    1
    0.369076168537139893E+02   -0.258559791038545845E+05   -0.510515351937699080E+01    1
    0.369026827812194824E+02   -0.258145075392826438E+05   -0.511515351937698348E+01    1
    0.246903717517852783E+02   -0.251740211182110288E+05   -0.512515351937698238E+01    1
    0.247043693065643311E+02   -0.250580191297270430E+05   -0.513515351937698394E+01    1
    0.367650902271270752E+02   -0.246714304006234306E+05   -0.514515351937697751E+01    1
    0.366157650947570801E+02   -0.234601741904301452E+05   -0.515515351937698085E+01    1
    0.364759826660156250E+02   -0.223539529717338810E+05   -0.516515351937698330E+01    1
    0.250537133216857910E+02   -0.222496795516737038E+05   -0.517515351937698220E+01    1
    0.364449644088745117E+02   -0.221121003381418341E+05   -0.518515351937698643E+01    1
    0.364423584938049316E+02   -0.220918416478381514E+05   -0.519515351937698533E+01    1
    0.251489031314849854E+02   -0.215133887458892605E+05   -0.520515351937697623E+01    1
    0.251568043231964111E+02   -0.214528301113398629E+05   -0.521515351937698224E+01    1
    0.251874613761901855E+02   -0.212186674866262183E+05   -0.522515351937697670E+01    1
    0.252177155017852783E+02   -0.209888423710699935E+05   -0.523515351937698092E+01    1
    0.252267777919769287E+02   -0.209202443814991311E+05   -0.524515351937698071E+01    1
    0.362686526775360107E+02   -0.207623708537340644E+05   -0.525515351937698583E+01    1
    0.361931133270263672E+02   -0.201970968511888786E+05   -0.526515351937698739E+01    1
    0.360829091072082520E+02   -0.193864143994796468E+05   -0.527515351937698007E+01    1
    0.360549533367156982E+02   -0.191834072514027357E+05   -0.528515351937697542E+01    1
    0.255157279968261719E+02   -0.187918766923546391E+05   -0.529515351937697609E+01    1
    0.359935617446899414E+02   -0.187413484343492637E+05   -0.530515351937697677E+01    1
    0.359182143211364746E+02   -0.182058425986808797E+05   -0.531515351937698188E+01    1
    0.256132924556732178E+02   -0.180990118904130322E+05   -0.532515351937698078E+01    1
    0.358440601825714111E+02   -0.176863970163855447E+05   -0.533515351937697613E+01    1
    0.357921671867370605E+02   -0.173273614200824341E+05   -0.534515351937697680E+01    1
    0.357411408424377441E+02   -0.169779123998646246E+05   -0.535515351937698103E+01    1
    0.357312858104705811E+02   -0.169108313596238550E+05   -0.536515351937698171E+01    1
    0.258528113365173340E+02   -0.164532409311455231E+05   -0.537515351937698238E+01    1
    0.259968340396881104E+02   -0.155014044746888285E+05   -0.538515351937698128E+01    1
    0.259979379177093506E+02   -0.154942185453628153E+05   -0.539515351937698018E+01    1
    0.355025589466094971E+02   -0.153912462924733045E+05   -0.540515351937698263E+01    1
    0.355005788803100586E+02   -0.153784037073222498E+05   -0.541515351937698153E+01    1
    0.260675525665283203E+02   -0.150444129374570002E+05   -0.542515351937697865E+01    1
    0.260757005214691162E+02   -0.149921992163689174E+05   -0.543515351937697933E+01    1
    0.261556148529052734E+02   -0.144849035945998548E+05   -0.544515351937698178E+01    1
    0.261829733848571777E+02   -0.143132383083732602E+05   -0.545515351937698245E+01    1
    0.261877357959747314E+02   -0.142834604173815715E+05   -0.546515351937698401E+01    1
    0.262493538856506348E+02   -0.139009778841427033E+05   -0.547515351937698025E+01    1
    0.352295553684234619E+02   -0.136711480904601176E+05   -0.548515351937698004E+01    1
    0.263391375541687012E+02   -0.133529564418747195E+05   -0.549515351937697805E+01    1
    0.263486492633819580E+02   -0.132955445981431076E+05   -0.550515351937697694E+01    1
    0.351584696769714355E+02   -0.132399852012750871E+05   -0.551515351937698295E+01    1
    0.351242935657501221E+02   -0.130351530422221367E+05   -0.552515351937698185E+01    1
    0.263947856426239014E+02   -0.130188247362328548E+05   -0.553515351937698163E+01    1
    0.264142632484436035E+02   -0.129028743950402804E+05   -0.554515351937698142E+01    1
    0.264399945735931396E+02   -0.127504909291283257E+05   -0.555515351937698032E+01    1
    0.265483248233795166E+02   -0.121188774596723924E+05   -0.556515351937698544E+01    1
    0.349625945091247559E+02   -0.120876750270364246E+05   -0.557515351937698611E+01    1
    0.266607046127319336E+02   -0.114806109425457507E+05   -0.558515351937698146E+01    1
    0.347949743270874023E+02   -0.111432416330680608E+05   -0.559515351937697680E+01    1
    0.267301774024963379E+02   -0.110946743183376420E+05   -0.560515351937697748E+01    1
    0.347422003746032715E+02   -0.108538458247047965E+05   -0.561515351937697904E+01    1
    0.267751157283782959E+02   -0.108485471414151525E+05   -0.562515351937698060E+01    1
    0.346921443939208984E+02   -0.105828735983852039E+05   -0.563515351937698039E+01    1
    0.346810400485992432E+02   -0.105232258357097016E+05   -0.564515351937698284E+01    1
    0.345723497867584229E+02   -0.994829040759171767E+04   -0.565515351937698085E+01    1
    0.269939613342285156E+02   -0.968939740332760630E+04   -0.566515351937697975E+01    1
    0.270348680019378662E+02   -0.947999340107435455E+04   -0.567515351937697954E+01    1
    0.344657981395721436E+02   -0.940034733115579729E+04   -0.568515351937697666E+01    1
    0.344292414188385010E+02   -0.921593069700495471E+04   -0.569515351937697734E+01    1
    0.271088218688964844E+02   -0.910722599078356507E+04   -0.570515351937697890E+01    1
    0.343943059444427490E+02   -0.904140028742764844E+04   -0.571515351937697780E+01    1
    0.271472775936126709E+02   -0.891634378859239951E+04   -0.572515351937697403E+01    1
    0.343424892425537109E+02   -0.878560804312816254E+04   -0.573515351937697382E+01    1
    0.273246216773986816E+02   -0.806222818197013657E+04   -0.574515351937697805E+01    1
    0.341590070724487305E+02   -0.790936815506922358E+04   -0.575515351937698227E+01    1
    0.341543602943420410E+02   -0.788777460891974351E+04   -0.576515351937698384E+01    1
    0.273959457874298096E+02   -0.773084639471997525E+04   -0.577515351937697918E+01    1
    0.274039435386657715E+02   -0.769412144884836016E+04   -0.578515351937698075E+01    1
    0.274208748340606689E+02   -0.761666304976940046E+04   -0.579515351937698409E+01    1
    0.274799299240112305E+02   -0.734956189286163681E+04   -0.580515351937698565E+01    1
    0.339834332466125488E+02   -0.711399525394217653E+04   -0.581515351937698366E+01    1
    0.339596414566040039E+02   -0.700945814276046713E+04   -0.582515351937698256E+01    1
    0.275669884681701660E+02   -0.696450020828231936E+04   -0.583515351937698412E+01    1
    0.339410664234313657E+02   -0.692838061372041557E+04   -0.584515351937698391E+01    1
    0.275872910022735596E+02   -0.687619191312955263E+04   -0.585515351937697837E+01    1
    0.276179674001190847E+02   -0.674383043336442915E+04   -0.586515351937697371E+01    1
    0.338927984237670898E+02   -0.671990308044568337E+04   -0.587515351937697705E+01    1
    0.276619206892284666E+02   -0.655642489678226775E+04   -0.588515351937697684E+01    1
    0.338302111625671387E+02   -0.645432173326697921E+04   -0.589515351937697751E+01    1
    0.277001702785491943E+02   -0.639548811767378356E+04   -0.590515351937697286E+01    1
    0.277136456966400146E+02   -0.633926625743958721E+04   -0.591515351937697531E+01    1
    0.277265846729278564E+02   -0.628551619365815077E+04   -0.592515351937697687E+01    1
    0.277366364002227783E+02   -0.624391810550248920E+04   -0.593515351937697400E+01    1
    0.277426350116729736E+02   -0.621915926458031845E+04   -0.594515351937698000E+01    1
    0.337683725357055664E+02   -0.619717758496907936E+04   -0.595515351937698156E+01    1
    0.337633097171783447E+02   -0.617635638804971859E+04   -0.596515351937697336E+01    1
    0.336993992328643799E+02   -0.591653377480866675E+04   -0.597515351937696959E+01    1
    0.336612772941589355E+02   -0.576421158460300921E+04   -0.598515351937697559E+01    1
    0.336592264852059699E+02   -0.575607358164753350E+04   -0.599515351937697627E+01    1
    0.336537909507751465E+02   -0.573453215984423696E+04   -0.600515351937697517E+01    1
    0.278694495644998774E+02   -0.570725622943716098E+04   -0.601515351937697851E+01    1
    0.279421867419208354E+02   -0.542356688926237985E+04   -0.602515351937697829E+01    1
    0.335669767856597900E+02   -0.539595656402446730E+04   -0.603515351937697453E+01    1
    0.334543174932791203E+02   -0.497194890477051740E+04   -0.604515351937697520E+01    1
    0.280768585205078125E+02   -0.491741704344534264E+04   -0.605515351937697410E+01    1
    0.280970382690429688E+02   -0.484370997084154533E+04   -0.606515351937697478E+01    1
    0.332380509376525879E+02   -0.420663612361639389E+04   -0.607515351937697723E+01    1
    0.283039128773094006E+02   -0.412020861063477605E+04   -0.608515351937697790E+01    1
    0.332054550150370886E+02   -0.409683332642385176E+04   -0.609515351937697769E+01    1
    0.331448482911538065E+02   -0.389653510722513010E+04   -0.610515351937697481E+01    1
    0.330589957612678020E+02   -0.362139894559570348E+04   -0.611515351937697282E+01    1
    0.284670174121856689E+02   -0.359104096452032445E+04   -0.612515351937697528E+01    1
    0.330416929721832275E+02   -0.356716806271588985E+04   -0.613515351937697417E+01    1
    0.330069482326507568E+02   -0.345950648629625812E+04   -0.614515351937697485E+01    1
    0.285299169289911205E+02   -0.339669202204094108E+04   -0.615515351937697819E+01    1
    0.285556185245513916E+02   -0.331883527903139020E+04   -0.616515351937697620E+01    1
    0.285558676719665527E+02   -0.331808496781197846E+04   -0.617515351937697776E+01    1
    0.286284554004669189E+02   -0.310310058496766942E+04   -0.618515351937698288E+01    1
    0.286368140364395742E+02   -0.307880724134400316E+04   -0.619515351937698000E+01    1
    0.328746754553872478E+02   -0.306474402978582748E+04   -0.620515351937697535E+01    1
    0.286734600112077658E+02   -0.297342779127402264E+04   -0.621515351937697247E+01    1
    0.328026235103607178E+02   -0.285977321683119862E+04   -0.622515351937697314E+01    1
    0.287168312072753906E+02   -0.285108191515186809E+04   -0.623515351937697559E+01    1
    0.327870569797161409E+02   -0.281642258622094096E+04   -0.624515351937698071E+01    1
    0.327739701833059200E+02   -0.278023403851866806E+04   -0.625515351937697694E+01    1
    0.287476348876953125E+02   -0.276574987775405089E+04   -0.626515351937697407E+01    1
    0.327541545137983121E+02   -0.272588407754574564E+04   -0.627515351937697385E+01    1
    0.327376568317413330E+02   -0.268104419950928695E+04   -0.628515351937697986E+01    1
    0.327097320556640625E+02   -0.260599414611576412E+04   -0.629515351937697432E+01    1
    0.288140869140625000E+02   -0.258608367775977422E+04   -0.630515351937697766E+01    1
    0.326966762542724609E+02   -0.257127143556480405E+04   -0.631515351937697567E+01    1
    0.288239073753356934E+02   -0.256004421578881829E+04   -0.632515351937697190E+01    1
    0.288490045070648193E+02   -0.249409700121299920E+04   -0.633515351937697790E+01    1
    0.288888466358184814E+02   -0.239117356183076299E+04   -0.634515351937697858E+01    1
    0.288903617858886719E+02   -0.238730234360679242E+04   -0.635515351937697659E+01    1
    0.289148509502410889E+02   -0.232516775451512058E+04   -0.636515351937697371E+01    1
    0.289290732219200990E+02   -0.228945902142726572E+04   -0.637515351937697350E+01    1
    0.289391493797302246E+02   -0.226432758048134247E+04   -0.638515351937697861E+01    1
    0.325727131374447367E+02   -0.225319638036127753E+04   -0.639515351937698195E+01    1
    0.325521409035810976E+02   -0.220244326788742637E+04   -0.640515351937697730E+01    1
    0.325434243679046631E+02   -0.218111351762641971E+04   -0.641515351937697620E+01    1
    0.325395320992534849E+02   -0.217162251611151987E+04   -0.642515351937697776E+01    1
    0.289957456068864303E+02   -0.212574794970083485E+04   -0.643515351937697222E+01    1
    0.325193357467651367E+02   -0.212270785649402023E+04   -0.644515351937697556E+01    1
    0.290125346183776855E+02   -0.208548127643407588E+04   -0.645515351937697535E+01    1
    0.324876546021643549E+02   -0.204710120095109892E+04   -0.646515351937697513E+01    1
    0.290516412258148193E+02   -0.199318265234564251E+04   -0.647515351937697048E+01    1
    0.324631011486053467E+02   -0.198944868536036665E+04   -0.648515351937697559E+01    1
    0.290796351432800293E+02   -0.192839620445416131E+04   -0.649515351937697538E+01    1
    0.290912216508748003E+02   -0.190189503346200399E+04   -0.650515351937697694E+01    1
    0.291253724938948579E+02   -0.182485160756662935E+04   -0.651515351937697318E+01    1
    0.291355073451995850E+02   -0.180229449858886142E+04   -0.652515351937697652E+01    1
    0.291649742881360510E+02   -0.173750782646599055E+04   -0.653515351937697631E+01    1
    0.323494184017181396E+02   -0.173326102340469993E+04   -0.654515351937697609E+01    1
    0.323311792737832988E+02   -0.169380360343135999E+04   -0.655515351937696966E+01    1
    0.291869890689849854E+02   -0.168988049806259096E+04   -0.656515351937697567E+01    1
    0.292057086065097238E+02   -0.164990350691338244E+04   -0.657515351937698256E+01    1
    0.323083743417335540E+02   -0.164510873033743519E+04   -0.658515351937698501E+01    1
    0.292346823215484619E+02   -0.158897268697313416E+04   -0.659515351937696881E+01    1
    0.322528758905378368E+02   -0.152957518206566965E+04   -0.660515351937696948E+01    1
    0.322489285469055176E+02   -0.152151825221061722E+04   -0.661515351937697371E+01    1
    0.322394912614288103E+02   -0.150234215145789653E+04   -0.662515351937697705E+01    1
    0.292796989326268395E+02   -0.149658135544968695E+04   -0.663515351937697861E+01    1
    0.293015447321478462E+02   -0.145274403260582017E+04   -0.664515351937698107E+01    1
    0.322068953514099121E+02   -0.143704558038107598E+04   -0.665515351937697286E+01    1
    0.293364822864532471E+02   -0.138399220518089919E+04   -0.666515351937697353E+01    1
    0.293426334857940674E+02   -0.137206037131212042E+04   -0.667515351937697510E+01    1
    0.321493518352508545E+02   -0.132531983446461118E+04   -0.668515351937697488E+01    1
    0.321478652954101562E+02   -0.132249358128835888E+04   -0.669515351937697734E+01    1
    0.293710177292370886E+02   -0.131767201403978743E+04   -0.670515351937697446E+01    1
    0.293711161613464355E+02   -0.131748532051123220E+04   -0.671515351937697247E+01    1
    0.293755099428917852E+02   -0.130916524784258968E+04   -0.672515351937697314E+01    1
    0.293793487122974604E+02   -0.130191775342799542E+04   -0.673515351937697382E+01    1
    0.294305197109854930E+02   -0.120723276620488446E+04   -0.674515351937697183E+01    1
    0.320736610889434814E+02   -0.118525430690764301E+04   -0.675515351937697428E+01    1
    0.320607733391068024E+02   -0.116218603396945400E+04   -0.676515351937697584E+01    1
    0.320510578155517578E+02   -0.114494598739253888E+04   -0.677515351937697829E+01    1
    0.320386873144530782E+02   -0.112318151606183119E+04   -0.678515351937697098E+01    1
    0.294946849346160889E+02   -0.109356335841975874E+04   -0.679515351937697432E+01    1
    0.295050359976524312E+02   -0.107575367343636049E+04   -0.680515351937697410E+01    1
    0.319993652541792102E+02   -0.105538857053202082E+04   -0.681515351937697567E+01    1
    0.295467841297654275E+02   -0.100541030073990009E+04   -0.682515351937697723E+01    1
    0.319619404451164257E+02   -0.992830261311241543E+03   -0.683515351937697613E+01    1
    0.295684563223882861E+02   -0.969833503621090358E+03   -0.684515351937697059E+01    1
    0.319227574227753976E+02   -0.929385191781859589E+03   -0.685515351937697126E+01    1
    0.319173450238202534E+02   -0.920786465231078523E+03   -0.686515351937697371E+01    1
    0.296043868101431862E+02   -0.912265478122711215E+03   -0.687515351937697083E+01    1
    0.296122479438781738E+02   -0.899905684585900190E+03   -0.688515351937697062E+01    1
    0.318889562045212287E+02   -0.876340938424643809E+03   -0.689515351937697307E+01    1
    0.318783139510318776E+02   -0.859963415870569293E+03   -0.690515351937697019E+01    1
    0.296432957301656685E+02   -0.851916215477567107E+03   -0.691515351937697176E+01    1
    0.296593940258026123E+02   -0.827552541333378713E+03   -0.692515351937697421E+01    1
    0.318522644042968750E+02   -0.820528845174735693E+03   -0.693515351937697400E+01    1
    0.296676588058471680E+02   -0.815182022385704272E+03   -0.694515351937697556E+01    1
    0.296821653842926025E+02   -0.793694776797847680E+03   -0.695515351937697623E+01    1
    0.318307788808200449E+02   -0.788701681042515361E+03   -0.696515351937697869E+01    1
    0.317849360167725976E+02   -0.722903440028927889E+03   -0.697515351937697670E+01    1
    0.297343754768371582E+02   -0.718742275319908458E+03   -0.698515351937697471E+01    1
    0.297397089004516602E+02   -0.711295468040287233E+03   -0.699515351937697627E+01    1
    0.297469222547872683E+02   -0.701285678427738844E+03   -0.700515351937697339E+01    1
    0.317449494896221367E+02   -0.667857201433604587E+03   -0.701515351937697229E+01    1
    0.297793928790318354E+02   -0.657107979173429158E+03   -0.702515351937697385E+01    1
    0.317285535042113480E+02   -0.645918192244570719E+03   -0.703515351937696920E+01    1
    0.317183255952187793E+02   -0.632418684322374020E+03   -0.704515351937696899E+01    1
    0.298064805076100185E+02   -0.621357056353017356E+03   -0.705515351937697233E+01    1
    0.298244702816009521E+02   -0.598168125891974910E+03   -0.706515351937697300E+01    1
    0.298304424691259555E+02   -0.590567777391549271E+03   -0.707515351937697190E+01    1
    0.316542005538940430E+02   -0.551041691530815115E+03   -0.708515351937697524E+01    1
    0.298694320785838947E+02   -0.542147190407739686E+03   -0.709515351937697947E+01    1
    0.299048351466115534E+02   -0.499981302526656805E+03   -0.710515351937697481E+01    1
    0.299128615856170654E+02   -0.490659944922252407E+03   -0.711515351937697194E+01    1
    0.316025641299788624E+02   -0.489599911209369850E+03   -0.712515351937697261E+01    1
    0.299153429499451562E+02   -0.487796084081902109E+03   -0.713515351937696796E+01    1
    0.315956696928952532E+02   -0.481672164629099711E+03   -0.714515351937696508E+01    1
    0.315901018801860758E+02   -0.475317310221567482E+03   -0.715515351937696753E+01    1
    0.299375688594283105E+02   -0.462519540049145803E+03   -0.716515351937696821E+01    1
    0.315554571151733398E+02   -0.436727785661304210E+03   -0.717515351937696444E+01    1
    0.299652263545808708E+02   -0.432009133710961066E+03   -0.718515351937696511E+01    1
    0.299662917770186006E+02   -0.430854733406610308E+03   -0.719515351937696845E+01    1
    0.315349376933827941E+02   -0.414645842831895379E+03   -0.720515351937697446E+01    1
    0.314754989871569961E+02   -0.353930239976945245E+03   -0.721515351937697869E+01    1
    0.300516005678689773E+02   -0.343459136304519632E+03   -0.722515351937697670E+01    1
    0.314585657627821647E+02   -0.337517397736810096E+03   -0.723515351937696849E+01    1
    0.314583788315262680E+02   -0.337338399122547457E+03   -0.724515351937696384E+01    1
    0.314343620617935997E+02   -0.314738228373597963E+03   -0.725515351937697073E+01    1
    0.300853194032035063E+02   -0.311659411094412008E+03   -0.726515351937697051E+01    1
    0.300942990791439868E+02   -0.303452950079874654E+03   -0.727515351937696853E+01    1
    0.301039144012444915E+02   -0.294787816589577176E+03   -0.728515351937696742E+01    1
    0.301043462809936138E+02   -0.294401581923718709E+03   -0.729515351937696988E+01    1
    0.301060507973743974E+02   -0.292879704382765112E+03   -0.730515351937697766E+01    1
    0.314093928208847650E+02   -0.292078006192152429E+03   -0.731515351937697655E+01    1
    0.313914540296909621E+02   -0.276324337604056495E+03   -0.732515351937697723E+01    1
    0.313841051080110027E+02   -0.269997640870597991E+03   -0.733515351937697524E+01    1
    0.313787566025035503E+02   -0.265439535449342145E+03   -0.734515351937696614E+01    1
    0.301411437988281250E+02   -0.262429777041574596E+03   -0.735515351937696948E+01    1
    0.301470850737556368E+02   -0.257441257029895496E+03   -0.736515351937697105E+01    1
    0.313542028686835579E+02   -0.245016309178595947E+03   -0.737515351937696906E+01    1
    0.313527372644007478E+02   -0.243823325041445230E+03   -0.738515351937697240E+01    1
    0.313480257987976074E+02   -0.240008146289192126E+03   -0.739515351937697218E+01    1
    0.301683876428539079E+02   -0.239951594676906666E+03   -0.740515351937697464E+01    1
    0.313447535037994385E+02   -0.237376218462645454E+03   -0.741515351937697265E+01    1
    0.301732674867944937E+02   -0.236032536009094827E+03   -0.742515351937696799E+01    1
    0.301737527613582053E+02   -0.235644586438461204E+03   -0.743515351937697044E+01    1
    0.301776584038169489E+02   -0.232533970841504640E+03   -0.744515351937697023E+01    1
    0.301788971595231139E+02   -0.231551731292242039E+03   -0.745515351937696646E+01    1
    0.313273076158907458E+02   -0.223591493426118348E+03   -0.746515351937696536E+01    1
    0.313095478112327612E+02   -0.209986198333528193E+03   -0.747515351937696515E+01    1
    0.313058308189081842E+02   -0.207193290926086092E+03   -0.748515351937696671E+01    1
    0.302131256696758363E+02   -0.205241095009888141E+03   -0.749515351937696561E+01    1
    0.313030611242920003E+02   -0.205124455765017217E+03   -0.750515351937696362E+01    1
    0.302153360843658447E+02   -0.203597069300167391E+03   -0.751515351937696874E+01    1
    0.313008496828817684E+02   -0.203480141284616508E+03   -0.752515351937696853E+01    1
    0.312923758785354664E+02   -0.197241358354457134E+03   -0.753515351937696742E+01    1
    0.312908661885380539E+02   -0.196140163405970526E+03   -0.754515351937696721E+01    1
    0.302273482257422579E+02   -0.194779679574294278E+03   -0.755515351937696877E+01    1
    0.312759999803384652E+02   -0.185462924967375756E+03   -0.756515351937697211E+01    1
    0.302452623318384894E+02   -0.181996535402840436E+03   -0.757515351937696835E+01    1
    0.302500606725585683E+02   -0.178647045325502233E+03   -0.758515351937696991E+01    1
    0.302518332175079721E+02   -0.177417680201034585E+03   -0.759515351937697325E+01    1
    0.302535054302697759E+02   -0.176261839654930242E+03   -0.760515351937697126E+01    1
    0.312609026096836295E+02   -0.174928937989388771E+03   -0.761515351937696572E+01    1
    0.302618458177705030E+02   -0.170554021932628501E+03   -0.762515351937696639E+01    1
    0.302676933424174770E+02   -0.166608937870643786E+03   -0.763515351937696973E+01    1
    0.312427717276866623E+02   -0.162690247838129721E+03   -0.764515351937696952E+01    1
    0.312372362613677979E+02   -0.159043267877215612E+03   -0.765515351937697019E+01    1
    0.302817783928526545E+02   -0.157298278625659179E+03   -0.766515351937697087E+01    1
    0.312344056586756089E+02   -0.157194547260713506E+03   -0.767515351937697066E+01    1
    0.312328458085074381E+02   -0.156180461510432281E+03   -0.768515351937697044E+01    1
    0.312293042867067427E+02   -0.153890408329089269E+03   -0.769515351937697201E+01    1
    0.312290842136904701E+02   -0.153748668548695548E+03   -0.770515351937697446E+01    1
    0.302921053197091972E+02   -0.150644213056803295E+03   -0.771515351937697069E+01    1
    0.312229478554240778E+02   -0.149823165284883743E+03   -0.772515351937696959E+01    1
    0.312219675131082077E+02   -0.149200798246859307E+03   -0.773515351937697382E+01    1
    0.302994524977914246E+02   -0.145998901913092368E+03   -0.774515351937697538E+01    1
    0.312117951157435520E+02   -0.142820449454135940E+03   -0.775515351937697517E+01    1
    0.303048947393527826E+02   -0.142605588164774645E+03   -0.776515351937697407E+01    1
    0.303069763814126958E+02   -0.141318363046217200E+03   -0.777515351937697297E+01    1
    0.303074309887491573E+02   -0.141038035763834273E+03   -0.778515351937696565E+01    1
    0.303099484649893363E+02   -0.139490784503369127E+03   -0.779515351937696011E+01    1
    0.303110555729650812E+02   -0.138813094861539582E+03   -0.780515351937696522E+01    1
    0.311951172351837158E+02   -0.132665876229928358E+03   -0.781515351937697123E+01    1
    0.311801024791820716E+02   -0.123849255207116116E+03   -0.782515351937697279E+01    1
    0.311779904406960249E+02   -0.122633802755421840E+03   -0.783515351937697524E+01    1
    0.311761613097719703E+02   -0.121586088758443552E+03   -0.784515351937695993E+01    1
    0.311742750884189874E+02   -0.120510464961915062E+03   -0.785515351937696593E+01    1
    0.311716564904734597E+02   -0.119025265964806849E+03   -0.786515351937697016E+01    1
    0.311699666635856936E+02   -0.118071818700759962E+03   -0.787515351937697172E+01    1
    0.303471293855380608E+02   -0.117648365859500160E+03   -0.788515351937697417E+01    1
    0.303505737320369882E+02   -0.115720605114952804E+03   -0.789515351937696952E+01    1
    0.311627657508718450E+02   -0.114052633959952644E+03   -0.790515351937697019E+01    1
    0.303557971170576693E+02   -0.112828090733559804E+03   -0.791515351937696643E+01    1
    0.303566396236419678E+02   -0.112365036226361809E+03   -0.792515351937696444E+01    1
    0.311533223610787502E+02   -0.108889272075497018E+03   -0.793515351937696778E+01    1
    0.311521780903689631E+02   -0.108271902114590716E+03   -0.794515351937696490E+01    1
    0.303737469628019880E+02   -0.103172521510578534E+03   -0.795515351937696735E+01    1
    0.303748415672816385E+02   -0.102597964689389073E+03   -0.796515351937696447E+01    1
    0.303759058093849674E+02   -0.102040915830143959E+03   -0.797515351937695893E+01    1
    0.311305322631762564E+02   -0.969305658000751578E+02   -0.798515351937696582E+01    1
    0.303867816925048828E+02   -0.964370101487983789E+02   -0.799515351937696650E+01    1
    0.311267896063350591E+02   -0.950345634450311394E+02   -0.800515351937696096E+01    1
    0.303914671884057057E+02   -0.940726113784175197E+02   -0.801515351937696785E+01    1
    0.311237880537371936E+02   -0.935278388477082814E+02   -0.802515351937697652E+01    1
    0.311157904953639743E+02   -0.895733512413103341E+02   -0.803515351937696920E+01    1
    0.304009554892087408E+02   -0.893765622216536428E+02   -0.804515351937696543E+01    1
    0.304024316796504479E+02   -0.886570164282767621E+02   -0.805515351937697233E+01    1
    0.311132895946502686E+02   -0.883547016630040503E+02   -0.806515351937697034E+01    1
    0.311058512341913200E+02   -0.847806513567899174E+02   -0.807515351937696657E+01    1
    0.304111525388063342E+02   -0.844669685955966543E+02   -0.808515351937696636E+01    1
    0.310994969471262372E+02   -0.817874058142466538E+02   -0.809515351937696259E+01    1
    0.304216199997902237E+02   -0.795750629588974476E+02   -0.810515351937696593E+01    1
    0.304221452097407692E+02   -0.793335564145890544E+02   -0.811515351937696572E+01    1
    0.310911300592568267E+02   -0.779303153170355074E+02   -0.812515351937696728E+01    1
    0.310868339958599407E+02   -0.759870458970139708E+02   -0.813515351937696707E+01    1
    0.310857009862917089E+02   -0.754787489366219546E+02   -0.814515351937696508E+01    1
    0.304322993755340576E+02   -0.747385192281408308E+02   -0.815515351937696664E+01    1
    0.310815920849129803E+02   -0.736501165372533961E+02   -0.816515351937696643E+01    1
    0.310765913648802545E+02   -0.714557324995847267E+02   -0.817515351937696622E+01    1
    0.304411909340343598E+02   -0.708306249902834821E+02   -0.818515351937696600E+01    1
    0.310751352707608035E+02   -0.708232063539048227E+02   -0.819515351937696224E+01    1
    0.304416228199366508E+02   -0.706435614518702550E+02   -0.820515351937696558E+01    1
    0.310738051916855618E+02   -0.702479546491553748E+02   -0.821515351937696714E+01    1
    0.304460156144661340E+02   -0.687553920545774844E+02   -0.822515351937696693E+01    1
    0.304500739960397446E+02   -0.670344134261028870E+02   -0.823515351937696671E+01    1
    0.310658103790648177E+02   -0.668412121494948224E+02   -0.824515351937696295E+01    1
    0.304511295103546651E+02   -0.665905072435642040E+02   -0.825515351937696096E+01    1
    0.310617022801976006E+02   -0.651246652528182608E+02   -0.826515351937696252E+01    1
    0.310601292671337248E+02   -0.644734999364998345E+02   -0.827515351937696408E+01    1
    0.304604992871581715E+02   -0.627167457869061593E+02   -0.828515351937696565E+01    1
    0.310553718495338842E+02   -0.625247069084618587E+02   -0.829515351937696543E+01    1
    0.304626296566805337E+02   -0.618527336619131916E+02   -0.830515351937696344E+01    1
    0.310526612435436178E+02   -0.614281941634932096E+02   -0.831515351937696146E+01    1
    0.304642839416196054E+02   -0.611860872031352727E+02   -0.832515351937696302E+01    1
    0.304661694048752025E+02   -0.604308430556643259E+02   -0.833515351937696813E+01    1
    0.310492316253658700E+02   -0.600552190971302764E+02   -0.834515351937696437E+01    1
    0.304690003630501529E+02   -0.593059984631920685E+02   -0.835515351937696593E+01    1
    0.304762210953963653E+02   -0.564865558386430493E+02   -0.836515351937696927E+01    1
    0.304816681064087085E+02   -0.544068640325266983E+02   -0.837515351937696906E+01    1
    0.304837737081627651E+02   -0.536138088228137235E+02   -0.838515351937696174E+01    1
    0.304843597076466217E+02   -0.533941759508815039E+02   -0.839515351937695975E+01    1
    0.304850764365501803E+02   -0.531261839878877566E+02   -0.840515351937696487E+01    1
    0.304855542084860289E+02   -0.529479305533637614E+02   -0.841515351937696821E+01    1
    0.304870807787711868E+02   -0.523804695481373486E+02   -0.842515351937696266E+01    1
    0.310260878843442214E+02   -0.512105803919471541E+02   -0.843515351937695534E+01    1
    0.310245700743690804E+02   -0.506561236065894462E+02   -0.844515351937695691E+01    1
    0.310182609178879787E+02   -0.483851466224019546E+02   -0.845515351937696202E+01    1
    0.310172388943469421E+02   -0.480223924504384598E+02   -0.846515351937696536E+01    1
    0.310157717856896191E+02   -0.475041576978047999E+02   -0.847515351937696160E+01    1
    0.305013494807306955E+02   -0.472305540531790768E+02   -0.848515351937696316E+01    1
    0.305055550467198415E+02   -0.457657831854599380E+02   -0.849515351937696295E+01    1
    0.310104237878115327E+02   -0.456399736102209275E+02   -0.850515351937696629E+01    1
    0.310098686354193234E+02   -0.454487012929489822E+02   -0.851515351937696785E+01    1
    0.305065085009310550E+02   -0.454370643277910773E+02   -0.852515351937696408E+01    1
    0.305079056610122024E+02   -0.449576159827903865E+02   -0.853515351937696032E+01    1
    0.310041097674099539E+02   -0.434893994723410771E+02   -0.854515351937695655E+01    1
    0.305129916195890729E+02   -0.432348653846213509E+02   -0.855515351937696344E+01    1
    0.310027743840624623E+02   -0.430415476495839329E+02   -0.856515351937696323E+01    1
    0.305161220566793503E+02   -0.421920872556678859E+02   -0.857515351937696124E+01    1
    0.305195560963144175E+02   -0.410635882420765626E+02   -0.858515351937696103E+01    1
    0.309944410857584955E+02   -0.403018680198838908E+02   -0.859515351937696259E+01    1
    0.305227104649530503E+02   -0.400412035439340670E+02   -0.860515351937696771E+01    1
    0.305293432394546471E+02   -0.379357899020424156E+02   -0.861515351937696039E+01    1
    0.305294616324293067E+02   -0.378987553788972207E+02   -0.862515351937695662E+01    1
    0.305322841015828104E+02   -0.370215332892851592E+02   -0.863515351937696352E+01    1
    0.305323772718966353E+02   -0.369927617219674758E+02   -0.864515351937696508E+01    1
    0.305328015182566119E+02   -0.368619019066483062E+02   -0.865515351937695954E+01    1
    0.309778378080521861E+02   -0.351263891745873806E+02   -0.866515351937696288E+01    1
    0.305436405098875028E+02   -0.336020539225192394E+02   -0.867515351937696266E+01    1
    0.305438955150240439E+02   -0.335272947779135180E+02   -0.868515351937696423E+01    1
    0.309706396346165036E+02   -0.329997486063106464E+02   -0.869515351937696934E+01    1
    0.309695757514362171E+02   -0.326914426135969904E+02   -0.870515351937696735E+01    1
    0.309676313441939186E+02   -0.321319659145480543E+02   -0.871515351937696181E+01    1
    0.309654951174483770E+02   -0.315232555186542420E+02   -0.872515351937695982E+01    1
    0.305530708839909302E+02   -0.308965343884387025E+02   -0.873515351937696316E+01    1
    0.305553092553692025E+02   -0.302722156891027510E+02   -0.874515351937695762E+01    1
    0.305581618628552185E+02   -0.294865052024028564E+02   -0.875515351937695741E+01    1
    0.309574907509531769E+02   -0.292979327544753438E+02   -0.876515351937696252E+01    1
    0.309570918542210478E+02   -0.291893257576264631E+02   -0.877515351937696231E+01    1
    0.305626385157139069E+02   -0.282759062682262368E+02   -0.878515351937696209E+01    1
    0.305641854067956089E+02   -0.278639585938418932E+02   -0.879515351937696188E+01    1
    0.305658020714933585E+02   -0.274369263502669725E+02   -0.880515351937695812E+01    1
    0.305676723136997381E+02   -0.269473716622971438E+02   -0.881515351937695790E+01    1
    0.305679033260981363E+02   -0.268872337154081009E+02   -0.882515351937695769E+01    1
    0.309482657242289108E+02   -0.268419151329230310E+02   -0.883515351937695925E+01    1
    0.309475470192758166E+02   -0.266554572915474139E+02   -0.884515351937695904E+01    1
    0.309467328026227051E+02   -0.264450736120516190E+02   -0.885515351937696238E+01    1
    0.309460126833013653E+02   -0.262597589405902312E+02   -0.886515351937696394E+01    1
    0.305710542890904193E+02   -0.260742497541317846E+02   -0.887515351937696018E+01    1
    0.305731206266990085E+02   -0.255484819228641555E+02   -0.888515351937696174E+01    1
    0.309414552865128165E+02   -0.251034074370424243E+02   -0.889515351937696330E+01    1
    0.309328801895265926E+02   -0.230046329403609278E+02   -0.890515351937696309E+01    1
    0.305855464521576970E+02   -0.225099166368301695E+02   -0.891515351937696288E+01    1
    0.309289755571012535E+02   -0.220822801738399441E+02   -0.892515351937696089E+01    1
    0.309255621013883726E+02   -0.212930315522096478E+02   -0.893515351937696423E+01    1
    0.305974918308372459E+02   -0.197878733385086996E+02   -0.894515351937696579E+01    1
    0.309182274701185094E+02   -0.196510376679714298E+02   -0.895515351937696202E+01    1
    0.309118515385887989E+02   -0.182834323050295318E+02   -0.896515351937696181E+01    1
    0.309118399787647355E+02   -0.182810032624886674E+02   -0.897515351937695982E+01    1
    0.309092874809237301E+02   -0.177491265531180566E+02   -0.898515351937695428E+01    1
    0.306081486804473109E+02   -0.175241296799512511E+02   -0.899515351937695407E+01    1
    0.309080377926300898E+02   -0.174919713093976412E+02   -0.900515351937695741E+01    1
    0.306089916194168978E+02   -0.173516986844678058E+02   -0.901515351937696252E+01    1
    0.306100787888065859E+02   -0.171307426924552253E+02   -0.902515351937696408E+01    1
    0.309060575184914796E+02   -0.170888523572819579E+02   -0.903515351937696032E+01    1
    0.309032487869262695E+02   -0.165262828173380214E+02   -0.904515351937695833E+01    1
    0.306154263649653160E+02   -0.160674285096085825E+02   -0.905515351937695989E+01    1
    0.306161303974633974E+02   -0.159303512469656514E+02   -0.906515351937695790E+01    1
    0.306168776087168411E+02   -0.157856083230887130E+02   -0.907515351937695591E+01    1
    0.308977260569985681E+02   -0.154515759350930200E+02   -0.908515351937695925E+01    1
    0.308950279454509840E+02   -0.149416959670280747E+02   -0.909515351937696437E+01    1
    0.306261982558407162E+02   -0.140442537545985431E+02   -0.910515351937696060E+01    1
    0.306272060532350352E+02   -0.138630857558697222E+02   -0.911515351937695506E+01    1
    0.308845309329376363E+02   -0.130527023204094945E+02   -0.912515351937696195E+01    1
    0.306327212203560073E+02   -0.128962401950394465E+02   -0.913515351937696529E+01    1
    0.308833929843540105E+02   -0.128569742974672394E+02   -0.914515351937696153E+01    1
    0.306332677876531640E+02   -0.128026884377477899E+02   -0.915515351937696131E+01    1
    0.306351218392312745E+02   -0.124883875382909544E+02   -0.916515351937695577E+01    1
    0.308796670910735429E+02   -0.122285075814134387E+02   -0.917515351937695733E+01    1
    0.306382468196270494E+02   -0.119692750063584370E+02   -0.918515351937696067E+01    1
    0.306397944766045036E+02   -0.117171269227862460E+02   -0.919515351937696046E+01    1
    0.306411004909266964E+02   -0.115068958886886179E+02   -0.920515351937696202E+01    1
    0.308744954244453851E+02   -0.113876341059298003E+02   -0.921515351937696536E+01    1
    0.306419160739014487E+02   -0.113767933042007829E+02   -0.922515351937696337E+01    1
    0.308741589681014545E+02   -0.113341959015176155E+02   -0.923515351937695961E+01    1
    0.306430845531573404E+02   -0.111919813647733548E+02   -0.924515351937695584E+01    1
    0.306434834810034573E+02   -0.111293126340961503E+02   -0.925515351937695918E+01    1
    0.306436976266934771E+02   -0.110957616258728802E+02   -0.926515351937696607E+01    1
    0.306446161034902431E+02   -0.109525716464899912E+02   -0.927515351937695876E+01    1
    0.306448743778302983E+02   -0.109125146197989658E+02   -0.928515351937695499E+01    1
    0.308710220365767078E+02   -0.108434170846726552E+02   -0.929515351937696188E+01    1
    0.308681158600623959E+02   -0.104007473511821207E+02   -0.930515351937696522E+01    1
    0.308678114414215088E+02   -0.103550464121732269E+02   -0.931515351937695790E+01    1
    0.308676939189935595E+02   -0.103374372247578101E+02   -0.932515351937696657E+01    1
    0.306488093887676918E+02   -0.103134957426191711E+02   -0.933515351937696458E+01    1
    0.306507827944558677E+02   -0.100210596375790395E+02   -0.934515351937696082E+01    1
    0.308652203417218018E+02   -0.997118616487115084E+01   -0.935515351937695883E+01    1
    0.306512037787000367E+02   -0.995936374795057411E+01   -0.936515351937696394E+01    1
    0.306524195557439540E+02   -0.978255023001269919E+01   -0.937515351937696728E+01    1
    0.306543681776781014E+02   -0.950337295655350900E+01   -0.938515351937696352E+01    1
    0.308610508844566809E+02   -0.937277053760739776E+01   -0.939515351937695797E+01    1
    0.306553618652397546E+02   -0.936300715461925392E+01   -0.940515351937695776E+01    1
    0.308592612908685417E+02   -0.912321253618767258E+01   -0.941515351937695755E+01    1
    0.306577189703808202E+02   -0.903544824550073145E+01   -0.942515351937696089E+01    1
    0.306583394144090207E+02   -0.895049027590373747E+01   -0.943515351937695712E+01    1
    0.308572252107679645E+02   -0.884460755048768554E+01   -0.944515351937694980E+01    1
    0.308569114465422594E+02   -0.880217801192097582E+01   -0.945515351937695137E+01    1
    0.306594746815915400E+02   -0.879639981278774385E+01   -0.946515351937695826E+01    1
    0.308547404142402968E+02   -0.851228299811567446E+01   -0.947515351937695982E+01    1
    0.306619667410369701E+02   -0.846433130053498139E+01   -0.948515351937695605E+01    1
    0.308539681601974181E+02   -0.841071893963166595E+01   -0.949515351937695584E+01    1
    0.306659582600266098E+02   -0.795015203891076894E+01   -0.950515351937695741E+01    1
    0.308497624169180611E+02   -0.787190845400472572E+01   -0.951515351937695897E+01    1
    0.306666743755340576E+02   -0.786020834379187416E+01   -0.952515351937695876E+01    1
    0.306685179519712783E+02   -0.763188248569248806E+01   -0.953515351937695854E+01    1
    0.306690934776739645E+02   -0.756155582369324897E+01   -0.954515351937695833E+01    1
    0.306701021667316240E+02   -0.743939104859312828E+01   -0.955515351937695989E+01    1
    0.308459101208418076E+02   -0.739960193799109867E+01   -0.956515351937696323E+01    1
    0.306711720401804868E+02   -0.731133645169335900E+01   -0.957515351937696302E+01    1
    0.306736773995422141E+02   -0.701759050154489117E+01   -0.958515351937695215E+01    1
    0.308426034468010890E+02   -0.701037515683421564E+01   -0.959515351937695371E+01    1
    0.308425949260031231E+02   -0.700939149107639015E+01   -0.960515351937695527E+01    1
    0.306742313727386744E+02   -0.695379748201794889E+01   -0.961515351937695861E+01    1
    0.308420314156112667E+02   -0.694455859000523201E+01   -0.962515351937695662E+01    1
    0.306746392411461244E+02   -0.690709743290124756E+01   -0.963515351937695286E+01    1
    0.306758869692658038E+02   -0.676564756846502924E+01   -0.964515351937695797E+01    1
    0.306778545696595089E+02   -0.654691400336692997E+01   -0.965515351937696309E+01    1
    0.306782217544717639E+02   -0.650668103849220358E+01   -0.966515351937695755E+01    1
    0.306782677998015352E+02   -0.650164879448162125E+01   -0.967515351937695556E+01    1
    0.306787860625855231E+02   -0.644520836763873550E+01   -0.968515351937696067E+01    1
    0.306805532751176600E+02   -0.625551476561703623E+01   -0.969515351937696224E+01    1
    0.308357885142687209E+02   -0.625535216219034584E+01   -0.970515351937696025E+01    1
    0.306811393518349220E+02   -0.619354789393897853E+01   -0.971515351937696003E+01    1
    0.306811792240323769E+02   -0.618934920307680336E+01   -0.972515351937696160E+01    1
    0.306813062762953201E+02   -0.617598462627688072E+01   -0.973515351937696316E+01    1
    0.306821196568725085E+02   -0.609094841582577740E+01   -0.974515351937696295E+01    1
    0.306836832886623014E+02   -0.593001704300702492E+01   -0.975515351937696273E+01    1
    0.306837899383822332E+02   -0.591916227835912778E+01   -0.976515351937695542E+01    1
    0.308324483483802645E+02   -0.590848708879180951E+01   -0.977515351937695698E+01    1
    0.306857547000413788E+02   -0.572197210786276678E+01   -0.978515351937696209E+01    1
    0.308297988749341982E+02   -0.564419771266718051E+01   -0.979515351937696011E+01    1
    0.308289774772875624E+02   -0.556421108292403677E+01   -0.980515351937695812E+01    1
    0.308275414332369664E+02   -0.542658733520783176E+01   -0.981515351937695613E+01    1
    0.306893351667765124E+02   -0.537619841371799190E+01   -0.982515351937695769E+01    1
    0.308268510124295076E+02   -0.536142438244600861E+01   -0.983515351937696103E+01    1
    0.306912712233348124E+02   -0.519653100861053208E+01   -0.984515351937696082E+01    1
    0.308243958867403585E+02   -0.513498580054978149E+01   -0.985515351937696060E+01    1
    0.306935223119487794E+02   -0.499407253126187545E+01   -0.986515351937695506E+01    1
    0.308225523299156521E+02   -0.497037087424712265E+01   -0.987515351937695307E+01    1
    0.306940701432829393E+02   -0.494584997183773822E+01   -0.988515351937695641E+01    1
    0.306951018824257886E+02   -0.485614588444893958E+01   -0.989515351937695975E+01    1
    0.306955710542391671E+02   -0.481583539361777113E+01   -0.990515351937695954E+01    1
    0.306958908331808118E+02   -0.478853298473089861E+01   -0.991515351937695577E+01    1
    0.306962162174341238E+02   -0.476089552217944778E+01   -0.992515351937695911E+01    1
    0.308197424368385278E+02   -0.472840942448153267E+01   -0.993515351937696067E+01    1
    0.306976183349508247E+02   -0.464345855697823229E+01   -0.994515351937695513E+01    1
    0.308186536342966306E+02   -0.463755419654140510E+01   -0.995515351937695492E+01    1
    0.308180880782438820E+02   -0.459100099362312264E+01   -0.996515351937695826E+01    1
    0.306982968301535379E+02   -0.458759506912011439E+01   -0.997515351937695982E+01    1
    0.306986440150710038E+02   -0.455925327022247373E+01   -0.998515351937696138E+01    1
    0.308159411120848290E+02   -0.441825708365475212E+01   -0.999515351937695584E+01    1
    0.308156158971090903E+02   -0.439264010879673528E+01   -0.100051535193769503E+02    1
    0.307012210244446138E+02   -0.435403586933852527E+01   -0.100151535193769536E+02    1
    0.307021200746459044E+02   -0.428457756837253800E+01   -0.100251535193769570E+02    1
    0.308140564544679982E+02   -0.427181316080276652E+01   -0.100351535193769603E+02    1
    0.308139004759825674E+02   -0.425991074608458220E+01   -0.100451535193769637E+02    1
    0.307025338593118065E+02   -0.425298102817429591E+01   -0.100551535193769475E+02    1
    0.307033926356265638E+02   -0.418815214388353940E+01   -0.100651535193769543E+02    1
    0.308123580874899261E+02   -0.414400501112476238E+01   -0.100751535193769577E+02    1
    0.308116139883078048E+02   -0.408925145015015890E+01   -0.100851535193769539E+02    1
    0.308104585812378033E+02   -0.400573281421517624E+01   -0.100951535193769484E+02    1
    0.308097743171075322E+02   -0.395713139175952788E+01   -0.101051535193769499E+02    1
    0.308095756163950831E+02   -0.394313816874304113E+01   -0.101151535193769551E+02    1
    0.308092263665057366E+02   -0.391867356514426080E+01   -0.101251535193769566E+02    1
    0.308088385214837430E+02   -0.389170086094332168E+01   -0.101351535193769582E+02    1
    0.307079834157085756E+02   -0.385869902760889882E+01   -0.101451535193769562E+02    1
    0.307079863373965267E+02   -0.385849853128144149E+01   -0.101551535193769507E+02    1
    0.307081368102724142E+02   -0.384818834287851530E+01   -0.101651535193769487E+02    1
    0.308068999056660182E+02   -0.375996319029938730E+01   -0.101751535193769485E+02    1
    0.308065725727210449E+02   -0.373822654266666499E+01   -0.101851535193769500E+02    1
    0.308059779071171569E+02   -0.369911243429245218E+01   -0.101951535193769534E+02    1
    0.307106617445567274E+02   -0.367980183827216889E+01   -0.102051535193769531E+02    1
    0.308051017250556178E+02   -0.364236267107388212E+01   -0.102151535193769565E+02    1
    0.308049974503055921E+02   -0.363567875821340536E+01   -0.102251535193769545E+02    1
    0.308049953697467913E+02   -0.363554554764571902E+01   -0.102351535193769507E+02    1
    0.307123096403266693E+02   -0.357460581226260743E+01   -0.102451535193769541E+02    1
    0.307124299359767576E+02   -0.356707197245031082E+01   -0.102551535193769521E+02    1
    0.308030236972274807E+02   -0.351196717780032897E+01   -0.102651535193769536E+02    1
    0.308024762939588967E+02   -0.347860038592580612E+01   -0.102751535193769570E+02    1
    0.308013499386263767E+02   -0.341123266207069564E+01   -0.102851535193769532E+02    1
    0.307152230236206769E+02   -0.339771065673395967E+01   -0.102951535193769512E+02    1
    0.308005422056592693E+02   -0.336398992241404304E+01   -0.103051535193769492E+02    1
    0.307164560225983791E+02   -0.332634058389147569E+01   -0.103151535193769526E+02    1
    0.307165556951693475E+02   -0.332066201853047405E+01   -0.103251535193769541E+02    1
    0.307171003560943703E+02   -0.328987142203990679E+01   -0.103351535193769539E+02    1
    0.307983406533049653E+02   -0.323975483296091937E+01   -0.103451535193769555E+02    1
    0.307181600198338955E+02   -0.323112913932454937E+01   -0.103551535193769570E+02    1
    0.307969438072100701E+02   -0.316436632035963150E+01   -0.103651535193769533E+02    1
    0.307967794662063099E+02   -0.315567216054186295E+01   -0.103751535193769513E+02    1
    0.307206220473065521E+02   -0.310057490949784542E+01   -0.103851535193769564E+02    1
    0.307952662648110476E+02   -0.307735450751388750E+01   -0.103951535193769562E+02    1
    0.307951297341673573E+02   -0.307044218279188019E+01   -0.104051535193769507E+02    1
    0.307950625555799142E+02   -0.306705039612739627E+01   -0.104151535193769558E+02    1
    0.307950083069762819E+02   -0.306431593633426802E+01   -0.104251535193769538E+02    1
    0.307948349513992952E+02   -0.305560473578080183E+01   -0.104351535193769482E+02    1
    0.307947960491309374E+02   -0.305365552357609937E+01   -0.104451535193769534E+02    1
    0.307219696320613522E+02   -0.303262623141927312E+01   -0.104551535193769531E+02    1
    0.307941722438650380E+02   -0.302268216930472722E+01   -0.104651535193769529E+02    1
    0.307223309371556681E+02   -0.301483042760365194E+01   -0.104751535193769580E+02    1
    0.307231785740726977E+02   -0.297378132233891002E+01   -0.104851535193769543E+02    1
    0.307926011846628924E+02   -0.294703300622802233E+01   -0.104951535193769523E+02    1
    0.307920616099674191E+02   -0.292183017615501628E+01   -0.105051535193769539E+02    1
    0.307915793511330165E+02   -0.289964140491838984E+01   -0.105151535193769536E+02    1
    0.307252509816002188E+02   -0.287755670289790633E+01   -0.105251535193769499E+02    1
    0.307255874578155499E+02   -0.286248781271441555E+01   -0.105351535193769514E+02    1
    0.307904476741270976E+02   -0.284882155783427438E+01   -0.105451535193769512E+02    1
    0.307904004340176058E+02   -0.284673823743130150E+01   -0.105551535193769528E+02    1
    0.307261598706345680E+02   -0.283720833141931461E+01   -0.105651535193769543E+02    1
    0.307264600551897082E+02   -0.282413035704391246E+01   -0.105751535193769524E+02    1
    0.307265835630457005E+02   -0.281878533519096752E+01   -0.105851535193769575E+02    1
    0.307269249128049751E+02   -0.280412130379550240E+01   -0.105951535193769573E+02    1
    0.307269264091844789E+02   -0.280405737163222746E+01   -0.106051535193769570E+02    1
    0.307892393903060579E+02   -0.279649454890070670E+01   -0.106151535193769551E+02    1
    0.307283449348349933E+02   -0.274482864386975844E+01   -0.106251535193769495E+02    1
    0.307879836556879383E+02   -0.274422800615271401E+01   -0.106351535193769458E+02    1
    0.307294432235069941E+02   -0.270086082439527164E+01   -0.106451535193769526E+02    1
    0.307295763396659964E+02   -0.269564385051426125E+01   -0.106551535193769560E+02    1
    0.307864940226529882E+02   -0.268502205050318121E+01   -0.106651535193769540E+02    1
    0.307864357156894002E+02   -0.268276632708365925E+01   -0.106751535193769556E+02    1
    0.307301139660242981E+02   -0.267482020247840202E+01   -0.106851535193769500E+02    1
    0.307855498163644086E+02   -0.264906539018396847E+01   -0.106951535193769480E+02    1
    0.307855358941195867E+02   -0.264854433197618455E+01   -0.107051535193769549E+02    1
    0.307308718624167874E+02   -0.264613621776488639E+01   -0.107151535193769494E+02    1
    0.307309106781028234E+02   -0.264468830941452060E+01   -0.107251535193769456E+02    1
    0.307309261921586589E+02   -0.264411017811058358E+01   -0.107351535193769543E+02    1
    0.307314177559058521E+02   -0.262596246959576263E+01   -0.107451535193769505E+02    1
    0.307314609759338708E+02   -0.262438266086248229E+01   -0.107551535193769414E+02    1
    0.307314875301438519E+02   -0.262341329950519020E+01   -0.107651535193769483E+02    1
    0.307847665290389685E+02   -0.262016184742254321E+01   -0.107751535193769499E+02    1
    0.307838629078731074E+02   -0.258786010120493604E+01   -0.107851535193769426E+02    1
    0.307838181172232055E+02   -0.258628801256040886E+01   -0.107951535193769441E+02    1
    0.307836402482350913E+02   -0.258007213857326390E+01   -0.108051535193769528E+02    1
    0.307329416488320248E+02   -0.257180271598737242E+01   -0.108151535193769561E+02    1
    0.307329575378384021E+02   -0.257125474111345032E+01   -0.108251535193769524E+02    1
    0.307832714412639525E+02   -0.256732151901739059E+01   -0.108351535193769521E+02    1
    0.307334220089177137E+02   -0.255538875216617578E+01   -0.108451535193769519E+02    1
    0.307344740981940134E+02   -0.252054101092406224E+01   -0.108551535193769482E+02    1
    0.307346722442543054E+02   -0.251414730184498225E+01   -0.108651535193769480E+02    1
    0.307346743758690195E+02   -0.251407881150623291E+01   -0.108751535193769477E+02    1
    0.307814906941289976E+02   -0.250837344377170401E+01   -0.108851535193769493E+02    1
    0.307808857249704886E+02   -0.248933389449286668E+01   -0.108951535193769473E+02    1
    0.307356846016753096E+02   -0.248231872464324610E+01   -0.109051535193769453E+02    1
    0.307360826554299393E+02   -0.247018772262213693E+01   -0.109151535193769469E+02    1
    0.307797246408953740E+02   -0.245419424518666762E+01   -0.109251535193769485E+02    1
    0.307368696945130111E+02   -0.244683976470379116E+01   -0.109351535193769500E+02    1
    0.307371079128619122E+02   -0.243993986195196122E+01   -0.109451535193769498E+02    1
    0.307375176490227524E+02   -0.242825352243842563E+01   -0.109551535193769460E+02    1
    0.307780005649645076E+02   -0.240541670670731778E+01   -0.109651535193769440E+02    1
    0.307777529570059372E+02   -0.239874516090136947E+01   -0.109751535193769456E+02    1
    0.307775760140936470E+02   -0.239402897218762956E+01   -0.109851535193769454E+02    1
    0.307775643133086234E+02   -0.239371861168990829E+01   -0.109951535193769434E+02    1
    0.307392352776060562E+02   -0.238176215499292621E+01   -0.110051535193769485E+02    1
    0.307393153478577226E+02   -0.237969328930831114E+01   -0.110151535193769536E+02    1
    0.307397400795931688E+02   -0.236886559973312849E+01   -0.110251535193769499E+02    1
    0.307398967968494361E+02   -0.236493270453377580E+01   -0.110351535193769461E+02    1
    0.307402294837333798E+02   -0.235669508231276392E+01   -0.110451535193769441E+02    1
    0.307759008554343190E+02   -0.235150090725814742E+01   -0.110551535193769439E+02    1
    0.307406663942280360E+02   -0.234610667536691908E+01   -0.110651535193769455E+02    1
    0.307755677301549824E+02   -0.234350108353646602E+01   -0.110751535193769488E+02    1
    0.307408192007878789E+02   -0.234246505822680628E+01   -0.110851535193769504E+02    1
    0.307754601411606430E+02   -0.234094980932802432E+01   -0.110951535193769502E+02    1
    0.307411332689589969E+02   -0.233508057538418301E+01   -0.111051535193769553E+02    1
    0.307411705972132836E+02   -0.233421186800554192E+01   -0.111151535193769551E+02    1
    0.307747814875652423E+02   -0.232522159588148325E+01   -0.111251535193769460E+02    1
    0.307418116717117371E+02   -0.231959004663338009E+01   -0.111351535193769493E+02    1
    0.307745261536796839E+02   -0.231946711964680352E+01   -0.111451535193769491E+02    1
    0.307419099897030925E+02   -0.231739728065897399E+01   -0.111551535193769507E+02    1
    0.307420340120960276E+02   -0.231465008731263122E+01   -0.111651535193769469E+02    1
    0.307420402167659539E+02   -0.231451320142862293E+01   -0.111751535193769467E+02    1
    0.307423335533428741E+02   -0.230810175541133100E+01   -0.111851535193769482E+02    1
    0.307739847165595144E+02   -0.230755965712279476E+01   -0.111951535193769498E+02    1
    0.307424077773827129E+02   -0.230649809555304053E+01   -0.112051535193769514E+02    1
    0.307424304222125038E+02   -0.230601033861777127E+01   -0.112151535193769529E+02    1
    0.307424460080330348E+02   -0.230567503615871239E+01   -0.112251535193769527E+02    1
    0.307425308662711423E+02   -0.230385528263724471E+01   -0.112351535193769525E+02    1
    0.307425951723207334E+02   -0.230248282117231584E+01   -0.112451535193769505E+02    1
    0.307428218439251175E+02   -0.229769014170024866E+01   -0.112551535193769485E+02    1
    0.307734418681158921E+02   -0.229602357255301426E+01   -0.112651535193769465E+02    1
    0.307733594662916161E+02   -0.229430767394644741E+01   -0.112751535193769428E+02    1
    0.307429852503781795E+02   -0.229427870113327526E+01   -0.112851535193769514E+02    1
    0.307732547924377187E+02   -0.229214138037707826E+01   -0.112951535193769441E+02    1
    0.307431168170902964E+02   -0.229155851234550756E+01   -0.113051535193769475E+02    1
    0.307731768098755474E+02   -0.229053721882749350E+01   -0.113151535193769508E+02    1
    0.307730835843156569E+02   -0.228863040924570393E+01   -0.113251535193769524E+02    1
    0.307439789724314920E+02   -0.227431888095611168E+01   -0.113351535193769486E+02    1
    0.307444132195494575E+02   -0.226602057323390893E+01   -0.113451535193769519E+02    1
    0.307444708298297158E+02   -0.226493903410336372E+01   -0.113551535193769464E+02    1
    0.307718577587078848E+02   -0.226466317574888043E+01   -0.113651535193769444E+02    1
    0.307718198885871210E+02   -0.226395546093700961E+01   -0.113751535193769477E+02    1
    0.307718137626064561E+02   -0.226384116319975348E+01   -0.113851535193769493E+02    1
    0.307717102252188397E+02   -0.226191713899741975E+01   -0.113951535193769544E+02    1
    0.307446599139911854E+02   -0.226142117807314413E+01   -0.114051535193769453E+02    1
    0.307450060064613560E+02   -0.225510885968269825E+01   -0.114151535193769433E+02    1
    0.307712429843434343E+02   -0.225341678318082472E+01   -0.114251535193769502E+02    1
    0.307710172134087969E+02   -0.224941637861219457E+01   -0.114351535193769465E+02    1
    0.307709990094864594E+02   -0.224909686221137273E+01   -0.114451535193769427E+02    1
    0.307457742468150528E+02   -0.224168234401470690E+01   -0.114551535193769425E+02    1
    0.307458364738918490E+02   -0.224063013403733002E+01   -0.114651535193769476E+02    1
    0.307458713246361590E+02   -0.224004314894453893E+01   -0.114751535193769509E+02    1
    0.307459622112876403E+02   -0.223852017370373346E+01   -0.114851535193769489E+02    1
    0.307698510277513542E+02   -0.222986269796705949E+01   -0.114951535193769505E+02    1
    0.307465471696166901E+02   -0.222898839370810764E+01   -0.115051535193769467E+02    1
    0.307465908172775571E+02   -0.222829592199523985E+01   -0.115151535193769430E+02    1
    0.307466495713305505E+02   -0.222736790020160891E+01   -0.115251535193769428E+02    1
    0.307696272626762024E+02   -0.222632342179031184E+01   -0.115351535193769426E+02    1
    0.307696186959578526E+02   -0.222618928336316557E+01   -0.115451535193769423E+02    1
    0.307469299452084073E+02   -0.222300439364966884E+01   -0.115551535193769439E+02    1
    0.307469898228472154E+02   -0.222208643666584393E+01   -0.115651535193769455E+02    1
    0.307692372403598249E+02   -0.222031813355126761E+01   -0.115751535193769453E+02    1
    0.307471138410166347E+02   -0.222020076253999132E+01   -0.115851535193769433E+02    1
    0.307471710576139721E+02   -0.221933788391095055E+01   -0.115951535193769448E+02    1
    0.307472485380727676E+02   -0.221817654287064769E+01   -0.116051535193769446E+02    1
    0.307473561565976929E+02   -0.221657708660139807E+01   -0.116151535193769408E+02    1
