    0.140346020629877425E-96    0.447182986852236695E+03    0.313273076158907458E+02
    0.112606054454981918E-90    0.419972396667056387E+03    0.313095478112327612E+02
    0.182038426296867435E-89    0.414386581852172185E+03    0.313058308189081842E+02
    0.126954483108145789E-88    0.410482190019776283E+03    0.302131256696758363E+02
    0.141241030392663376E-88    0.410248911530034434E+03    0.313030611242920003E+02
    0.644100217488347532E-88    0.407194138600334782E+03    0.302153360843658447E+02
    0.716789595799024837E-88    0.406960282569233016E+03    0.313008496828817684E+02
    0.363511159973812527E-85    0.394482716708914268E+03    0.312923758785354664E+02
    0.108247454699318322E-84    0.392280326811941052E+03    0.312908661885380539E+02
    0.417758571330627975E-84    0.389559359148588555E+03    0.302273482257422579E+02
    0.460042059985565516E-80    0.370925849934751511E+03    0.312759999803384652E+02
    0.145843962268676108E-78    0.363993070805680873E+03    0.302452623318384894E+02
    0.411349115323218530E-77    0.357294090651004467E+03    0.302500606725585683E+02
    0.139243237573187393E-76    0.354835360402069171E+03    0.302518332175079721E+02
    0.437931655497245154E-76    0.352523679309860483E+03    0.302535054302697759E+02
    0.164412651140586713E-75    0.349857875978777543E+03    0.312609026096836295E+02
    0.129298709342322239E-73    0.341108043865257002E+03    0.302618458177705030E+02
    0.661575606678538224E-72    0.333217875741287571E+03    0.302676933424174770E+02
    0.329687131823518693E-70    0.325380495676259443E+03    0.312427717276866623E+02
    0.125205187847111802E-68    0.318086535754431225E+03    0.312372362613677979E+02
    0.709771541586763891E-68    0.314596557251318359E+03    0.302817783928526545E+02
    0.779517010660913156E-68    0.314389094521427012E+03    0.312344056586756089E+02
    0.212762212332795343E-67    0.312360923020864561E+03    0.312328458085074381E+02
    0.208021877908887629E-66    0.307780816658178537E+03    0.312293042867067427E+02
    0.237313733749602204E-66    0.307497337097391096E+03    0.312290842136904701E+02
    0.523875172601649633E-65    0.301288426113606590E+03    0.302921053197091972E+02
    0.117885771165581598E-64    0.299646330569767485E+03    0.312229478554240778E+02
    0.217474837170562103E-64    0.298401596493718614E+03    0.312219675131082077E+02
    0.529214797272999110E-63    0.291997803826184736E+03    0.302994524977914246E+02
    0.125797901942843246E-61    0.285640898908271879E+03    0.312117951157435520E+02
    0.154398659532504872E-61    0.285211176329549289E+03    0.303048947393527826E+02
    0.553777551390742578E-61    0.282636726092434401E+03    0.303069763814126958E+02
    0.725666364892909559E-61    0.282076071527668546E+03    0.303074309887491573E+02
    0.337564473337772596E-60    0.278981569006738255E+03    0.303099484649893363E+02
    0.658158751569758631E-60    0.277626189723079165E+03    0.303110555729650812E+02
    0.304572611044394567E-57    0.265331752459856716E+03    0.311951172351837158E+02
    0.203403190529030376E-53    0.247698510414232231E+03    0.311801024791820716E+02
    0.679014594318333073E-53    0.245267605510843680E+03    0.311779904406960249E+02
    0.191669306514477631E-52    0.243172177516887103E+03    0.311761613097719703E+02
    0.556348736574080469E-52    0.241020929923830124E+03    0.311742750884189874E+02
    0.243230420313600720E-51    0.238050531929613697E+03    0.311716564904734597E+02
    0.624815552288705346E-51    0.236143637401519925E+03    0.311699666635856936E+02
    0.944739597295165251E-51    0.235296731719000320E+03    0.303471293855380608E+02
    0.642961587310471292E-50    0.231441210229905607E+03    0.303505737320369882E+02
    0.337468119348818777E-49    0.228105267919905287E+03    0.311627657508718450E+02
    0.113684739903665472E-48    0.225656181467119609E+03    0.303557971170576693E+02
    0.178838593230987988E-48    0.224730072452723618E+03    0.303566396236419678E+02
    0.572299664468984810E-47    0.217778544150994037E+03    0.311533223610787502E+02
    0.105051174859606863E-46    0.216543804229181433E+03    0.311521780903689631E+02
    0.170486826373345866E-44    0.206345043021157068E+03    0.303737469628019880E+02
    0.299829761000265737E-44    0.205195929378778146E+03    0.303748415672816385E+02
    0.518149447585240711E-44    0.204081831660287918E+03    0.303759058093849674E+02
    0.850176141730434968E-42    0.193861131600150316E+03    0.311305322631762564E+02
    0.137884187508885649E-41    0.192874020297596758E+03    0.303867816925048828E+02
    0.554940452740814532E-41    0.190069126890062279E+03    0.311267896063350591E+02
    0.143771867414257600E-40    0.188145222756835039E+03    0.303914671884057057E+02
    0.245427188803545283E-40    0.187055677695416563E+03    0.311237880537371936E+02
    0.126762814806419904E-38    0.179146702482620668E+03    0.311157904953639743E+02
    0.152796467808186046E-38    0.178753124443307286E+03    0.304009554892087408E+02
    0.310645550558933554E-38    0.177314032856553524E+03    0.304024316796504479E+02
    0.416117352850037802E-38    0.176709403326008101E+03    0.311132895946502686E+02
    0.146914008423510341E-36    0.169561302713579835E+03    0.311058512341913200E+02
    0.199044854753228741E-36    0.168933937191193309E+03    0.304111525388063342E+02
    0.287294519076840510E-35    0.163574811628493308E+03    0.310994969471262372E+02
    0.259891867637717155E-34    0.159150125917794895E+03    0.304216199997902237E+02
    0.327593069084723283E-34    0.158667112829178109E+03    0.304221452097407692E+02
    0.131950677792635410E-33    0.155860630634071015E+03    0.310911300592568267E+02
    0.912052559729535490E-33    0.151974091794027942E+03    0.310868339958599407E+02
    0.150116173914386211E-32    0.150957497873243909E+03    0.310857009862917089E+02
    0.311574724525059984E-32    0.149477038456281662E+03    0.304322993755340576E+02
    0.916023378256588426E-32    0.147300233074506792E+03    0.310815920849129803E+02
    0.813902704434882942E-31    0.142911464999169453E+03    0.310765913648802545E+02
    0.150560236621393553E-30    0.141661249980566964E+03    0.304411909340343598E+02
    0.150172087096825399E-30    0.141646412707809645E+03    0.310751352707608035E+02
    0.177936507257326236E-30    0.141287122903740510E+03    0.304416228199366508E+02
    0.261656765245583514E-30    0.140495909298310750E+03    0.310738051916855618E+02
    0.115239329298245526E-29    0.137510784109154969E+03    0.304460156144661340E+02
    0.637777654465760217E-29    0.134068826852205774E+03    0.304500739960397446E+02
    0.766006760361662269E-29    0.133682424298989645E+03    0.310658103790648177E+02
    0.974472112374456433E-29    0.133181014487128408E+03    0.304511295103546651E+02
    0.417862653723411178E-28    0.130249330505636522E+03    0.310617022801976006E+02
    0.793392547755576354E-28    0.128946999872999669E+03    0.310601292671337248E+02
    0.455086345756271739E-27    0.125433491573812319E+03    0.304604992871581715E+02
    0.545949265055633442E-27    0.125049413816923717E+03    0.310553718495338842E+02
    0.105838484808778113E-26    0.123705467323826383E+03    0.304626296566805337E+02
    0.160204913028746061E-26    0.122856388326986419E+03    0.310526612435436178E+02
    0.202059187643020911E-26    0.122372174406270545E+03    0.304642839416196054E+02
    0.425729773329853061E-26    0.120861686111328652E+03    0.304661694048752025E+02
    0.613652476437408896E-26    0.120110438194260553E+03    0.310492316253658700E+02
    0.128517400750150280E-25    0.118611996926384137E+03    0.304690003630501529E+02
    0.213347403863460801E-24    0.112973111677286099E+03    0.304762210953963653E+02
    0.169021944269636398E-23    0.108813728065053397E+03    0.304816681064087085E+02
    0.369844913089239156E-23    0.107227617645627447E+03    0.304837737081627651E+02
    0.456102076249670486E-23    0.106788351901763008E+03    0.304843597076466217E+02
    0.590345877912479159E-23    0.106252367975775513E+03    0.304850764365501803E+02
    0.698518758265987865E-23    0.105895861106727523E+03    0.304855542084860289E+02
    0.121977663955322585E-22    0.104760939096274697E+03    0.304870807787711868E+02
    0.389057482190308916E-22    0.102421160783894308E+03    0.310260878843442214E+02
    0.670607412286034946E-22    0.101312247213178892E+03    0.310245700743690804E+02
    0.643277227559022892E-21    0.967702932448039093E+02    0.310182609178879787E+02
    0.915371460216771850E-21    0.960447849008769197E+02    0.310172388943469421E+02
    0.152167153390144075E-20    0.950083153956095998E+02    0.310157717856896191E+02
    0.198062622235747039E-20    0.944611081063581537E+02    0.305013494807306955E+02
    0.848401611653570468E-20    0.915315663709198759E+02    0.305055550467198415E+02
    0.952570097593046113E-20    0.912799472204418549E+02    0.310104237878115327E+02
    0.114188537707169103E-19    0.908974025858979644E+02    0.310098686354193234E+02
    0.114375613441282528E-19    0.908741286555821546E+02    0.305065085009310550E+02
    0.182899392152288520E-19    0.899152319655807730E+02    0.305079056610122024E+02
    0.786154031808976354E-19    0.869787989446821541E+02    0.310041097674099539E+02
    0.100393928987567563E-18    0.864697307692427017E+02    0.305129916195890729E+02
    0.120592786879155388E-18    0.860830952991678657E+02    0.310027743840624623E+02
    0.279186457800357795E-18    0.843841745113357717E+02    0.305161220566793503E+02
    0.854382409381117897E-18    0.821271764841531251E+02    0.305195560963144175E+02
    0.181184166586446260E-17    0.806037360397677816E+02    0.309944410857584955E+02
    0.232799713426631487E-17    0.800824070878681340E+02    0.305227104649530503E+02
    0.189238293631735871E-16    0.758715798040848313E+02    0.305293432394546471E+02
    0.194424041940717622E-16    0.757975107577944414E+02    0.305294616324293067E+02
    0.462785492005825206E-16    0.740430665785703184E+02    0.305322841015828104E+02
    0.471554749878187302E-16    0.739855234439349516E+02    0.305323772718966353E+02
    0.532133836016794208E-16    0.737238038132966125E+02    0.305328015182566119E+02
    0.298814406980708706E-15    0.702527783491747613E+02    0.309778378080521861E+02
    0.135852919642357184E-14    0.672041078450384788E+02    0.305436405098875028E+02
    0.144941754977270949E-14    0.670545895558270360E+02    0.305438955150240439E+02
    0.243198539204260893E-14    0.659994972126212929E+02    0.309706396346165036E+02
    0.327728045936952205E-14    0.653828852271939809E+02    0.309695757514362171E+02
    0.567738448840361369E-14    0.642639318290961086E+02    0.309676313441939186E+02
    0.103315368262774344E-13    0.630465110373084840E+02    0.309654951174483770E+02
    0.191427140409789147E-13    0.617930687768774050E+02    0.305530708839909302E+02
    0.353833324576386926E-13    0.605444313782055019E+02    0.305553092553692025E+02
    0.768573696110879453E-13    0.589730104048057129E+02    0.305581618628552185E+02
    0.918837149248908767E-13    0.585958655089506877E+02    0.309574907509531769E+02
    0.101405852475114852E-12    0.583786515152529262E+02    0.309570918542210478E+02
    0.250272492833523189E-12    0.565518125364524735E+02    0.305626385157139069E+02
    0.374090583512407998E-12    0.557279171876837864E+02    0.305641854067956089E+02
    0.567664294718215393E-12    0.548738527005339449E+02    0.305658020714933585E+02
    0.916979302884718671E-12    0.538947433245942875E+02    0.305676723136997381E+02
    0.964126826221133293E-12    0.537744674308162018E+02    0.305679033260981363E+02
    0.998786888345515354E-12    0.536838302658460620E+02    0.309482657242289108E+02
    0.119153690817644692E-11    0.533109145830948279E+02    0.309475470192758166E+02
    0.145590495982910501E-11    0.528901472241032380E+02    0.309467328026227051E+02
    0.173488710872181362E-11    0.525195178811804624E+02    0.309460126833013653E+02
    0.206773029677565026E-11    0.521484995082635692E+02    0.305710542890904193E+02
    0.346329123866274148E-11    0.510969638457283111E+02    0.305731206266990085E+02
    0.535105558905260296E-11    0.502068148740848486E+02    0.309414552865128165E+02
    0.432098442087088798E-10    0.460092658807218555E+02    0.309328801895265926E+02
    0.701604420065069418E-10    0.450198332736603390E+02    0.305855464521576970E+02
    0.106529411464914610E-09    0.441645603476798883E+02    0.309289755571012535E+02
    0.232216408616465704E-09    0.425860631044192957E+02    0.309255621013883726E+02
    0.103569496728642385E-08    0.395757466770173991E+02    0.305974918308372459E+02
    0.117575246444087773E-08    0.393020753359428596E+02    0.309182274701185094E+02
    0.457000226642440687E-08    0.365668646100590635E+02    0.309118515385887989E+02
    0.453553361865347233E-08    0.365620065249773347E+02    0.309118399787647355E+02
    0.764322361063968622E-08    0.354982531062361133E+02    0.309092874809237301E+02
    0.947651209330459108E-08    0.350482593599025023E+02    0.306081486804473109E+02
    0.968883989127939233E-08    0.349839426187952824E+02    0.309080377926300898E+02
    0.110369344030247501E-07    0.347033973689356117E+02    0.306089916194168978E+02
    0.136290468561769100E-07    0.342614853849104506E+02    0.306100787888065859E+02
    0.140706863156367526E-07    0.341777047145639159E+02    0.309060575184914796E+02
    0.244508061936529334E-07    0.330525656346760428E+02    0.309032487869262695E+02
    0.383025891704107804E-07    0.321348570192171650E+02    0.306154263649653160E+02
    0.434927718058635007E-07    0.318607024939313028E+02    0.306161303974633974E+02
    0.497662818177981914E-07    0.315712166461774260E+02    0.306168776087168411E+02
    0.688114441693945879E-07    0.309031518701860399E+02    0.308977260569985681E+02
    0.113437274756862333E-06    0.298833919340561494E+02    0.308950279454509840E+02
    0.275528825056005400E-06    0.280885075091970862E+02    0.306261982558407162E+02
    0.326967327499324930E-06    0.277261715117394445E+02    0.306272060532350352E+02
    0.727958241126384396E-06    0.261054046408189890E+02    0.308845309329376363E+02
    0.842779881678187807E-06    0.257924803900788930E+02    0.306327212203560073E+02
    0.867809055574395170E-06    0.257139485949344788E+02    0.308833929843540105E+02
    0.907104418043262104E-06    0.256053768754955797E+02    0.306332677876531640E+02
    0.122974052100602175E-05    0.249767750765819088E+02    0.306351218392312745E+02
    0.157882854601783134E-05    0.244570151628268775E+02    0.308796670910735429E+02
    0.202570081168324856E-05    0.239385500127168740E+02    0.306382468196270494E+02
    0.258070806247939729E-05    0.234342538455724920E+02    0.306397944766045036E+02
    0.315281226851900392E-05    0.230137917773772358E+02    0.306411004909266964E+02
    0.351681806138773158E-05    0.227752682118596006E+02    0.308744954244453851E+02
    0.351977625154581923E-05    0.227535866084015659E+02    0.306419160739014487E+02
    0.363640234222607717E-05    0.226683918030352309E+02    0.308741589681014545E+02
    0.415041928685136973E-05    0.223839627295467096E+02    0.306430845531573404E+02
    0.437487563356821453E-05    0.222586252681923007E+02    0.306434834810034573E+02
    0.447913120881012661E-05    0.221915232517457603E+02    0.306436976266934771E+02
    0.511725969728599721E-05    0.219051432929799823E+02    0.306446161034902431E+02
    0.527340417270187911E-05    0.218250292395979315E+02    0.306448743778302983E+02
    0.559444220883604097E-05    0.216868341693453104E+02    0.308710220365767078E+02
    0.862308902203843058E-05    0.208014947023642414E+02    0.308681158600623959E+02
    0.893650269048726939E-05    0.207100928243464537E+02    0.308678114414215088E+02
    0.900476158230048783E-05    0.206748744495156203E+02    0.308676939189935595E+02
    0.913118049093101296E-05    0.206269914852383422E+02    0.306488093887676918E+02
    0.121112053894141264E-04    0.200421192751580790E+02    0.306507827944558677E+02
    0.126038782222845977E-04    0.199423723297423017E+02    0.308652203417218018E+02
    0.126268686859637676E-04    0.199187274959011482E+02    0.306512037787000367E+02
    0.149190735281039586E-04    0.195651004600253984E+02    0.306524195557439540E+02
    0.195273836522380959E-04    0.190067459131070180E+02    0.306543681776781014E+02
    0.220303310796170546E-04    0.187455410752147955E+02    0.308610508844566809E+02
    0.220251189451709158E-04    0.187260143092385078E+02    0.306553618652397546E+02
    0.277151221632573388E-04    0.182464250723753452E+02    0.308592612908685417E+02
    0.299563847274039595E-04    0.180708964910014629E+02    0.306577189703808202E+02
    0.322881552027761069E-04    0.179009805518074749E+02    0.306583394144090207E+02
    0.355373116312764434E-04    0.176892151009753711E+02    0.308572252107679645E+02
    0.367086607503493611E-04    0.176043560238419516E+02    0.308569114465422594E+02
    0.365540107749770640E-04    0.175927996255754877E+02    0.306594746815915400E+02
    0.480819924065764207E-04    0.170245659962313489E+02    0.308547404142402968E+02
    0.499418548810611588E-04    0.169286626010699628E+02    0.306619667410369701E+02
    0.521681307940072972E-04    0.168214378792633319E+02    0.308539681601974181E+02
    0.818623098691424267E-04    0.159003040778215379E+02    0.306659582600266098E+02
    0.876439226926400402E-04    0.157438169080094514E+02    0.308497624169180611E+02
    0.877930537544043747E-04    0.157204166875837483E+02    0.306666743755340576E+02
    0.109213888708236423E-03    0.152637649713849761E+02    0.306685179519712783E+02
    0.116005186718288303E-03    0.151231116473864979E+02    0.306690934776739645E+02
    0.129774675119372442E-03    0.148787820971862566E+02    0.306701021667316240E+02
    0.133698703756666949E-03    0.147992038759821973E+02    0.308459101208418076E+02
    0.144583077797320311E-03    0.146226729033867180E+02    0.306711720401804868E+02
    0.192020132892161300E-03    0.140351810030897823E+02    0.306736773995422141E+02
    0.191486166814222472E-03    0.140207503136684313E+02    0.308426034468010890E+02
    0.189767423556965300E-03    0.140187829821527803E+02    0.308425949260031231E+02
    0.198619958964227177E-03    0.139075949640358978E+02    0.306742313727386744E+02
    0.198468845241251812E-03    0.138891171800104640E+02    0.308420314156112667E+02
    0.203994553301935395E-03    0.138141948658024951E+02    0.306746392411461244E+02
    0.232651856585354384E-03    0.135312951369300585E+02    0.306758869692658038E+02
    0.286654232179821711E-03    0.130938280067338599E+02    0.306778545696595089E+02
    0.295452975375175731E-03    0.130133620769844072E+02    0.306782217544717639E+02
    0.293988876740536417E-03    0.130032975889632425E+02    0.306782677998015352E+02
    0.307963835616449210E-03    0.128904167352774710E+02    0.306787860625855231E+02
    0.368586699690813817E-03    0.125110295312340725E+02    0.306805532751176600E+02
    0.364978542688023440E-03    0.125107043243806917E+02    0.308357885142687209E+02
    0.384384299830751357E-03    0.123870957878779571E+02    0.306811393518349220E+02
    0.382160823452577542E-03    0.123786984061536067E+02    0.306811792240323769E+02
    0.383448798423327607E-03    0.123519692525537614E+02    0.306813062762953201E+02
    0.413328349031258510E-03    0.121818968316515548E+02    0.306821196568725085E+02
    0.480666500694846514E-03    0.118600340860140498E+02    0.306836832886623014E+02
    0.481077533070018359E-03    0.118383245567182556E+02    0.306837899383822332E+02
    0.481402461283143867E-03    0.118169741775836190E+02    0.308324483483802645E+02
    0.574338313494664014E-03    0.114439442157255336E+02    0.306857547000413788E+02
    0.614613130777416313E-03    0.112883954253343610E+02    0.308297988749341982E+02
    0.659168797749993033E-03    0.111284221658480735E+02    0.308289774772875624E+02
    0.748898448599505428E-03    0.108531746704156635E+02    0.308275414332369664E+02
    0.779764782393284122E-03    0.107523968274359838E+02    0.306893351667765124E+02
    0.783496303962343530E-03    0.107228487648920172E+02    0.308268510124295076E+02
    0.914758154464404157E-03    0.103930620172210642E+02    0.306912712233348124E+02
    0.963145919556974940E-03    0.102699716010995630E+02    0.308243958867403585E+02
    0.109786009467998540E-02    0.998814506252375089E+01    0.306935223119487794E+02
    0.111300612303724981E-02    0.994074174849424530E+01    0.308225523299156521E+02
    0.112928588871825985E-02    0.989169994367547645E+01    0.306940701432829393E+02
    0.122297885054129104E-02    0.971229176889787915E+01    0.306951018824257886E+02
    0.126061545025021914E-02    0.963167078723554226E+01    0.306955710542391671E+02
    0.128261692458691667E-02    0.957706596946179722E+01    0.306958908331808118E+02
    0.130543970892446604E-02    0.952179104435889556E+01    0.306962162174341238E+02
    0.133512647264009575E-02    0.945681884896306535E+01    0.308197424368385278E+02
    0.143904095887315855E-02    0.928691711395646458E+01    0.306976183349508247E+02
    0.143315921875455466E-02    0.927510839308281021E+01    0.308186536342966306E+02
    0.148651500009065718E-02    0.918200198724624528E+01    0.308180880782438820E+02
    0.147674505523088216E-02    0.917519013824022878E+01    0.306982968301535379E+02
    0.150408114623227867E-02    0.911850654044494746E+01    0.306986440150710038E+02
    0.171459750866966585E-02    0.883651416730950423E+01    0.308159411120848290E+02
    0.174158451406057862E-02    0.878528021759347055E+01    0.308156158971090903E+02
    0.179212054116942862E-02    0.870807173867705053E+01    0.307012210244446138E+02
    0.190190854531020487E-02    0.856915513674507601E+01    0.307021200746459044E+02
    0.190717346953519985E-02    0.854362632160553304E+01    0.308140564544679982E+02
    0.191080515780706625E-02    0.851982149216916440E+01    0.308139004759825674E+02
    0.190494744397262617E-02    0.850596205634859182E+01    0.307025338593118065E+02
    0.201230997606807564E-02    0.837630428776707880E+01    0.307033926356265638E+02
    0.208221126415630712E-02    0.828801002224952477E+01    0.308123580874899261E+02
    0.217751430189286289E-02    0.817850290030031779E+01    0.308116139883078048E+02
    0.234363380668063800E-02    0.801146562843035248E+01    0.308104585812378033E+02
    0.243587018000465802E-02    0.791426278351905577E+01    0.308097743171075322E+02
    0.244561659973518497E-02    0.788627633748608226E+01    0.308095756163950831E+02
    0.248124855419824429E-02    0.783734713028852159E+01    0.308092263665057366E+02
    0.252372147249463460E-02    0.778340172188664337E+01    0.308088385214837430E+02
    0.258244447242060799E-02    0.771739805521779765E+01    0.307079834157085756E+02
    0.255726139070772346E-02    0.771699706256288298E+01    0.307079863373965267E+02
    0.255805474657290911E-02    0.769637668575703060E+01    0.307081368102724142E+02
    0.276619369417412716E-02    0.751992638059877461E+01    0.308068999056660182E+02
    0.279885080246030640E-02    0.747645308533332997E+01    0.308065725727210449E+02
    0.288153464079306731E-02    0.739822486858490436E+01    0.308059779071171569E+02
    0.290848873035719517E-02    0.735960367654433778E+01    0.307106617445567274E+02
    0.298940023455763646E-02    0.728472534214776424E+01    0.308051017250556178E+02
    0.297950354110290607E-02    0.727135751642681072E+01    0.308049974503055921E+02
    0.295024996382148470E-02    0.727109109529143804E+01    0.308049953697467913E+02
    0.310442848500649482E-02    0.714921162452521486E+01    0.307123096403266693E+02
    0.309678189979872062E-02    0.713414394490062165E+01    0.307124299359767576E+02
    0.323965962445868765E-02    0.702393435560065793E+01    0.308030236972274807E+02
    0.331625144426351019E-02    0.695720077185161223E+01    0.308024762939588967E+02
    0.351206009105536421E-02    0.682246532414139129E+01    0.308013499386263767E+02
    0.352445139374709619E-02    0.679542131346791933E+01    0.307152230236206769E+02
    0.360905341298851327E-02    0.672797984482808609E+01    0.308005422056592693E+02
    0.371023369059795410E-02    0.665268116778295138E+01    0.307164560225983791E+02
    0.369423475228978712E-02    0.664132403706094809E+01    0.307165556951693475E+02
    0.377184407287500714E-02    0.657974284407981358E+01    0.307171003560943703E+02
    0.392623367890687722E-02    0.647950966592183875E+01    0.307983406533049653E+02
    0.392084153705296937E-02    0.646225827864909874E+01    0.307181600198338955E+02
    0.414983729540256609E-02    0.632873264071926300E+01    0.307969438072100701E+02
    0.414442180776274614E-02    0.631134432108372589E+01    0.307967794662063099E+02
    0.433560229548084902E-02    0.620114981899569084E+01    0.307206220473065521E+02
    0.439330126205745436E-02    0.615470901502777501E+01    0.307952662648110476E+02
    0.437975709511709711E-02    0.614088436558376038E+01    0.307951297341673573E+02
    0.435091014425264232E-02    0.613410079225479254E+01    0.307950625555799142E+02
    0.431941299213171176E-02    0.612863187266853604E+01    0.307950083069762819E+02
    0.431384972079868010E-02    0.611120947156160366E+01    0.307948349513992952E+02
    0.427925925918088128E-02    0.610731104715219875E+01    0.307947960491309374E+02
    0.432671769515273388E-02    0.606525246283854624E+01    0.307219696320613522E+02
    0.432647567448303429E-02    0.604536433860945444E+01    0.307941722438650380E+02
    0.431719126343739143E-02    0.602966085520730388E+01    0.307223309371556681E+02
    0.445333888275691123E-02    0.594756264467782003E+01    0.307231785740726977E+02
    0.452855290607573780E-02    0.589406601245604467E+01    0.307926011846628924E+02
    0.459792572179775708E-02    0.584366035231003256E+01    0.307920616099674191E+02
    0.465431172655433271E-02    0.579928280983677968E+01    0.307915793511330165E+02
    0.471089892794904555E-02    0.575511340579581265E+01    0.307252509816002188E+02
    0.473483857975528621E-02    0.572497562542883109E+01    0.307255874578155499E+02
    0.475222956521769921E-02    0.569764311566854875E+01    0.307904476741270976E+02
    0.471475621435074772E-02    0.569347647486260300E+01    0.307904004340176058E+02
    0.471254035667092487E-02    0.567441666283862922E+01    0.307261598706345680E+02
    0.472706778118269291E-02    0.564826071408782493E+01    0.307264600551897082E+02
    0.470511451957988328E-02    0.563757067038193505E+01    0.307265835630457005E+02
    0.472711057669526237E-02    0.560824260759100479E+01    0.307269249128049751E+02
    0.468037425745740365E-02    0.560811474326445492E+01    0.307269264091844789E+02
    0.466898124474434458E-02    0.559298909780141340E+01    0.307892393903060579E+02
    0.486762823973742060E-02    0.548965728773951689E+01    0.307283449348349933E+02
    0.482208998897903571E-02    0.548845601230542801E+01    0.307879836556879383E+02
    0.498570403189659440E-02    0.540172164879054328E+01    0.307294432235069941E+02
    0.496191421829432835E-02    0.539128770102852251E+01    0.307295763396659964E+02
    0.496500049603458039E-02    0.537004410100636242E+01    0.307864940226529882E+02
    0.492669866040084444E-02    0.536553265416731850E+01    0.307864357156894002E+02
    0.491659021953739974E-02    0.534964040495680404E+01    0.307301139660242981E+02
    0.499466357621228957E-02    0.529813078036793694E+01    0.307855498163644086E+02
    0.494754312970162834E-02    0.529708866395236910E+01    0.307855358941195867E+02
    0.491012416729612582E-02    0.529227243552977278E+01    0.307308718624167874E+02
    0.486831138362794902E-02    0.528937661882904120E+01    0.307309106781028234E+02
    0.482265819987630177E-02    0.528822035622116715E+01    0.307309261921586589E+02
    0.486211232524836820E-02    0.525192493919152525E+01    0.307314177559058521E+02
    0.482134428771592658E-02    0.524876532172496457E+01    0.307314609759338708E+02
    0.477800047540037371E-02    0.524682659901038040E+01    0.307314875301438519E+02
    0.474586446790004838E-02    0.524032369484508642E+01    0.307847665290389685E+02
    0.485289457592499775E-02    0.517572020240987207E+01    0.307838629078731074E+02
    0.481216667725536430E-02    0.517257602512081771E+01    0.307838181172232055E+02
    0.479399124290943394E-02    0.516014427714652779E+01    0.307836402482350913E+02
    0.478570204455950471E-02    0.514360543197474485E+01    0.307329416488320248E+02
    0.474068057580262926E-02    0.514250948222690063E+01    0.307329575378384021E+02
    0.471200698573318033E-02    0.513464303803478117E+01    0.307832714412639525E+02
    0.472112300336844423E-02    0.511077750433235156E+01    0.307334220089177137E+02
    0.483990182766489471E-02    0.504108202184812448E+01    0.307344740981940134E+02
    0.482247916811740819E-02    0.502829460368996450E+01    0.307346722442543054E+02
    0.477482171661139463E-02    0.502815762301246583E+01    0.307346743758690195E+02
    0.475435958332433035E-02    0.501674688754340803E+01    0.307814906941289976E+02
    0.479753168526052785E-02    0.497866778898573337E+01    0.307808857249704886E+02
    0.478323321790287415E-02    0.496463744928649220E+01    0.307356846016753096E+02
    0.479343716601318692E-02    0.494037544524427386E+01    0.307360826554299393E+02
    0.482225279014356165E-02    0.490838849037333524E+01    0.307797246408953740E+02
    0.480951228632713317E-02    0.489367952940758233E+01    0.307368696945130111E+02
    0.479462541781594878E-02    0.487987972390392244E+01    0.307371079128619122E+02
    0.480271760528069944E-02    0.485650704487685125E+01    0.307375176490227524E+02
    0.486476660995413361E-02    0.481083341341463555E+01    0.307780005649645076E+02
    0.484860137467473841E-02    0.479749032180273893E+01    0.307777529570059372E+02
    0.482304984418826469E-02    0.478805794437525911E+01    0.307775760140936470E+02
    0.477654191630593264E-02    0.478743722337981659E+01    0.307775643133086234E+02
    0.478589616133035401E-02    0.476352430998585241E+01    0.307392352776060562E+02
    0.474808870225634522E-02    0.475938657861662229E+01    0.307393153478577226E+02
    0.475202027261271628E-02    0.473773119946625698E+01    0.307397400795931688E+02
    0.472327655135932733E-02    0.472986540906755160E+01    0.307398967968494361E+02
    0.471495968460445940E-02    0.471339016462552785E+01    0.307402294837333798E+02
    0.469235477486208176E-02    0.470300181451629484E+01    0.307759008554343190E+02
    0.467079257025888612E-02    0.469221335073383816E+01    0.307406663942280360E+02
    0.463638220246008047E-02    0.468700216707293205E+01    0.307755677301549824E+02
    0.459500750764852816E-02    0.468493011645361257E+01    0.307408192007878789E+02
    0.455618494543264061E-02    0.468189961865604864E+01    0.307754601411606430E+02
    0.453740322945823688E-02    0.467016115076836602E+01    0.307411332689589969E+02
    0.449615946385200499E-02    0.466842373601108385E+01    0.307411705972132836E+02
    0.449162185756601592E-02    0.465044319176296650E+01    0.307747814875652423E+02
    0.447204322396891653E-02    0.463918009326676017E+01    0.307418116717117371E+02
    0.442808994870804058E-02    0.463893423929360704E+01    0.307745261536796839E+02
    0.439311335076398701E-02    0.463479456131794798E+01    0.307419099897030925E+02
    0.436136621610468730E-02    0.462930017462526244E+01    0.307420340120960276E+02
    0.431856100675654005E-02    0.462902640285724587E+01    0.307420402167659539E+02
    0.430309139083319848E-02    0.461620351082266200E+01    0.307423335533428741E+02
    0.426258502994039494E-02    0.461511931424558952E+01    0.307739847165595144E+02
    0.422465395094744588E-02    0.461299619110608106E+01    0.307424077773827129E+02
    0.418465854030955226E-02    0.461202067723554254E+01    0.307424304222125038E+02
    0.414440989001069529E-02    0.461135007231742478E+01    0.307424460080330348E+02
    0.411064588283311175E-02    0.460771056527448941E+01    0.307425308662711423E+02
    0.407533367482931525E-02    0.460496564234463168E+01    0.307425951723207334E+02
    0.405416726409809757E-02    0.459538028340049731E+01    0.307428218439251175E+02
    0.402052252430121389E-02    0.459204714510602852E+01    0.307734418681158921E+02
    0.398735368475805485E-02    0.458861534789289482E+01    0.307733594662916161E+02
    0.394779322971257254E-02    0.458855740226655051E+01    0.307429852503781795E+02
    0.391687470832091135E-02    0.458428276075415653E+01    0.307732547924377187E+02
    0.388016211725921789E-02    0.458311702469101512E+01    0.307431168170902964E+02
    0.384547921729794847E-02    0.458107443765498701E+01    0.307731768098755474E+02
    0.381448262160757282E-02    0.457726081849140787E+01    0.307730835843156569E+02
    0.383096437658524179E-02    0.454863776191222335E+01    0.307439789724314920E+02
    0.382445079771432349E-02    0.453204114646781786E+01    0.307444132195494575E+02
    0.379049422816833074E-02    0.452987806820672745E+01    0.307444708298297158E+02
    0.375381355844110753E-02    0.452932635149776086E+01    0.307718577587078848E+02
    0.371909361594531095E-02    0.452791092187401922E+01    0.307718198885871210E+02
    0.368250889454512908E-02    0.452768232639950696E+01    0.307718137626064561E+02
    0.365288880837599675E-02    0.452383427799483950E+01    0.307717102252188397E+02
    0.361833606579582299E-02    0.452284235614628827E+01    0.307446599139911854E+02
    0.360501736708237000E-02    0.451021771936539650E+01    0.307450060064613560E+02
    0.357519122678689582E-02    0.450683356636164945E+01    0.307712429843434343E+02
    0.355380574211224638E-02    0.449883275722438913E+01    0.307710172134087969E+02
    0.351956916458843420E-02    0.449819372442274545E+01    0.307709990094864594E+02
    0.351048113608654587E-02    0.448336468802941379E+01    0.307457742468150528E+02
    0.347921019952618848E-02    0.448126026807466005E+01    0.307458364738918490E+02
    0.344661399700430015E-02    0.448008629788907786E+01    0.307458713246361590E+02
    0.341752045238685092E-02    0.447704034740746692E+01    0.307459622112876403E+02
    0.341293542670187975E-02    0.445972539593411899E+01    0.307698510277513542E+02
    0.338193169687782576E-02    0.445797678741621528E+01    0.307465471696166901E+02
    0.335060030702905758E-02    0.445659184399047970E+01    0.307465908172775571E+02
    0.332034119658943579E-02    0.445473580040321782E+01    0.307466495713305505E+02
    0.329073856069134326E-02    0.445264684358062368E+01    0.307696272626762024E+02
    0.325843221658357043E-02    0.445237856672633114E+01    0.307696186959578526E+02
    0.323630114018741638E-02    0.444600878729933768E+01    0.307469299452084073E+02
    0.320704198160359083E-02    0.444417287333168787E+01    0.307469898228472154E+02
    0.318075094250293202E-02    0.444063626710253523E+01    0.307692372403598249E+02
    0.314947157679386401E-02    0.444040152507998265E+01    0.307471138410166347E+02
    0.312082554318256341E-02    0.443867576782190110E+01    0.307471710576139721E+02
    0.309336317457296331E-02    0.443635308574129539E+01    0.307472485380727676E+02
    0.306748608493823648E-02    0.443315417320279614E+01    0.307473561565976929E+02
    0.331578665488827277E-02    0.427744776836760998E+01    0.307599327617550919E+02
    0.309786331057659327E-02    0.441341232420455754E+01    0.307480455948291578E+02
    0.322056417660867558E-02    0.433572445391948058E+01    0.307649334132953918E+02
    0.324744198251134637E-02    0.431910235433987033E+01    0.307523781330845232E+02
    0.326367311288002513E-02    0.430913099689814416E+01    0.307530459848832720E+02
    0.312324707011711741E-02    0.439709118610792693E+01    0.307676901154401676E+02
    0.330389723367229687E-02    0.428463205946109937E+01    0.307552810543413742E+02
    0.321833556678010951E-02    0.433710892021426986E+01    0.307513354478109520E+02
    0.327213502506450973E-02    0.430395219315483946E+01    0.307534298141681468E+02
    0.306950976225276199E-02    0.443180183802048688E+01    0.307689413459217924E+02
    0.309684271057926105E-02    0.441407133853264888E+01    0.307480218247049777E+02
    0.332019011656117368E-02    0.427479347196429682E+01    0.307570944908138841E+02
    0.326240712787012783E-02    0.430990695121012113E+01    0.307633523977639740E+02
    0.326684226106879793E-02    0.430718986468662379E+01    0.307631569324203724E+02
    0.331935334321963645E-02    0.427529758695415296E+01    0.307569351445290451E+02
    0.324155622515324678E-02    0.432273050080182752E+01    0.307521534919372073E+02
    0.316808620818965396E-02    0.436858219106492296E+01    0.307665233871443178E+02
    0.310993663826942971E-02    0.440563285771736624E+01    0.307680127891963728E+02
    0.315619944110453717E-02    0.437610037208438030E+01    0.307668463162454202E+02
    0.325202008925239237E-02    0.431628482424421112E+01    0.307525587824818381E+02
    0.327391278724310005E-02    0.430286588136899795E+01    0.307628289829690331E+02
    0.331766723893714682E-02    0.427631376841563426E+01    0.307566642981017928E+02
    0.329032261752849669E-02    0.429286632257341871E+01    0.307619634434311600E+02
    0.311299664650400206E-02    0.440366593418392682E+01    0.307679394305923637E+02
    0.331894511464771213E-02    0.427554357081584691E+01    0.307594788979518583E+02
    0.325938478948974760E-02    0.431176063721239267E+01    0.307634816233451716E+02
    0.332264582475885273E-02    0.427331476116593301E+01    0.307584524828401484E+02
    0.324197367846400762E-02    0.432247295386826380E+01    0.307641741604282117E+02
    0.306906054245770438E-02    0.443209455751285120E+01    0.307473920413094994E+02
    0.324948748929798376E-02    0.431784298597941429E+01    0.307638851484387175E+02
    0.321720127430565658E-02    0.433781393831249940E+01    0.307650454815231598E+02
    0.332202226292741768E-02    0.427369013692589039E+01    0.307587661241520927E+02
    0.331252578477519077E-02    0.427941561186070807E+01    0.307603025363796547E+02
    0.316979230266812477E-02    0.436750543043168804E+01    0.307498672125110240E+02
    0.322374731189938903E-02    0.433374867385033724E+01    0.307648257075623022E+02
    0.324940241099020994E-02    0.431789535080422748E+01    0.307638884988476775E+02
    0.329043580264273220E-02    0.429279752496255362E+01    0.307619568029867096E+02
    0.328809545263988130E-02    0.429422054782937046E+01    0.307542514554859245E+02
    0.329604576418498748E-02    0.428939056915955863E+01    0.307616119620942641E+02
    0.326695828987911890E-02    0.430711883171925436E+01    0.307531916020302845E+02
    0.317569800600545288E-02    0.436378265740378968E+01    0.307500327871350549E+02
    0.330510296792624423E-02    0.428390230656018112E+01    0.307553748927837773E+02
    0.326539498729503958E-02    0.430807609936697133E+01    0.307531218024488702E+02
    0.312796890432907437E-02    0.439406979946617859E+01    0.307487699942974082E+02
    0.324552138641644693E-02    0.432028554053192604E+01    0.307523039295770566E+02
    0.320030411746731122E-02    0.434834587859392130E+01    0.307655846086094051E+02
    0.332172087971691543E-02    0.427387159078660694E+01    0.307574744588816245E+02
    0.312487741403721627E-02    0.439604745276923747E+01    0.307676499338117999E+02
    0.332281991543796921E-02    0.427320997351916265E+01    0.307582188423452649E+02
    0.324895084622701599E-02    0.431817330723167814E+01    0.307524370711841044E+02
    0.311713526317281648E-02    0.440100877228907184E+01    0.307678394448979660E+02
    0.328238872212421135E-02    0.429769471003651393E+01    0.307539397831313437E+02
    0.329392867565235980E-02    0.429067560516373980E+01    0.307617459391452961E+02
    0.311909762744893735E-02    0.439975008655663480E+01    0.307485516020784360E+02
    0.325640143059478847E-02    0.431359210251998348E+01    0.307527370385079379E+02
    0.332204767072130733E-02    0.427367484040183587E+01    0.307587566392473910E+02
    0.315802203209671539E-02    0.437494577777657589E+01    0.307667975086459933E+02
    0.307177364893090324E-02    0.443032730142667663E+01    0.307474521580652613E+02
    0.331518749692346487E-02    0.427780919819841010E+01    0.307563370481612353E+02
    0.321970770520393955E-02    0.433625640128164491E+01    0.307513812020163080E+02
    0.331125393757683226E-02    0.428018366108172543E+01    0.307559128263512349E+02
    0.319862022312109896E-02    0.434939848949878893E+01    0.307656363514938889E+02
    0.309755343832087814E-02    0.441361238968427116E+01    0.307480383727317061E+02
    0.325543241914129410E-02    0.431418733359191187E+01    0.307636461865251682E+02
    0.331971813283453779E-02    0.427507780343979693E+01    0.307570019441892555E+02
    0.316663514577242896E-02    0.436949845074646248E+01    0.307497799131686484E+02
    0.331075887534986422E-02    0.428048270141394926E+01    0.307558649245896270E+02
    0.329004124727013021E-02    0.429303735886522198E+01    0.307543634195578974E+02
    0.331653532507987080E-02    0.427699624011126467E+01    0.307598363703393325E+02
    0.329264144389309916E-02    0.429145733632414039E+01    0.307618250391801382E+02
    0.324304935095378645E-02    0.432180947280134298E+01    0.307522097168390154E+02
    0.326850496782156528E-02    0.430617219463457701E+01    0.307532616021604888E+02
    0.310713958490651393E-02    0.440743245190036781E+01    0.307680794312648302E+02
    0.321941879296284549E-02    0.433643587422187693E+01    0.307513715442228275E+02
    0.329973001499675152E-02    0.428715625961461200E+01    0.307613656618459395E+02
    0.319580749925941175E-02    0.435115797395319870E+01    0.307506212712263753E+02
    0.327487894878446652E-02    0.430227575018918973E+01    0.307627824162467931E+02
    0.314762745177729749E-02    0.438153960431986267E+01    0.307492706746812452E+02
    0.325213638878801966E-02    0.431621330103530099E+01    0.307525634440123170E+02
    0.315766946968688454E-02    0.437516907076680273E+01    0.307668069693177770E+02
    0.332171252794306307E-02    0.427387661937549090E+01    0.307588714950218716E+02
    0.309010039468013724E-02    0.441843040145173660E+01    0.307478659773621992E+02
    0.320822561726765354E-02    0.434340152838400595E+01    0.307510067590496519E+02
    0.319370570671090575E-02    0.435247375032398587E+01    0.307657855070800821E+02
    0.332276480902570425E-02    0.427324314225573065E+01    0.307583343985214448E+02
    0.331691643675501502E-02    0.427676642812845653E+01    0.307597851006495908E+02
    0.325781640060433201E-02    0.431272325221840269E+01    0.307635475046357101E+02
    0.313933580968722226E-02    0.438681505865464061E+01    0.307490565260221693E+02
    0.320296481020172384E-02    0.434668379448182396E+01    0.307508411590779538E+02
    0.325147749475329607E-02    0.431661854897822916E+01    0.307638062385580469E+02
    0.328297182070760689E-02    0.429733945241973725E+01    0.307623727291208731E+02
    0.332020171306746667E-02    0.427478648652934723E+01    0.307592464567011810E+02
    0.329016603114361044E-02    0.429296150479666849E+01    0.307619726114283409E+02
    0.329358041234808488E-02    0.429088707405126701E+01    0.307545758130173112E+02
    0.315472788352024998E-02    0.437703307660481933E+01    0.307494577770936388E+02
    0.321336538698920125E-02    0.434019997237354715E+01    0.307651712610184269E+02
    0.325945624226393503E-02    0.431171679336110714E+01    0.307528647182810317E+02
    0.323839881729348416E-02    0.432467953167562680E+01    0.307520362103405915E+02
    0.319280994350604934E-02    0.435303478439000369E+01    0.307658124041811689E+02
    0.321371297532807056E-02    0.433998364494163447E+01    0.307511833708174649E+02
