    0.104776289598734500E-98    0.458708160924485469E+03    0.314073643267565252E+02
    0.733585957388366428E-96    0.445585585999107366E+03    0.298980207685369237E+02
    0.886484637392521916E-94    0.435976607592823768E+03    0.313880211451162623E+02
    0.106904357829697241E-93    0.435582095833192852E+03    0.313876809789390023E+02
    0.284827688323583905E-93    0.433602196208451858E+03    0.313859714531596801E+02
    0.609679633844098485E-93    0.432060097740976857E+03    0.313846371974818794E+02
    0.565595396226628642E-92    0.427585036862719562E+03    0.299135279759653656E+02
    0.332891996904629680E-86    0.400994137489127922E+03    0.313572245048469682E+02
    0.187663874807762127E-84    0.392910128399317159E+03    0.313499158483545770E+02
    0.281883043887345041E-84    0.392076448830813320E+03    0.299451217185134055E+02
    0.138038789446377905E-83    0.388879193681458901E+03    0.299480365383435441E+02
    0.140668902054732639E-81    0.379611104933441879E+03    0.299565554312921520E+02
    0.212973652256959763E-81    0.378761585847225774E+03    0.299573415422046878E+02
    0.103005002064453135E-80    0.375589197479139727E+03    0.313339944225656524E+02
    0.216315835354021784E-80    0.374085273499860364E+03    0.299616849544057793E+02
    0.351515223399108687E-80    0.373094246540454890E+03    0.299626089706627035E+02
    0.487771802808856257E-79    0.367813887036135327E+03    0.313267260528378912E+02
    0.245370325313044883E-77    0.359957704820301046E+03    0.313193022624681525E+02
    0.322676462147825823E-76    0.354784771524665700E+03    0.299799105781062032E+02
    0.938601856826338024E-75    0.348024118887461441E+03    0.313078659178206458E+02
    0.319965651515736972E-74    0.345551304162738802E+03    0.299888082285146886E+02
    0.940529965326587307E-73    0.338769674260202805E+03    0.312988589361018938E+02
    0.848265089235220974E-72    0.334351004708458447E+03    0.299997652971022433E+02
    0.168791491401072705E-70    0.328349722371825521E+03    0.300057132613796611E+02
    0.160208083532716663E-65    0.305408252806150472E+03    0.300289782508795611E+02
    0.194898789385047043E-64    0.300391068814842185E+03    0.312600956693205845E+02
    0.243593457585196828E-64    0.299925028248353385E+03    0.300346696376800537E+02
    0.274845976545885227E-62    0.290453267521975079E+03    0.312496519088745117E+02
    0.157163353214158792E-61    0.286945947585390797E+03    0.312459225353357688E+02
    0.337286549466660666E-61    0.285398653318512970E+03    0.312442698753487029E+02
    0.851744308628621847E-56    0.260500095367902134E+03    0.312170171018482279E+02
    0.225716838378602773E-55    0.258530935358655427E+03    0.312148059267540035E+02
    0.210679499224292329E-54    0.254043651709689527E+03    0.312097346782684326E+02
    0.221735246684166295E-53    0.249316189383675066E+03    0.300899374485015869E+02
    0.226987689474014546E-53    0.249249365989789680E+03    0.300900140479461804E+02
    0.538189010390057481E-53    0.247502737921245654E+03    0.312022595681430879E+02
    0.422205306393935089E-52    0.243363003965495523E+03    0.300968033987717405E+02
    0.148267504591888079E-50    0.236225610789610300E+03    0.301051497633629310E+02
    0.197100051638771118E-50    0.235636224048760255E+03    0.301058447360992432E+02
    0.829898443383780260E-49    0.228135870143204073E+03    0.311795115470886230E+02
    0.181421663316100902E-48    0.226551658722162955E+03    0.301166719219635581E+02
    0.233056737991493005E-48    0.226030742759857048E+03    0.311769800508383383E+02
    0.375329335501136704E-48    0.225057698891973104E+03    0.301184736871485228E+02
    0.134391113543018868E-47    0.222486627830235790E+03    0.311726905721811320E+02
    0.211696919130269185E-47    0.221557825193025394E+03    0.301227188884373405E+02
    0.347976866754924537E-47    0.220543864437653241E+03    0.301239552160110833E+02
    0.196857771117845877E-46    0.217058003269174350E+03    0.311660515048235460E+02
    0.367209709043687907E-44    0.206580759686839315E+03    0.301412877206618255E+02
    0.433080761616052880E-44    0.206230777431044942E+03    0.311525497268995473E+02
    0.763253559971703769E-44    0.205077445293471072E+03    0.301431893397818982E+02
    0.104142701036508706E-43    0.204435931531169047E+03    0.311502765078258719E+02
    0.382662960683989391E-42    0.197207976306076716E+03    0.311410162157048198E+02
    0.408506337410148166E-42    0.197057270657086974E+03    0.301534582325940335E+02
    0.415771209549892706E-41    0.192396845063320399E+03    0.301595246938932000E+02
    0.255245268370171395E-40    0.188747495301910845E+03    0.301643282509303745E+02
    0.316376659891887540E-40    0.188298078210286576E+03    0.311293564012712594E+02
    0.334264959451504765E-40    0.188168077200666005E+03    0.301650953292846680E+02
    0.192291071662372051E-39    0.184648754510585945E+03    0.311244985590328369E+02
    0.216675573364156796E-38    0.179784802406783427E+03    0.301763335881909498E+02
    0.920956049844547422E-38    0.176870780139049572E+03    0.311139761576505087E+02
    0.115826713450504280E-37    0.176392244133945781E+03    0.311133210164661804E+02
    0.230312064690475582E-37    0.174997564198618221E+03    0.311114063520765640E+02
    0.243313795057150467E-37    0.174867730687288059E+03    0.301830518087428388E+02
    0.112560784988942920E-34    0.162573937251769820E+03    0.302002906343661870E+02
    0.190767612037729844E-34    0.161498812032502769E+03    0.310924495715665365E+02
    0.222344017982305287E-34    0.161172472399284061E+03    0.302022982387867458E+02
    0.225229995928832895E-34    0.161126679856778168E+03    0.302023639896842759E+02
    0.118216363539577721E-33    0.157790720769642917E+03    0.310870991847044564E+02
    0.214248099200348213E-33    0.156581484468142435E+03    0.310853402581465765E+02
    0.487612303824246788E-33    0.154916712577812461E+03    0.310829071051189416E+02
    0.533524159603360180E-33    0.154716745129623121E+03    0.302116655915721708E+02
    0.911857712675836621E-33    0.153624785917066220E+03    0.310810094820078398E+02
    0.593499338969874816E-32    0.149858511452744892E+03    0.310754294778689690E+02
    0.635532948513984383E-32    0.149701655781507327E+03    0.310751955072271357E+02
    0.118927528063660769E-31    0.148428384867844272E+03    0.302209880146065544E+02
    0.712132324565828930E-31    0.144828885980782331E+03    0.310678623371486076E+02
    0.227680816683109963E-30    0.142484353838675332E+03    0.302299914674041830E+02
    0.390352411521543852E-30    0.141386143380518064E+03    0.310626032329142276E+02
    0.452052978862365001E-30    0.141072644515628838E+03    0.310621210238398930E+02
    0.153766096937978183E-29    0.138604207901837100E+03    0.302359750837952461E+02
    0.265030056376326698E-29    0.137495386615627808E+03    0.310565784447040940E+02
    0.271267406509454943E-29    0.137428862946794709E+03    0.310564746625904036E+02
    0.197704758426649025E-28    0.133436353311699378E+03    0.302440824087763644E+02
    0.441881771645590159E-27    0.127202648000671957E+03    0.310401952266693115E+02
    0.444387200203959385E-27    0.127171340213478246E+03    0.302541351676299897E+02
    0.859366913939109526E-27    0.125832340780184580E+03    0.302563172455704290E+02
    0.206570295681905375E-26    0.124058280998553741E+03    0.310350523024049991E+02
    0.108999420804334432E-25    0.120711707214374101E+03    0.310295026664925189E+02
    0.175602683371442563E-25    0.119737944426875117E+03    0.302664068398989592E+02
    0.214895153600912876E-25    0.119314091848333106E+03    0.302671185131354079E+02
    0.235761565043607122E-25    0.119108750397962893E+03    0.302674637731020866E+02
    0.758802986658118680E-25    0.116750908003198319E+03    0.302714509746516036E+02
    0.114246969287083696E-24    0.115912497160583129E+03    0.302728789969280960E+02
    0.120743321363631083E-23    0.111176718016614387E+03    0.302810497873744708E+02
    0.126875493099559788E-23    0.111057639506809579E+03    0.302812575890196740E+02
    0.990516972574609468E-23    0.106927597976679891E+03    0.310057401657104492E+02
    0.202266422290930356E-22    0.105479710292157222E+03    0.302911274128041441E+02
    0.202767368016691766E-22    0.105454763090287372E+03    0.302911721701402143E+02
    0.334269423171040815E-22    0.104434987145386131E+03    0.310012729451712872E+02
    0.170532042770681107E-21    0.101155865180998262E+03    0.309953088628424922E+02
    0.194335550115721145E-21    0.100874538997946757E+03    0.302994870990534366E+02
    0.389145147740571951E-21    0.994658067984862129E+02    0.309921947222204111E+02
    0.812936593636845474E-18    0.841568948176445133E+02    0.303316907491141734E+02
    0.144124892758985628E-17    0.829916703944448386E+02    0.309602207042379192E+02
    0.174962395903776979E-17    0.825838887228889433E+02    0.309593877342932515E+02
    0.253237870900769208E-17    0.818243723670479426E+02    0.303364491915470076E+02
    0.272483019684051730E-17    0.816578782653045891E+02    0.303367916361596599E+02
    0.892519751872615250E-17    0.792649335747387767E+02    0.303417558566283603E+02
    0.333328560605116056E-16    0.766096033334141850E+02    0.309469189119723254E+02
    0.370247709257712648E-16    0.763795161452403022E+02    0.303478512060647034E+02
    0.249367255049769430E-15    0.725448370320452227E+02    0.303561493674859619E+02
    0.261740169995022148E-15    0.724279859032646129E+02    0.303564059493305010E+02
    0.304350962396229667E-15    0.721063274573370450E+02    0.303571134197633583E+02
    0.393076877130562031E-15    0.715746800737853732E+02    0.303582865483457489E+02
    0.547491113769309288E-15    0.708919980294786285E+02    0.303597999724523504E+02
    0.129604036228374186E-14    0.691485524511503939E+02    0.303637016501612393E+02
    0.135232133366183198E-14    0.690435346890998431E+02    0.303639383871238024E+02
    0.155872202932977593E-14    0.687394473864038389E+02    0.303646249967125001E+02
    0.312348439845922609E-14    0.673292815874187198E+02    0.309264483969658777E+02
    0.420916983648515426E-14    0.667126490539820622E+02    0.303692447092297684E+02
    0.514276415082237646E-14    0.662919985186100149E+02    0.303702131614324138E+02
    0.611027018426837623E-14    0.659272379490815297E+02    0.303710556897752966E+02
    0.990624921948863565E-14    0.649408483489400368E+02    0.309209324696685641E+02
    0.109494083068191244E-13    0.647206090957243703E+02    0.309204182353841475E+02
    0.149954655142772100E-13    0.640716842208106527E+02    0.309188974102685528E+02
    0.157191805736577546E-13    0.639574166149459913E+02    0.303756507893095318E+02
    0.161158309326287208E-13    0.638875757802743465E+02    0.309184643800369265E+02
    0.325037913128101570E-13    0.624644664568941295E+02    0.303791859574455039E+02
    0.388058790136740624E-13    0.620900364212714209E+02    0.303800799130707055E+02
    0.475805368209751572E-13    0.616623323589089765E+02    0.309131747825924208E+02
    0.889166459320760587E-13    0.603917811968706602E+02    0.303841726624914443E+02
    0.356208408151458404E-12    0.575961479820783282E+02    0.303910524889824742E+02
    0.514016768405834419E-12    0.568426681569541827E+02    0.309013409242601966E+02
    0.239730142109329131E-11    0.537429819818406713E+02    0.308934299256079399E+02
    0.350203273652943819E-11    0.529649822120064755E+02    0.304028754203600897E+02
    0.352390306739675545E-11    0.529325309729882179E+02    0.308913192340143574E+02
    0.557322517915143826E-11    0.519957215492602671E+02    0.308888564978934284E+02
    0.775290835880931619E-11    0.513155332854058344E+02    0.308870525408979617E+02
    0.112032694282651972E-10    0.505592580776700160E+02    0.304092487886403617E+02
    0.160197255523169926E-10    0.498240277556958304E+02    0.304112309485903545E+02
    0.180314832717558450E-10    0.495674307741383515E+02    0.304119266588106001E+02
    0.218311943128390855E-10    0.491649896180125410E+02    0.308812575594681142E+02
    0.272757830712249558E-10    0.486996708924991637E+02    0.304142948131064301E+02
    0.425464986740844275E-10    0.477904742469452231E+02    0.304168021678924561E+02
    0.550236098284947411E-10    0.472561446500880393E+02    0.308759909772023846E+02
    0.649508418660579011E-10    0.469044079659738884E+02    0.308750072401794142E+02
    0.935291822797127061E-10    0.461551223804674393E+02    0.308728973469670045E+02
    0.104417596320750690E-09    0.459148729587918893E+02    0.304220628714667853E+02
    0.118446747192561318E-09    0.456427424379736593E+02    0.304228363947885043E+02
    0.146797288275644534E-09    0.451935640880051963E+02    0.304241190403949773E+02
    0.155864770073540175E-09    0.450536918299363123E+02    0.304245199597827174E+02
    0.162778992253848901E-09    0.449468825654867743E+02    0.304248265967327285E+02
    0.178234198559279296E-09    0.447454725600889063E+02    0.304254059751273154E+02
    0.276475143773194727E-09    0.438474275335838968E+02    0.308662715753477030E+02
    0.326225421110160069E-09    0.434964921391402726E+02    0.308652463507620141E+02
    0.336290698116694568E-09    0.434157174577849787E+02    0.304292698268611375E+02
    0.104407642530515590E-08    0.411298934353941661E+02    0.308582025669486200E+02
    0.124384776595364916E-08    0.407597395932004787E+02    0.304372000242980647E+02
    0.144964535847133534E-08    0.404335209252805612E+02    0.308560847206468765E+02
    0.165319970919694162E-08    0.401507335620824364E+02    0.308552185382304458E+02
    0.176728515100766202E-08    0.399972697053862589E+02    0.308547469631231550E+02
    0.263936896682394235E-08    0.391750790958503288E+02    0.304420775122364056E+02
    0.264849664085725941E-08    0.391481744702216332E+02    0.308521181940244276E+02
    0.592506865196820314E-08    0.375177742700187196E+02    0.308469736050203558E+02
    0.124350181588613280E-07    0.360151257424734510E+02    0.304521675648462704E+02
    0.127585741438237395E-07    0.359437517626703098E+02    0.308418780122782650E+02
    0.243784051517142686E-06    0.300235932202812279E+02    0.304728960550321943E+02
    0.359922938004582792E-06    0.292243789227121589E+02    0.304758505548775034E+02
    0.373736783048173186E-06    0.291290552955914173E+02    0.304762063516468658E+02
    0.534654298061355745E-06    0.283929180852088798E+02    0.304789793463403029E+02
    0.196336980429612554E-05    0.257713236898926894E+02    0.304892498321121472E+02
    0.249989612471469327E-05    0.252681498978291259E+02    0.304912984947942078E+02
    0.389119666565888002E-05    0.243632147867096869E+02    0.304950523494175876E+02
    0.385339317761095592E-05    0.243627400496679414E+02    0.304950543430397332E+02
    0.481736848182023721E-05    0.238961926179336999E+02    0.307972531474019888E+02
    0.538885557995340683E-05    0.236519821805256711E+02    0.307962105039775338E+02
    0.622569110552641720E-05    0.233432793453097602E+02    0.307948819846171062E+02
    0.789698618120159014E-05    0.228476858783539249E+02    0.305015556998507193E+02
    0.972849158204478376E-05    0.224105305463410893E+02    0.307907932236759976E+02
    0.969266953613971723E-05    0.223979084958490162E+02    0.305035424232482910E+02
    0.192499924427017920E-04    0.210056269233291530E+02    0.305098744573831908E+02
    0.284522130388784131E-04    0.202041963706179573E+02    0.307806240481249702E+02
    0.313354291335107672E-04    0.199911495024132471E+02    0.305146787473424510E+02
    0.348228100252556176E-04    0.197601029945110049E+02    0.307784820311937750E+02
    0.515945993033404076E-04    0.189538142549310642E+02    0.307745009736264237E+02
    0.562509202071664188E-04    0.187610034592442823E+02    0.307735303915212839E+02
    0.563472841286624120E-04    0.187375801739231207E+02    0.305208675451863307E+02
    0.576806524265444743E-04    0.186708046515176669E+02    0.305212057436475384E+02
    0.708929797994152110E-04    0.182383054333974286E+02    0.307708609104156494E+02
    0.723350569402569845E-04    0.181780304731115443E+02    0.305237301532415088E+02
    0.756966133229104997E-04    0.180671814170146163E+02    0.305243051642114658E+02
    0.751121364847711118E-04    0.180626839595466713E+02    0.305243285508529745E+02
    0.800860255049977773E-04    0.179144455081323102E+02    0.305251018945455783E+02
    0.823609379117430938E-04    0.178384257195288640E+02    0.307687791304264806E+02
    0.816878842889850061E-04    0.178348368681173710E+02    0.307687602854715578E+02
    0.830096831862110041E-04    0.177827337278509638E+02    0.305257931553013933E+02
    0.833725449059383649E-04    0.177540101448293512E+02    0.305259444284751211E+02
    0.994935561571292249E-04    0.173804624999677877E+02    0.305279292024000881E+02
    0.100259592203093953E-03    0.173451227707562339E+02    0.305281186870088916E+02
    0.110201189677166630E-03    0.171360328750645046E+02    0.305292460167631567E+02
    0.130248228063506872E-03    0.167817641067787591E+02    0.305311811068498145E+02
    0.143294654454893762E-03    0.165708421976978535E+02    0.305323486976508036E+02
    0.142260266481141607E-03    0.165653317746195938E+02    0.307619001583443428E+02
    0.145815049799406202E-03    0.164959701866914088E+02    0.307615134893132449E+02
    0.149104661949869837E-03    0.164313512825201506E+02    0.307611520793176254E+02
    0.151083800407971337E-03    0.163849789546918174E+02    0.307608920137444883E+02
    0.218344096565158547E-03    0.156285037736285943E+02    0.305377172240982659E+02
    0.227268402927693956E-03    0.155283848381052181E+02    0.305383031651790731E+02
    0.259618793127128298E-03    0.152422195099403854E+02    0.305399956005977451E+02
    0.260929151641402257E-03    0.152121504179751934E+02    0.305401749895436971E+02
    0.265252477550514541E-03    0.151592840238508018E+02    0.305404911163425545E+02
    0.290277713839710134E-03    0.149589720622793187E+02    0.307525819923657195E+02
    0.332079210057528002E-03    0.146699012096820347E+02    0.305434632452024175E+02
    0.348600371287801085E-03    0.145527958632867911E+02    0.307500923458086568E+02
    0.345612439352168115E-03    0.145500122000667176E+02    0.305442044433594830E+02
    0.343017672794176259E-03    0.145450843195829638E+02    0.307500444954553771E+02
    0.367907439612860600E-03    0.143849854921414924E+02    0.305452335166521109E+02
    0.389812968592155335E-03    0.142493141468589517E+02    0.305460873847321146E+02
    0.421958623518400920E-03    0.140708337382340609E+02    0.307470577277508070E+02
    0.423387265255067047E-03    0.140440736978019896E+02    0.305473929880280508E+02
    0.449523108524708926E-03    0.139042737356448622E+02    0.307459873434197171E+02
    0.459117785606766153E-03    0.138420346782961730E+02    0.305486951367919026E+02
    0.479995943258116351E-03    0.137330929549814957E+02    0.305494044692728188E+02
    0.523407532517344821E-03    0.135399274966139078E+02    0.305506750150271742E+02
    0.536547412059298966E-03    0.134703383974963256E+02    0.305511368572358784E+02
    0.552593586640721989E-03    0.133914026463578129E+02    0.305516634346453664E+02
    0.552480944765653239E-03    0.133718103722523409E+02    0.305517945844616285E+02
    0.728064512628284711E-03    0.127998689385864637E+02    0.305557059986458661E+02
    0.731937561745170124E-03    0.127692578353009836E+02    0.305559200713272361E+02
    0.740046109216026694E-03    0.127272232716058813E+02    0.307380646660760917E+02
    0.842113998364558470E-03    0.124488174695035632E+02    0.305581919276477656E+02
    0.885799559102140935E-03    0.123276668721242739E+02    0.307352133934502518E+02
    0.936893692658620839E-03    0.121955086180325267E+02    0.307342497621486075E+02
    0.104384828478301314E-02    0.119593093860359705E+02    0.305617790934530689E+02
    0.117685643932277629E-02    0.116994440033572467E+02    0.305637460901675624E+02
    0.124634848850170349E-02    0.115647015675457041E+02    0.307294950310155599E+02
    0.126190063833523259E-02    0.115198996466003400E+02    0.305651326684739644E+02
    0.127818859015775381E-02    0.114742498782543407E+02    0.307287905538596142E+02
    0.127474979251609197E-02    0.114596378652810245E+02    0.305656033409423245E+02
    0.131710315439880843E-02    0.113742682117030487E+02    0.307280047121666193E+02
    0.135512405989649649E-02    0.112973516871389759E+02    0.305668845964808824E+02
    0.147364534961228399E-02    0.111096593801482317E+02    0.305683924275116716E+02
    0.174272440055879378E-02    0.107542384293194715E+02    0.307229496869862473E+02
    0.176616362834958532E-02    0.107075181963101365E+02    0.307225550562510819E+02
    0.180576351390985168E-02    0.106431706981747585E+02    0.307220081284119608E+02
    0.181342216634089600E-02    0.106147061820769366E+02    0.307217649127295687E+02
    0.203483140465566441E-02    0.103643117664035991E+02    0.305746892797630494E+02
    0.205982586195479567E-02    0.103198948092650298E+02    0.305750818939771065E+02
    0.213033662077836538E-02    0.102325776913409232E+02    0.305758600190138665E+02
    0.221334442430510007E-02    0.101361283300806679E+02    0.305767295205670742E+02
    0.220320303678811112E-02    0.101253132469691458E+02    0.305768276901745537E+02
    0.224079328535974108E-02    0.100714778048140499E+02    0.307169611055003386E+02
    0.253483286456330885E-02    0.980488229419674440E+01    0.305798011791952966E+02
    0.253340481559288355E-02    0.978600935184348941E+01    0.307142991001362731E+02
    0.271301814871380840E-02    0.962901425527568833E+01    0.305814903936357965E+02
    0.271505181894939746E-02    0.960751562291252803E+01    0.305816998791080934E+02
    0.272641370260521794E-02    0.957916353458427672E+01    0.307123023437743257E+02
    0.276169426293228258E-02    0.953344899211193919E+01    0.305824267864227295E+02
    0.278572978972450652E-02    0.949611793757641465E+01    0.305827962746968822E+02
    0.328605667841039154E-02    0.914576116582357912E+01    0.307079061612260347E+02
    0.360771931753550799E-02    0.893898609225927920E+01    0.305885869517514983E+02
    0.361852762515482273E-02    0.891300328222531490E+01    0.307054084658334006E+02
    0.358874404071032752E-02    0.890953311784985758E+01    0.305889091016096053E+02
    0.362772607919016219E-02    0.886792564660756177E+01    0.307049122632474116E+02
    0.360505063957591593E-02    0.886046606630379507E+01    0.305894497804161176E+02
    0.364153298433557253E-02    0.882032821659285204E+01    0.305898958639557250E+02
    0.362340023440742677E-02    0.881031194915358462E+01    0.307042717933654785E+02
    0.362598758437447655E-02    0.878888432511602780E+01    0.305902477679640228E+02
    0.363370736809259147E-02    0.876463082042834962E+01    0.305905206949525450E+02
    0.366826013021433672E-02    0.872570276026877245E+01    0.305909615280742955E+02
    0.378610730479835792E-02    0.864246091183817278E+01    0.307023635284486893E+02
    0.405462064388914176E-02    0.848542344063314857E+01    0.307005164654326137E+02
    0.401583576607994486E-02    0.848464672835288525E+01    0.305937723480967882E+02
    0.409414145202550810E-02    0.842602362626092827E+01    0.305944785941067963E+02
    0.407512177468141897E-02    0.841533644245100731E+01    0.306996711506999844E+02
    0.409397534605630137E-02    0.838610477115581077E+01    0.306993145423571363E+02
    0.415737904414489965E-02    0.833536802515648390E+01    0.306986897289390654E+02
    0.429766215921040511E-02    0.824899531976793909E+01    0.306976082755786095E+02
    0.452662151070131087E-02    0.812518598592237140E+01    0.305982631477498259E+02
    0.467645141899135624E-02    0.804005854463435732E+01    0.306948910483130533E+02
    0.469762884988575175E-02    0.801102193888096892E+01    0.306945010903004842E+02
    0.468459398617905240E-02    0.799657920279212053E+01    0.305999735935086647E+02
    0.466909616315916605E-02    0.798320667791867855E+01    0.306941244997108171E+02
    0.467569088535879033E-02    0.796038383208593903E+01    0.306004662870242328E+02
    0.464084951009100487E-02    0.795534283455515645E+01    0.306005353186029829E+02
    0.462682256836357067E-02    0.794139697730843253E+01    0.306935526904908045E+02
    0.463967591911077643E-02    0.791584866409917431E+01    0.306931997856386900E+02
    0.472503573531719845E-02    0.785938745376408576E+01    0.306018694023063205E+02
    0.468296797227363368E-02    0.785727351959685372E+01    0.306923802834493671E+02
    0.470684578195362628E-02    0.782710170500096147E+01    0.306919523137600585E+02
    0.466480619405782240E-02    0.782504512415014286E+01    0.306919229934649742E+02
    0.467601647683028865E-02    0.780024456704736036E+01    0.306027116261395591E+02
    0.469244351935910881E-02    0.777323079557551289E+01    0.306911778450226791E+02
    0.472539887620334036E-02    0.773923375040493333E+01    0.306906820013775459E+02
    0.468526258037383920E-02    0.773629377934252815E+01    0.306906388566594330E+02
    0.464318395632262564E-02    0.773433704486720419E+01    0.306036694016036606E+02
    0.486084320031574327E-02    0.762271385991704697E+01    0.306053415530257347E+02
    0.488521556026047694E-02    0.759271087867119743E+01    0.306058025397582583E+02
    0.493232103025202737E-02    0.755351835270701777E+01    0.306878669388537304E+02
    0.492180703134038194E-02    0.753778620992815362E+01    0.306876194788027306E+02
    0.490172117402547583E-02    0.752596489476963182E+01    0.306874325344089911E+02
    0.492470283952311984E-02    0.749660983035642658E+01    0.306869645130882454E+02
    0.491311193999773455E-02    0.748132262690666838E+01    0.306075609283288692E+02
    0.487384636425640307E-02    0.747737083522662793E+01    0.306866547700003736E+02
    0.484101425593386550E-02    0.747088919008714036E+01    0.306865498688758365E+02
    0.486402649427723072E-02    0.744140451833195549E+01    0.306082104074150720E+02
    0.482083884283549067E-02    0.743924180825111758E+01    0.306082459050425086E+02
    0.493565180747939508E-02    0.737216821629761032E+01    0.306093633724799474E+02
    0.489923286213193171E-02    0.736698043343569076E+01    0.306848283360186613E+02
    0.485113862535888410E-02    0.736671081063667277E+01    0.306094557523423418E+02
    0.480287428557333879E-02    0.736670860527163018E+01    0.306094557897192843E+02
    0.478037227584467844E-02    0.735610085076528719E+01    0.306846435160808539E+02
    0.478110893271150271E-02    0.733579267388255651E+01    0.306099834532726476E+02
    0.475011893691825327E-02    0.732879838748991830E+01    0.306841756466587157E+02
    0.471326305436021564E-02    0.732437677962662459E+01    0.306101802006258232E+02
    0.486725493744982057E-02    0.724007748105995663E+01    0.306826126960493397E+02
    0.487979892608616985E-02    0.721492967096788895E+01    0.306821569931871423E+02
    0.485831369000888115E-02    0.720375490098368587E+01    0.306819525812048894E+02
    0.490624438814217696E-02    0.716412018419893393E+01    0.306130618323171078E+02
    0.487373233949488487E-02    0.715741762623595967E+01    0.306810918375752166E+02
    0.489667283476240885E-02    0.712802577932081505E+01    0.306805343684955787E+02
    0.484945932680187330E-02    0.712740326220803944E+01    0.306137570583537055E+02
    0.481390772674357079E-02    0.712211935868278445E+01    0.306138583031306695E+02
    0.479668044689723645E-02    0.710928949145155986E+01    0.306801740916395751E+02
    0.478047294307835588E-02    0.709605873430742662E+01    0.306143622247878540E+02
    0.482634034704533879E-02    0.705696072496326376E+01    0.306151331209230122E+02
    0.486243188452907711E-02    0.702206030061172548E+01    0.306158372862393549E+02
    0.492194479546012066E-02    0.697773022959782097E+01    0.306775242915393491E+02
    0.487490556796657711E-02    0.697693623448113431E+01    0.306167719216498213E+02
    0.483517508540224662E-02    0.697330302100113908E+01    0.306774310897668663E+02
    0.478820101617191598E-02    0.697282816137464678E+01    0.306774210759685637E+02
    0.479029923462944394E-02    0.695195194132509897E+01    0.306769775186849962E+02
    0.474970861544785072E-02    0.694897115756112083E+01    0.306769136468345813E+02
    0.473461078270927174E-02    0.693533865526241478E+01    0.306766197676567742E+02
    0.472885251340713839E-02    0.691777255069059827E+01    0.306180428042641388E+02
    0.468291978990336821E-02    0.691729409740922385E+01    0.306762262108591699E+02
    0.463783100709573917E-02    0.691664409849938444E+01    0.306180675842318095E+02
    0.459330407995233586E-02    0.691593848518541598E+01    0.306180830897118383E+02
    0.457820057647324342E-02    0.690252563427294241E+01    0.306183794197080204E+02
    0.458381121098963042E-02    0.688007611320798240E+01    0.306753971697709460E+02
    0.457099512101139752E-02    0.686567583771806778E+01    0.306192097213281897E+02
    0.455942243876412967E-02    0.685074578698105974E+01    0.306195532388454481E+02
    0.458449523576586263E-02    0.681977768305340426E+01    0.306202797707950936E+02
    0.457978731062103593E-02    0.680183258502097754E+01    0.306735696064772156E+02
    0.453525736089013549E-02    0.680137403790341466E+01    0.306735585233955028E+02
    0.451374006693374807E-02    0.679088551569212662E+01    0.306733037340600916E+02
    0.448588006035636165E-02    0.678326830304562733E+01    0.306211623902747405E+02
    0.447273884401132738E-02    0.676913582611398112E+01    0.306215122043522001E+02
    0.443908459557985132E-02    0.676424133561642815E+01    0.306216344737323283E+02
    0.441901784203766433E-02    0.675330277423042524E+01    0.306723696470224461E+02
    0.438044615125705254E-02    0.675083654122154808E+01    0.306219723802391073E+02
    0.433736546518321761E-02    0.675060344541949942E+01    0.306723012227901464E+02
    0.434912516063012435E-02    0.672518827690662579E+01    0.306226319005357617E+02
    0.433464099495536621E-02    0.671186011898404367E+01    0.306712977896454504E+02
    0.430880566312357490E-02    0.670381618687838188E+01    0.306710841847041706E+02
    0.427432935065172586E-02    0.669988327557509855E+01    0.306709790504170527E+02
    0.425457853066352459E-02    0.668914629286596529E+01    0.306706896405879377E+02
    0.424340531167126563E-02    0.667440552876850024E+01    0.306702864174488781E+02
    0.422372622826843944E-02    0.666370223981835075E+01    0.306242903411319460E+02
    0.418388107217478045E-02    0.666265909780603227E+01    0.306699600018873362E+02
    0.416198411235142469E-02    0.665315388035226274E+01    0.306696924082719740E+02
    0.415641490978277493E-02    0.663583189730525724E+01    0.306691964074727927E+02
    0.413248083031720476E-02    0.662738187777735988E+01    0.306689503551268885E+02
    0.409920127744610799E-02    0.662355341295197686E+01    0.306254415616835409E+02
    0.407168214968888897E-02    0.661702526433939031E+01    0.306686449461854167E+02
    0.403304348918197102E-02    0.661609510332631690E+01    0.306256622151428211E+02
    0.399645467438944097E-02    0.661432242827184602E+01    0.306257149938319841E+02
    0.396594288577863108E-02    0.660965044359774545E+01    0.306684247970165274E+02
    0.395511590362804862E-02    0.659511788888815076E+01    0.306262953441208126E+02
    0.391840540559907063E-02    0.659376812814399571E+01    0.306263367420578945E+02
    0.391146848520724458E-02    0.657731195135419355E+01    0.306674312657772106E+02
    0.388142200407872199E-02    0.657273453688140386E+01    0.306269928425495692E+02
    0.385522393960060876E-02    0.656627950962715357E+01    0.306670809964237066E+02
    0.383517754679110930E-02    0.655670624131271218E+01    0.306275075281348705E+02
    0.381445444829654453E-02    0.654754239615137035E+01    0.306664715743499556E+02
    0.377768102533368282E-02    0.654691702963671318E+01    0.306664509027351819E+02
    0.374495184092026338E-02    0.654432018702021168E+01    0.306663648258032815E+02
    0.371401696633670867E-02    0.654090963939576486E+01    0.306280283307678474E+02
    0.369296412840763736E-02    0.653227885681531806E+01    0.306659605504778092E+02
    0.366243212830897214E-02    0.652888281635500700E+01    0.306284345667021967E+02
    0.362603798716357086E-02    0.652885652444790132E+01    0.306658440545802975E+02
    0.359956342079428837E-02    0.652351256944563396E+01    0.306656606814503334E+02
    0.357850276513695760E-02    0.651524871984929721E+01    0.306653734841875689E+02
    0.354367962069987658E-02    0.651480644530500363E+01    0.306653579859859065E+02
    0.353740717409202227E-02    0.649834965748707294E+01    0.306647716251746161E+02
    0.351065393960197421E-02    0.649353304625132122E+01    0.306296832368007763E+02
    0.348354872844190786E-02    0.648903465416391612E+01    0.306644309179727692E+02
    0.345198453721363074E-02    0.648723911397683484E+01    0.306643644692754904E+02
    0.341796609879580805E-02    0.648704636923617262E+01    0.306299221980159473E+02
    0.339266845921947294E-02    0.648190416593968077E+01    0.306641655055142586E+02
    0.336012742306425125E-02    0.648117990808436772E+01    0.306641383152056299E+02
    0.332852129142548712E-02    0.648008140417643652E+01    0.306640969916256338E+02
    0.330526243802067290E-02    0.647410594863569600E+01    0.306304090999668688E+02
    0.327948196206943052E-02    0.646976675860048367E+01    0.306637039468272654E+02
    0.325050567973635086E-02    0.646751654565205136E+01    0.306636169555834002E+02
    0.322477914507710234E-02    0.646340877014630966E+01    0.306634569565917623E+02
    0.320249464621170715E-02    0.645727753558934747E+01    0.306310643377767953E+02
    0.317069674755848796E-02    0.645723498581753663E+01    0.306310660283650407E+02
    0.314777946478758371E-02    0.645174315677284849E+01    0.306629937760808247E+02
    0.311659229313937221E-02    0.645165731929064812E+01    0.306629903177607908E+02
    0.308821610183407673E-02    0.644995047990278803E+01    0.306313581257435956E+02
    0.305815811378761480E-02    0.644951207938501891E+01    0.306313758775915943E+02
    0.302791808801032179E-02    0.644938713427137511E+01    0.306313809405691160E+02
    0.308407981854263383E-02    0.641259769470613872E+01    0.306329500675201416E+02
    0.333416668600528118E-02    0.625665881067372709E+01    0.306486090175657395E+02
    0.332755359493965225E-02    0.626062961278431285E+01    0.306444507399858459E+02
    0.332342379552274169E-02    0.626311333793038738E+01    0.306503651918870901E+02
    0.333226785132398904E-02    0.625779815118446781E+01    0.306452386922826463E+02
    0.319046891557774222E-02    0.634476856549049906E+01    0.306578498376839192E+02
    0.323927328936833006E-02    0.631440634595253236E+01    0.306558531155059200E+02
    0.312867073613943896E-02    0.638388790961948693E+01    0.306343071878556117E+02
    0.316127220435888845E-02    0.636315528264673880E+01    0.306353842476068898E+02
    0.328592275867639269E-02    0.628580934212849485E+01    0.306408632819632452E+02
    0.332714822560856638E-02    0.626087327168445196E+01    0.306443934776848863E+02
    0.326545349830911378E-02    0.629830706851255329E+01    0.306396994537576610E+02
    0.321017931758630498E-02    0.633245077292006098E+01    0.306371913106998761E+02
    0.308299319670465649E-02    0.641330248405858150E+01    0.306613611385567140E+02
    0.316142884645686639E-02    0.636305618443111420E+01    0.306353896328327657E+02
    0.331561603451392076E-02    0.626781749082493622E+01    0.306511909651231562E+02
    0.322977121201920448E-02    0.632028176336898362E+01    0.306562736273186118E+02
    0.316619999653665373E-02    0.636004010930890118E+01    0.306587247882702414E+02
    0.327084173452205649E-02    0.629500964252945128E+01    0.306542914152902704E+02
    0.304757437191752537E-02    0.643641239580780322E+01    0.306319158610798148E+02
    0.322178071708264114E-02    0.632523591958449316E+01    0.306376658091241296E+02
    0.309518498057878176E-02    0.640540902462772799E+01    0.306610021152339520E+02
    0.330548845995796243E-02    0.627393585519313923E+01    0.306520619098336589E+02
    0.332285264043289969E-02    0.626345708233930587E+01    0.306438469649280592E+02
    0.333258986542641668E-02    0.625760489028296707E+01    0.306489747512449817E+02
    0.331596352344375395E-02    0.626760789434668375E+01    0.306431217327931051E+02
    0.328850375195583388E-02    0.628423901905446680E+01    0.306410251608192645E+02
    0.324315265043328234E-02    0.631201257450703590E+01    0.306386036663117878E+02
    0.326984187617141353E-02    0.629562111277809411E+01    0.306543458154588215E+02
    0.318508551279282843E-02    0.634814609390771700E+01    0.306580493911588050E+02
    0.325974782166949277E-02    0.630180469429541557E+01    0.306394050426851905E+02
    0.331195952089726386E-02    0.627002433944224968E+01    0.306515250971826276E+02
    0.326119366632083348E-02    0.630091780108976618E+01    0.306548008932874261E+02
    0.326655497084438586E-02    0.629763256078592448E+01    0.306397575805101994E+02
    0.329007870995260418E-02    0.628328139145856390E+01    0.306531535013497738E+02
    0.303362043100461514E-02    0.644559083251661669E+01    0.306315355560447884E+02
    0.332453665029218285E-02    0.626244374623296185E+01    0.306502297612266332E+02
    0.305712872209564076E-02    0.643015206973982778E+01    0.306620987184216638E+02
    0.328531850476613445E-02    0.628617715934155186E+01    0.306408259649328798E+02
    0.333215851305917977E-02    0.625786377619633694E+01    0.306490627474884221E+02
    0.332046995924963582E-02    0.626489171463342309E+01    0.306435795594180398E+02
    0.333538508593528857E-02    0.625592808693982327E+01    0.306482467052065388E+02
    0.332051368512866190E-02    0.626486537764398310E+01    0.306506952317908095E+02
    0.333694191679685670E-02    0.625499478082986915E+01    0.306473218846832118E+02
    0.313228165657605806E-02    0.638158096293758703E+01    0.306344225225714091E+02
    0.314975542307209056E-02    0.637045475572837283E+01    0.306592853779406731E+02
    0.330390753741423814E-02    0.627489262799022907E+01    0.306420949901228958E+02
    0.320279143091508007E-02    0.633705886500671234E+01    0.306573797684618654E+02
    0.322353457123586212E-02    0.632414746751159651E+01    0.306377394722314875E+02
    0.333691092554046784E-02    0.625501335556151083E+01    0.306473782883865340E+02
    0.323212181152586877E-02    0.631882671011955033E+01    0.306381082077138700E+02
    0.326897470014786027E-02    0.629615159166124627E+01    0.306543926796046797E+02
    0.333521480707466792E-02    0.625603019401468430E+01    0.306483041285737983E+02
    0.328952662377447226E-02    0.628361702628857266E+01    0.306531890416404593E+02
    0.313198080287728801E-02    0.638177307091578694E+01    0.306598666406938065E+02
    0.317552451365344214E-02    0.635415872873400556E+01    0.306583958825502734E+02
    0.332419244442694588E-02    0.626265082693102482E+01    0.306440072484940345E+02
    0.333256233041274823E-02    0.625762141504510794E+01    0.306489804937612220E+02
    0.322577569344637081E-02    0.632275747558455858E+01    0.306378343904262138E+02
    0.328845301397154288E-02    0.628426987708568063E+01    0.306532575805031087E+02
    0.329376120184558330E-02    0.628104409995310586E+01    0.306413685131053981E+02
    0.305359430152100366E-02    0.643246565584419816E+01    0.306320823456405336E+02
    0.330998237591678766E-02    0.627121863867956808E+01    0.306516957144534068E+02
    0.309620156027134866E-02    0.640475225432595963E+01    0.306609718229940107E+02
    0.321387039340758534E-02    0.633015248670279096E+01    0.306373399678660228E+02
    0.305681302114128384E-02    0.643035861469422532E+01    0.306621075342964815E+02
    0.320129472807558716E-02    0.633799370743673762E+01    0.306368416089526754E+02
    0.311196134300942241E-02    0.639459799978257415E+01    0.306604947374687242E+02
    0.332393908966113327E-02    0.626280326360568296E+01    0.306503031975715885E+02
    0.325933366185337386E-02    0.630205881587234451E+01    0.306393840876029984E+02
    0.317720503484341266E-02    0.635310058752630002E+01    0.306583356823619297E+02
    0.308440298494717805E-02    0.641238813497151039E+01    0.306329595029009845E+02
    0.328570969582182588E-02    0.628593902853814690E+01    0.306408500993110344E+02
    0.311418147240583119E-02    0.639317167240376261E+01    0.306338531679241157E+02
    0.330545526144735563E-02    0.627395594219554287E+01    0.306422150034822884E+02
    0.333687865229448941E-02    0.625503269884202595E+01    0.306474254239592554E+02
    0.312107118770296602E-02    0.638875182385764617E+01    0.306602121663076730E+02
    0.333337460793476726E-02    0.625713399517687385E+01    0.306488027978387976E+02
    0.324232845647932878E-02    0.631252090623743811E+01    0.306385657169996080E+02
    0.313100180696962785E-02    0.638239832950366459E+01    0.306343815394503203E+02
    0.333491993770562104E-02    0.625620702364738168E+01    0.306483973877414435E+02
    0.313121311231843264E-02    0.638226335786720345E+01    0.306598912211139734E+02
    0.311968587941659258E-02    0.638963973427891752E+01    0.306602554749866485E+02
    0.310757047405635454E-02    0.639742192274764854E+01    0.306336504090387258E+02
    0.322279402122852953E-02    0.632460698489422590E+01    0.306565712156967507E+02
    0.326137750011947208E-02    0.630080506407609864E+01    0.306547914891219584E+02
    0.318768077323065228E-02    0.634651712434265303E+01    0.306363259120318148E+02
    0.332135909734624724E-02    0.626435623677372444E+01    0.306436769526013251E+02
    0.333694493301856139E-02    0.625499297305471558E+01    0.306473154308391393E+02
    0.312190399826642317E-02    0.638821822534502193E+01    0.306340934486520808E+02
    0.311970487836712822E-02    0.638962755427527629E+01    0.306340246371594915E+02
    0.320922626134677530E-02    0.633304463241986237E+01    0.306571262604291874E+02
    0.319991483384865624E-02    0.633885597837785131E+01    0.306574912486454494E+02
    0.331475689148815400E-02    0.626833579834106658E+01    0.306430076501988040E+02
    0.309580670725914534E-02    0.640500732699103104E+01    0.306332959234301789E+02
    0.328803261920931076E-02    0.628452557277863910E+01    0.306409953029235211E+02
    0.332708033644836141E-02    0.626091408131975591E+01    0.306443840033382138E+02
    0.326740132831507355E-02    0.629711443214430489E+01    0.306544769752520807E+02
    0.327093510765615481E-02    0.629495254909055202E+01    0.306399932042542176E+02
    0.332597378566012666E-02    0.626157937024007794E+01    0.306500456155535836E+02
