    0.200053417682647705E+02   -0.443323262915046798E+05   -0.460515351937698814E+01    1
    0.200376069545745850E+02   -0.440639277388721894E+05   -0.461515351937698259E+01    1
    0.204287576675415039E+02   -0.408749625280474866E+05   -0.462515351937698149E+01    1
    0.204768025875091553E+02   -0.404915226471425776E+05   -0.463515351937698661E+01    1
    0.205024766921997070E+02   -0.402873620156612888E+05   -0.464515351937698728E+01    1
    0.205962371826171875E+02   -0.395461614320619774E+05   -0.465515351937698174E+01    1
    0.206012117862701416E+02   -0.395070281821928293E+05   -0.466515351937698153E+01    1
    0.208969593048095703E+02   -0.372153121970507418E+05   -0.467515351937698398E+01    1
    0.209142470359802246E+02   -0.370834697293797799E+05   -0.468515351937698377E+01    1
    0.209524846076965332E+02   -0.367926873049658898E+05   -0.469515351937698444E+01    1
    0.211182129383087158E+02   -0.355456170217302933E+05   -0.470515351937698423E+01    1
    0.399750888347625732E+02   -0.340621510978947917E+05   -0.471515351937698135E+01    1
    0.399358654022216797E+02   -0.337763212563609122E+05   -0.472515351937698025E+01    1
    0.217416632175445557E+02   -0.310468783027454119E+05   -0.473515351937698448E+01    1
    0.217908287048339844E+02   -0.307050508954621582E+05   -0.474515351937698782E+01    1
    0.218590724468231201E+02   -0.302337165846704447E+05   -0.475515351937698494E+01    1
    0.393287897109985352E+02   -0.295060067861086391E+05   -0.476515351937698117E+01    1
    0.220299983024597168E+02   -0.290691968298698121E+05   -0.477515351937698451E+01    1
    0.392612779140472412E+02   -0.290489397672608502E+05   -0.478515351937698341E+01    1
    0.221408843994140625E+02   -0.283259605873570799E+05   -0.479515351937697876E+01    1
    0.222072958946228027E+02   -0.278854332501717909E+05   -0.480515351937698032E+01    1
    0.390405619144439697E+02   -0.275795544476754658E+05   -0.481515351937698277E+01    1
    0.222691953182220459E+02   -0.274779447591065800E+05   -0.482515351937698345E+01    1
    0.388093185424804688E+02   -0.260809945590355237E+05   -0.483515351937698323E+01    1
    0.226504135131835938E+02   -0.250344801334502263E+05   -0.484515351937698480E+01    1
    0.227767276763916016E+02   -0.242499483944924978E+05   -0.485515351937698814E+01    1
    0.384931123256683350E+02   -0.240995978074472550E+05   -0.486515351937698437E+01    1
    0.383540904521942139E+02   -0.232532380085378863E+05   -0.487515351937698149E+01    1
    0.382626366615295410E+02   -0.227047214826303716E+05   -0.488515351937698572E+01    1
    0.382618379592895508E+02   -0.226999599120088169E+05   -0.489515351937698817E+01    1
    0.230345177650451660E+02   -0.226875846717655550E+05   -0.490515351937698973E+01    1
    0.231296205520629883E+02   -0.221243413045661582E+05   -0.491515351937698775E+01    1
    0.381581604480743408E+02   -0.220861124720884764E+05   -0.492515351937698220E+01    1
    0.231615352630615234E+02   -0.219369141694200880E+05   -0.493515351937698199E+01    1
    0.379168415069580078E+02   -0.206899147235601595E+05   -0.494515351937698799E+01    1
    0.233841741085052490E+02   -0.206515957831673513E+05   -0.495515351937699045E+01    1
    0.378299415111541748E+02   -0.201983024697677938E+05   -0.496515351937698846E+01    1
    0.235097277164459229E+02   -0.199438733842179208E+05   -0.497515351937698824E+01    1
    0.235182154178619385E+02   -0.198964751225568507E+05   -0.498515351937698359E+01    1
    0.235458600521087646E+02   -0.197424889101833287E+05   -0.499515351937698426E+01    1
    0.235522150993347168E+02   -0.197071745871110579E+05   -0.500515351937698583E+01    1
    0.377132844924926758E+02   -0.195476433978709501E+05   -0.501515351937698384E+01    1
    0.376941871643066406E+02   -0.194421421184600658E+05   -0.502515351937698451E+01    1
    0.375945413112640381E+02   -0.188962901351742548E+05   -0.503515351937698608E+01    1
    0.239574182033538818E+02   -0.175207814838662453E+05   -0.504515351937698409E+01    1
    0.373360645771026611E+02   -0.175166090652463827E+05   -0.505515351937698298E+01    1
    0.242013251781463623E+02   -0.162666823035995130E+05   -0.506515351937698455E+01    1
    0.243611931800842285E+02   -0.154699546509345382E+05   -0.507515351937697989E+01    1
    0.244259631633758545E+02   -0.151528584252283508E+05   -0.508515351937698501E+01    1
    0.244375109672546387E+02   -0.150966684904985595E+05   -0.509515351937699013E+01    1
    0.245590651035308838E+02   -0.145115368018581430E+05   -0.510515351937699080E+01    1
    0.367039132118225098E+02   -0.143627333565332683E+05   -0.511515351937698348E+01    1
    0.366664814949035645E+02   -0.141857930173456043E+05   -0.512515351937698238E+01    1
    0.366641998291015625E+02   -0.141750430147010447E+05   -0.513515351937698394E+01    1
    0.247429907321929932E+02   -0.136481571072997303E+05   -0.514515351937697751E+01    1
    0.365512335300445557E+02   -0.136479017015053596E+05   -0.515515351937698085E+01    1
    0.247702062129974365E+02   -0.135226520946019373E+05   -0.516515351937698330E+01    1
    0.365126705169677734E+02   -0.134702401588832181E+05   -0.517515351937698220E+01    1
    0.247983646392822266E+02   -0.133934090025205005E+05   -0.518515351937698643E+01    1
    0.248847115039825439E+02   -0.130009596060717886E+05   -0.519515351937698533E+01    1
    0.250111079216003418E+02   -0.124370093359352722E+05   -0.520515351937697623E+01    1
    0.361301362514495850E+02   -0.117709415231243547E+05   -0.521515351937698224E+01    1
    0.360791087150573730E+02   -0.115529262962642097E+05   -0.522515351937697670E+01    1
    0.360324561595916748E+02   -0.113553869623462815E+05   -0.523515351937698092E+01    1
    0.360235536098480225E+02   -0.113178847946264541E+05   -0.524515351937698071E+01    1
    0.359853744506835938E+02   -0.111577579483188802E+05   -0.525515351937698583E+01    1
    0.253206062316894531E+02   -0.111089106752185726E+05   -0.526515351937698739E+01    1
    0.253596878051757812E+02   -0.109465389553472942E+05   -0.527515351937698007E+01    1
    0.253872144222259521E+02   -0.108328921627632953E+05   -0.528515351937697542E+01    1
    0.255513691902160645E+02   -0.101674770635884961E+05   -0.529515351937697609E+01    1
    0.357355952262878418E+02   -0.101383156677845036E+05   -0.530515351937697677E+01    1
    0.255630159378051758E+02   -0.101210674666369341E+05   -0.531515351937698188E+01    1
    0.255659067630767822E+02   -0.101095646464469646E+05   -0.532515351937698078E+01    1
    0.256092572212219238E+02   -0.993785444137253762E+04   -0.533515351937697613E+01    1
    0.256117200851440430E+02   -0.992814325830307280E+04   -0.534515351937697680E+01    1
    0.256667637825012207E+02   -0.971234252588591698E+04   -0.535515351937698103E+01    1
    0.355551838874816895E+02   -0.943236940596260501E+04   -0.536515351937698171E+01    1
    0.355119991302490234E+02   -0.926716791837011806E+04   -0.537515351937698238E+01    1
    0.354930794239044189E+02   -0.919525130651770814E+04   -0.538515351937698128E+01    1
    0.354752385616302490E+02   -0.912769226004407938E+04   -0.539515351937698018E+01    1
    0.354355657100677490E+02   -0.897835388139350653E+04   -0.540515351937698263E+01    1
    0.258589148521423340E+02   -0.897760024323953257E+04   -0.541515351937698153E+01    1
    0.353767514228820801E+02   -0.875922979651869537E+04   -0.542515351937697865E+01    1
    0.353721690177917480E+02   -0.874227086920038346E+04   -0.543515351937697933E+01    1
    0.353526760088118834E+02   -0.867031330069841533E+04   -0.544515351937698178E+01    1
    0.259423065185546875E+02   -0.866772373450575651E+04   -0.545515351937698245E+01    1
    0.261267566680908203E+02   -0.800166054662866554E+04   -0.546515351937698401E+01    1
    0.351601433753967285E+02   -0.797556682888837622E+04   -0.547515351937698025E+01    1
    0.263209020652048622E+02   -0.732935859683567469E+04   -0.548515351937698004E+01    1
    0.349664163589477539E+02   -0.730580114854262320E+04   -0.549515351937697805E+01    1
    0.349296498298645020E+02   -0.718200670246881964E+04   -0.550515351937697694E+01    1
    0.263836514949798584E+02   -0.711837487316059378E+04   -0.551515351937698295E+01    1
    0.348786020278930664E+02   -0.701188130905927665E+04   -0.552515351937698185E+01    1
    0.348065924644470215E+02   -0.677536594426222382E+04   -0.553515351937698163E+01    1
    0.347897338867187500E+02   -0.672058040102531686E+04   -0.554515351937698142E+01    1
    0.265316689014434814E+02   -0.663290450956282803E+04   -0.555515351937698032E+01    1
    0.265389299392700195E+02   -0.660953095310327535E+04   -0.556515351937698544E+01    1
    0.347385907173156738E+02   -0.655574110934703185E+04   -0.557515351937698611E+01    1
    0.346911978721618652E+02   -0.640481743285042921E+04   -0.558515351937698146E+01    1
    0.266187107563018799E+02   -0.635543170559202918E+04   -0.559515351937697680E+01    1
    0.346683025360107422E+02   -0.633253659945395975E+04   -0.560515351937697748E+01    1
    0.266303336620330811E+02   -0.631882898927474980E+04   -0.561515351937697904E+01    1
    0.346398568153381348E+02   -0.624330480478284335E+04   -0.562515351937698060E+01    1
    0.266576385498046875E+02   -0.623325682577321277E+04   -0.563515351937698039E+01    1
    0.346128654479980469E+02   -0.615922090561628920E+04   -0.564515351937698284E+01    1
    0.345712447166442871E+02   -0.603068121528247502E+04   -0.565515351937698085E+01    1
    0.345434869444192145E+02   -0.594570911927051748E+04   -0.566515351937697975E+01    1
    0.267599165439605713E+02   -0.591791054408916170E+04   -0.567515351937697954E+01    1
    0.267758537109506030E+02   -0.586951010885043070E+04   -0.568515351937697666E+01    1
    0.344961577917113829E+02   -0.580221619330359226E+04   -0.569515351937697734E+01    1
    0.344530907469771535E+02   -0.567316905755900916E+04   -0.570515351937697890E+01    1
    0.268826496601104736E+02   -0.555030647353842869E+04   -0.571515351937697780E+01    1
    0.343553125858306885E+02   -0.538557489074101431E+04   -0.572515351937697403E+01    1
    0.342463584191862296E+02   -0.507392564589263475E+04   -0.573515351937697382E+01    1
    0.270897555351257324E+02   -0.495673291060141946E+04   -0.574515351937697805E+01    1
    0.341294336318969727E+02   -0.474981561118727495E+04   -0.575515351937698227E+01    1
    0.271996045112609863E+02   -0.465553009919485703E+04   -0.576515351937698384E+01    1
    0.340694189071655273E+02   -0.458761424563789478E+04   -0.577515351937697918E+01    1
    0.340532058095896701E+02   -0.454427899373732453E+04   -0.578515351937698075E+01    1
    0.339869809150695801E+02   -0.436940650174835719E+04   -0.579515351937698409E+01    1
    0.274065138794590908E+02   -0.411384518249396751E+04   -0.580515351937698565E+01    1
    0.338475394248962402E+02   -0.401242507902965235E+04   -0.581515351937698366E+01    1
    0.274780298016438778E+02   -0.393441201016253990E+04   -0.582515351937698256E+01    1
    0.337965893745422363E+02   -0.388578595571561937E+04   -0.583515351937698412E+01    1
    0.337904071233444867E+02   -0.387055789121984481E+04   -0.584515351937698391E+01    1
    0.275070250034332275E+02   -0.386280393629161608E+04   -0.585515351937697837E+01    1
    0.275181925089206771E+02   -0.383539964338563777E+04   -0.586515351937697371E+01    1
    0.337505424022674561E+02   -0.377308201346827991E+04   -0.587515351937697705E+01    1
    0.275454294681549072E+02   -0.376897146194723155E+04   -0.588515351937697684E+01    1
    0.275549745559692383E+02   -0.374582938889234038E+04   -0.589515351937697751E+01    1
    0.276145172119140625E+02   -0.360307840613916187E+04   -0.590515351937697286E+01    1
    0.336783075332641602E+02   -0.359962538274748704E+04   -0.591515351937697531E+01    1
    0.276176047325134277E+02   -0.359575189953444487E+04   -0.592515351937697687E+01    1
    0.336686146259307861E+02   -0.357666077907656609E+04   -0.593515351937697400E+01    1
    0.276387941837310791E+02   -0.354567192600538419E+04   -0.594515351937698000E+01    1
    0.336373341083526611E+02   -0.350305212661497171E+04   -0.595515351937698156E+01    1
    0.335619413852691650E+02   -0.332878763790878065E+04   -0.596515351937697336E+01    1
    0.277524177782157935E+02   -0.328312548328389630E+04   -0.597515351937696959E+01    1
    0.278280425071716309E+02   -0.311398397907994558E+04   -0.598515351937697559E+01    1
    0.334436023235321045E+02   -0.306423004378225141E+04   -0.599515351937697627E+01    1
    0.278599663803866093E+02   -0.304392730801849029E+04   -0.600515351937697517E+01    1
    0.334026741981506348E+02   -0.297528311910930006E+04   -0.601515351937697851E+01    1
    0.280108945838471826E+02   -0.272351928230565727E+04   -0.602515351937697829E+01    1
    0.332009656139755052E+02   -0.255607813323254186E+04   -0.603515351937697453E+01    1
    0.280942998332224079E+02   -0.255410733314006666E+04   -0.604515351937697520E+01    1
    0.280961273580049777E+02   -0.255045625408983096E+04   -0.605515351937697410E+01    1
    0.280970609188079834E+02   -0.254859216973516641E+04   -0.606515351937697478E+01    1
    0.331944574473011897E+02   -0.254308284034995040E+04   -0.607515351937697723E+01    1
    0.281156137614645161E+02   -0.251168835918144941E+04   -0.608515351937697790E+01    1
    0.331349194049835205E+02   -0.242573846390795825E+04   -0.609515351937697769E+01    1
    0.330718195402447179E+02   -0.230440313674814115E+04   -0.610515351937697481E+01    1
    0.282676026783295669E+02   -0.221951050633591558E+04   -0.611515351937697282E+01    1
    0.330259561538696289E+02   -0.221816816444700589E+04   -0.612515351937697528E+01    1
    0.330118991412533589E+02   -0.219206706880771981E+04   -0.613515351937697417E+01    1
    0.283661377429962158E+02   -0.203975308790033887E+04   -0.614515351937697485E+01    1
    0.329234271334173485E+02   -0.203134271513602152E+04   -0.615515351937697819E+01    1
    0.283962392807006836E+02   -0.198635458271128982E+04   -0.616515351937697620E+01    1
    0.284712634711248214E+02   -0.185635295186357780E+04   -0.617515351937697776E+01    1
    0.284961216794033199E+02   -0.181425063685752411E+04   -0.618515351937698288E+01    1
    0.285129308700561523E+02   -0.178605509187294729E+04   -0.619515351937698000E+01    1
    0.327501722402316915E+02   -0.173434573322771962E+04   -0.620515351937697535E+01    1
    0.285821089618493147E+02   -0.167234497566558048E+04   -0.621515351937697247E+01    1
    0.287311065316332481E+02   -0.144015781116400990E+04   -0.622515351937697314E+01    1
    0.287966055486914065E+02   -0.134358822038246603E+04   -0.623515351937697559E+01    1
    0.288238620758056641E+02   -0.130439171973542193E+04   -0.624515351937698071E+01    1
    0.288789260387420654E+02   -0.122698081266509257E+04   -0.625515351937697694E+01    1
    0.324021225819387837E+02   -0.120873403986136009E+04   -0.626515351937697407E+01    1
    0.323991631245382337E+02   -0.120467139849858972E+04   -0.627515351937697385E+01    1
    0.323823239523288180E+02   -0.118168566344842270E+04   -0.628515351937697986E+01    1
    0.323423671722412109E+02   -0.112803234636355137E+04   -0.629515351937697432E+01    1
    0.289695620536804199E+02   -0.110473059270263002E+04   -0.630515351937697766E+01    1
    0.289717936515808105E+02   -0.110180172678518966E+04   -0.631515351937697567E+01    1
    0.289948225021362305E+02   -0.107180516298561383E+04   -0.632515351937697190E+01    1
    0.322723920727159097E+02   -0.103708202907044620E+04   -0.633515351937697790E+01    1
    0.290294516086578369E+02   -0.102748007380905665E+04   -0.634515351937697858E+01    1
    0.290359943297511229E+02   -0.101921086555474392E+04   -0.635515351937697659E+01    1
    0.290715599060058594E+02   -0.974846493721250226E+03   -0.636515351937697371E+01    1
    0.290764796733856201E+02   -0.968787559058516990E+03   -0.637515351937697350E+01    1
    0.322073489756748188E+02   -0.955979679258465126E+03   -0.638515351937697861E+01    1
    0.322038832878164527E+02   -0.951751245575317625E+03   -0.639515351937698195E+01    1
    0.291093334049052572E+02   -0.928812349636810836E+03   -0.640515351937697730E+01    1
    0.321567232501108151E+02   -0.895146548022198886E+03   -0.641515351937697620E+01    1
    0.321446461690201488E+02   -0.880930847847944960E+03   -0.642515351937697776E+01    1
    0.321425598190434698E+02   -0.878486612225609974E+03   -0.643515351937697222E+01    1
    0.291768777370452881E+02   -0.849281343496207114E+03   -0.644515351937697556E+01    1
    0.321086444715699173E+02   -0.839231483369337070E+03   -0.645515351937697535E+01    1
    0.320990729331970215E+02   -0.828315889493854002E+03   -0.646515351937697513E+01    1
    0.320969259738922119E+02   -0.825877297830125940E+03   -0.647515351937697048E+01    1
    0.292044524504029148E+02   -0.817839804341515787E+03   -0.648515351937697559E+01    1
    0.292177194008189716E+02   -0.802924514980191930E+03   -0.649515351937697538E+01    1
    0.292413347215066608E+02   -0.776716067288618319E+03   -0.650515351937697694E+01    1
    0.292609966585005843E+02   -0.755228190366454101E+03   -0.651515351937697318E+01    1
    0.292693567276000977E+02   -0.746183448848841977E+03   -0.652515351937697652E+01    1
    0.320157027244567871E+02   -0.736271725155337094E+03   -0.653515351937697631E+01    1
    0.293165911439215918E+02   -0.696108529497950258E+03   -0.654515351937697609E+01    1
    0.319637192163009942E+02   -0.681633979563031062E+03   -0.655515351937696966E+01    1
    0.293437802320930636E+02   -0.668076462089565098E+03   -0.656515351937697567E+01    1
    0.293477438222896438E+02   -0.664038316494665423E+03   -0.657515351937698256E+01    1
    0.319355142546877460E+02   -0.652874208512761697E+03   -0.658515351937698501E+01    1
    0.318838798999786377E+02   -0.601837845980443944E+03   -0.659515351937696881E+01    1
    0.294168458459784752E+02   -0.595612828208825931E+03   -0.660515351937696948E+01    1
    0.294182987313941666E+02   -0.594214292416078138E+03   -0.661515351937697371E+01    1
    0.318756032939681013E+02   -0.593851190525756010E+03   -0.662515351937697705E+01    1
    0.318674966366469192E+02   -0.586080517903263853E+03   -0.663515351937697861E+01    1
    0.318670201301574707E+02   -0.585625361420982244E+03   -0.664515351937698107E+01    1
    0.318613801053387498E+02   -0.580251542990826010E+03   -0.665515351937697286E+01    1
    0.294477915763854980E+02   -0.566181971639131120E+03   -0.666515351937697353E+01    1
    0.318382036685943604E+02   -0.558430447662542747E+03   -0.667515351937697510E+01    1
    0.318336871560597601E+02   -0.554227016517190805E+03   -0.668515351937697488E+01    1
    0.294692814350128174E+02   -0.546185179617247059E+03   -0.669515351937697734E+01    1
    0.294842708904393227E+02   -0.532451196271468007E+03   -0.670515351937697446E+01    1
    0.318061387538909912E+02   -0.528934018951631060E+03   -0.671515351937697247E+01    1
    0.318034626378811254E+02   -0.526508659170511919E+03   -0.672515351937697314E+01    1
    0.317846214771270752E+02   -0.509591636380439581E+03   -0.673515351937697382E+01    1
    0.317523809705468700E+02   -0.481288319027230784E+03   -0.674515351937697183E+01    1
    0.317398365001278293E+02   -0.470495680776997403E+03   -0.675515351937697428E+01    1
    0.295562125156164264E+02   -0.468983208304513198E+03   -0.676515351937697584E+01    1
    0.317111754417419434E+02   -0.446299414685632769E+03   -0.677515351937697829E+01    1
    0.295873470329044466E+02   -0.442772071007609611E+03   -0.678515351937697098E+01    1
    0.296204156673374968E+02   -0.415763723576024006E+03   -0.679515351937697432E+01    1
    0.316673882099356838E+02   -0.410575069801102586E+03   -0.680515351937697410E+01    1
    0.296416231194546071E+02   -0.398893396307392379E+03   -0.681515351937697567E+01    1
    0.316425788402557373E+02   -0.391000203673793010E+03   -0.682515351937697723E+01    1
    0.296797757461950695E+02   -0.369429843210359309E+03   -0.683515351937697613E+01    1
    0.316087514023377096E+02   -0.365086406904076966E+03   -0.684515351937697059E+01    1
    0.297195090247701685E+02   -0.339956983721719610E+03   -0.685515351937697126E+01    1
    0.315306722934243133E+02   -0.308693430650845471E+03   -0.686515351937697371E+01    1
    0.297648413894447756E+02   -0.307840366298478841E+03   -0.687515351937697083E+01    1
    0.297747013232407589E+02   -0.301067915706095619E+03   -0.688515351937697062E+01    1
    0.297807277550651008E+02   -0.296966041492069223E+03   -0.689515351937697307E+01    1
    0.297845220565795898E+02   -0.294398046602468980E+03   -0.690515351937697019E+01    1
    0.297989841554144945E+02   -0.284713402817340295E+03   -0.691515351937697176E+01    1
    0.314949446980427368E+02   -0.284480610456068632E+03   -0.692515351937697421E+01    1
    0.314933204650878906E+02   -0.283403604998160915E+03   -0.693515351937697400E+01    1
    0.298298478126525879E+02   -0.264592928791426175E+03   -0.694515351937697556E+01    1
    0.314610283061992888E+02   -0.262419852886625449E+03   -0.695515351937697623E+01    1
    0.298447099538598337E+02   -0.255170092221240225E+03   -0.696515351937697869E+01    1
    0.314358860719269941E+02   -0.246647433570146006E+03   -0.697515351937697670E+01    1
    0.298657464981079102E+02   -0.242128190513650509E+03   -0.698515351937697471E+01    1
    0.298711259725241902E+02   -0.238848734251849464E+03   -0.699515351937697627E+01    1
    0.299251440101055479E+02   -0.207173980914109507E+03   -0.700515351937697339E+01    1
    0.313644777143942157E+02   -0.204549752208360474E+03   -0.701515351937697229E+01    1
    0.299376650820683636E+02   -0.200158075060356396E+03   -0.702515351937697385E+01    1
    0.313566099402983482E+02   -0.200155577505695391E+03   -0.703515351937696920E+01    1
    0.313529566195597447E+02   -0.198131662860315799E+03   -0.704515351937696899E+01    1
    0.313498391209945240E+02   -0.196412852447394528E+03   -0.705515351937697233E+01    1
    0.313488898212478730E+02   -0.195890974038259174E+03   -0.706515351937697300E+01    1
    0.299468679828951707E+02   -0.195079690161808088E+03   -0.707515351937697190E+01    1
    0.313446926150054210E+02   -0.193592011415498007E+03   -0.708515351937697524E+01    1
    0.313305896702974991E+02   -0.185968339248485449E+03   -0.709515351937697947E+01    1
    0.299656418554768251E+02   -0.184925404292449059E+03   -0.710515351937697481E+01    1
    0.313267148185078419E+02   -0.183900966589624858E+03   -0.711515351937697194E+01    1
    0.299765777587890625E+02   -0.179137645057080988E+03   -0.712515351937697261E+01    1
    0.313116370384316767E+02   -0.175968287085963595E+03   -0.713515351937696796E+01    1
    0.299864439185930145E+02   -0.173996377740749040E+03   -0.714515351937696508E+01    1
    0.313005732285701512E+02   -0.170260639439236797E+03   -0.715515351937696753E+01    1
    0.299988540336699359E+02   -0.167637665082393738E+03   -0.716515351937696821E+01    1
    0.312949596796853982E+02   -0.167401342604828812E+03   -0.717515351937696444E+01    1
    0.312921134262115466E+02   -0.165961010558577158E+03   -0.718515351937696511E+01    1
    0.300033346176410802E+02   -0.165371520897616136E+03   -0.719515351937696845E+01    1
    0.300040705902247709E+02   -0.165000790985132625E+03   -0.720515351937697446E+01    1
    0.300067792628691485E+02   -0.163640009297957334E+03   -0.721515351937697869E+01    1
    0.312842449154237237E+02   -0.162012192429005580E+03   -0.722515351937697670E+01    1
    0.300221610131772110E+02   -0.156021454505561991E+03   -0.723515351937696849E+01    1
    0.312704258432395790E+02   -0.155194394547575143E+03   -0.724515351937696384E+01    1
    0.300274551350527652E+02   -0.153442131661092020E+03   -0.725515351937697073E+01    1
    0.312582937230966067E+02   -0.149332114440409640E+03   -0.726515351937697051E+01    1
    0.300375793921611063E+02   -0.148570645490388472E+03   -0.727515351937696853E+01    1
    0.300401878356933594E+02   -0.147328541944623453E+03   -0.728515351937696742E+01    1
    0.300604206604293118E+02   -0.137874859030636571E+03   -0.729515351937696988E+01    1
    0.300721456142152732E+02   -0.132543107024166858E+03   -0.730515351937697766E+01    1
    0.312146743103620210E+02   -0.129206982947991833E+03   -0.731515351937697655E+01    1
    0.312139256441917468E+02   -0.128874565488329921E+03   -0.732515351937697723E+01    1
    0.312059656035432624E+02   -0.125367339456060407E+03   -0.733515351937697524E+01    1
    0.300902098351427654E+02   -0.124539304001795244E+03   -0.734515351937696614E+01    1
    0.300928607228617757E+02   -0.123386257217550948E+03   -0.735515351937696948E+01    1
    0.311960008072257828E+02   -0.121046727101125327E+03   -0.736515351937697105E+01    1
    0.311941581215910233E+02   -0.120256278057897461E+03   -0.737515351937696906E+01    1
    0.301171484908200782E+02   -0.113078005149010608E+03   -0.738515351937697240E+01    1
    0.311744309599789347E+02   -0.111960561504705893E+03   -0.739515351937697218E+01    1
    0.311712734717511637E+02   -0.110661050792394832E+03   -0.740515351937697464E+01    1
    0.311659813084804753E+02   -0.108500486956744709E+03   -0.741515351937697265E+01    1
    0.311603258475337341E+02   -0.106215839487562150E+03   -0.742515351937696799E+01    1
    0.311591345405121274E+02   -0.105737777673081879E+03   -0.743515351937697044E+01    1
    0.311578325119362702E+02   -0.105216554952701074E+03   -0.744515351937697023E+01    1
    0.301389367536149777E+02   -0.104223565236859883E+03   -0.745515351937696646E+01    1
    0.311446663610397998E+02   -0.100020500197338151E+03   -0.746515351937696536E+01    1
    0.301511195918991994E+02   -0.994346342428131322E+02   -0.747515351937696515E+01    1
    0.311430166944914397E+02   -0.993790222505340637E+02   -0.748515351937696671E+01    1
    0.311361639443047125E+02   -0.967371160623041533E+02   -0.749515351937696561E+01    1
    0.311308991909027100E+02   -0.947323941278238948E+02   -0.750515351937696362E+01    1
    0.311292693373900065E+02   -0.941161743147363694E+02   -0.751515351937696874E+01    1
    0.301665754962857449E+02   -0.935263132844792580E+02   -0.752515351937696853E+01    1
    0.311253048509253389E+02   -0.926259511215670415E+02   -0.753515351937696742E+01    1
    0.311239540638744963E+02   -0.921210099876388568E+02   -0.754515351937696721E+01    1
    0.311222440009345505E+02   -0.914838158903583007E+02   -0.755515351937696877E+01    1
    0.311215096952016737E+02   -0.912109055837561442E+02   -0.756515351937697211E+01    1
    0.311204182213782090E+02   -0.908060310900404346E+02   -0.757515351937696835E+01    1
    0.301742505229529598E+02   -0.906618763091993571E+02   -0.758515351937696991E+01    1
    0.311163063927242689E+02   -0.892891521283050480E+02   -0.759515351937697325E+01    1
    0.301829749056889014E+02   -0.874618081304654709E+02   -0.760515351937697126E+01    1
    0.310971887902395281E+02   -0.824103834647126519E+02   -0.761515351937696572E+01    1
    0.301985353425335781E+02   -0.819022195172380378E+02   -0.762515351937696639E+01    1
    0.302144415113246509E+02   -0.764150227877765218E+02   -0.763515351937696973E+01    1
    0.302179219910494758E+02   -0.752407637267177734E+02   -0.764515351937696952E+01    1
    0.302217071334828731E+02   -0.739744812858911871E+02   -0.765515351937697019E+01    1
    0.302222373966310727E+02   -0.737979826487989357E+02   -0.766515351937697087E+01    1
    0.310644590446681867E+02   -0.712980300842000503E+02   -0.767515351937697066E+01    1
    0.302302873873544655E+02   -0.711455717196243143E+02   -0.768515351937697044E+01    1
    0.310453505034007726E+02   -0.651980649540338106E+02   -0.769515351937697201E+01    1
    0.310408473014831543E+02   -0.638021413446726342E+02   -0.770515351937697446E+01    1
    0.302657364532318702E+02   -0.600689666129061308E+02   -0.771515351937697069E+01    1
    0.302673785085918681E+02   -0.595797218187831987E+02   -0.772515351937696959E+01    1
    0.302674594508173733E+02   -0.595556599495818375E+02   -0.773515351937697382E+01    1
    0.310174528847122062E+02   -0.568057001213149135E+02   -0.774515351937697538E+01    1
    0.310148978959441948E+02   -0.560675458255179180E+02   -0.775515351937697517E+01    1
    0.310073775549500503E+02   -0.539245252222318214E+02   -0.776515351937697407E+01    1
    0.302876806259155273E+02   -0.537051647341038887E+02   -0.777515351937697297E+01    1
    0.303014201545396915E+02   -0.499126183273662463E+02   -0.778515351937696565E+01    1
    0.309914354230240576E+02   -0.495280170729340483E+02   -0.779515351937696011E+01    1
    0.303059126388390965E+02   -0.487046112281295862E+02   -0.780515351937696522E+01    1
    0.309821609311338868E+02   -0.470618507426463211E+02   -0.781515351937697123E+01    1
    0.309812240850075860E+02   -0.468164800301071864E+02   -0.782515351937697279E+01    1
    0.309804718895590980E+02   -0.466199687556627325E+02   -0.783515351937697524E+01    1
    0.309672616533395377E+02   -0.432409898469305816E+02   -0.784515351937695993E+01    1
    0.303310362366687372E+02   -0.422402506627763685E+02   -0.785515351937696593E+01    1
    0.309615415815178565E+02   -0.418202675332526752E+02   -0.786515351937697016E+01    1
    0.303333093587641329E+02   -0.416797480761762316E+02   -0.787515351937697172E+01    1
    0.303345951730451375E+02   -0.413644854328049476E+02   -0.788515351937697417E+01    1
    0.309552834613452994E+02   -0.402952498690090053E+02   -0.789515351937696952E+01    1
    0.303410737954301801E+02   -0.397957133552050877E+02   -0.790515351937697019E+01    1
    0.303416053504983232E+02   -0.396684580591190894E+02   -0.791515351937696643E+01    1
    0.303457120699005785E+02   -0.386927577030071319E+02   -0.792515351937696444E+01    1
    0.309485580830022826E+02   -0.386905475316600729E+02   -0.793515351937696778E+01    1
    0.309447306659978238E+02   -0.377931204787705894E+02   -0.794515351937696490E+01    1
    0.309423390148277413E+02   -0.372381643080769180E+02   -0.795515351937696735E+01    1
    0.309340822696685791E+02   -0.353566934328443949E+02   -0.796515351937696447E+01    1
    0.303603744274559588E+02   -0.353169046464434047E+02   -0.797515351937695893E+01    1
    0.303629740917641868E+02   -0.347359252154213536E+02   -0.798515351937696582E+01    1
    0.309303461237685475E+02   -0.345228741016352387E+02   -0.799515351937696650E+01    1
    0.303668875978198791E+02   -0.338713025914586012E+02   -0.800515351937696096E+01    1
    0.303677503303740970E+02   -0.336823094564351635E+02   -0.801515351937696785E+01    1
    0.303746097328929423E+02   -0.322003993732946299E+02   -0.802515351937697652E+01    1
    0.309195610302616508E+02   -0.321772003207110302E+02   -0.803515351937696920E+01    1
    0.309146701491824700E+02   -0.311434828769301433E+02   -0.804515351937696543E+01    1
    0.303840841041843213E+02   -0.302141250915869897E+02   -0.805515351937697233E+01    1
    0.303864068481887131E+02   -0.297378945733216682E+02   -0.806515351937697034E+01    1
    0.303866178077297278E+02   -0.296948509172655406E+02   -0.807515351937696657E+01    1
    0.309043736261657216E+02   -0.290284617915197920E+02   -0.808515351937696636E+01    1
    0.303901625262048434E+02   -0.289768065497877956E+02   -0.809515351937696259E+01    1
    0.303904118014323714E+02   -0.289266817170137003E+02   -0.810515351937696593E+01    1
    0.309006718017572446E+02   -0.282883495662374322E+02   -0.811515351937696572E+01    1
    0.309005551580974540E+02   -0.282652031406932416E+02   -0.812515351937696728E+01    1
    0.308989193438456056E+02   -0.279417190865812444E+02   -0.813515351937696707E+01    1
    0.303957512208911496E+02   -0.278646996191732015E+02   -0.814515351937696508E+01    1
    0.304085788084456432E+02   -0.254045803761667273E+02   -0.815515351937696664E+01    1
    0.304116090078027526E+02   -0.248422475746229559E+02   -0.816515351937696643E+01    1
    0.304124466794256030E+02   -0.246880639324848872E+02   -0.817515351937696622E+01    1
    0.304135184624319876E+02   -0.244915903254630294E+02   -0.818515351937696600E+01    1
    0.304171011931111224E+02   -0.238413505583076493E+02   -0.819515351937696224E+01    1
    0.304176081223959720E+02   -0.237501580619004784E+02   -0.820515351937696558E+01    1
    0.308755158867422139E+02   -0.235430430714917769E+02   -0.821515351937696714E+01    1
    0.304192392226994883E+02   -0.234581013192334140E+02   -0.822515351937696693E+01    1
    0.304204219066552000E+02   -0.232476384119754655E+02   -0.823515351937696671E+01    1
    0.304223135218038188E+02   -0.229132949715620207E+02   -0.824515351937696295E+01    1
    0.308692093481798651E+02   -0.224310722862219301E+02   -0.825515351937696096E+01    1
    0.304254523695797126E+02   -0.223646835648094644E+02   -0.826515351937696252E+01    1
    0.308673543546965305E+02   -0.221099254423553191E+02   -0.827515351937696408E+01    1
    0.304285943508148193E+02   -0.218232491670565807E+02   -0.828515351937696565E+01    1
    0.304286926306284045E+02   -0.218064379867748350E+02   -0.829515351937696543E+01    1
    0.308644211982009971E+02   -0.216076184590216407E+02   -0.830515351937696344E+01    1
    0.308641487154075591E+02   -0.215612973266472636E+02   -0.831515351937696146E+01    1
    0.308610278873277366E+02   -0.210349126230001318E+02   -0.832515351937696302E+01    1
    0.308596694190804897E+02   -0.208081639966194238E+02   -0.833515351937696813E+01    1
    0.304368082473003199E+02   -0.204443206205294459E+02   -0.834515351937696437E+01    1
    0.304386926845318939E+02   -0.201354148619937092E+02   -0.835515351937696593E+01    1
    0.304388048607217137E+02   -0.201171140873777929E+02   -0.836515351937696927E+01    1
    0.304397710825592078E+02   -0.199598894978142667E+02   -0.837515351937696906E+01    1
    0.308527451330816120E+02   -0.196748469675599154E+02   -0.838515351937696174E+01    1
    0.308520769577808736E+02   -0.195674706570896966E+02   -0.839515351937695975E+01    1
    0.304460695479118328E+02   -0.189529075357184311E+02   -0.840515351937696487E+01    1
    0.304470328088619979E+02   -0.188016419903513174E+02   -0.841515351937696821E+01    1
    0.304501007444916532E+02   -0.183247102138007669E+02   -0.842515351937696266E+01    1
    0.308416522307225520E+02   -0.179374743519065305E+02   -0.843515351937695534E+01    1
    0.308399954888699028E+02   -0.176862633413818529E+02   -0.844515351937695691E+01    1
    0.304565041596859700E+02   -0.173529952580419966E+02   -0.845515351937696202E+01    1
    0.308374666183113604E+02   -0.173069551447918890E+02   -0.846515351937696536E+01    1
    0.308372387123253162E+02   -0.172730171976543758E+02   -0.847515351937696160E+01    1
    0.308369705832634651E+02   -0.172331416113531901E+02   -0.848515351937696316E+01    1
    0.308357739309071412E+02   -0.170558641278491407E+02   -0.849515351937696295E+01    1
    0.304598393097594311E+02   -0.168596016022606925E+02   -0.850515351937696629E+01    1
    0.308316138135563591E+02   -0.164482886097888397E+02   -0.851515351937696785E+01    1
    0.308313205569984987E+02   -0.164059703746770182E+02   -0.852515351937696408E+01    1
    0.308237249425761561E+02   -0.153333443027114136E+02   -0.853515351937696032E+01    1
    0.304794534972592182E+02   -0.141341261170222978E+02   -0.854515351937695655E+01    1
    0.308117625141066860E+02   -0.137356328789177500E+02   -0.855515351937696344E+01    1
    0.304827795773136856E+02   -0.137018199879103921E+02   -0.856515351937696323E+01    1
    0.308066327857730116E+02   -0.130848226001135899E+02   -0.857515351937696124E+01    1
    0.308059167861938477E+02   -0.129956218710091385E+02   -0.858515351937696103E+01    1
    0.304919253027277293E+02   -0.125577559720487848E+02   -0.859515351937696259E+01    1
    0.308020073087360871E+02   -0.125156493707432901E+02   -0.860515351937696771E+01    1
    0.308002253287879135E+02   -0.123008429394674650E+02   -0.861515351937696039E+01    1
    0.307979614576848881E+02   -0.120315328386804055E+02   -0.862515351937695662E+01    1
    0.307967367555884621E+02   -0.118875146726453700E+02   -0.863515351937696352E+01    1
    0.304985113442860047E+02   -0.117744464966419038E+02   -0.864515351937696508E+01    1
    0.304985696188878741E+02   -0.117676671807545663E+02   -0.865515351937695954E+01    1
    0.304988051851715412E+02   -0.117402899141204955E+02   -0.866515351937696288E+01    1
    0.307951477533556535E+02   -0.117024069332990628E+02   -0.867515351937696266E+01    1
    0.307950041619422095E+02   -0.116857769129596551E+02   -0.868515351937696423E+01    1
    0.307932853738373034E+02   -0.114879686965435042E+02   -0.869515351937696934E+01    1
    0.307914219756532042E+02   -0.112761307493181153E+02   -0.870515351937696735E+01    1
    0.305056440830230713E+02   -0.109644186085274136E+02   -0.871515351937696181E+01    1
    0.305068745411270470E+02   -0.108287099962066282E+02   -0.872515351937695982E+01    1
    0.307866920274056000E+02   -0.107506202370820994E+02   -0.873515351937696316E+01    1
    0.305107943673256869E+02   -0.104042903223266094E+02   -0.874515351937695762E+01    1
    0.305127046377502218E+02   -0.102018149898269410E+02   -0.875515351937695741E+01    1
    0.307808464375710642E+02   -0.101253574405812223E+02   -0.876515351937696252E+01    1
    0.307792610274169434E+02   -0.996038852039411182E+01   -0.877515351937696231E+01    1
    0.307787900140928734E+02   -0.991175665150320206E+01   -0.878515351937696209E+01    1
    0.305187681405034823E+02   -0.957805151551731804E+01   -0.879515351937696188E+01    1
    0.307754948734036091E+02   -0.957639288552512369E+01   -0.880515351937695812E+01    1
    0.307743179798126221E+02   -0.945867441244312168E+01   -0.881515351937695790E+01    1
    0.307727480608861086E+02   -0.930333165851538624E+01   -0.882515351937695769E+01    1
    0.307704035152069437E+02   -0.907493239620875514E+01   -0.883515351937695925E+01    1
    0.307689631942917217E+02   -0.893675412926778279E+01   -0.884515351937695904E+01    1
    0.307660515731872053E+02   -0.866238553145702106E+01   -0.885515351937696238E+01    1
    0.305283403396606445E+02   -0.865192745000172003E+01   -0.886515351937696394E+01    1
    0.307645151291532883E+02   -0.852027810600039182E+01   -0.887515351937696018E+01    1
    0.307619237899780273E+02   -0.828478923133434186E+01   -0.888515351937696174E+01    1
    0.305324001424728451E+02   -0.828079896762324985E+01   -0.889515351937696330E+01    1
    0.307599749156268558E+02   -0.811114811559127524E+01   -0.890515351937696309E+01    1
    0.305347684563764368E+02   -0.807025774417733999E+01   -0.891515351937696288E+01    1
    0.307580095842052472E+02   -0.793905190316686848E+01   -0.892515351937696089E+01    1
    0.305364376563085642E+02   -0.792450524232838749E+01   -0.893515351937696423E+01    1
    0.305370088119960847E+02   -0.787513350171018978E+01   -0.894515351937696579E+01    1
    0.305375738016719467E+02   -0.782654602871605931E+01   -0.895515351937696202E+01    1
    0.305397728537528224E+02   -0.763981317901893764E+01   -0.896515351937696181E+01    1
    0.305410579841650893E+02   -0.753243883154129357E+01   -0.897515351937695982E+01    1
    0.305416642312951616E+02   -0.748223491724769385E+01   -0.898515351937695428E+01    1
    0.307505337081679500E+02   -0.731204734058031747E+01   -0.899515351937695407E+01    1
    0.307505011756554509E+02   -0.730941444125416773E+01   -0.900515351937695741E+01    1
    0.307483172416687012E+02   -0.713456055868959016E+01   -0.901515351937696252E+01    1
    0.305462778530759600E+02   -0.710960314996835407E+01   -0.902515351937696408E+01    1
    0.307469264390301653E+02   -0.702515384263592857E+01   -0.903515351937696032E+01    1
    0.307458436489105225E+02   -0.694102517295251520E+01   -0.904515351937695833E+01    1
    0.305485517601455641E+02   -0.693207533481621585E+01   -0.905515351937695989E+01    1
    0.307455756052900675E+02   -0.692034093597000055E+01   -0.906515351937695790E+01    1
    0.305523469506561085E+02   -0.664479439476948297E+01   -0.907515351937695591E+01    1
    0.307403694697440741E+02   -0.652975247828799255E+01   -0.908515351937695925E+01    1
    0.307387509856360417E+02   -0.641264989922474538E+01   -0.909515351937696437E+01    1
    0.307358632534526919E+02   -0.620880674830460766E+01   -0.910515351937696060E+01    1
    0.305586586767518931E+02   -0.619199211328733945E+01   -0.911515351937695506E+01    1
    0.307347625041348635E+02   -0.613282408949726143E+01   -0.912515351937696195E+01    1
    0.307328086301291918E+02   -0.600028805702614410E+01   -0.913515351937696529E+01    1
    0.307312660484194780E+02   -0.589776221523115041E+01   -0.914515351937696153E+01    1
    0.305631089599945263E+02   -0.589147685509501162E+01   -0.915515351937696131E+01    1
    0.307310997918945219E+02   -0.588682338374712177E+01   -0.916515351937695577E+01    1
    0.307307984956690348E+02   -0.586705477083986437E+01   -0.917515351937695733E+01    1
    0.305640937993268871E+02   -0.582706863617596493E+01   -0.918515351937696067E+01    1
    0.305651490950410647E+02   -0.575889532817319605E+01   -0.919515351937696046E+01    1
    0.305661700874860216E+02   -0.569376784400417435E+01   -0.920515351937696202E+01    1
    0.307279577295055617E+02   -0.568416064912104968E+01   -0.921515351937696536E+01    1
    0.305668994009886426E+02   -0.564774577118162835E+01   -0.922515351937696337E+01    1
    0.305675853133085553E+02   -0.560484242955077150E+01   -0.923515351937695961E+01    1
    0.307266381678385443E+02   -0.560135357400492051E+01   -0.924515351937695584E+01    1
    0.305680174984404616E+02   -0.557799869950338412E+01   -0.925515351937695918E+01    1
    0.307255376657015624E+02   -0.553333574841501186E+01   -0.926515351937696607E+01    1
    0.307254778875981174E+02   -0.552966824229598686E+01   -0.927515351937695876E+01    1
    0.307246087438339366E+02   -0.547666056700416615E+01   -0.928515351937695499E+01    1
    0.307245976498104802E+02   -0.547598778293324084E+01   -0.929515351937696188E+01    1
    0.305702194140161403E+02   -0.544350444854037896E+01   -0.930515351937696522E+01    1
    0.305709153741684716E+02   -0.540178425694953290E+01   -0.931515351937695790E+01    1
    0.305712596061927364E+02   -0.538128900296013768E+01   -0.932515351937696657E+01    1
    0.307214888807677724E+02   -0.529125662595566038E+01   -0.933515351937696458E+01    1
    0.305742660334329983E+02   -0.520623225382702248E+01   -0.934515351937696082E+01    1
    0.305744615440065282E+02   -0.519509320484806736E+01   -0.935515351937695883E+01    1
    0.307192697241418919E+02   -0.516401669135060182E+01   -0.936515351937696394E+01    1
    0.305753273935978598E+02   -0.514612187973592405E+01   -0.937515351937696728E+01    1
    0.305755333645014602E+02   -0.513455884843941579E+01   -0.938515351937696352E+01    1
    0.307186155755494745E+02   -0.512724545822201705E+01   -0.939515351937695797E+01    1
    0.307178902626037598E+02   -0.508686555625127745E+01   -0.940515351937695776E+01    1
    0.305764342544997874E+02   -0.508437397385010037E+01   -0.941515351937695755E+01    1
    0.307177115273055392E+02   -0.507697818599881323E+01   -0.942515351937696089E+01    1
    0.307171475271481214E+02   -0.504594251139901306E+01   -0.943515351937695712E+01    1
    0.305775737747287337E+02   -0.502180611262833043E+01   -0.944515351937694980E+01    1
    0.307149150883172268E+02   -0.492554004888835983E+01   -0.945515351937695137E+01    1
    0.305800532012966215E+02   -0.488918006444821440E+01   -0.946515351937695826E+01    1
    0.307131182029838428E+02   -0.483146244144573966E+01   -0.947515351937695982E+01    1
    0.305812058425790170E+02   -0.482916330732347898E+01   -0.948515351937695605E+01    1
    0.305815263588005735E+02   -0.481265920634927191E+01   -0.949515351937695584E+01    1
    0.307113081135596673E+02   -0.473924918103928317E+01   -0.950515351937695741E+01    1
    0.305832634044474432E+02   -0.472461384022890574E+01   -0.951515351937695897E+01    1
    0.307109975593722950E+02   -0.472368608673396295E+01   -0.952515351937695876E+01    1
    0.307104793606134265E+02   -0.469788520983346558E+01   -0.953515351937695854E+01    1
    0.307098858854096655E+02   -0.466859460323238018E+01   -0.954515351937695833E+01    1
    0.307098440353336315E+02   -0.466653952590223664E+01   -0.955515351937695989E+01    1
    0.307096213287148743E+02   -0.465562642400428750E+01   -0.956515351937696323E+01    1
    0.305865503435662198E+02   -0.456447323903778557E+01   -0.957515351937696302E+01    1
    0.307073443497826659E+02   -0.454627751741302255E+01   -0.958515351937695215E+01    1
    0.307073042043355855E+02   -0.454438599740839244E+01   -0.959515351937695371E+01    1
    0.305871283054038798E+02   -0.453718914956797814E+01   -0.960515351937695527E+01    1
    0.305871459286698766E+02   -0.453636130914378555E+01   -0.961515351937695861E+01    1
    0.307062930416715574E+02   -0.449715948687915468E+01   -0.962515351937695662E+01    1
    0.305885073263497240E+02   -0.447314549726774047E+01   -0.963515351937695286E+01    1
    0.307034440047568609E+02   -0.436839971761930901E+01   -0.964515351937695797E+01    1
    0.305937332265006354E+02   -0.424395845436686781E+01   -0.965515351937696309E+01    1
    0.305939815982104051E+02   -0.423359808280246153E+01   -0.966515351937695755E+01    1
    0.305941293957320788E+02   -0.422745589916747289E+01   -0.967515351937695556E+01    1
    0.306990174473304762E+02   -0.418095176511843647E+01   -0.968515351937696067E+01    1
    0.305962514413570439E+02   -0.414115315283643604E+01   -0.969515351937696224E+01    1
    0.306974883371582976E+02   -0.411976448709546972E+01   -0.970515351937696025E+01    1
    0.305969440995050945E+02   -0.411374617595750180E+01   -0.971515351937696003E+01    1
    0.306968028703368461E+02   -0.409292976767382566E+01   -0.972515351937696160E+01    1
    0.306966737893195969E+02   -0.408791764844101024E+01   -0.973515351937696316E+01    1
    0.306966343854070018E+02   -0.408639022274865393E+01   -0.974515351937696295E+01    1
    0.305980210510427284E+02   -0.407187953608075581E+01   -0.975515351937696273E+01    1
    0.305991626556128899E+02   -0.402849089392057547E+01   -0.976515351937695542E+01    1
    0.305994889460359190E+02   -0.401627714788356815E+01   -0.977515351937695698E+01    1
    0.306941575232272079E+02   -0.399281846855423872E+01   -0.978515351937696209E+01    1
    0.306001962145524331E+02   -0.399008872030295692E+01   -0.979515351937696011E+01    1
    0.306940395354161808E+02   -0.398848092637031293E+01   -0.980515351937695812E+01    1
    0.306938427592782830E+02   -0.398127116284152738E+01   -0.981515351937695613E+01    1
    0.306008133470037116E+02   -0.396755774334425837E+01   -0.982515351937695769E+01    1
    0.306009389897510502E+02   -0.396300716472674663E+01   -0.983515351937696103E+01    1
    0.306922579969196860E+02   -0.392431153434398761E+01   -0.984515351937696082E+01    1
    0.306029270368655979E+02   -0.389264814527439018E+01   -0.985515351937696060E+01    1
    0.306045130437752881E+02   -0.383873657993242468E+01   -0.986515351937695506E+01    1
    0.306061133002685324E+02   -0.378633650745102468E+01   -0.987515351937695307E+01    1
    0.306879087398054651E+02   -0.377809264612367102E+01   -0.988515351937695641E+01    1
    0.306875486659300378E+02   -0.376665098146420529E+01   -0.989515351937695975E+01    1
    0.306085077757735320E+02   -0.371167408566724211E+01   -0.990515351937695954E+01    1
    0.306851793075674237E+02   -0.369389394436198693E+01   -0.991515351937695577E+01    1
    0.306845914792992041E+02   -0.367652365524130875E+01   -0.992515351937695911E+01    1
    0.306097132442524327E+02   -0.367578491109559735E+01   -0.993515351937696067E+01    1
    0.306097261044802451E+02   -0.367540816974552698E+01   -0.994515351937695513E+01    1
    0.306098579115581799E+02   -0.367155433534563258E+01   -0.995515351937695492E+01    1
    0.306104595241631294E+02   -0.365413683117218424E+01   -0.996515351937695826E+01    1
    0.306837999653748810E+02   -0.365356182415333031E+01   -0.997515351937695982E+01    1
    0.306835500543507358E+02   -0.364641377782960774E+01   -0.998515351937696138E+01    1
    0.306833979177599510E+02   -0.364208625411863096E+01   -0.999515351937695584E+01    1
    0.306108989370947633E+02   -0.364159428656403206E+01   -0.100051535193769503E+02    1
    0.306109257521641211E+02   -0.364083377446828171E+01   -0.100151535193769536E+02    1
    0.306109774152327532E+02   -0.363937012612186539E+01   -0.100251535193769570E+02    1
    0.306115723002896303E+02   -0.362266719994013542E+01   -0.100351535193769603E+02    1
    0.306117614199015193E+02   -0.361741521935663757E+01   -0.100451535193769637E+02    1
    0.306821874803840871E+02   -0.360830097394677551E+01   -0.100551535193769475E+02    1
    0.306123561264879207E+02   -0.360108227810148396E+01   -0.100651535193769543E+02    1
    0.306131292946839650E+02   -0.358026207212228975E+01   -0.100751535193769577E+02    1
    0.306135976221090438E+02   -0.356787834040593665E+01   -0.100851535193769539E+02    1
    0.306804448513605728E+02   -0.356167572171680469E+01   -0.100951535193769484E+02    1
    0.306799759526076805E+02   -0.354953592075621938E+01   -0.101051535193769499E+02    1
    0.306146695279001406E+02   -0.354018076223373779E+01   -0.101151535193769551E+02    1
    0.306148250731161760E+02   -0.353623627610933688E+01   -0.101251535193769566E+02    1
    0.306793956765762523E+02   -0.353475086918377412E+01   -0.101351535193769582E+02    1
    0.306150367309541878E+02   -0.353089924748865158E+01   -0.101451535193769562E+02    1
    0.306157216754311037E+02   -0.351386851507230480E+01   -0.101551535193769507E+02    1
    0.306785332937701583E+02   -0.351326491654146267E+01   -0.101651535193769487E+02    1
    0.306158401483705660E+02   -0.351096001475793695E+01   -0.101751535193769485E+02    1
    0.306783222724007167E+02   -0.350809606065499580E+01   -0.101851535193769500E+02    1
    0.306780710391860580E+02   -0.350198769588716452E+01   -0.101951535193769534E+02    1
    0.306164498420152498E+02   -0.349616587003469981E+01   -0.102051535193769531E+02    1
    0.306771236376146916E+02   -0.347939753443042399E+01   -0.102151535193769565E+02    1
    0.306177794678056543E+02   -0.346491199898775548E+01   -0.102251535193769545E+02    1
    0.306764783016182108E+02   -0.346441226305680416E+01   -0.102351535193769507E+02    1
    0.306182005247403737E+02   -0.345530327512802549E+01   -0.102451535193769541E+02    1
    0.306182724600528857E+02   -0.345367555802187809E+01   -0.102551535193769521E+02    1
    0.306759497514944677E+02   -0.345238173167318463E+01   -0.102651535193769536E+02    1
    0.306756572264279868E+02   -0.344581747371818636E+01   -0.102751535193769570E+02    1
    0.306753745584624298E+02   -0.343953805187108408E+01   -0.102851535193769532E+02    1
    0.306189328423699862E+02   -0.343892205141141538E+01   -0.102951535193769512E+02    1
    0.306752060843867689E+02   -0.343582517961783429E+01   -0.103051535193769492E+02    1
    0.306744907863490219E+02   -0.342030871904194589E+01   -0.103151535193769526E+02    1
    0.306744263271826583E+02   -0.341893012589241385E+01   -0.103251535193769541E+02    1
    0.306199720438955865E+02   -0.341639675599406001E+01   -0.103351535193769539E+02    1
    0.306203404068421747E+02   -0.340861523264179311E+01   -0.103451535193769555E+02    1
    0.306207541340288572E+02   -0.340000206488465917E+01   -0.103551535193769570E+02    1
    0.306209719018640101E+02   -0.339552230124989896E+01   -0.103651535193769533E+02    1
    0.306731286428379804E+02   -0.339186836446899909E+01   -0.103751535193769513E+02    1
    0.306211656816334639E+02   -0.339156721968830821E+01   -0.103851535193769564E+02    1
    0.306212809568655508E+02   -0.338922837592939397E+01   -0.103951535193769562E+02    1
    0.306729539577546149E+02   -0.338832617916159462E+01   -0.104051535193769507E+02    1
    0.306723162273164540E+02   -0.337559737245692215E+01   -0.104151535193769558E+02    1
    0.306223511429249307E+02   -0.336801174260736147E+01   -0.104251535193769538E+02    1
    0.306226132610712938E+02   -0.336295190009896228E+01   -0.104351535193769482E+02    1
    0.306713157459832431E+02   -0.335626978684434585E+01   -0.104451535193769534E+02    1
    0.306230310827809120E+02   -0.335499761144738695E+01   -0.104551535193769531E+02    1
    0.306709411185648761E+02   -0.334923427601131163E+01   -0.104651535193769529E+02    1
    0.306234469153873228E+02   -0.334721688556010388E+01   -0.104751535193769580E+02    1
    0.306707405497255010E+02   -0.334551274745579308E+01   -0.104851535193769543E+02    1
    0.306236184960603168E+02   -0.334404585802676468E+01   -0.104951535193769523E+02    1
    0.306238284580826630E+02   -0.334019685235153085E+01   -0.105051535193769539E+02    1
    0.306240432323955716E+02   -0.333629533585937477E+01   -0.105151535193769536E+02    1
    0.306245735163922888E+02   -0.332681703178874244E+01   -0.105251535193769499E+02    1
    0.306696537559402387E+02   -0.332589508712385040E+01   -0.105351535193769514E+02    1
    0.306250869416134641E+02   -0.331784981877963681E+01   -0.105451535193769512E+02    1
    0.306690085305340645E+02   -0.331468560111379906E+01   -0.105551535193769528E+02    1
    0.306684020912925810E+02   -0.330444706847076031E+01   -0.105651535193769543E+02    1
    0.306680835683455939E+02   -0.329918476090727264E+01   -0.105751535193769524E+02    1
    0.306680762027107576E+02   -0.329906401307813368E+01   -0.105851535193769575E+02    1
    0.306264050348361749E+02   -0.329577366899502655E+01   -0.105951535193769573E+02    1
    0.306678084009119729E+02   -0.329470267493175450E+01   -0.106051535193769570E+02    1
    0.306678033217461419E+02   -0.329462049972344939E+01   -0.106151535193769551E+02    1
    0.306677746772766113E+02   -0.329415744244775865E+01   -0.106251535193769495E+02    1
    0.306266292169109775E+02   -0.329215428328607995E+01   -0.106351535193769458E+02    1
    0.306266344759113558E+02   -0.329206984983766748E+01   -0.106451535193769526E+02    1
    0.306266951464052681E+02   -0.329109734851224767E+01   -0.106551535193769560E+02    1
    0.306671758323693915E+02   -0.328462379754248701E+01   -0.106651535193769540E+02    1
    0.306271116999508024E+02   -0.328449812890897475E+01   -0.106751535193769556E+02    1
    0.306671267794452298E+02   -0.328385531251872287E+01   -0.106851535193769500E+02    1
    0.306273730622627625E+02   -0.328042687040272218E+01   -0.106951535193769480E+02    1
    0.306668689976939746E+02   -0.327984774954857672E+01   -0.107051535193769549E+02    1
    0.306663794897691062E+02   -0.327238088114143766E+01   -0.107151535193769494E+02    1
    0.306279083945819721E+02   -0.327225490815464770E+01   -0.107251535193769456E+02    1
    0.306280815035274934E+02   -0.326966036775002822E+01   -0.107351535193769543E+02    1
    0.306284462297033180E+02   -0.326427067145241256E+01   -0.107451535193769505E+02    1
    0.306284832527344975E+02   -0.326372939034981657E+01   -0.107551535193769414E+02    1
    0.306286082710889040E+02   -0.326190953694699681E+01   -0.107651535193769483E+02    1
    0.306652613042884639E+02   -0.325602795788608201E+01   -0.107751535193769499E+02    1
    0.306290551855793041E+02   -0.325550399416898939E+01   -0.107851535193769426E+02    1
    0.306651202025437115E+02   -0.325403396612309859E+01   -0.107951535193769441E+02    1
    0.306648300399468994E+02   -0.324998249070870227E+01   -0.108051535193769528E+02    1
    0.306647828203446693E+02   -0.324932940994308872E+01   -0.108151535193769561E+02    1
    0.306646544993959935E+02   -0.324756345701726934E+01   -0.108251535193769524E+02    1
    0.306298516779128107E+02   -0.324447568010257426E+01   -0.108351535193769521E+02    1
    0.306643952921735377E+02   -0.324403556686477490E+01   -0.108451535193769519E+02    1
    0.306299758910992992E+02   -0.324280057765879315E+01   -0.108551535193769482E+02    1
    0.306641465042371308E+02   -0.324069895718465872E+01   -0.108651535193769480E+02    1
    0.306640343585542752E+02   -0.323921076392417406E+01   -0.108751535193769477E+02    1
    0.306639279947869845E+02   -0.323780839525318509E+01   -0.108851535193769493E+02    1
    0.306303611202648618E+02   -0.323768231056650535E+01   -0.108951535193769473E+02    1
    0.306303944583480359E+02   -0.323724483324288226E+01   -0.109051535193769453E+02    1
    0.306305017241940050E+02   -0.323584314618673918E+01   -0.109151535193769469E+02    1
    0.306311224181668784E+02   -0.322790914818921504E+01   -0.109251535193769485E+02    1
    0.306631003691351118E+02   -0.322719902050153706E+01   -0.109351535193769500E+02    1
