    0.134912629609583788E-93    0.541130000377353667E+03    0.295801819922077271E+02
    0.451583796228044920E-90    0.524878222679427040E+03    0.295751564892466803E+02
    0.337297110847772725E-88    0.516231475856094562E+03    0.295724422248532051E+02
    0.476311960725660862E-79    0.474074726496730307E+03    0.295587711420872274E+02
    0.602273643603997550E-78    0.468980278550200524E+03    0.290789091335666399E+02
    0.244974440623038481E-76    0.461549054215015474E+03    0.290814182724342096E+02
    0.832317703732214483E-76    0.459082933530484752E+03    0.290822568555740517E+02
    0.252158422669701596E-74    0.452240906502520602E+03    0.295513760474496507E+02
    0.282358175118621788E-70    0.433573988082224105E+03    0.290911127293222620E+02
    0.144507288241692814E-66    0.416473000229485876E+03    0.290972484750124210E+02
    0.261449156154894732E-65    0.410662010265235097E+03    0.290993726253509521E+02
    0.150750124028408129E-64    0.407138072428689725E+03    0.291006708791451558E+02
    0.951314900476797321E-64    0.403433629478651994E+03    0.295339312034645012E+02
    0.304210205462226225E-62    0.396483541517831270E+03    0.295313310895156143E+02
    0.355818292908172306E-61    0.391544968812688978E+03    0.291065111707704673E+02
    0.541179233318913378E-61    0.390686308139396715E+03    0.291068374689060470E+02
    0.637633001078044046E-61    0.390338283418594926E+03    0.295290053863007138E+02
    0.684489997256867074E-61    0.390176461124603179E+03    0.295289437973805562E+02
    0.701374215354597149E-61    0.390107726036732117E+03    0.291070576195263868E+02
    0.601359767174457143E-60    0.385790252262027707E+03    0.295272675201537993E+02
    0.235874532472862352E-58    0.378431698586280447E+03    0.295244247317435651E+02
    0.833662693164628947E-58    0.375886640877655395E+03    0.291125428922165135E+02
    0.495841045841872820E-56    0.367695447450944130E+03    0.295202053788152163E+02
    0.909130093767851066E-52    0.348042301110744233E+03    0.291237308546965430E+02
    0.271471934587271954E-51    0.345834389802853480E+03    0.295113295479713962E+02
    0.573212396843069007E-48    0.330504084123277948E+03    0.291311212899865133E+02
    0.838659015135289538E-48    0.329722988358252849E+03    0.291314572469525501E+02
    0.117445560996604628E-47    0.329029476752479866E+03    0.295042192101228764E+02
    0.124054262705405438E-47    0.328899988438894923E+03    0.291318118832031878E+02
    0.125561862845404427E-47    0.328855829447270196E+03    0.291318309307098389E+02
    0.770147389644952655E-47    0.325208262760283787E+03    0.291334110560754915E+02
    0.368884059575650930E-46    0.322055291611649068E+03    0.295011873466776144E+02
    0.460224148731371774E-46    0.321592829096299397E+03    0.295009845260776444E+02
    0.174306875400204482E-45    0.318909451416549985E+03    0.291361720298536397E+02
    0.100267262555960579E-43    0.310785067346768983E+03    0.294961788761935324E+02
    0.160628437394033820E-42    0.305217387942572373E+03    0.294936519178864991E+02
    0.156149252321449445E-41    0.300648780876641410E+03    0.294915509223937988E+02
    0.196370190506815232E-41    0.300170402257854619E+03    0.291446457967300958E+02
    0.268993610628783977E-41    0.299521030213641495E+03    0.291449468805466090E+02
    0.486678340483655654E-41    0.298315198641578718E+03    0.291455073630408350E+02
    0.133771811065534596E-39    0.291667794203949541E+03    0.291486304373732636E+02
    0.107251139387152065E-37    0.282879378360893668E+03    0.291528500357399061E+02
    0.112673864494439061E-37    0.282760729742070680E+03    0.294830675105514004E+02
    0.142814187268310240E-37    0.282266635932531983E+03    0.291531482608466987E+02
    0.618429419195434433E-37    0.279315358585257684E+03    0.294813829630663200E+02
    0.145745897521212427E-36    0.277580825182787521E+03    0.291554469615102292E+02
    0.369957513239033181E-36    0.275697778197799380E+03    0.294795953207090164E+02
    0.144433189567093216E-35    0.272953750262341828E+03    0.294782260474905300E+02
    0.852296841708600855E-35    0.269383514607910968E+03    0.291595484690965598E+02
    0.896864522073966492E-33    0.260051234347408013E+03    0.294716241680939532E+02
    0.127403097004875810E-32    0.259329161689483385E+03    0.294712462996368316E+02
    0.666241356151934567E-32    0.256000569790739235E+03    0.294694922261672190E+02
    0.159662109778800653E-31    0.254232584071125302E+03    0.294685522385178373E+02
    0.176866064069376518E-31    0.254007918115863930E+03    0.291675428817155726E+02
    0.316798663721336193E-31    0.252822170724021277E+03    0.291681771184994929E+02
    0.181526250146996231E-30    0.249310732877480831E+03    0.291700712792691270E+02
    0.244570813489228920E-30    0.248694523636384645E+03    0.291704061859685773E+02
    0.212514372152736912E-29    0.244350343996330452E+03    0.294631861074300829E+02
    0.693811145349613336E-29    0.241963963638569851E+03    0.291741149644044526E+02
    0.196895629125905516E-28    0.239857845475912484E+03    0.294606799403515041E+02
    0.274880908745464194E-28    0.239170517160293087E+03    0.291756826338603972E+02
    0.128661071513673682E-27    0.236063659675416659E+03    0.291774467262135317E+02
    0.386976941283707684E-27    0.233841292647812196E+03    0.291787223079266660E+02
    0.869784425840951230E-27    0.232201532074719410E+03    0.294563042208814778E+02
    0.233764626072334853E-26    0.230204223202553436E+03    0.291808354854583740E+02
    0.122099229564228791E-25    0.226878014349409852E+03    0.291827969636009854E+02
    0.427256257904906395E-25    0.224352914554196929E+03    0.294516700104632321E+02
    0.350370316291747871E-24    0.220124531022475594E+03    0.294491054919457795E+02
    0.367687607586783794E-23    0.215402874749419624E+03    0.291897940635681152E+02
    0.104634396710237446E-22    0.213291227257855127E+03    0.291911237009128754E+02
    0.126085876047549470E-22    0.212898245472427249E+03    0.291913726901275332E+02
    0.284806386019966737E-22    0.211248552729669825E+03    0.291924233050480026E+02
    0.529123885662438887E-22    0.209989726748211979E+03    0.294427443052768751E+02
    0.132575998737626126E-21    0.208132689635154264E+03    0.294415432244131452E+02
    0.250059573560932560E-21    0.206843603380463634E+03    0.294407025663651147E+02
    0.317465483104959632E-21    0.206346263552314781E+03    0.291955985610356166E+02
    0.108278411240901796E-20    0.203872419978019593E+03    0.291972325847270255E+02
    0.208271452121533282E-20    0.202544146987653249E+03    0.294378561248996604E+02
    0.423305114584165447E-18    0.191895304729735869E+03    0.292054787990123437E+02
    0.451622437278304561E-18    0.191745798159924874E+03    0.294303896943460046E+02
    0.226452015651356544E-17    0.188501254861847059E+03    0.292079278862258285E+02
    0.951213320549278971E-17    0.185610844305507783E+03    0.294259178886046868E+02
    0.240439385602627540E-16    0.183736214772233268E+03    0.292114612289509523E+02
    0.241299481513001114E-16    0.183709073170149793E+03    0.294244935606032918E+02
    0.380054743170916393E-16    0.182780520211318503E+03    0.292121840948918106E+02
    0.173480109220703556E-15    0.179723854734864545E+03    0.292145299929509079E+02
    0.310721228496299595E-15    0.178538188354364650E+03    0.292154544025005798E+02
    0.501773498050096107E-15    0.177559682994437111E+03    0.292162236225552441E+02
    0.188595189477483253E-14    0.174891604719199790E+03    0.294176240380044263E+02
    0.282260743056022061E-14    0.174065147916972450E+03    0.294169557234628698E+02
    0.763047592087687021E-13    0.167450999451415072E+03    0.292245400916825204E+02
    0.383498275800937667E-12    0.164201799824324894E+03    0.292273751819390100E+02
    0.608457326607163246E-12    0.163258616511730025E+03    0.292282149226220866E+02
    0.807364409851077608E-12    0.162672919819006324E+03    0.292287403602314839E+02
    0.897112748327046369E-12    0.162442106975884030E+03    0.292289482777556486E+02
    0.269944392255708958E-11    0.160218867921662877E+03    0.294049988301420129E+02
    0.594989845537050389E-11    0.158618211209868093E+03    0.292324663902382227E+02
    0.196015135283057200E-10    0.156213745947869313E+03    0.294012205561682869E+02
    0.220216850767699400E-10    0.155960904209648817E+03    0.294009762630394604E+02
    0.487009234154210510E-10    0.154353563533621241E+03    0.292365691235848182E+02
    0.533412036807902427E-10    0.154151541346656757E+03    0.293992066343285536E+02
    0.556898827956250359E-10    0.154045362530015922E+03    0.292368736631951052E+02
    0.551357764432758742E-10    0.154045361904652140E+03    0.293991015873507529E+02
    0.612232514697332959E-10    0.153815905429361919E+03    0.293988741122003390E+02
    0.119863367350290076E-09    0.152452254538714953E+03    0.292384664384267765E+02
    0.203919017646306482E-09    0.151369513630627722E+03    0.293964078352718303E+02
    0.485045100998882095E-09    0.149616475759314767E+03    0.292413835225196301E+02
    0.699617974814288011E-09    0.148863890644438897E+03    0.292421765298591723E+02
    0.288910927426646072E-08    0.146007552468035840E+03    0.292452649347481284E+02
    0.317643141842272175E-08    0.145797932215689599E+03    0.293904784830398604E+02
    0.706299968867820196E-08    0.144179709265381206E+03    0.293886631887203436E+02
    0.893177713881760117E-08    0.143690218192488402E+03    0.292478704224376571E+02
    0.973004663063334697E-08    0.143499011580786714E+03    0.292480897422835966E+02
    0.154681512237235120E-07    0.142551882657578318E+03    0.293867888150494636E+02
    0.185655190606547070E-07    0.142166836865406651E+03    0.292496373168564148E+02
    0.264905289048310714E-07    0.141435874419495207E+03    0.292505015457821287E+02
    0.504646696221001512E-07    0.140126901998088158E+03    0.292520774753355823E+02
    0.737875642381979388E-07    0.139347068535778732E+03    0.293829407271724747E+02
    0.953016628396973707E-07    0.138815354440112600E+03    0.292536952366606755E+02
    0.951156174390651827E-07    0.138799262603480145E+03    0.292537153384082131E+02
    0.105980449442329672E-06    0.138562939682323588E+03    0.293819639732437459E+02
    0.109328890697181487E-06    0.138480727588032664E+03    0.292541145509230915E+02
    0.163359064750925195E-06    0.137657547699439220E+03    0.292551579696726094E+02
    0.205967767235132174E-06    0.137174009584450005E+03    0.293801962155704786E+02
    0.211235936662746933E-06    0.137103497574057883E+03    0.293801051297726943E+02
    0.254292671841701547E-06    0.136712477248015603E+03    0.293795975747629186E+02
    0.257003149247562716E-06    0.136671272280675680E+03    0.292564314053081667E+02
    0.307418474717976154E-06    0.136293029099625244E+03    0.292569268214971672E+02
    0.444279690042292824E-06    0.135536540364807678E+03    0.293780453353011524E+02
    0.676439250097874836E-06    0.134675763671519547E+03    0.292590920706985358E+02
    0.860031806310383781E-06    0.134175510212788083E+03    0.292597781342538994E+02
    0.158531593380068413E-05    0.132932370970544326E+03    0.293744561542793292E+02
    0.164740479702203051E-05    0.132835536001324272E+03    0.292616569688981336E+02
    0.167699446615463416E-05    0.132779932034139904E+03    0.293742389615360544E+02
    0.205386118126143931E-05    0.132354495350840921E+03    0.293736283209934825E+02
    0.352106085520544576E-05    0.131256413753066596E+03    0.292639549194904376E+02
    0.497974817003911596E-05    0.130543179757129394E+03    0.292650254994084165E+02
    0.570613135971307239E-05    0.130250855852400747E+03    0.293705046620844428E+02
    0.648855470964474194E-05    0.129973858778223217E+03    0.292658958512751681E+02
    0.683887742376321715E-05    0.129848691202449714E+03    0.293698860922065208E+02
    0.814633158495058235E-05    0.129478802972823132E+03    0.292666646658319571E+02
    0.902568583138853125E-05    0.129253789412656232E+03    0.292670179418434770E+02
    0.966992498318541556E-05    0.129095897296614737E+03    0.293687079463077083E+02
    0.134304811275663561E-04    0.128418884730653104E+03    0.293676245235034479E+02
    0.137309173433857939E-04    0.128354638338888350E+03    0.292684547722212898E+02
    0.138723046847838424E-04    0.128314149632495486E+03    0.293674547966274773E+02
    0.184510655367807515E-04    0.127723694157134901E+03    0.292694884202392913E+02
    0.188864150128988789E-04    0.127657052637652043E+03    0.292695988853171229E+02
    0.197346725071220604E-04    0.127549184171203180E+03    0.292697782246683929E+02
    0.247614893088419988E-04    0.127075359208516517E+03    0.293654012237459696E+02
    0.388165393599885860E-04    0.126156245544183378E+03    0.293638181630933133E+02
    0.541203869826561082E-04    0.125471516492649599E+03    0.292733729465029064E+02
    0.616636786798872686E-04    0.125190548237321551E+03    0.293620936981674738E+02
    0.797943742722949617E-04    0.124655032391855300E+03    0.292748675497604722E+02
    0.844339772763530325E-04    0.124521998610204875E+03    0.292751160090849254E+02
    0.871032374292024205E-04    0.124439750295565801E+03    0.293607049088579259E+02
    0.894129379311396600E-04    0.124367407617522232E+03    0.292754065506686949E+02
    0.128442885343169532E-03    0.123622969733133402E+03    0.293591408760949797E+02
    0.146318547052548027E-03    0.123342366251909482E+03    0.293585896533711050E+02
    0.145432804663650543E-03    0.123334510087473504E+03    0.293585741128410973E+02
    0.146510116252497949E-03    0.123299749442132509E+03    0.293585052801646604E+02
    0.148893745076798421E-03    0.123247472537586219E+03    0.293584015412364572E+02
    0.185332992410165378E-03    0.122789630067980255E+03    0.293574813509918826E+02
    0.210248810656670003E-03    0.122517355116051448E+03    0.293569238112536794E+02
    0.213690799759706183E-03    0.122464878181579195E+03    0.292791598175688534E+02
    0.264284485743925272E-03    0.122019886159175300E+03    0.293558839611007230E+02
    0.280303411627467547E-03    0.121882193141235305E+03    0.292803841878787168E+02
    0.296759370768975047E-03    0.121748095178149427E+03    0.293553036031272256E+02
    0.310050295852775412E-03    0.121640469342104154E+03    0.292809039728635554E+02
    0.318195908632394977E-03    0.121568603884171111E+03    0.292810599179408229E+02
    0.358866935154183476E-03    0.121308035068889964E+03    0.293543443006754501E+02
    0.421758072278800779E-03    0.120965074677705815E+03    0.293535787457853985E+02
    0.421579092739417542E-03    0.120945923588672812E+03    0.293535355107771920E+02
    0.450129715954288544E-03    0.120794866802310196E+03    0.292827826233712045E+02
    0.595939723936137681E-03    0.120213659344883638E+03    0.292841342751593707E+02
    0.613965869851869957E-03    0.120134059720031459E+03    0.292843236164926317E+02
    0.631623899970218134E-03    0.120057350156067372E+03    0.292845070964718630E+02
    0.862174109142436031E-03    0.119415023934051291E+03    0.292860848480779481E+02
    0.906007619972144600E-03    0.119295842966969033E+03    0.292863862560098909E+02
    0.906377235494766143E-03    0.119275027211912061E+03    0.293495360568486916E+02
    0.968039182568439065E-03    0.119123393271480182E+03    0.292868275411414345E+02
    0.103829789343573304E-02    0.118963262379218051E+03    0.293487322769116652E+02
    0.106915083658232278E-02    0.118884698396695683E+03    0.292874488619484161E+02
    0.121821557714130732E-02    0.118603653549444147E+03    0.292881970258400770E+02
    0.121997445562859776E-02    0.118580768001117320E+03    0.293477164731451268E+02
    0.125385357311445810E-02    0.118505984507067495E+03    0.292884614671999017E+02
    0.127210834995229206E-02    0.118457076558009831E+03    0.293473804705300196E+02
    0.129662326046752125E-02    0.118398901055782360E+03    0.293472211039172350E+02
    0.132997942014478942E-02    0.118328100905073342E+03    0.293470259733020029E+02
    0.141629521940807648E-02    0.118182338918503731E+03    0.292893551958835943E+02
    0.147603623746090794E-02    0.118079707288146182E+03    0.292896444919037933E+02
    0.155863606912315053E-02    0.117950805593828946E+03    0.293459631757784933E+02
    0.178998195826902593E-02    0.117654016760905449E+03    0.293450978938999114E+02
    0.177959395459633351E-02    0.117645657396377743E+03    0.292909021290769545E+02
    0.195697202468235291E-02    0.117435631055529711E+03    0.293444431269991455E+02
    0.195567251680611514E-02    0.117416959576851042E+03    0.293443863923323462E+02
    0.206520838913542290E-02    0.117287965569836558E+03    0.293439910530948183E+02
    0.215813709671759408E-02    0.117179937053462041E+03    0.293436552840293032E+02
    0.219733090833082283E-02    0.117123941041496806E+03    0.293434794996053512E+02
    0.218783735578088542E-02    0.117112600747861478E+03    0.292925314991699537E+02
    0.228666740289559063E-02    0.117004236892079277E+03    0.293430995941162109E+02
    0.228869177707486694E-02    0.116982467086272351E+03    0.293430298838285140E+02
    0.235220251417387304E-02    0.116907723583560923E+03    0.292931861987653832E+02
    0.239803169683829248E-02    0.116849131293052665E+03    0.292933766370460802E+02
    0.239260825900153989E-02    0.116833659656865180E+03    0.292934271698200241E+02
    0.238235736897822719E-02    0.116822246864874558E+03    0.293425107386523933E+02
    0.240634908596122502E-02    0.116782206448575678E+03    0.292935959770149950E+02
    0.243105331099344657E-02    0.116741778592651698E+03    0.293422458147485408E+02
    0.251984445362567200E-02    0.116650033492417421E+03    0.292940350613772402E+02
    0.260618704928960174E-02    0.116562651337103603E+03    0.292943298230996376E+02
    0.278689449679349896E-02    0.116408572057532311E+03    0.293411165304411128E+02
    0.276299889100822902E-02    0.116405794553012825E+03    0.293411068852656598E+02
    0.279045335657494798E-02    0.116366019690093182E+03    0.292950069323423925E+02
    0.282778181666638482E-02    0.116319442654250636E+03    0.293408049855405650E+02
    0.291714335923315372E-02    0.116237218170553859E+03    0.293405137555667039E+02
    0.307714514402061953E-02    0.116110423310440865E+03    0.292959181200364469E+02
    0.307187324077215322E-02    0.116093852738821312E+03    0.292959784953229310E+02
    0.309580776883109591E-02    0.116058330114892613E+03    0.292961084842681885E+02
    0.316205291375434936E-02    0.115995984896320692E+03    0.293396367383353187E+02
    0.334969233516133709E-02    0.115860690839412442E+03    0.292968463001418371E+02
    0.342831411684781833E-02    0.115794290583703400E+03    0.292971000298787629E+02
    0.353960315173979705E-02    0.115710398608484056E+03    0.293385501757426503E+02
    0.356135200710928305E-02    0.115678147342061166E+03    0.293384238401095914E+02
    0.364113272252662365E-02    0.115613838200656190E+03    0.292978056853043540E+02
    0.363753576377542432E-02    0.115595814913320481E+03    0.293380977261456550E+02
    0.386726719595399150E-02    0.115453331628783729E+03    0.292984547532482580E+02
    0.383739569302030776E-02    0.115448839979006536E+03    0.293375020237412123E+02
    0.380956752790119913E-02    0.115443396496233220E+03    0.292984956399609118E+02
    0.410086397605429614E-02    0.115276032487395383E+03    0.292991977725660533E+02
    0.420745023510712447E-02    0.115204714203451189E+03    0.293364701780600186E+02
    0.416615603413679394E-02    0.115204440249504771E+03    0.293364689877791278E+02
    0.428767457715215940E-02    0.115126938783418069E+03    0.293361291219216369E+02
    0.440890654735995487E-02    0.115051174421610540E+03    0.293357906031964895E+02
    0.446847964003279068E-02    0.115004331391155645E+03    0.293355780475907082E+02
    0.444492843584957682E-02    0.114994900304320723E+03    0.293355349415829636E+02
    0.440928220201806075E-02    0.114991004021693271E+03    0.293004581489899252E+02
    0.441025877232996237E-02    0.114970561109610315E+03    0.293005520474365753E+02
    0.438621335964736996E-02    0.114961495253304619E+03    0.293353814001665434E+02
    0.443076012209249036E-02    0.114921285533229650E+03    0.293351947650607308E+02
    0.441842362247425735E-02    0.114906861870196394E+03    0.293351273217789377E+02
    0.441068514435677319E-02    0.114890367764303434E+03    0.293350498706270244E+02
    0.444542587817999425E-02    0.114854676492169546E+03    0.293010941910394926E+02
    0.443975894788131275E-02    0.114837227674245327E+03    0.293011773363929819E+02
    0.440956051766923634E-02    0.114830877784879618E+03    0.293347675546723679E+02
    0.438691789121266069E-02    0.114821174030905610E+03    0.293012541985014181E+02
    0.446761960050246539E-02    0.114764716364289811E+03    0.293344478926051622E+02
    0.450033774226583222E-02    0.114730122946557103E+03    0.293016969953820805E+02
    0.453155475075661934E-02    0.114696297656753146E+03    0.293341106599360337E+02
    0.451150114956581222E-02    0.114685167947629992E+03    0.293340551327851244E+02
    0.449112312210648863E-02    0.114674222224093526E+03    0.293019749154112610E+02
    0.451252570337450261E-02    0.114644713802787663E+03    0.293021235848789878E+02
    0.455198643317853043E-02    0.114607300409329255E+03    0.293336611426321028E+02
    0.452393333317173928E-02    0.114599664198374654E+03    0.293023532804081199E+02
    0.457285585237457437E-02    0.114558151996707480E+03    0.293334072826198415E+02
    0.479897342763255848E-02    0.114441623790555894E+03    0.293031872469673367E+02
    0.476190424034220964E-02    0.114437132564677484E+03    0.293327636165510413E+02
    0.473668081184022358E-02    0.114427754562649838E+03    0.293327125631715191E+02
    0.470171083892620585E-02    0.114422574940624074E+03    0.293032909616265904E+02
    0.477330689796578566E-02    0.114372349172723773E+03    0.293324072508514995E+02
    0.473980553164037727E-02    0.114366435626580028E+03    0.293036009696838775E+02
    0.480667110604624231E-02    0.114318418308598069E+03    0.293321037231308495E+02
    0.480017665403530830E-02    0.114301122401829247E+03    0.293320049883782126E+02
    0.488874348649815087E-02    0.114244557212667246E+03    0.293316771105996601E+02
    0.486996578081485328E-02    0.114232254021064378E+03    0.293316047503823967E+02
    0.486039719638967603E-02    0.114216187517700391E+03    0.293044655775970995E+02
    0.482907304883303280E-02    0.114209118774368761E+03    0.293314676304137549E+02
    0.480748022420337748E-02    0.114198081672266369E+03    0.293045735302336325E+02
    0.476415119535670596E-02    0.114196189066050465E+03    0.293313903864341512E+02
    0.474893407561052198E-02    0.114182587466691899E+03    0.293313086450580656E+02
    0.476580544823929954E-02    0.114155494727991623E+03    0.293311443129606815E+02
    0.488157381924372510E-02    0.114087492498520106E+03    0.293307225050918419E+02
    0.486632011140325765E-02    0.114073751787100576E+03    0.293053396859905604E+02
    0.484088754819653015E-02    0.114064231678863635E+03    0.293305749776207207E+02
    0.483830424676430417E-02    0.114045299247953409E+03    0.293304536134172302E+02
    0.483389105268121171E-02    0.114027124353527782E+03    0.293056392679739943E+02
    0.480833728307086383E-02    0.114017725151827349E+03    0.293302747085895916E+02
    0.476703580889317746E-02    0.114014978466101766E+03    0.293302567448136955E+02
    0.481507914517414082E-02    0.113974922877497235E+03    0.293299917205176612E+02
    0.481248232922600831E-02    0.113956001786634516E+03    0.293298644743987325E+02
    0.476758754640690084E-02    0.113954746999165437E+03    0.293298559875980551E+02
    0.473801424936580017E-02    0.113947191615757845E+03    0.293298047576496046E+02
    0.469848285533144491E-02    0.113943948522414672E+03    0.293061925518513817E+02
    0.466758703725897537E-02    0.113937143354608210E+03    0.293297362784203415E+02
    0.471134711113150792E-02    0.113898480086168632E+03    0.293065062728377121E+02
    0.470069308942330701E-02    0.113883007914793069E+03    0.293066150003174641E+02
    0.467526456147539932E-02    0.113873856338491777E+03    0.293292954479921946E+02
    0.463203889195200856E-02    0.113872433568954264E+03    0.293292853398906850E+02
    0.460512141998709306E-02    0.113864089769452036E+03    0.293067493730018853E+02
    0.456616195046765771E-02    0.113861081809625389E+03    0.293292043647660989E+02
    0.457434718439363262E-02    0.113837499848930136E+03    0.293290342511924251E+02
    0.455624153957393582E-02    0.113825431722371604E+03    0.293070290774592621E+02
    0.457968408761311174E-02    0.113795167803663716E+03    0.293072531324275047E+02
    0.453852246889479508E-02    0.113793224818743042E+03    0.293072676770372169E+02
    0.449490849743473461E-02    0.113792537219761272E+03    0.293072728289293210E+02
    0.446709357701904810E-02    0.113784951860818296E+03    0.293073298281290278E+02
    0.443698183624500423E-02    0.113778479084777402E+03    0.293285965420393921E+02
    0.440080525485093271E-02    0.113774852768859347E+03    0.293074061929638603E+02
    0.438558665872593179E-02    0.113761781033154207E+03    0.293075058616739987E+02
    0.443985039728606902E-02    0.113717186479007481E+03    0.293078532574215345E+02
    0.449313216860113170E-02    0.113673327749721139E+03    0.293277683022491296E+02
    0.446052734054500945E-02    0.113667893848484965E+03    0.293082516642616113E+02
    0.442207228580795801E-02    0.113665210983830406E+03    0.293082738173440234E+02
    0.440209419884318633E-02    0.113654267078197691E+03    0.293276105389548327E+02
    0.436873849532164009E-02    0.113649479254963069E+03    0.293084047486807080E+02
    0.433569364620802443E-02    0.113644664625967650E+03    0.293275300724704096E+02
    0.433132045358921181E-02    0.113626682941821102E+03    0.293085977158161839E+02
    0.430413508705987987E-02    0.113619275424619318E+03    0.293273139724732488E+02
    0.426609626289345921E-02    0.113617029472278489E+03    0.293272946145044848E+02
    0.425128527478461221E-02    0.113603985132523121E+03    0.293271813789508471E+02
    0.420962351767347354E-02    0.113603681406220929E+03    0.293087965254269314E+02
    0.417314879197708526E-02    0.113601086128447918E+03    0.293271560232786044E+02
    0.418098907340215282E-02    0.113577332164195354E+03    0.293269455601502962E+02
    0.415642795620296303E-02    0.113569115760079640E+03    0.293091036498903037E+02
    0.411993666618093359E-02    0.113566752260236370E+03    0.293091250389256430E+02
    0.407975431766451329E-02    0.113566354301461956E+03    0.293091286454247388E+02
    0.407702646535251529E-02    0.113547692011760290E+03    0.293092994533980509E+02
    0.404631760200730752E-02    0.113542813375266263E+03    0.293266305891421766E+02
    0.405816036792833700E-02    0.113516968322990593E+03    0.293263870340393495E+02
    0.402295008215678308E-02    0.113514396872597516E+03    0.293096128370248010E+02
    0.401762099616798530E-02    0.113497047971240747E+03    0.293097808709180292E+02
    0.398964834864692919E-02    0.113491021654457313E+03    0.293098400501134648E+02
    0.395478343869330295E-02    0.113488576155380585E+03    0.293261110629685930E+02
    0.391873200679456954E-02    0.113486891574508604E+03    0.293098808575095688E+02
    0.393564200408747910E-02    0.113458279800535848E+03    0.293258058473749372E+02
    0.390185150617427135E-02    0.113455525470845245E+03    0.293257775063421064E+02
    0.387663546604864739E-02    0.113448492583111900E+03    0.293257046683611620E+02
    0.385526104723720332E-02    0.113439550399638009E+03    0.293103641998235496E+02
    0.381907324157618275E-02    0.113438412269615711E+03    0.293103761976742092E+02
    0.379155924829042285E-02    0.113432873150857787E+03    0.293104348616192318E+02
    0.375956454347719160E-02    0.113429821566570638E+03    0.293255078751910148E+02
    0.372480146862631725E-02    0.113428400735354344E+03    0.293104825628637258E+02
    0.370470077586661792E-02    0.113419222855675812E+03    0.293253938381286652E+02
    0.366843252174246922E-02    0.113418898912073402E+03    0.293105849261816189E+02
    0.363890193241942850E-02    0.113415063903709978E+03    0.293253486071713638E+02
    0.361089977711114788E-02    0.113410513868099770E+03    0.293106764487300993E+02
    0.358766360820863542E-02    0.113403425471907696E+03    0.293107547216553925E+02
    0.355956455043714669E-02    0.113399151401971309E+03    0.293108023297109668E+02
    0.352938893583227761E-02    0.113396178342222356E+03    0.293108356329498179E+02
    0.349616753431207039E-02    0.113395093085432450E+03    0.293251274228235772E+02
    0.346471141336316671E-02    0.113393169156177166E+03    0.293251057516373592E+02
    0.345570714002759252E-02    0.113378373626598858E+03    0.293249368365344552E+02
    0.343143195063522633E-02    0.113372472537395893E+03    0.293111069418587959E+02
    0.340069489215670713E-02    0.113370468260579642E+03    0.293111303726012977E+02
    0.337452663585758586E-02    0.113365917725259550E+03    0.293247913815458006E+02
    0.337078472674450609E-02    0.113348136694434302E+03    0.293245781819521909E+02
    0.333811020802079464E-02    0.113347618160394163E+03    0.293245718609874011E+02
    0.331528739866963993E-02    0.113341339209528215E+03    0.293114804183219704E+02
    0.328498384379050188E-02    0.113339704374654431E+03    0.293115006240224574E+02
    0.325611974093407367E-02    0.113337355396280074E+03    0.293115297668381594E+02
    0.322619269205032906E-02    0.113335822424408690E+03    0.293244263942404508E+02
    0.319675576303664333E-02    0.113334154899175729E+03    0.293244055640844827E+02
    0.319186032183044893E-02    0.113317220002540438E+03    0.293241900576193153E+02
    0.316380254326417785E-02    0.113314878560859000E+03    0.293241596693200393E+02
    0.314220975155225617E-02    0.113308575252266436E+03    0.293118981426428249E+02
    0.311422207735232446E-02    0.113306469068844052E+03    0.293119259800920844E+02
    0.308431731084982163E-02    0.113305767162572664E+03    0.293240399655252659E+02
    0.305631228253342878E-02    0.113304009736597664E+03    0.293240166033867951E+02
    0.304451507025205875E-02    0.113291744574057134E+03    0.293121242844979051E+02
    0.302647273031554902E-02    0.113283632190140139E+03    0.293237387912783873E+02
    0.319206435115313965E-02    0.113177058829888267E+03    0.293219826293387058E+02
    0.333685621973681861E-02    0.113088336284613590E+03    0.293166795458620157E+02
    0.330923002560074920E-02    0.113104963425600033E+03    0.293158944418948053E+02
    0.312267076112317070E-02    0.113221017211265234E+03    0.293131897259106324E+02
    0.322686406136467752E-02    0.113155372935344417E+03    0.293144553082528603E+02
    0.333557012057792953E-02    0.113089107278017920E+03    0.293166330425001007E+02
    0.330783378441031105E-02    0.113105807450231652E+03    0.293158623092168398E+02
    0.324738589267781251E-02    0.113142693844985217E+03    0.293147563745000852E+02
    0.332380567307301658E-02    0.113096173681901973E+03    0.293162643232075055E+02
    0.333781005149628041E-02    0.113087764671455915E+03    0.293192601312088357E+02
    0.332328425008497456E-02    0.113096487457099926E+03    0.293197254874508246E+02
    0.311060119869780447E-02    0.113228762470953797E+03    0.293229134496085564E+02
    0.324558690833931431E-02    0.113143802110452910E+03    0.293147289490472218E+02
    0.333081158668061764E-02    0.113091962520885488E+03    0.293195020402850233E+02
    0.332294763352192516E-02    0.113096690048023163E+03    0.293162404277404285E+02
    0.330136947542713274E-02    0.113109719759047309E+03    0.293202559493463220E+02
    0.322048127273697436E-02    0.113159332884987037E+03    0.293143664048002570E+02
    0.309356590059740389E-02    0.113239745631555053E+03    0.293230893562170856E+02
    0.324699606175237561E-02    0.113142933948464588E+03    0.293147504131149859E+02
    0.325834243214829893E-02    0.113135957289579153E+03    0.293149283639066383E+02
    0.324443203535472501E-02    0.113144513894505820E+03    0.293212637950556569E+02
    0.324484971861326889E-02    0.113144256434111924E+03    0.293212574784639664E+02
    0.305460504469208137E-02    0.113265093903609454E+03    0.293234738472732346E+02
    0.335341467888497979E-02    0.113078436241276236E+03    0.293183356338943781E+02
    0.316316980296277783E-02    0.113195245254865526E+03    0.293136424185785955E+02
    0.313826457265902652E-02    0.113211054582393189E+03    0.293226157814954007E+02
    0.335080551966868189E-02    0.113079992967798205E+03    0.293185968238676082E+02
    0.335461140292998708E-02    0.113077722633998562E+03    0.293179069824379468E+02
    0.316529005153681287E-02    0.113193905119222990E+03    0.293136672556929589E+02
    0.333263577683281294E-02    0.113090867477975564E+03    0.293165324327254240E+02
    0.324824218616438353E-02    0.113142166540477533E+03    0.293212057457808903E+02
    0.331024437338585820E-02    0.113104350477965880E+03    0.293159180899868801E+02
    0.311606841171288866E-02    0.113225250343436443E+03    0.293228558582235799E+02
    0.335325141728877278E-02    0.113078533614005948E+03    0.293183574201214405E+02
    0.331333173233368640E-02    0.113102486011326008E+03    0.293199835066564880E+02
    0.321885706938154032E-02    0.113160341810627258E+03    0.293143441005005521E+02
    0.319259323978649499E-02    0.113176727480163052E+03    0.293139992876182021E+02
    0.314737152478130689E-02    0.113205259173079966E+03    0.293134611396205393E+02
    0.317618318744461231E-02    0.113187034068152386E+03    0.293137969103442941E+02
    0.335437970738557264E-02    0.113077860774318452E+03    0.293178182476832632E+02
    0.335451348870247513E-02    0.113077781010749106E+03    0.293181136363602910E+02
    0.332188883827025556E-02    0.113097327412247310E+03    0.293197638750051368E+02
    0.330806630248251313E-02    0.113105666868862983E+03    0.293201076237102427E+02
    0.310557346832426731E-02    0.113231997728480621E+03    0.293130093397468414E+02
    0.307865001946257830E-02    0.113249412117863727E+03    0.293232393023248363E+02
    0.319794142489447306E-02    0.113173379912776483E+03    0.293219079846284139E+02
    0.317049926964998790E-02    0.113190616361328495E+03    0.293222464301345056E+02
    0.304423444069769778E-02    0.113271895600236860E+03    0.293124027359881758E+02
    0.319886510322277447E-02    0.113172802325612849E+03    0.293218961359928763E+02
    0.330913562924087939E-02    0.113105020476760259E+03    0.293200829967805632E+02
    0.305205871515690360E-02    0.113266761805942295E+03    0.293234982059709992E+02
    0.308015923365867906E-02    0.113248431919150434E+03    0.293127509580230878E+02
    0.310380918093965726E-02    0.113233134258491233E+03    0.293129910409093242E+02
    0.304381583507910359E-02    0.113272170634509095E+03    0.293235764682823437E+02
    0.331729347985462936E-02    0.113100096041834092E+03    0.293160903358458995E+02
    0.323969162838535791E-02    0.113147438211227538E+03    0.293213347043614299E+02
    0.304231517852422782E-02    0.113273156914023573E+03    0.293123846298847326E+02
    0.332952553522744424E-02    0.113092734885074037E+03    0.293195424550951245E+02
    0.334204190284212270E-02    0.113085230572232788E+03    0.293168865850804821E+02
    0.303337695159896061E-02    0.113279041500129722E+03    0.293123009187397585E+02
    0.308649917100185757E-02    0.113244319520401618E+03    0.293128144032480726E+02
    0.335405943479870740E-02    0.113078051741296207E+03    0.293177439896361705E+02
    0.322385018590641169E-02    0.113157241798581580E+03    0.293144130755216317E+02
    0.334590298177447508E-02    0.113082921295210980E+03    0.293189049132197610E+02
    0.328327948469761891E-02    0.113120708977364984E+03    0.293206163474598824E+02
    0.329881357346926106E-02    0.113111268747653654E+03    0.293156651134207280E+02
    0.313527974955753576E-02    0.113212957700103630E+03    0.293133265665935951E+02
    0.325907926237198895E-02    0.113135505067666017E+03    0.293149402571374367E+02
    0.325415639108774749E-02    0.113138528371279520E+03    0.293148616054564641E+02
    0.312591820532740232E-02    0.113218938377458713E+03    0.293227506054514180E+02
    0.323597594214842556E-02    0.113149733379473432E+03    0.293145859283534307E+02
    0.335138775616362515E-02    0.113079645477672244E+03    0.293185491548172052E+02
    0.334461770883852545E-02    0.113083689709516051E+03    0.293189698807295898E+02
    0.331713658756075790E-02    0.113100190634612844E+03    0.293160863365208542E+02
    0.319706327246421307E-02    0.113173929186765989E+03    0.293140560318434247E+02
    0.328906881126349998E-02    0.113117185531678587E+03    0.293154688346612744E+02
    0.330360313527847246E-02    0.113108367044922289E+03    0.293202075455470066E+02
    0.321874596140461246E-02    0.113160410847488606E+03    0.293216326718720026E+02
    0.332174878616831124E-02    0.113097411734788608E+03    0.293162075681827581E+02
    0.335436217309405650E-02    0.113077871228911462E+03    0.293178133617105132E+02
    0.332722876131869971E-02    0.113094115001507703E+03    0.293196121697390453E+02
    0.308926207885153702E-02    0.113242530003014380E+03    0.293231329953428528E+02
    0.322705690357677271E-02    0.113155253415930900E+03    0.293215172248102114E+02
    0.331815743454245797E-02    0.113099575230390315E+03    0.293161125082008347E+02
    0.315619257818366321E-02    0.113199661667277709E+03    0.293224136968418208E+02
    0.302900056276297945E-02    0.113281929073254844E+03    0.293122602890662378E+02
    0.309880846063131715E-02    0.113236359168798998E+03    0.293129394789778850E+02
    0.334841707708370467E-02    0.113081419069201260E+03    0.293172129277617977E+02
    0.335046500881377779E-02    0.113080196219318182E+03    0.293186230506915990E+02
    0.321882520538166071E-02    0.113160361609056906E+03    0.293216315869821109E+02
    0.327989204128228571E-02    0.113122773493706035E+03    0.293152965768408009E+02
    0.332553294792273767E-02    0.113095134616222197E+03    0.293163134405663968E+02
    0.335313032174887598E-02    0.113078605841054525E+03    0.293183727850045202E+02
    0.325409428412776636E-02    0.113138566542495170E+03    0.293148606250729742E+02
    0.334664714840803186E-02    0.113082476522069399E+03    0.293171101375012491E+02
    0.331486132889710888E-02    0.113101562926209795E+03    0.293160292353461323E+02
    0.330802646399221524E-02    0.113105690954674174E+03    0.293158667153341455E+02
    0.333607099748062632E-02    0.113088806975951456E+03    0.293166509631959293E+02
    0.328951335273066801E-02    0.113116915235461690E+03    0.293154774666829958E+02
    0.325720543899570654E-02    0.113136655308033838E+03    0.293149100965607161E+02
