    0.398886799812316895E+02   -0.347934576777518669E+06   -0.460515351937698814E+01    1
    0.396809959411621094E+02   -0.334399233383113111E+06   -0.461515351937698259E+01    1
    0.394555795192718506E+02   -0.320012166151736223E+06   -0.462515351937698149E+01    1
    0.393072569370269775E+02   -0.310718148897264677E+06   -0.463515351937698661E+01    1
    0.393055152893066406E+02   -0.310609829479616776E+06   -0.464515351937698728E+01    1
    0.391952359676361084E+02   -0.303789617026686959E+06   -0.465515351937698174E+01    1
    0.390516328811645508E+02   -0.295022005426167278E+06   -0.466515351937698153E+01    1
    0.389048075675964355E+02   -0.286190420265538618E+06   -0.467515351937698398E+01    1
    0.388899266719818115E+02   -0.285302821704832837E+06   -0.468515351937698377E+01    1
    0.387438178062438965E+02   -0.276661118988581875E+06   -0.469515351937698444E+01    1
    0.386170434951782227E+02   -0.269270674018601479E+06   -0.470515351937698423E+01    1
    0.200651574134826660E+02   -0.266600796669420262E+06   -0.471515351937698135E+01    1
    0.383871519565582275E+02   -0.256124172104462108E+06   -0.472515351937698025E+01    1
    0.202756369113922119E+02   -0.254612246840246225E+06   -0.473515351937698448E+01    1
    0.382835245132446289E+02   -0.250305768011283915E+06   -0.474515351937698782E+01    1
    0.382610440254211426E+02   -0.249052374766872439E+06   -0.475515351937698494E+01    1
    0.204322540760040283E+02   -0.245870597387459304E+06   -0.476515351937698117E+01    1
    0.204480898380279541E+02   -0.244995220187709201E+06   -0.477515351937698451E+01    1
    0.381635761260986328E+02   -0.243654477476053435E+06   -0.478515351937698341E+01    1
    0.379790139198303223E+02   -0.233595239236739726E+06   -0.479515351937697876E+01    1
    0.206698250770568848E+02   -0.232902030052800430E+06   -0.480515351937698032E+01    1
    0.378749716281890869E+02   -0.228018080345642782E+06   -0.481515351937698277E+01    1
    0.377799844741821289E+02   -0.222985177230778383E+06   -0.482515351937698345E+01    1
    0.209081423282623291E+02   -0.220245812375372305E+06   -0.483515351937698323E+01    1
    0.376064896583557129E+02   -0.213937556368076243E+06   -0.484515351937698480E+01    1
    0.210942900180816650E+02   -0.210606133680051978E+06   -0.485515351937698814E+01    1
    0.211615228652954102E+02   -0.207177509760128858E+06   -0.486515351937698437E+01    1
    0.212451291084289551E+02   -0.202953165875836130E+06   -0.487515351937698149E+01    1
    0.370466232299804688E+02   -0.186019223637816758E+06   -0.488515351937698572E+01    1
    0.216204452514648438E+02   -0.184525933056279173E+06   -0.489515351937698817E+01    1
    0.369067430496215820E+02   -0.179348681562640675E+06   -0.490515351937698973E+01    1
    0.217541277408599854E+02   -0.178174245762137347E+06   -0.491515351937698775E+01    1
    0.218608069419860840E+02   -0.173185401820756146E+06   -0.492515351937698220E+01    1
    0.367652559280395508E+02   -0.172725448178262945E+06   -0.493515351937698199E+01    1
    0.222965633869171143E+02   -0.153543176811711979E+06   -0.494515351937698799E+01    1
    0.363154876232147217E+02   -0.152499002504579112E+06   -0.495515351937699045E+01    1
    0.225525414943695068E+02   -0.142555935551850824E+06   -0.496515351937698846E+01    1
    0.360241878032684326E+02   -0.140071089366408880E+06   -0.497515351937698824E+01    1
    0.359546339511871338E+02   -0.137181808096430730E+06   -0.498515351937698359E+01    1
    0.359058475494384766E+02   -0.135173185246353416E+06   -0.499515351937698426E+01    1
    0.358826208114624023E+02   -0.134222106561645196E+06   -0.500515351937698583E+01    1
    0.358543694019317627E+02   -0.133069807499936986E+06   -0.501515351937698384E+01    1
    0.358063197135925293E+02   -0.131121403954306617E+06   -0.502515351937698451E+01    1
    0.357987976074218750E+02   -0.130817685730328521E+06   -0.503515351937698608E+01    1
    0.228388869762420654E+02   -0.130748717560504607E+06   -0.504515351937698409E+01    1
    0.357925426959991455E+02   -0.130565401000953643E+06   -0.505515351937698298E+01    1
    0.228999066352844238E+02   -0.128298612327527371E+06   -0.506515351937698455E+01    1
    0.229165077209472656E+02   -0.127636045352450281E+06   -0.507515351937697989E+01    1
    0.230428361892700195E+02   -0.122650355760515304E+06   -0.508515351937698501E+01    1
    0.230449295043945312E+02   -0.122568577754100843E+06   -0.509515351937699013E+01    1
    0.354450786113739014E+02   -0.116933471136452514E+06   -0.510515351937699080E+01    1
    0.232211029529571533E+02   -0.115783914582006764E+06   -0.511515351937698348E+01    1
    0.353275096416473389E+02   -0.112491145799614329E+06   -0.512515351937698238E+01    1
    0.352051198482513428E+02   -0.107958099173772527E+06   -0.513515351937698394E+01    1
    0.352037584781646729E+02   -0.107908201543912117E+06   -0.514515351937697751E+01    1
    0.234650623798370361E+02   -0.106707825569677982E+06   -0.515515351937698085E+01    1
    0.235024797916412354E+02   -0.105348553389560606E+06   -0.516515351937698330E+01    1
    0.350739717483520508E+02   -0.103204184472604640E+06   -0.517515351937698220E+01    1
    0.236572289466857910E+02   -0.998195219864594983E+05   -0.518515351937698643E+01    1
    0.349697411060333252E+02   -0.995023663079169928E+05   -0.519515351937698533E+01    1
    0.237551236152648926E+02   -0.963988435989614954E+05   -0.520515351937697623E+01    1
    0.237963128089904785E+02   -0.949774280409880448E+05   -0.521515351937698224E+01    1
    0.346350681781768799E+02   -0.880735515558704792E+05   -0.522515351937697670E+01    1
    0.344843614101409912E+02   -0.831547725681798183E+05   -0.523515351937698092E+01    1
    0.344621491432189941E+02   -0.824417648317055864E+05   -0.524515351937698071E+01    1
    0.344458234310150146E+02   -0.819196726631535857E+05   -0.525515351937698583E+01    1
    0.241926610469818115E+02   -0.818395753582293983E+05   -0.526515351937698739E+01    1
    0.242511653900146484E+02   -0.799831648935651465E+05   -0.527515351937698007E+01    1
    0.343234312534332275E+02   -0.780584590781613369E+05   -0.528515351937697542E+01    1
    0.243286943435668945E+02   -0.775559159506823053E+05   -0.529515351937697609E+01    1
    0.342259800434112549E+02   -0.750507793401290110E+05   -0.530515351937697677E+01    1
    0.244420218467712402E+02   -0.740752370564173034E+05   -0.531515351937698188E+01    1
    0.244496190547943115E+02   -0.738447607208673871E+05   -0.532515351937698078E+01    1
    0.244882512092590332E+02   -0.726783380420901085E+05   -0.533515351937697613E+01    1
    0.341182577610015869E+02   -0.717949082271299267E+05   -0.534515351937697680E+01    1
    0.341062700748443604E+02   -0.714370520125434268E+05   -0.535515351937698103E+01    1
    0.339934945106506348E+02   -0.681142824952675874E+05   -0.536515351937698171E+01    1
    0.246606075763702393E+02   -0.675875887614413077E+05   -0.537515351937698238E+01    1
    0.247174608707427979E+02   -0.659489297730592370E+05   -0.538515351937698128E+01    1
    0.338889944553375244E+02   -0.651060272445098017E+05   -0.539515351937698018E+01    1
    0.338683366775512695E+02   -0.645193987598492458E+05   -0.540515351937698263E+01    1
    0.247969555854797363E+02   -0.636914313169451052E+05   -0.541515351937698153E+01    1
    0.338055980205535889E+02   -0.627540693719601695E+05   -0.542515351937697865E+01    1
    0.248416125774383545E+02   -0.624405186747264088E+05   -0.543515351937697933E+01    1
    0.337697839736938477E+02   -0.617573285609687446E+05   -0.544515351937698178E+01    1
    0.248974692821502686E+02   -0.608933636138727670E+05   -0.545515351937698245E+01    1
    0.249041688442230225E+02   -0.607090995995024859E+05   -0.546515351937698401E+01    1
    0.249099600315093994E+02   -0.605500446288802996E+05   -0.547515351937698025E+01    1
    0.336664783954620361E+02   -0.589269745465782325E+05   -0.548515351937698004E+01    1
    0.335943281650543213E+02   -0.569896228079038410E+05   -0.549515351937697805E+01    1
    0.251708508467583059E+02   -0.536012849337011648E+05   -0.550515351937697694E+01    1
    0.334500169754028320E+02   -0.532118837170597544E+05   -0.551515351937698295E+01    1
    0.334397960646990384E+02   -0.529492408149880357E+05   -0.552515351937698185E+01    1
    0.252031552791595459E+02   -0.527703522774742160E+05   -0.553515351937698163E+01    1
    0.333871281147003174E+02   -0.516061642305453279E+05   -0.554515351937698142E+01    1
    0.253060781955718994E+02   -0.501663060525037363E+05   -0.555515351937698032E+01    1
    0.253065609931945801E+02   -0.501542462484597854E+05   -0.556515351937698544E+01    1
    0.333054101467132568E+02   -0.495564773948248621E+05   -0.557515351937698611E+01    1
    0.253459167480468750E+02   -0.491760599264756383E+05   -0.558515351937698146E+01    1
    0.253629386425018311E+02   -0.487559688434609125E+05   -0.559515351937697680E+01    1
    0.253893601894378662E+02   -0.481074730299518633E+05   -0.560515351937697748E+01    1
    0.253920900821685791E+02   -0.480407177452873148E+05   -0.561515351937697904E+01    1
    0.254595160484313965E+02   -0.464066474133441370E+05   -0.562515351937698060E+01    1
    0.331705343723297119E+02   -0.462644119789659671E+05   -0.563515351937698039E+01    1
    0.255209255218505859E+02   -0.449430184675761775E+05   -0.564515351937698284E+01    1
    0.330966901779174805E+02   -0.445099977404817182E+05   -0.565515351937698085E+01    1
    0.256250524520874023E+02   -0.425149279668068484E+05   -0.566515351937697975E+01    1
    0.329974699020385742E+02   -0.422061502997047937E+05   -0.567515351937697954E+01    1
    0.329902086213108987E+02   -0.420399540031008219E+05   -0.568515351937697666E+01    1
    0.258032989501953125E+02   -0.385151741191361070E+05   -0.569515351937697734E+01    1
    0.258366677415273109E+02   -0.377883807553089355E+05   -0.570515351937697890E+01    1
    0.258515858650207520E+02   -0.374656972594525942E+05   -0.571515351937697780E+01    1
    0.327626252174377441E+02   -0.369974172757761044E+05   -0.572515351937697403E+01    1
    0.259021914005279541E+02   -0.363814075601983350E+05   -0.573515351937697382E+01    1
    0.327308668642733949E+02   -0.363193933785630725E+05   -0.574515351937697805E+01    1
    0.259121572971343994E+02   -0.361697545436403598E+05   -0.575515351937698227E+01    1
    0.259185302257537842E+02   -0.360347321847460335E+05   -0.576515351937698384E+01    1
    0.326679825782775879E+02   -0.349953762988374438E+05   -0.577515351937697918E+01    1
    0.260211786083306436E+02   -0.338947755154461047E+05   -0.578515351937698075E+01    1
    0.260309320794396157E+02   -0.336948536777397967E+05   -0.579515351937698409E+01    1
    0.325866997241973877E+02   -0.333204633165120176E+05   -0.580515351937698565E+01    1
    0.260599970817565918E+02   -0.331026062051929039E+05   -0.581515351937698366E+01    1
    0.260865338664185060E+02   -0.325664689895401025E+05   -0.582515351937698256E+01    1
    0.260900592803955078E+02   -0.324955730694965387E+05   -0.583515351937698412E+01    1
    0.325392460823059082E+02   -0.323616536145712307E+05   -0.584515351937698391E+01    1
    0.261228728294372559E+02   -0.318394063653395242E+05   -0.585515351937697837E+01    1
    0.324995493888854980E+02   -0.315703451963606858E+05   -0.586515351937697371E+01    1
    0.262513870281983834E+02   -0.293340784236607105E+05   -0.587515351937697705E+01    1
    0.323109042644500732E+02   -0.279440261915360388E+05   -0.588515351937697684E+01    1
    0.322937119007110596E+02   -0.276245553781530180E+05   -0.589515351937697751E+01    1
    0.322202050685882568E+02   -0.262793979099555472E+05   -0.590515351937697286E+01    1
    0.264503109455108643E+02   -0.256589291573511546E+05   -0.591515351937697531E+01    1
    0.264697448791806735E+02   -0.253130957375697108E+05   -0.592515351937697687E+01    1
    0.321602487564086914E+02   -0.252071241679530467E+05   -0.593515351937697400E+01    1
    0.321236565210299432E+02   -0.245636984834023133E+05   -0.594515351937698000E+01    1
    0.320822572708129883E+02   -0.238458000200383176E+05   -0.595515351937698156E+01    1
    0.265718281458602270E+02   -0.235351095120817990E+05   -0.596515351937697336E+01    1
    0.265730881690979004E+02   -0.235135690604606934E+05   -0.597515351937696959E+01    1
    0.320181536674499512E+02   -0.227552441833421144E+05   -0.598515351937697559E+01    1
    0.319573485851287842E+02   -0.217444498169454382E+05   -0.599515351937697627E+01    1
    0.266998645778608648E+02   -0.213968256840548274E+05   -0.600515351937697517E+01    1
    0.267298062405041605E+02   -0.209115085580151390E+05   -0.601515351937697851E+01    1
    0.318529455305872489E+02   -0.200626026097368449E+05   -0.602515351937697829E+01    1
    0.267915859503593374E+02   -0.199277778122366144E+05   -0.603515351937697453E+01    1
    0.268078045721820430E+02   -0.196734638311203853E+05   -0.604515351937697520E+01    1
    0.318269284690081200E+02   -0.196540530472693099E+05   -0.605515351937697410E+01    1
    0.268319975586721355E+02   -0.192971526639464319E+05   -0.606515351937697478E+01    1
    0.317891163157559795E+02   -0.190677975056725300E+05   -0.607515351937697723E+01    1
    0.268544733524322510E+02   -0.189508172573572774E+05   -0.608515351937697790E+01    1
    0.270002841949462891E+02   -0.167803737660063525E+05   -0.609515351937697769E+01    1
    0.270091617107391357E+02   -0.166525042799341245E+05   -0.610515351937697481E+01    1
    0.270403129835095655E+02   -0.162076913620762571E+05   -0.611515351937697282E+01    1
    0.315793609619140625E+02   -0.159773312340562152E+05   -0.612515351937697528E+01    1
    0.271030459103384054E+02   -0.153302562102672437E+05   -0.613515351937697417E+01    1
    0.315264163074170085E+02   -0.152405635804155154E+05   -0.614515351937697485E+01    1
    0.315089825371676966E+02   -0.150017784698989053E+05   -0.615515351937697819E+01    1
    0.271489121018122219E+02   -0.147042407225044535E+05   -0.616515351937697620E+01    1
    0.271618950366973877E+02   -0.145294187498779775E+05   -0.617515351937697776E+01    1
    0.314494132995605469E+02   -0.142001572414118018E+05   -0.618515351937698288E+01    1
    0.271880881326547446E+02   -0.141799097661615997E+05   -0.619515351937698000E+01    1
    0.314443767070770264E+02   -0.141333930304700934E+05   -0.620515351937697535E+01    1
    0.314404451847076416E+02   -0.140813872100791978E+05   -0.621515351937697247E+01    1
    0.272149966211514638E+02   -0.138253034377871445E+05   -0.622515351937697314E+01    1
    0.272464640716337954E+02   -0.134163369871338291E+05   -0.623515351937697559E+01    1
    0.313642680644989014E+02   -0.130927218991096634E+05   -0.624515351937698071E+01    1
    0.272768080234527588E+02   -0.130278113784903162E+05   -0.625515351937697694E+01    1
    0.313555516392213320E+02   -0.129818994487406726E+05   -0.626515351937697407E+01    1
    0.313513474682744082E+02   -0.129286158571444448E+05   -0.627515351937697385E+01    1
    0.273096728324890137E+02   -0.126134759593102735E+05   -0.628515351937697986E+01    1
    0.313261231601177101E+02   -0.126112344402078197E+05   -0.629515351937697432E+01    1
    0.312899458408355713E+02   -0.121629539589202795E+05   -0.630515351937697766E+01    1
    0.273563748854359368E+02   -0.120362595138773959E+05   -0.631515351937697567E+01    1
    0.312401354356074066E+02   -0.115590776501050896E+05   -0.632515351937697190E+01    1
    0.312299937803086820E+02   -0.114380182440671306E+05   -0.633515351937697790E+01    1
    0.274308216571807861E+02   -0.111442100092629007E+05   -0.634515351937697858E+01    1
    0.274371370492039013E+02   -0.110701245017687543E+05   -0.635515351937697659E+01    1
    0.274590432643890381E+02   -0.108150686548688318E+05   -0.636515351937697371E+01    1
    0.311732372860874740E+02   -0.107723454333412210E+05   -0.637515351937697350E+01    1
    0.274660909175872803E+02   -0.107336475437935023E+05   -0.638515351937697861E+01    1
    0.311607402223538621E+02   -0.106284671320919078E+05   -0.639515351937698195E+01    1
    0.311458217044254795E+02   -0.104579840417448395E+05   -0.640515351937697730E+01    1
    0.311245364878173305E+02   -0.102171438832298682E+05   -0.641515351937697620E+01    1
    0.311242904805051737E+02   -0.102143768250031790E+05   -0.642515351937697776E+01    1
    0.311100455232288127E+02   -0.100547940557266757E+05   -0.643515351937697222E+01    1
    0.310497236251831055E+02   -0.939302623949313420E+04   -0.644515351937697556E+01    1
    0.275949776926890884E+02   -0.929917180705069222E+04   -0.645515351937697535E+01    1
    0.276080631645681756E+02   -0.915931776037444797E+04   -0.646515351937697513E+01    1
    0.310278685505220899E+02   -0.915885423788924709E+04   -0.647515351937697048E+01    1
    0.276165875983042639E+02   -0.906878438429439666E+04   -0.648515351937697559E+01    1
    0.310136663913726807E+02   -0.900827572049915398E+04   -0.649515351937697538E+01    1
    0.276280519881654030E+02   -0.894774077406043034E+04   -0.650515351937697694E+01    1
    0.309725776565228621E+02   -0.857970493143884960E+04   -0.651515351937697318E+01    1
    0.276682923403642960E+02   -0.852935164503742089E+04   -0.652515351937697652E+01    1
    0.276874880531799228E+02   -0.833332097143518331E+04   -0.653515351937697631E+01    1
    0.277150368690490723E+02   -0.805599580960101684E+04   -0.654515351937697609E+01    1
    0.309181772088539404E+02   -0.802846051223135873E+04   -0.655515351937696966E+01    1
    0.308852433029846196E+02   -0.770369305649700891E+04   -0.656515351937697567E+01    1
    0.277553385610751313E+02   -0.765880477450992657E+04   -0.657515351937698256E+01    1
    0.277850814327697151E+02   -0.737216160100969682E+04   -0.658515351937698501E+01    1
    0.278010797500610352E+02   -0.722025808924766625E+04   -0.659515351937696881E+01    1
    0.308020366790049422E+02   -0.691326266789701549E+04   -0.660515351937696948E+01    1
    0.307491855161095948E+02   -0.643358440182094546E+04   -0.661515351937697371E+01    1
    0.307374809637678581E+02   -0.632970603034524993E+04   -0.662515351937697705E+01    1
    0.279143776356854119E+02   -0.619010488607448679E+04   -0.663515351937697861E+01    1
    0.306868684291839600E+02   -0.589033716553331578E+04   -0.664515351937698107E+01    1
    0.306825637817382812E+02   -0.585370437749560824E+04   -0.665515351937697286E+01    1
    0.279544503459857197E+02   -0.584488076318377261E+04   -0.666515351937697353E+01    1
    0.306638165332741934E+02   -0.569550969533485204E+04   -0.667515351937697510E+01    1
    0.279885228501127976E+02   -0.555921323130985093E+04   -0.668515351937697488E+01    1
    0.279924753662190149E+02   -0.552654282301179774E+04   -0.669515351937697734E+01    1
    0.306373337575673332E+02   -0.547576956157348559E+04   -0.670515351937697446E+01    1
    0.306367075443267822E+02   -0.547062642501159917E+04   -0.671515351937697247E+01    1
    0.306323950491860408E+02   -0.543527388467583023E+04   -0.672515351937697314E+01    1
    0.306226885318756104E+02   -0.535612641409112439E+04   -0.673515351937697382E+01    1
    0.280209668933815017E+02   -0.529391758335230952E+04   -0.674515351937697183E+01    1
    0.306090849644917640E+02   -0.524618941155646826E+04   -0.675515351937697428E+01    1
    0.306029641849996281E+02   -0.519710029729530561E+04   -0.676515351937697584E+01    1
    0.305981511254355993E+02   -0.515866303350320504E+04   -0.677515351937697829E+01    1
    0.305675286614738440E+02   -0.491748926111404853E+04   -0.678515351937697098E+01    1
    0.305603502624765966E+02   -0.486179903397782527E+04   -0.679515351937697432E+01    1
    0.281157070681456212E+02   -0.455673860924860855E+04   -0.680515351937697410E+01    1
    0.281300376043958877E+02   -0.445009805709204284E+04   -0.681515351937697567E+01    1
    0.305045015056548010E+02   -0.443948152121212661E+04   -0.682515351937697723E+01    1
    0.281588006422835875E+02   -0.423991711285872316E+04   -0.683515351937697613E+01    1
    0.281600112444511339E+02   -0.423118381554198459E+04   -0.684515351937697059E+01    1
    0.304606005921247167E+02   -0.412114472310062501E+04   -0.685515351937697126E+01    1
    0.281817246707442131E+02   -0.407609259084646965E+04   -0.686515351937697371E+01    1
    0.281975006203700822E+02   -0.396525193184151840E+04   -0.687515351937697083E+01    1
    0.282003880328858507E+02   -0.394513295613823448E+04   -0.688515351937697062E+01    1
    0.304307603836059570E+02   -0.391161635729844738E+04   -0.689515351937697307E+01    1
    0.304229610258297143E+02   -0.385776572295555479E+04   -0.690515351937697019E+01    1
    0.304208266735076904E+02   -0.384309510412413238E+04   -0.691515351937697176E+01    1
    0.282265543937683105E+02   -0.376517724217732257E+04   -0.692515351937697421E+01    1
    0.282586616089290885E+02   -0.355018906255158026E+04   -0.693515351937697400E+01    1
    0.303758871555328369E+02   -0.354078631019181785E+04   -0.694515351937697556E+01    1
    0.303660021252429075E+02   -0.347597679283610705E+04   -0.695515351937697623E+01    1
    0.282747578620910645E+02   -0.344482501024570411E+04   -0.696515351937697869E+01    1
    0.283002340793609619E+02   -0.328135820922158473E+04   -0.697515351937697670E+01    1
    0.283400714397430420E+02   -0.303384443655042514E+04   -0.698515351937697471E+01    1
    0.302902090549468994E+02   -0.299926956612023696E+04   -0.699515351937697627E+01    1
    0.283459675312042236E+02   -0.299805088633214200E+04   -0.700515351937697339E+01    1
    0.283462691307067871E+02   -0.299622577810551229E+04   -0.701515351937697229E+01    1
    0.302869899136368623E+02   -0.297981436275000897E+04   -0.702515351937697385E+01    1
    0.283513116836547852E+02   -0.296579502035813493E+04   -0.703515351937696920E+01    1
    0.302780131573181208E+02   -0.292590327780931739E+04   -0.704515351937696899E+01    1
    0.302762285571482153E+02   -0.291524541785899964E+04   -0.705515351937697233E+01    1
    0.283757515608572106E+02   -0.282054872170115186E+04   -0.706515351937697300E+01    1
    0.302551078796386719E+02   -0.279061617031694686E+04   -0.707515351937697190E+01    1
    0.283961332262531094E+02   -0.270226450527396355E+04   -0.708515351937697524E+01    1
    0.283984442395135375E+02   -0.268901589884536270E+04   -0.709515351937697947E+01    1
    0.283993110058157754E+02   -0.268405546511572948E+04   -0.710515351937697481E+01    1
    0.302335206910009688E+02   -0.266610440503713426E+04   -0.711515351937697194E+01    1
    0.302061379888235919E+02   -0.251233966332521231E+04   -0.712515351937697261E+01    1
    0.284360086011668969E+02   -0.247832982648907000E+04   -0.713515351937696796E+01    1
    0.301981253073215186E+02   -0.246822824358591697E+04   -0.714515351937696508E+01    1
    0.284528270856572547E+02   -0.238684804728481822E+04   -0.715515351937696753E+01    1
    0.301814632958125664E+02   -0.237778049497032998E+04   -0.716515351937696821E+01    1
    0.284554636727241679E+02   -0.237266639941927224E+04   -0.717515351937696444E+01    1
    0.284596467018127441E+02   -0.235025557669760292E+04   -0.718515351937696511E+01    1
    0.301636206668835207E+02   -0.228284061542667087E+04   -0.719515351937696845E+01    1
    0.301288105849216308E+02   -0.210332381658699842E+04   -0.720515351937697446E+01    1
    0.301178811567202160E+02   -0.204851673319228485E+04   -0.721515351937697869E+01    1
    0.301058744040222521E+02   -0.198916462873940054E+04   -0.722515351937697670E+01    1
    0.300867940924463042E+02   -0.189669296995351783E+04   -0.723515351937696849E+01    1
    0.285585816120696165E+02   -0.185196772934464866E+04   -0.724515351937696384E+01    1
    0.285628454267428964E+02   -0.183186284554033705E+04   -0.725515351937697073E+01    1
    0.300442576408386230E+02   -0.169870225990948029E+04   -0.726515351937697051E+01    1
    0.300428573591272752E+02   -0.169237603249531935E+04   -0.727515351937696853E+01    1
    0.300331401544017069E+02   -0.164881173613123519E+04   -0.728515351937696742E+01    1
    0.286035787977944587E+02   -0.164550178693012185E+04   -0.729515351937696988E+01    1
    0.286085847111952312E+02   -0.162331185104101269E+04   -0.730515351937697766E+01    1
    0.300198331279905304E+02   -0.159010736897862944E+04   -0.731515351937697655E+01    1
    0.300108802318572998E+02   -0.155123183580621321E+04   -0.732515351937697723E+01    1
    0.300078296661376953E+02   -0.153809957874012593E+04   -0.733515351937697524E+01    1
    0.300064479602850298E+02   -0.153217059517234316E+04   -0.734515351937696614E+01    1
    0.299972026890999679E+02   -0.149280445501789404E+04   -0.735515351937696948E+01    1
    0.286407356452795270E+02   -0.148451419596923915E+04   -0.736515351937697105E+01    1
    0.286566090583801270E+02   -0.141836094446915558E+04   -0.737515351937696906E+01    1
    0.286704050935493200E+02   -0.136213960638064214E+04   -0.738515351937697240E+01    1
    0.299576351425373488E+02   -0.133033982966151848E+04   -0.739515351937697218E+01    1
    0.299470130334592994E+02   -0.128838513416888463E+04   -0.740515351937697464E+01    1
    0.286941831835671195E+02   -0.126802113405791124E+04   -0.741515351937697265E+01    1
    0.287015128135681152E+02   -0.123971883756089028E+04   -0.742515351937696799E+01    1
    0.299332514833915511E+02   -0.123507511312010843E+04   -0.743515351937697044E+01    1
    0.299331280556273072E+02   -0.123460230944553928E+04   -0.744515351937697023E+01    1
    0.287042000600265084E+02   -0.122942623063898122E+04   -0.745515351937696646E+01    1
    0.299234774256280325E+02   -0.119792817002312836E+04   -0.746515351937696536E+01    1
    0.299192237894429809E+02   -0.118194771490074322E+04   -0.747515351937696515E+01    1
    0.299049735535405290E+02   -0.112923203388094589E+04   -0.748515351937696671E+01    1
    0.299041212199064219E+02   -0.112611908468052252E+04   -0.749515351937696561E+01    1
    0.299038255617296436E+02   -0.112504031905022862E+04   -0.750515351937696362E+01    1
    0.299031147261121930E+02   -0.112244892621656436E+04   -0.751515351937696874E+01    1
    0.287351169645947735E+02   -0.111424378883310487E+04   -0.752515351937696853E+01    1
    0.287399375438690186E+02   -0.109682082860935998E+04   -0.753515351937696742E+01    1
    0.298865759372711182E+02   -0.106304398894663177E+04   -0.754515351937696721E+01    1
    0.298751128108820048E+02   -0.102286943172428175E+04   -0.755515351937696877E+01    1
    0.287620548742824695E+02   -0.101873731799631719E+04   -0.756515351937697211E+01    1
    0.298672765453373401E+02   -0.995876690388448196E+03   -0.757515351937696835E+01    1
    0.298669267465400807E+02   -0.994680690924444093E+03   -0.758515351937696991E+01    1
    0.287763849750092788E+02   -0.969772073695898030E+03   -0.759515351937697325E+01    1
    0.287765743625477945E+02   -0.969133506826272082E+03   -0.760515351937697126E+01    1
    0.298480888431988980E+02   -0.931397205627823723E+03   -0.761515351937696572E+01    1
    0.287884397089276405E+02   -0.929571866104292667E+03   -0.762515351937696639E+01    1
    0.298472071678407325E+02   -0.928489460536645652E+03   -0.763515351937696973E+01    1
    0.287908799898856032E+02   -0.921544123938632652E+03   -0.764515351937696952E+01    1
    0.288048410377668311E+02   -0.876329632618883011E+03   -0.765515351937697019E+01    1
    0.298241949496686622E+02   -0.854307542669699842E+03   -0.766515351937697087E+01    1
    0.298148526354793617E+02   -0.825132811296483624E+03   -0.767515351937697066E+01    1
    0.288234071818425548E+02   -0.818081129455301152E+03   -0.768515351937697044E+01    1
    0.298065536542241674E+02   -0.799672062860390270E+03   -0.769515351937697201E+01    1
    0.298063449132081573E+02   -0.799037187586839536E+03   -0.770515351937697446E+01    1
    0.288323092460632324E+02   -0.790913507330500920E+03   -0.771515351937697069E+01    1
    0.288407650224815733E+02   -0.765564832173141099E+03   -0.772515351937696959E+01    1
    0.288479932611467547E+02   -0.744249009545008221E+03   -0.773515351937697382E+01    1
    0.288497285543061182E+02   -0.739180116085699865E+03   -0.774515351937697538E+01    1
    0.297782931472274086E+02   -0.716187242055444358E+03   -0.775515351937697517E+01    1
    0.288579853225436480E+02   -0.715318463472060103E+03   -0.776515351937697407E+01    1
    0.297765761388412855E+02   -0.711275246179370242E+03   -0.777515351937697297E+01    1
    0.297739654613264229E+02   -0.703841827557046258E+03   -0.778515351937696565E+01    1
    0.297649523499358466E+02   -0.678504838300258257E+03   -0.779515351937696011E+01    1
    0.297630791123449256E+02   -0.673302420455300080E+03   -0.780515351937696522E+01    1
    0.297508899446873833E+02   -0.639983904622419573E+03   -0.781515351937697123E+01    1
    0.288867928321244136E+02   -0.635390338901339760E+03   -0.782515351937697279E+01    1
    0.297478212853121349E+02   -0.631741636488179665E+03   -0.783515351937697524E+01    1
    0.289085685589115435E+02   -0.578401560151726244E+03   -0.784515351937695993E+01    1
    0.297248840494085158E+02   -0.571990439495721944E+03   -0.785515351937696593E+01    1
    0.289156534744883231E+02   -0.560496373883305523E+03   -0.786515351937697016E+01    1
    0.289180266286140011E+02   -0.554568755239684378E+03   -0.787515351937697172E+01    1
    0.297170292138793499E+02   -0.552281698574484153E+03   -0.788515351937697417E+01    1
    0.297077626697265700E+02   -0.529524751285489515E+03   -0.789515351937696952E+01    1
    0.297022708077868955E+02   -0.516290073072696600E+03   -0.790515351937697019E+01    1
    0.289419532617682620E+02   -0.496764360144480804E+03   -0.791515351937696643E+01    1
    0.296777199625602783E+02   -0.459421990177714065E+03   -0.792515351937696444E+01    1
    0.296738322665001419E+02   -0.450760974812991549E+03   -0.793515351937696778E+01    1
    0.296670411025592955E+02   -0.435857391128531788E+03   -0.794515351937696490E+01    1
    0.296640657257551226E+02   -0.429418232335324547E+03   -0.795515351937696735E+01    1
    0.289849344376082669E+02   -0.401879199203269366E+03   -0.796515351937696447E+01    1
    0.289870570700409402E+02   -0.397491342994308354E+03   -0.797515351937695893E+01    1
    0.296478751393712976E+02   -0.395345471314576344E+03   -0.798515351937696582E+01    1
    0.296422798772787885E+02   -0.383949858466207388E+03   -0.799515351937696650E+01    1
    0.289941261165964193E+02   -0.383080665653594622E+03   -0.800515351937696096E+01    1
    0.289951287058510232E+02   -0.381062021490491077E+03   -0.801515351937696785E+01    1
    0.289968052031809691E+02   -0.377700493302358439E+03   -0.802515351937697652E+01    1
    0.290003912537286084E+02   -0.370568892221293424E+03   -0.803515351937696920E+01    1
    0.296336364746093750E+02   -0.366729392658085487E+03   -0.804515351937696543E+01    1
    0.296305137819065365E+02   -0.360622362770209747E+03   -0.805515351937697233E+01    1
    0.290118648034181454E+02   -0.348289309388757317E+03   -0.806515351937697034E+01    1
    0.296235942786587287E+02   -0.347306268586647548E+03   -0.807515351937696657E+01    1
    0.290140147384685321E+02   -0.344205706939217634E+03   -0.808515351937696636E+01    1
    0.290141715889775078E+02   -0.343908910382267436E+03   -0.809515351937696259E+01    1
    0.296153668808068176E+02   -0.331861201225297634E+03   -0.810515351937696593E+01    1
    0.296125688629277199E+02   -0.326704602308128358E+03   -0.811515351937696572E+01    1
    0.290271133283461751E+02   -0.319947980193957733E+03   -0.812515351937696728E+01    1
    0.290277557254952399E+02   -0.318785784513661156E+03   -0.813515351937696707E+01    1
    0.296077770625024321E+02   -0.317986794706819126E+03   -0.814515351937696508E+01    1
    0.290298402772565751E+02   -0.315032205770226994E+03   -0.815515351937696664E+01    1
    0.290317538262414843E+02   -0.311610364135729924E+03   -0.816515351937696643E+01    1
    0.290325456885279536E+02   -0.310201011849332190E+03   -0.817515351937696622E+01    1
    0.296031583120759088E+02   -0.309719139323668855E+03   -0.818515351937696600E+01    1
    0.290386517444723182E+02   -0.299464615016456094E+03   -0.819515351937696224E+01    1
    0.290425858032453874E+02   -0.292670253159699200E+03   -0.820515351937696558E+01    1
    0.290432246246288983E+02   -0.291576063997721292E+03   -0.821515351937696714E+01    1
    0.290462362766265869E+02   -0.286451858931098627E+03   -0.822515351937696693E+01    1
    0.295885292807391949E+02   -0.284409511604427905E+03   -0.823515351937696671E+01    1
    0.290474864507711601E+02   -0.284341325480972159E+03   -0.824515351937696295E+01    1
    0.295801819922077271E+02   -0.270565000188676834E+03   -0.825515351937696096E+01    1
    0.295751564892466803E+02   -0.262439111339713520E+03   -0.826515351937696252E+01    1
    0.295724422248532051E+02   -0.258115737928047281E+03   -0.827515351937696408E+01    1
    0.295587711420872274E+02   -0.237037363248365153E+03   -0.828515351937696565E+01    1
    0.290789091335666399E+02   -0.234490139275100262E+03   -0.829515351937696543E+01    1
    0.290814182724342096E+02   -0.230774527107507737E+03   -0.830515351937696344E+01    1
    0.290822568555740517E+02   -0.229541466765242376E+03   -0.831515351937696146E+01    1
    0.295513760474496507E+02   -0.226120453251260301E+03   -0.832515351937696302E+01    1
    0.290911127293222620E+02   -0.216786994041112052E+03   -0.833515351937696813E+01    1
    0.290972484750124210E+02   -0.208236500114742938E+03   -0.834515351937696437E+01    1
    0.290993726253509521E+02   -0.205331005132617548E+03   -0.835515351937696593E+01    1
    0.291006708791451558E+02   -0.203569036214344862E+03   -0.836515351937696927E+01    1
    0.295339312034645012E+02   -0.201716814739325997E+03   -0.837515351937696906E+01    1
    0.295313310895156143E+02   -0.198241770758915635E+03   -0.838515351937696174E+01    1
    0.291065111707704673E+02   -0.195772484406344489E+03   -0.839515351937695975E+01    1
    0.291068374689060470E+02   -0.195343154069698357E+03   -0.840515351937696487E+01    1
    0.295290053863007138E+02   -0.195169141709297463E+03   -0.841515351937696821E+01    1
    0.295289437973805562E+02   -0.195088230562301590E+03   -0.842515351937696266E+01    1
    0.291070576195263868E+02   -0.195053863018366059E+03   -0.843515351937695534E+01    1
    0.295272675201537993E+02   -0.192895126131013853E+03   -0.844515351937695691E+01    1
    0.295244247317435651E+02   -0.189215849293140224E+03   -0.845515351937696202E+01    1
    0.291125428922165135E+02   -0.187943320438827698E+03   -0.846515351937696536E+01    1
    0.295202053788152163E+02   -0.183847723725472065E+03   -0.847515351937696160E+01    1
    0.291237308546965430E+02   -0.174021150555372117E+03   -0.848515351937696316E+01    1
    0.295113295479713962E+02   -0.172917194901426740E+03   -0.849515351937696295E+01    1
    0.291311212899865133E+02   -0.165252042061638974E+03   -0.850515351937696629E+01    1
    0.291314572469525501E+02   -0.164861494179126424E+03   -0.851515351937696785E+01    1
    0.295042192101228764E+02   -0.164514738376239933E+03   -0.852515351937696408E+01    1
    0.291318118832031878E+02   -0.164449994219447461E+03   -0.853515351937696032E+01    1
    0.291318309307098389E+02   -0.164427914723635098E+03   -0.854515351937695655E+01    1
    0.291334110560754915E+02   -0.162604131380141894E+03   -0.855515351937696344E+01    1
    0.295011873466776144E+02   -0.161027645805824534E+03   -0.856515351937696323E+01    1
    0.295009845260776444E+02   -0.160796414548149698E+03   -0.857515351937696124E+01    1
    0.291361720298536397E+02   -0.159454725708274992E+03   -0.858515351937696103E+01    1
    0.294961788761935324E+02   -0.155392533673384492E+03   -0.859515351937696259E+01    1
    0.294936519178864991E+02   -0.152608693971286186E+03   -0.860515351937696771E+01    1
    0.294915509223937988E+02   -0.150324390438320705E+03   -0.861515351937696039E+01    1
    0.291446457967300958E+02   -0.150085201128927309E+03   -0.862515351937695662E+01    1
    0.291449468805466090E+02   -0.149760515106820748E+03   -0.863515351937696352E+01    1
    0.291455073630408350E+02   -0.149157599320789359E+03   -0.864515351937696508E+01    1
    0.291486304373732636E+02   -0.145833897101974770E+03   -0.865515351937695954E+01    1
    0.291528500357399061E+02   -0.141439689180446834E+03   -0.866515351937696288E+01    1
    0.294830675105514004E+02   -0.141380364871035340E+03   -0.867515351937696266E+01    1
    0.291531482608466987E+02   -0.141133317966265992E+03   -0.868515351937696423E+01    1
    0.294813829630663200E+02   -0.139657679292628842E+03   -0.869515351937696934E+01    1
    0.291554469615102292E+02   -0.138790412591393761E+03   -0.870515351937696735E+01    1
    0.294795953207090164E+02   -0.137848889098899690E+03   -0.871515351937696181E+01    1
    0.294782260474905300E+02   -0.136476875131170914E+03   -0.872515351937695982E+01    1
    0.291595484690965598E+02   -0.134691757303955484E+03   -0.873515351937696316E+01    1
    0.294716241680939532E+02   -0.130025617173704006E+03   -0.874515351937695762E+01    1
    0.294712462996368316E+02   -0.129664580844741693E+03   -0.875515351937695741E+01    1
    0.294694922261672190E+02   -0.128000284895369617E+03   -0.876515351937696252E+01    1
    0.294685522385178373E+02   -0.127116292035562651E+03   -0.877515351937696231E+01    1
    0.291675428817155726E+02   -0.127003959057931965E+03   -0.878515351937696209E+01    1
    0.291681771184994929E+02   -0.126411085362010638E+03   -0.879515351937696188E+01    1
    0.291700712792691270E+02   -0.124655366438740415E+03   -0.880515351937695812E+01    1
    0.291704061859685773E+02   -0.124347261818192322E+03   -0.881515351937695790E+01    1
    0.294631861074300829E+02   -0.122175171998165226E+03   -0.882515351937695769E+01    1
    0.291741149644044526E+02   -0.120981981819284925E+03   -0.883515351937695925E+01    1
    0.294606799403515041E+02   -0.119928922737956242E+03   -0.884515351937695904E+01    1
    0.291756826338603972E+02   -0.119585258580146544E+03   -0.885515351937696238E+01    1
    0.291774467262135317E+02   -0.118031829837708329E+03   -0.886515351937696394E+01    1
    0.291787223079266660E+02   -0.116920646323906098E+03   -0.887515351937696018E+01    1
    0.294563042208814778E+02   -0.116100766037359705E+03   -0.888515351937696174E+01    1
    0.291808354854583740E+02   -0.115102111601276718E+03   -0.889515351937696330E+01    1
    0.291827969636009854E+02   -0.113439007174704926E+03   -0.890515351937696309E+01    1
    0.294516700104632321E+02   -0.112176457277098464E+03   -0.891515351937696288E+01    1
    0.294491054919457795E+02   -0.110062265511237797E+03   -0.892515351937696089E+01    1
    0.291897940635681152E+02   -0.107701437374709812E+03   -0.893515351937696423E+01    1
    0.291911237009128754E+02   -0.106645613628927563E+03   -0.894515351937696579E+01    1
    0.291913726901275332E+02   -0.106449122736213624E+03   -0.895515351937696202E+01    1
    0.291924233050480026E+02   -0.105624276364834913E+03   -0.896515351937696181E+01    1
    0.294427443052768751E+02   -0.104994863374105989E+03   -0.897515351937695982E+01    1
    0.294415432244131452E+02   -0.104066344817577132E+03   -0.898515351937695428E+01    1
    0.294407025663651147E+02   -0.103421801690231817E+03   -0.899515351937695407E+01    1
    0.291955985610356166E+02   -0.103173131776157391E+03   -0.900515351937695741E+01    1
    0.291972325847270255E+02   -0.101936209989009797E+03   -0.901515351937696252E+01    1
    0.294378561248996604E+02   -0.101272073493826625E+03   -0.902515351937696408E+01    1
    0.292054787990123437E+02   -0.959476523648679347E+02   -0.903515351937696032E+01    1
    0.294303896943460046E+02   -0.958728990799624370E+02   -0.904515351937695833E+01    1
    0.292079278862258285E+02   -0.942506274309235295E+02   -0.905515351937695989E+01    1
    0.294259178886046868E+02   -0.928054221527538914E+02   -0.906515351937695790E+01    1
    0.292114612289509523E+02   -0.918681073861166340E+02   -0.907515351937695591E+01    1
    0.294244935606032918E+02   -0.918545365850748965E+02   -0.908515351937695925E+01    1
    0.292121840948918106E+02   -0.913902601056592516E+02   -0.909515351937696437E+01    1
    0.292145299929509079E+02   -0.898619273674322727E+02   -0.910515351937696060E+01    1
    0.292154544025005798E+02   -0.892690941771823248E+02   -0.911515351937695506E+01    1
    0.292162236225552441E+02   -0.887798414972185554E+02   -0.912515351937696195E+01    1
    0.294176240380044263E+02   -0.874458023595998952E+02   -0.913515351937696529E+01    1
    0.294169557234628698E+02   -0.870325739584862248E+02   -0.914515351937696153E+01    1
    0.292245400916825204E+02   -0.837254997257075360E+02   -0.915515351937696131E+01    1
    0.292273751819390100E+02   -0.821008999121624470E+02   -0.916515351937695577E+01    1
    0.292282149226220866E+02   -0.816293082558650127E+02   -0.917515351937695733E+01    1
    0.292287403602314839E+02   -0.813364599095031622E+02   -0.918515351937696067E+01    1
    0.292289482777556486E+02   -0.812210534879420152E+02   -0.919515351937696046E+01    1
    0.294049988301420129E+02   -0.801094339608314385E+02   -0.920515351937696202E+01    1
    0.292324663902382227E+02   -0.793091056049340466E+02   -0.921515351937696536E+01    1
    0.294012205561682869E+02   -0.781068729739346566E+02   -0.922515351937696337E+01    1
    0.294009762630394604E+02   -0.779804521048244084E+02   -0.923515351937695961E+01    1
    0.292365691235848182E+02   -0.771767817668106204E+02   -0.924515351937695584E+01    1
    0.293992066343285536E+02   -0.770757706733283783E+02   -0.925515351937695918E+01    1
    0.292368736631951052E+02   -0.770226812650079609E+02   -0.926515351937696607E+01    1
    0.293991015873507529E+02   -0.770226809523260698E+02   -0.927515351937695876E+01    1
    0.293988741122003390E+02   -0.769079527146809596E+02   -0.928515351937695499E+01    1
    0.292384664384267765E+02   -0.762261272693574767E+02   -0.929515351937696188E+01    1
    0.293964078352718303E+02   -0.756847568153138610E+02   -0.930515351937696522E+01    1
    0.292413835225196301E+02   -0.748082378796573835E+02   -0.931515351937695790E+01    1
    0.292421765298591723E+02   -0.744319453222194483E+02   -0.932515351937696657E+01    1
    0.292452649347481284E+02   -0.730037762340179199E+02   -0.933515351937696458E+01    1
    0.293904784830398604E+02   -0.728989661078447995E+02   -0.934515351937696082E+01    1
    0.293886631887203436E+02   -0.720898546326906029E+02   -0.935515351937695883E+01    1
    0.292478704224376571E+02   -0.718451090962442009E+02   -0.936515351937696394E+01    1
    0.292480897422835966E+02   -0.717495057903933571E+02   -0.937515351937696728E+01    1
    0.293867888150494636E+02   -0.712759413287891590E+02   -0.938515351937696352E+01    1
    0.292496373168564148E+02   -0.710834184327033256E+02   -0.939515351937695797E+01    1
    0.292505015457821287E+02   -0.707179372097476033E+02   -0.940515351937695776E+01    1
    0.292520774753355823E+02   -0.700634509990440790E+02   -0.941515351937695755E+01    1
    0.293829407271724747E+02   -0.696735342678893659E+02   -0.942515351937696089E+01    1
    0.292536952366606755E+02   -0.694076772200562999E+02   -0.943515351937695712E+01    1
    0.292537153384082131E+02   -0.693996313017400723E+02   -0.944515351937694980E+01    1
    0.293819639732437459E+02   -0.692814698411617940E+02   -0.945515351937695137E+01    1
    0.292541145509230915E+02   -0.692403637940163321E+02   -0.946515351937695826E+01    1
    0.292551579696726094E+02   -0.688287738497196102E+02   -0.947515351937695982E+01    1
    0.293801962155704786E+02   -0.685870047922250023E+02   -0.948515351937695605E+01    1
    0.293801051297726943E+02   -0.685517487870289415E+02   -0.949515351937695584E+01    1
    0.293795975747629186E+02   -0.683562386240078013E+02   -0.950515351937695741E+01    1
    0.292564314053081667E+02   -0.683356361403378401E+02   -0.951515351937695897E+01    1
    0.292569268214971672E+02   -0.681465145498126219E+02   -0.952515351937695876E+01    1
    0.293780453353011524E+02   -0.677682701824038389E+02   -0.953515351937695854E+01    1
    0.292590920706985358E+02   -0.673378818357597737E+02   -0.954515351937695833E+01    1
    0.292597781342538994E+02   -0.670877551063940416E+02   -0.955515351937695989E+01    1
    0.293744561542793292E+02   -0.664661854852721632E+02   -0.956515351937696323E+01    1
    0.292616569688981336E+02   -0.664177680006621358E+02   -0.957515351937696302E+01    1
    0.293742389615360544E+02   -0.663899660170699519E+02   -0.958515351937695215E+01    1
    0.293736283209934825E+02   -0.661772476754204604E+02   -0.959515351937695371E+01    1
    0.292639549194904376E+02   -0.656282068765332980E+02   -0.960515351937695527E+01    1
    0.292650254994084165E+02   -0.652715898785646971E+02   -0.961515351937695861E+01    1
    0.293705046620844428E+02   -0.651254279262003735E+02   -0.962515351937695662E+01    1
    0.292658958512751681E+02   -0.649869293891116087E+02   -0.963515351937695286E+01    1
    0.293698860922065208E+02   -0.649243456012248572E+02   -0.964515351937695797E+01    1
    0.292666646658319571E+02   -0.647394014864115661E+02   -0.965515351937696309E+01    1
    0.292670179418434770E+02   -0.646268947063281161E+02   -0.966515351937695755E+01    1
    0.293687079463077083E+02   -0.645479486483073686E+02   -0.967515351937695556E+01    1
    0.293676245235034479E+02   -0.642094423653265522E+02   -0.968515351937696067E+01    1
    0.292684547722212898E+02   -0.641773191694441749E+02   -0.969515351937696224E+01    1
    0.293674547966274773E+02   -0.641570748162477429E+02   -0.970515351937696025E+01    1
    0.292694884202392913E+02   -0.638618470785674504E+02   -0.971515351937696003E+01    1
    0.292695988853171229E+02   -0.638285263188260217E+02   -0.972515351937696160E+01    1
    0.292697782246683929E+02   -0.637745920856015900E+02   -0.973515351937696316E+01    1
    0.293654012237459696E+02   -0.635376796042582583E+02   -0.974515351937696295E+01    1
    0.293638181630933133E+02   -0.630781227720916888E+02   -0.975515351937696273E+01    1
    0.292733729465029064E+02   -0.627357582463247994E+02   -0.976515351937695542E+01    1
    0.293620936981674738E+02   -0.625952741186607753E+02   -0.977515351937695698E+01    1
    0.292748675497604722E+02   -0.623275161959276502E+02   -0.978515351937696209E+01    1
    0.292751160090849254E+02   -0.622609993051024375E+02   -0.979515351937696011E+01    1
    0.293607049088579259E+02   -0.622198751477829006E+02   -0.980515351937695812E+01    1
    0.292754065506686949E+02   -0.621837038087611162E+02   -0.981515351937695613E+01    1
    0.293591408760949797E+02   -0.618114848665667012E+02   -0.982515351937695769E+01    1
    0.293585896533711050E+02   -0.616711831259547409E+02   -0.983515351937696103E+01    1
    0.293585741128410973E+02   -0.616672550437367519E+02   -0.984515351937696082E+01    1
    0.293585052801646604E+02   -0.616498747210662543E+02   -0.985515351937696060E+01    1
    0.293584015412364572E+02   -0.616237362687931096E+02   -0.986515351937695506E+01    1
    0.293574813509918826E+02   -0.613948150339901275E+02   -0.987515351937695307E+01    1
    0.293569238112536794E+02   -0.612586775580257239E+02   -0.988515351937695641E+01    1
    0.292791598175688534E+02   -0.612324390907895975E+02   -0.989515351937695975E+01    1
    0.293558839611007230E+02   -0.610099430795876501E+02   -0.990515351937695954E+01    1
    0.292803841878787168E+02   -0.609410965706176526E+02   -0.991515351937695577E+01    1
    0.293553036031272256E+02   -0.608740475890747135E+02   -0.992515351937695911E+01    1
    0.292809039728635554E+02   -0.608202346710520771E+02   -0.993515351937696067E+01    1
    0.292810599179408229E+02   -0.607843019420855555E+02   -0.994515351937695513E+01    1
    0.293543443006754501E+02   -0.606540175344449821E+02   -0.995515351937695492E+01    1
    0.293535787457853985E+02   -0.604825373388529073E+02   -0.996515351937695826E+01    1
    0.293535355107771920E+02   -0.604729617943364062E+02   -0.997515351937695982E+01    1
    0.292827826233712045E+02   -0.603974334011550980E+02   -0.998515351937696138E+01    1
    0.292841342751593707E+02   -0.601068296724418190E+02   -0.999515351937695584E+01    1
    0.292843236164926317E+02   -0.600670298600157295E+02   -0.100051535193769503E+02    1
    0.292845070964718630E+02   -0.600286750780336860E+02   -0.100151535193769536E+02    1
    0.292860848480779481E+02   -0.597075119670256456E+02   -0.100251535193769570E+02    1
    0.292863862560098909E+02   -0.596479214834845166E+02   -0.100351535193769603E+02    1
    0.293495360568486916E+02   -0.596375136059560305E+02   -0.100451535193769637E+02    1
    0.292868275411414345E+02   -0.595616966357400912E+02   -0.100551535193769475E+02    1
    0.293487322769116652E+02   -0.594816311896090255E+02   -0.100651535193769543E+02    1
    0.292874488619484161E+02   -0.594423491983478414E+02   -0.100751535193769577E+02    1
    0.292881970258400770E+02   -0.593018267747220733E+02   -0.100851535193769539E+02    1
    0.293477164731451268E+02   -0.592903840005586602E+02   -0.100951535193769484E+02    1
    0.292884614671999017E+02   -0.592529922535337477E+02   -0.101051535193769499E+02    1
    0.293473804705300196E+02   -0.592285382790049155E+02   -0.101151535193769551E+02    1
    0.293472211039172350E+02   -0.591994505278911802E+02   -0.101251535193769566E+02    1
    0.293470259733020029E+02   -0.591640504525366708E+02   -0.101351535193769582E+02    1
    0.292893551958835943E+02   -0.590911694592518657E+02   -0.101451535193769562E+02    1
    0.292896444919037933E+02   -0.590398536440730908E+02   -0.101551535193769507E+02    1
    0.293459631757784933E+02   -0.589754027969144730E+02   -0.101651535193769487E+02    1
    0.293450978938999114E+02   -0.588270083804527246E+02   -0.101751535193769485E+02    1
    0.292909021290769545E+02   -0.588228286981888715E+02   -0.101851535193769500E+02    1
    0.293444431269991455E+02   -0.587178155277648557E+02   -0.101951535193769534E+02    1
    0.293443863923323462E+02   -0.587084797884255210E+02   -0.102051535193769531E+02    1
    0.293439910530948183E+02   -0.586439827849182791E+02   -0.102151535193769565E+02    1
    0.293436552840293032E+02   -0.585899685267310204E+02   -0.102251535193769545E+02    1
    0.293434794996053512E+02   -0.585619705207484031E+02   -0.102351535193769507E+02    1
    0.292925314991699537E+02   -0.585563003739307391E+02   -0.102451535193769541E+02    1
    0.293430995941162109E+02   -0.585021184460396384E+02   -0.102551535193769521E+02    1
    0.293430298838285140E+02   -0.584912335431361754E+02   -0.102651535193769536E+02    1
    0.292931861987653832E+02   -0.584538617917804615E+02   -0.102751535193769570E+02    1
    0.292933766370460802E+02   -0.584245656465263323E+02   -0.102851535193769532E+02    1
    0.292934271698200241E+02   -0.584168298284325900E+02   -0.102951535193769512E+02    1
    0.293425107386523933E+02   -0.584111234324372788E+02   -0.103051535193769492E+02    1
    0.292935959770149950E+02   -0.583911032242878392E+02   -0.103151535193769526E+02    1
    0.293422458147485408E+02   -0.583708892963258492E+02   -0.103251535193769541E+02    1
    0.292940350613772402E+02   -0.583250167462087106E+02   -0.103351535193769539E+02    1
    0.292943298230996376E+02   -0.582813256685518013E+02   -0.103451535193769555E+02    1
    0.293411165304411128E+02   -0.582042860287661554E+02   -0.103551535193769570E+02    1
    0.293411068852656598E+02   -0.582028972765064125E+02   -0.103651535193769533E+02    1
    0.292950069323423925E+02   -0.581830098450465911E+02   -0.103751535193769513E+02    1
    0.293408049855405650E+02   -0.581597213271253182E+02   -0.103851535193769564E+02    1
    0.293405137555667039E+02   -0.581186090852769297E+02   -0.103951535193769562E+02    1
    0.292959181200364469E+02   -0.580552116552204325E+02   -0.104051535193769507E+02    1
    0.292959784953229310E+02   -0.580469263694106559E+02   -0.104151535193769558E+02    1
    0.292961084842681885E+02   -0.580291650574463063E+02   -0.104251535193769538E+02    1
    0.293396367383353187E+02   -0.579979924481603462E+02   -0.104351535193769482E+02    1
    0.292968463001418371E+02   -0.579303454197062209E+02   -0.104451535193769534E+02    1
    0.292971000298787629E+02   -0.578971452918517002E+02   -0.104551535193769531E+02    1
    0.293385501757426503E+02   -0.578551993042420278E+02   -0.104651535193769529E+02    1
    0.293384238401095914E+02   -0.578390736710305831E+02   -0.104751535193769580E+02    1
    0.292978056853043540E+02   -0.578069191003280949E+02   -0.104851535193769543E+02    1
    0.293380977261456550E+02   -0.577979074566602407E+02   -0.104951535193769523E+02    1
    0.292984547532482580E+02   -0.577266658143918647E+02   -0.105051535193769539E+02    1
    0.293375020237412123E+02   -0.577244199895032679E+02   -0.105151535193769536E+02    1
    0.292984956399609118E+02   -0.577216982481166099E+02   -0.105251535193769499E+02    1
    0.292991977725660533E+02   -0.576380162436976917E+02   -0.105351535193769514E+02    1
    0.293364701780600186E+02   -0.576023571017255946E+02   -0.105451535193769512E+02    1
    0.293364689877791278E+02   -0.576022201247523853E+02   -0.105551535193769528E+02    1
    0.293361291219216369E+02   -0.575634693917090345E+02   -0.105651535193769543E+02    1
    0.293357906031964895E+02   -0.575255872108052699E+02   -0.105751535193769524E+02    1
    0.293355780475907082E+02   -0.575021656955778226E+02   -0.105851535193769575E+02    1
    0.293355349415829636E+02   -0.574974501521603614E+02   -0.105951535193769573E+02    1
    0.293004581489899252E+02   -0.574955020108466357E+02   -0.106051535193769570E+02    1
    0.293005520474365753E+02   -0.574852805548051577E+02   -0.106151535193769551E+02    1
    0.293353814001665434E+02   -0.574807476266523096E+02   -0.106251535193769495E+02    1
    0.293351947650607308E+02   -0.574606427666148250E+02   -0.106351535193769458E+02    1
    0.293351273217789377E+02   -0.574534309350981971E+02   -0.106451535193769526E+02    1
    0.293350498706270244E+02   -0.574451838821517171E+02   -0.106551535193769560E+02    1
    0.293010941910394926E+02   -0.574273382460847728E+02   -0.106651535193769540E+02    1
    0.293011773363929819E+02   -0.574186138371226633E+02   -0.106751535193769556E+02    1
    0.293347675546723679E+02   -0.574154388924398091E+02   -0.106851535193769500E+02    1
    0.293012541985014181E+02   -0.574105870154528048E+02   -0.106951535193769480E+02    1
    0.293344478926051622E+02   -0.573823581821449054E+02   -0.107051535193769549E+02    1
    0.293016969953820805E+02   -0.573650614732785513E+02   -0.107151535193769494E+02    1
    0.293341106599360337E+02   -0.573481488283765728E+02   -0.107251535193769456E+02    1
    0.293340551327851244E+02   -0.573425839738149961E+02   -0.107351535193769543E+02    1
    0.293019749154112610E+02   -0.573371111120467631E+02   -0.107451535193769505E+02    1
    0.293021235848789878E+02   -0.573223569013938317E+02   -0.107551535193769414E+02    1
    0.293336611426321028E+02   -0.573036502046646277E+02   -0.107651535193769483E+02    1
    0.293023532804081199E+02   -0.572998320991873271E+02   -0.107751535193769499E+02    1
    0.293334072826198415E+02   -0.572790759983537399E+02   -0.107851535193769426E+02    1
    0.293031872469673367E+02   -0.572208118952779472E+02   -0.107951535193769441E+02    1
    0.293327636165510413E+02   -0.572185662823387418E+02   -0.108051535193769528E+02    1
    0.293327125631715191E+02   -0.572138772813249190E+02   -0.108151535193769561E+02    1
    0.293032909616265904E+02   -0.572112874703120369E+02   -0.108251535193769524E+02    1
    0.293324072508514995E+02   -0.571861745863618864E+02   -0.108351535193769521E+02    1
    0.293036009696838775E+02   -0.571832178132900140E+02   -0.108451535193769519E+02    1
    0.293321037231308495E+02   -0.571592091542990346E+02   -0.108551535193769482E+02    1
    0.293320049883782126E+02   -0.571505612009146233E+02   -0.108651535193769480E+02    1
    0.293316771105996601E+02   -0.571222786063336230E+02   -0.108751535193769477E+02    1
    0.293316047503823967E+02   -0.571161270105321890E+02   -0.108851535193769493E+02    1
    0.293044655775970995E+02   -0.571080937588501953E+02   -0.108951535193769473E+02    1
    0.293314676304137549E+02   -0.571045593871843806E+02   -0.109051535193769453E+02    1
    0.293045735302336325E+02   -0.570990408361331845E+02   -0.109151535193769469E+02    1
    0.293313903864341512E+02   -0.570980945330252325E+02   -0.109251535193769485E+02    1
    0.293313086450580656E+02   -0.570912937333459496E+02   -0.109351535193769500E+02    1
    0.293311443129606815E+02   -0.570777473639958117E+02   -0.109451535193769498E+02    1
    0.293307225050918419E+02   -0.570437462492600531E+02   -0.109551535193769460E+02    1
    0.293053396859905604E+02   -0.570368758935502882E+02   -0.109651535193769440E+02    1
    0.293305749776207207E+02   -0.570321158394318175E+02   -0.109751535193769456E+02    1
    0.293304536134172302E+02   -0.570226496239767044E+02   -0.109851535193769454E+02    1
    0.293056392679739943E+02   -0.570135621767638909E+02   -0.109951535193769434E+02    1
    0.293302747085895916E+02   -0.570088625759136747E+02   -0.110051535193769485E+02    1
    0.293302567448136955E+02   -0.570074892330508831E+02   -0.110151535193769536E+02    1
    0.293299917205176612E+02   -0.569874614387486176E+02   -0.110251535193769499E+02    1
    0.293298644743987325E+02   -0.569780008933172581E+02   -0.110351535193769461E+02    1
    0.293298559875980551E+02   -0.569773734995827184E+02   -0.110451535193769441E+02    1
    0.293298047576496046E+02   -0.569735958078789224E+02   -0.110551535193769439E+02    1
    0.293061925518513817E+02   -0.569719742612073361E+02   -0.110651535193769455E+02    1
    0.293297362784203415E+02   -0.569685716773041051E+02   -0.110751535193769488E+02    1
    0.293065062728377121E+02   -0.569492400430843162E+02   -0.110851535193769504E+02    1
    0.293066150003174641E+02   -0.569415039573965345E+02   -0.110951535193769502E+02    1
    0.293292954479921946E+02   -0.569369281692458884E+02   -0.111051535193769553E+02    1
    0.293292853398906850E+02   -0.569362167844771321E+02   -0.111151535193769551E+02    1
    0.293067493730018853E+02   -0.569320448847260181E+02   -0.111251535193769460E+02    1
    0.293292043647660989E+02   -0.569305409048126947E+02   -0.111351535193769493E+02    1
    0.293290342511924251E+02   -0.569187499244650681E+02   -0.111451535193769491E+02    1
    0.293070290774592621E+02   -0.569127158611858022E+02   -0.111551535193769507E+02    1
    0.293072531324275047E+02   -0.568975839018318581E+02   -0.111651535193769469E+02    1
    0.293072676770372169E+02   -0.568966124093715209E+02   -0.111751535193769467E+02    1
    0.293072728289293210E+02   -0.568962686098806358E+02   -0.111851535193769482E+02    1
    0.293073298281290278E+02   -0.568924759304091481E+02   -0.111951535193769498E+02    1
    0.293285965420393921E+02   -0.568892395423887010E+02   -0.112051535193769514E+02    1
    0.293074061929638603E+02   -0.568874263844296735E+02   -0.112151535193769529E+02    1
    0.293075058616739987E+02   -0.568808905165771037E+02   -0.112251535193769527E+02    1
    0.293078532574215345E+02   -0.568585932395037403E+02   -0.112351535193769525E+02    1
    0.293277683022491296E+02   -0.568366638748605695E+02   -0.112451535193769505E+02    1
    0.293082516642616113E+02   -0.568339469242424826E+02   -0.112551535193769485E+02    1
    0.293082738173440234E+02   -0.568326054919152028E+02   -0.112651535193769465E+02    1
    0.293276105389548327E+02   -0.568271335390988455E+02   -0.112751535193769428E+02    1
    0.293084047486807080E+02   -0.568247396274815344E+02   -0.112851535193769514E+02    1
    0.293275300724704096E+02   -0.568223323129838249E+02   -0.112951535193769441E+02    1
    0.293085977158161839E+02   -0.568133414709105509E+02   -0.113051535193769475E+02    1
    0.293273139724732488E+02   -0.568096377123096588E+02   -0.113151535193769508E+02    1
    0.293272946145044848E+02   -0.568085147361392444E+02   -0.113251535193769524E+02    1
    0.293271813789508471E+02   -0.568019925662615606E+02   -0.113351535193769486E+02    1
    0.293087965254269314E+02   -0.568018407031104644E+02   -0.113451535193769519E+02    1
    0.293271560232786044E+02   -0.568005430642239588E+02   -0.113551535193769464E+02    1
    0.293269455601502962E+02   -0.567886660820976772E+02   -0.113651535193769444E+02    1
    0.293091036498903037E+02   -0.567845578800398201E+02   -0.113751535193769477E+02    1
    0.293091250389256430E+02   -0.567833761301181852E+02   -0.113851535193769493E+02    1
    0.293091286454247388E+02   -0.567831771507309782E+02   -0.113951535193769544E+02    1
    0.293092994533980509E+02   -0.567738460058801451E+02   -0.114051535193769453E+02    1
    0.293266305891421766E+02   -0.567714066876331316E+02   -0.114151535193769433E+02    1
    0.293263870340393495E+02   -0.567584841614952964E+02   -0.114251535193769502E+02    1
    0.293096128370248010E+02   -0.567571984362987578E+02   -0.114351535193769465E+02    1
    0.293097808709180292E+02   -0.567485239856203734E+02   -0.114451535193769427E+02    1
    0.293098400501134648E+02   -0.567455108272286566E+02   -0.114551535193769425E+02    1
    0.293261110629685930E+02   -0.567442880776902925E+02   -0.114651535193769476E+02    1
    0.293098808575095688E+02   -0.567434457872543021E+02   -0.114751535193769509E+02    1
    0.293258058473749372E+02   -0.567291399002679242E+02   -0.114851535193769489E+02    1
    0.293257775063421064E+02   -0.567277627354226226E+02   -0.114951535193769505E+02    1
    0.293257046683611620E+02   -0.567242462915559500E+02   -0.115051535193769467E+02    1
    0.293103641998235496E+02   -0.567197751998190043E+02   -0.115151535193769430E+02    1
    0.293103761976742092E+02   -0.567192061348078553E+02   -0.115251535193769428E+02    1
    0.293104348616192318E+02   -0.567164365754288937E+02   -0.115351535193769426E+02    1
    0.293255078751910148E+02   -0.567149107832853190E+02   -0.115451535193769423E+02    1
    0.293104825628637258E+02   -0.567142003676771722E+02   -0.115551535193769439E+02    1
    0.293253938381286652E+02   -0.567096114278379062E+02   -0.115651535193769455E+02    1
    0.293105849261816189E+02   -0.567094494560367011E+02   -0.115751535193769453E+02    1
    0.293253486071713638E+02   -0.567075319518549890E+02   -0.115851535193769433E+02    1
    0.293106764487300993E+02   -0.567052569340498849E+02   -0.115951535193769448E+02    1
    0.293107547216553925E+02   -0.567017127359538478E+02   -0.116051535193769446E+02    1
    0.293108023297109668E+02   -0.566995757009856547E+02   -0.116151535193769408E+02    1
    0.293108356329498179E+02   -0.566980891711111781E+02   -0.116251535193769424E+02    1
    0.293251274228235772E+02   -0.566975465427162248E+02   -0.116351535193769458E+02    1
    0.293251057516373592E+02   -0.566965845780885829E+02   -0.116451535193769455E+02    1
    0.293249368365344552E+02   -0.566891868132994290E+02   -0.116551535193769418E+02    1
    0.293111069418587959E+02   -0.566862362686979466E+02   -0.116651535193769451E+02    1
    0.293111303726012977E+02   -0.566852341302898211E+02   -0.116751535193769502E+02    1
    0.293247913815458006E+02   -0.566829588626297749E+02   -0.116851535193769465E+02    1
    0.293245781819521909E+02   -0.566740683472171511E+02   -0.116951535193769445E+02    1
    0.293245718609874011E+02   -0.566738090801970813E+02   -0.117051535193769460E+02    1
    0.293114804183219704E+02   -0.566706696047641074E+02   -0.117151535193769476E+02    1
    0.293115006240224574E+02   -0.566698521873272156E+02   -0.117251535193769456E+02    1
    0.293115297668381594E+02   -0.566686776981400371E+02   -0.117351535193769418E+02    1
    0.293244263942404508E+02   -0.566679112122043449E+02   -0.117451535193769399E+02    1
    0.293244055640844827E+02   -0.566670774495878646E+02   -0.117551535193769414E+02    1
    0.293241900576193153E+02   -0.566586100012702190E+02   -0.117651535193769430E+02    1
    0.293241596693200393E+02   -0.566574392804295002E+02   -0.117751535193769463E+02    1
    0.293118981426428249E+02   -0.566542876261332182E+02   -0.117851535193769479E+02    1
    0.293119259800920844E+02   -0.566532345344220261E+02   -0.117951535193769459E+02    1
    0.293240399655252659E+02   -0.566528835812863321E+02   -0.118051535193769439E+02    1
    0.293240166033867951E+02   -0.566520048682988318E+02   -0.118151535193769472E+02    1
    0.293121242844979051E+02   -0.566458722870285669E+02   -0.118251535193769470E+02    1
    0.293237387912783873E+02   -0.566418160950700695E+02   -0.118351535193769397E+02    1
