    0.293597033118552559E+02   -0.619565906885111914E+02
    0.293575931456975709E+02   -0.614223455101532707E+02
    0.292829625044547690E+02   -0.603581029370612043E+02
    0.292834703918194634E+02   -0.602481423761785848E+02
    0.293497675704204539E+02   -0.596831587888918875E+02
    0.293491820733847320E+02   -0.595683675261776742E+02
    0.292871244984424841E+02   -0.595043552211386668E+02
    0.292872368688842144E+02   -0.594828000826008108E+02
    0.293479751372318063E+02   -0.593384734274636898E+02
    0.293477479809209214E+02   -0.592962194732523429E+02
    0.293453731310172792E+02   -0.588737054867097100E+02
    0.293443109507675999E+02   -0.586960968570361743E+02
    0.293442100116303450E+02   -0.586795841981996702E+02
    0.292920333114237899E+02   -0.586360382221300540E+02
    0.292924839761961202E+02   -0.585638400252721212E+02
    0.293434343422840733E+02   -0.585548091651007283E+02
    0.293432541264719191E+02   -0.585263557628049753E+02
    0.292931512980297875E+02   -0.584592552441920574E+02
    0.293426155715616268E+02   -0.584271651425125356E+02
    0.292935844526546276E+02   -0.583928539201639296E+02
    0.292936318475061412E+02   -0.583856593365278087E+02
    0.292938745760610217E+02   -0.583490321525443676E+02
    0.292939825419156037E+02   -0.583328582306500678E+02
    0.293412024997599730E+02   -0.582166898379207041E+02
    0.292950289263194499E+02   -0.581798642040196938E+02
    0.293403274659433606E+02   -0.580925879719291132E+02
    0.292956924656934916E+02   -0.580863790894765373E+02
    0.293399328753600628E+02   -0.580381847783114182E+02
    0.293399243867188630E+02   -0.580370250804851437E+02
    0.293398400492499078E+02   -0.580255274706109674E+02
    0.293394631316013275E+02   -0.579746840740176737E+02
    0.293392173212838863E+02   -0.579420026455943642E+02
    0.293389466781320039E+02   -0.579064547556077471E+02
    0.292970940944780907E+02   -0.578979173505760301E+02
    0.292971666795701182E+02   -0.578884907657295287E+02
    0.293387972814455864E+02   -0.578870274686099435E+02
    0.293387574723470124E+02   -0.578818742118860712E+02
    0.292984701582509928E+02   -0.577247929482412587E+02
    0.293371628910670097E+02   -0.576835706787120159E+02
    0.292988200583279088E+02   -0.576826517216481847E+02
    0.292988908357782627E+02   -0.576742201316660115E+02
    0.293367286858019298E+02   -0.576323150605703205E+02
    0.292992761948363167E+02   -0.576288602456684700E+02
    0.292992965044933626E+02   -0.576264952847502485E+02
    0.293360671607875716E+02   -0.575564822376768745E+02
    0.293358878352826302E+02   -0.575363949968117794E+02
    0.293001265583783379E+02   -0.575320370524785289E+02
    0.293004488566328831E+02   -0.574965165295830332E+02
    0.293004784627766988E+02   -0.574932860694641761E+02
    0.293354545406588016E+02   -0.574886856797306365E+02
    0.293006596489786268E+02   -0.574736349293283908E+02
    0.293352640946967078E+02   -0.574680858309310949E+02
    0.293352640946967078E+02   -0.574680858309310949E+02
    0.293011251929265626E+02   -0.574240801975887649E+02
    0.293347453718659281E+02   -0.574131227269241862E+02
    0.293016673802962870E+02   -0.573680682113609777E+02
    0.293016872777675559E+02   -0.573660474739389841E+02
    0.293342393938167945E+02   -0.573611242098639522E+02
    0.293020643646288583E+02   -0.573282175279092030E+02
    0.293337847227633297E+02   -0.573157582493854889E+02
    0.293335752530851437E+02   -0.572952909928202558E+02
    0.293026867095551324E+02   -0.572677193495306440E+02
    0.293027211997897368E+02   -0.572644370820732078E+02
    0.293027211997897368E+02   -0.572644370820732078E+02
    0.293332262080444721E+02   -0.572617927713992643E+02
    0.293331366498214550E+02   -0.572533200659298132E+02
    0.293029687349856580E+02   -0.572410977072847018E+02
    0.293030509887486375E+02   -0.572334266912428689E+02
    0.293031437185274584E+02   -0.572248291950152321E+02
    0.293327626915018804E+02   -0.572184811767703820E+02
    0.293032875005620355E+02   -0.572116042298781977E+02
    0.293325481733737803E+02   -0.571988891519738587E+02
    0.293323398852842381E+02   -0.571801402928400222E+02
    0.293323398852842381E+02   -0.571801402928400222E+02
    0.293322519579418817E+02   -0.571723066817959662E+02
    0.293322519579418817E+02   -0.571723066817959662E+02
    0.293038262266463754E+02   -0.571631973146177543E+02
    0.293321125347449794E+02   -0.571599838939606997E+02
    0.293321125347449794E+02   -0.571599838939606997E+02
    0.293320560599317446E+02   -0.571550268641444958E+02
    0.293319835163041915E+02   -0.571486885462695469E+02
    0.293318540550985176E+02   -0.571374586156860502E+02
    0.293316928836718205E+02   -0.571236238583984459E+02
    0.293316265054436016E+02   -0.571179730570872550E+02
    0.293315992264338270E+02   -0.571156587397211766E+02
    0.293315992264338270E+02   -0.571156587397211766E+02
    0.293314279238194615E+02   -0.571012315449572867E+02
    0.293311815626746650E+02   -0.570808032278334210E+02
    0.293311815626746650E+02   -0.570808032278334210E+02
    0.293303242073748400E+02   -0.570126571879195012E+02
    0.293302634663429060E+02   -0.570080028632658937E+02
    0.293302634663429060E+02   -0.570080028632658937E+02
    0.293300947274841306E+02   -0.569951936820487006E+02
    0.293300947274841306E+02   -0.569951936820487006E+02
    0.293299658136340256E+02   -0.569855271297927075E+02
    0.293060197559208042E+02   -0.569847578822752965E+02
    0.293061086861156852E+02   -0.569781555152276766E+02
    0.293064446068760915E+02   -0.569536603602952027E+02
    0.293065989071428881E+02   -0.569426443641071955E+02
    0.293065989071428881E+02   -0.569426443641071955E+02
    0.293068043211992446E+02   -0.569282092312814427E+02
    0.293068325754603549E+02   -0.569262442642047475E+02
    0.293068325754603549E+02   -0.569262442642047475E+02
    0.293286470451858641E+02   -0.568925835872538173E+02
    0.293286365998254333E+02   -0.568918906493934742E+02
    0.293286365998254333E+02   -0.568918906493934742E+02
    0.293074293939610797E+02   -0.568858994341983362E+02
    0.293074872658923837E+02   -0.568821052585088367E+02
    0.293075817142710413E+02   -0.568759578619782928E+02
    0.293075817142710413E+02   -0.568759578619782928E+02
    0.293282500355043858E+02   -0.568667240409194292E+02
    0.293282088417841749E+02   -0.568640970534565540E+02
    0.293077956633531400E+02   -0.568622378983517507E+02
    0.293077956633531400E+02   -0.568622378983517507E+02
    0.293077961955437232E+02   -0.568622041258064499E+02
    0.293280019741761109E+02   -0.568510645464132196E+02
    0.293080791292425999E+02   -0.568444989889173797E+02
    0.293080791292425999E+02   -0.568444989889173797E+02
    0.293278951168115896E+02   -0.568444369806224330E+02
    0.293082621353288246E+02   -0.568333124904280922E+02
    0.293275123908095061E+02   -0.568212826970853015E+02
    0.293274589203752498E+02   -0.568181204384351304E+02
    0.293274589203752498E+02   -0.568181204384351304E+02
    0.293086644215548624E+02   -0.568094552328461404E+02
    0.293086673789151178E+02   -0.568092835801317548E+02
    0.293271386530417857E+02   -0.567995523743449056E+02
    0.293088669860106634E+02   -0.567978237571560456E+02
    0.293269522943708800E+02   -0.567890418403925068E+02
    0.293094420450653423E+02   -0.567661954296157703E+02
    0.293264012469256414E+02   -0.567592281194798218E+02
    0.293264012469256414E+02   -0.567592281194798218E+02
    0.293261908009376526E+02   -0.567483411225113983E+02
    0.293259548718844627E+02   -0.567364636806193587E+02
    0.293259200087593968E+02   -0.567347379481810421E+02
    0.293258733357198444E+02   -0.567324394701182797E+02
    0.293101213989613427E+02   -0.567314839904674741E+02
    0.293258370020574546E+02   -0.567306595584129241E+02
    0.293101431284577671E+02   -0.567304211550974458E+02
    0.293102405686757663E+02   -0.567256913004367433E+02
    0.293255049223247823E+02   -0.567147725410023114E+02
    0.293254923513633088E+02   -0.567141846226068154E+02
    0.293252918308627564E+02   -0.567049397136977973E+02
    0.293252918308627564E+02   -0.567049397136977973E+02
    0.293107681222692271E+02   -0.567011097807775784E+02
    0.293251912537458779E+02   -0.567003969317841552E+02
    0.293251858091786950E+02   -0.567001528133159667E+02
    0.293251858091786950E+02   -0.567001528133159667E+02
    0.293251708959264903E+02   -0.566994850919055153E+02
    0.293108732408660764E+02   -0.566964187994124487E+02
    0.293109467957547878E+02   -0.566931772836049959E+02
    0.293109467957547878E+02   -0.566931772836049959E+02
    0.293249966707791856E+02   -0.566917869795812024E+02
    0.293248789849414280E+02   -0.566866940017207668E+02
    0.293246998556470544E+02   -0.566791075224436227E+02
    0.293112760278215951E+02   -0.566790810970028929E+02
    0.293245983279868092E+02   -0.566748963371665155E+02
    0.293245591590999268E+02   -0.566732888391171201E+02
    0.293114199528349104E+02   -0.566731309096418769E+02
    0.293115539853770670E+02   -0.566677056864203337E+02
    0.293244072131093034E+02   -0.566671433561524935E+02
    0.293244072131093034E+02   -0.566671433561524935E+02
    0.293242350946844219E+02   -0.566603556470756899E+02
    0.293117532216938166E+02   -0.566598479362685765E+02
    0.293117563187293406E+02   -0.566597277421057157E+02
    0.293118008743589300E+02   -0.566580051739421080E+02
    0.293241651380417103E+02   -0.566576495407472223E+02
    0.293240020125540077E+02   -0.566514577917909747E+02
    0.293120023882888283E+02   -0.566503688076566831E+02
    0.293239190543251595E+02   -0.566483725058020013E+02
    0.293238887797922523E+02   -0.566472572431621373E+02
    0.293121001209423895E+02   -0.566467562826375826E+02
    0.293121305333487570E+02   -0.566456442717375808E+02
    0.293121521418599116E+02   -0.566448576694784336E+02
    0.293237988839259494E+02   -0.566439792636995421E+02
    0.293237890367428307E+02   -0.566436232520369387E+02
    0.293122284300557823E+02   -0.566421038451753631E+02
    0.293122443588508688E+02   -0.566415334263010379E+02
    0.293237096267286219E+02   -0.566407743565329937E+02
    0.293122979111481889E+02   -0.566396272733789843E+02
    0.293235492788928056E+02   -0.566351414437647662E+02
    0.293124689488597170E+02   -0.566336589093971341E+02
    0.293235009729574401E+02   -0.566334758679628720E+02
    0.293126181679915518E+02   -0.566286006846335823E+02
    0.293128653609150405E+02   -0.566205264202843708E+02
    0.293230528011952565E+02   -0.566187157554280489E+02
    0.293229971826395008E+02   -0.566169712457490064E+02
    0.293129800871023392E+02   -0.566169082940788115E+02
    0.293164103592933429E+02   -0.565465862265801604E+02
    0.293194527063984616E+02   -0.565455236370544867E+02
    0.293150803828207742E+02   -0.565651548200488321E+02
    0.293207233031369476E+02   -0.565621407504138816E+02
    0.293207273154119648E+02   -0.565622091453743749E+02
    0.293172268634878783E+02   -0.565406429171161520E+02
    0.293187906490917953E+02   -0.565408486678471434E+02
    0.293229557305363890E+02   -0.566156836026547836E+02
    0.293196696713621847E+02   -0.565476494447070905E+02
    0.293228935190795212E+02   -0.566137711813576416E+02
    0.293184271823321794E+02   -0.565394425902337616E+02
    0.293136250435513759E+02   -0.565980936628221016E+02
    0.293164755652665008E+02   -0.565459590766903091E+02
    0.293215715826190930E+02   -0.565788305482111724E+02
    0.293225906709004001E+02   -0.566048056266556685E+02
    0.293194758284241104E+02   -0.565457362311437564E+02
    0.293162759930985928E+02   -0.565479620435751897E+02
    0.293213374222024434E+02   -0.565737757708118991E+02
    0.293184026903042749E+02   -0.565393774245899294E+02
    0.293165325154842265E+02   -0.565454329891409699E+02
    0.293210953763112698E+02   -0.565689096211831313E+02
    0.293175089631488248E+02   -0.565395543811183501E+02
    0.293215822857140438E+02   -0.565790697532459319E+02
    0.293221603467445533E+02   -0.565930485072559790E+02
    0.293139342699843866E+02   -0.565899915317635518E+02
    0.293165006876074585E+02   -0.565457245153315355E+02
    0.293156177494878598E+02   -0.565563263033174763E+02
    0.293157370461758759E+02   -0.565546102399380928E+02
    0.293203205097788810E+02   -0.565557847021338773E+02
    0.293142348833789228E+02   -0.565826858212267609E+02
    0.293198397817220950E+02   -0.565495211706795828E+02
    0.293167292064481799E+02   -0.565437713410298102E+02
    0.293176322947782566E+02   -0.565392341547105346E+02
    0.293198858970516198E+02   -0.565500596217545137E+02
    0.293165504150398135E+02   -0.565452718100024398E+02
    0.293130163310645315E+02   -0.566157823013964361E+02
    0.293211519869571653E+02   -0.565700150532710850E+02
    0.293182944723584598E+02   -0.565391342022906827E+02
    0.293195172219849418E+02   -0.565461251359210095E+02
    0.293219155590899021E+02   -0.565868750311036308E+02
    0.293179645738645718E+02   -0.565388427246092320E+02
    0.293218158135641573E+02   -0.565844664672090900E+02
    0.293189888202729243E+02   -0.565419618076241832E+02
    0.293205887964710357E+02   -0.565599058981329819E+02
    0.293224382934198857E+02   -0.566005105821914540E+02
    0.293163649690212580E+02   -0.565470384181261281E+02
    0.293214401831821654E+02   -0.565759520150002260E+02
    0.293189508769273957E+02   -0.565417297499855778E+02
    0.293164965478485797E+02   -0.565457628968520254E+02
    0.293210096549413564E+02   -0.565672737310165914E+02
    0.293184749064869479E+02   -0.565395802991497689E+02
    0.293213651954639971E+02   -0.565743574615078657E+02
    0.293136130394896881E+02   -0.565984201897904597E+02
    0.293191028947756607E+02   -0.565427134644248071E+02
    0.293159324825559899E+02   -0.565519904191453833E+02
    0.293166817062315701E+02   -0.565441505609000217E+02
    0.293143077598941844E+02   -0.565809994663812077E+02
    0.293188581198933775E+02   -0.565412002010539325E+02
    0.293227436727934325E+02   -0.566092637357315525E+02
    0.293155194641390331E+02   -0.565578067002004445E+02
    0.293154631072973828E+02   -0.565586826929246698E+02
    0.293182026798447382E+02   -0.565389850549312527E+02
    0.293155187095926308E+02   -0.565578182980116821E+02
    0.293172117140681330E+02   -0.565407153937102649E+02
    0.293182390365410086E+02   -0.565390378537037108E+02
    0.293216744011448043E+02   -0.565811579410292680E+02
    0.293202064959539435E+02   -0.565541690178620868E+02
    0.293190240562288267E+02   -0.565421853349049641E+02
    0.293167062822274289E+02   -0.565439526034738478E+02
    0.293132483789099290E+02   -0.566087670842267769E+02
    0.293191447836698060E+02   -0.565430098172245508E+02
    0.293189135572370674E+02   -0.565415102511578880E+02
    0.293156257154275259E+02   -0.565562089535386221E+02
    0.293200193703004288E+02   -0.565516927064756558E+02
    0.293163066442778373E+02   -0.565476382995548619E+02
    0.293131389754126168E+02   -0.566120327723217187E+02
    0.293207274813019296E+02   -0.565622119753637307E+02
    0.293203827887345909E+02   -0.565567014360175833E+02
    0.293132481799171245E+02   -0.566087729564958124E+02
    0.293215820370917548E+02   -0.565790641886579095E+02
    0.293224364481541642E+02   -0.566004594559109577E+02
    0.293148830996201717E+02   -0.565688472521218273E+02
    0.293192626408772412E+02   -0.565439022403643037E+02
    0.293205204293400428E+02   -0.565588131471149325E+02
    0.293208320963927100E+02   -0.565640307767888757E+02
    0.293171988284305236E+02   -0.565407781647823455E+02
    0.293193700188264117E+02   -0.565447906097342283E+02
    0.293144380987426416E+02   -0.565780659006041091E+02
    0.293183747178998999E+02   -0.565393075676847232E+02
    0.293200591906717420E+02   -0.565522014041574721E+02
    0.293179536789955435E+02   -0.565388446579308308E+02
    0.293208974194012839E+02   -0.565652010200642295E+02
