    0.123303855176180370E-98    0.461671365681285693E+03    0.229099203150101296E+02
    0.127716055747898027E-97    0.456975879877240459E+03    0.229119837272193578E+02
    0.480576218302623127E-97    0.454305527170473283E+03    0.236990260088967588E+02
    0.506804880012350953E-97    0.454179246692992024E+03    0.229132178458098501E+02
    0.648492538619230831E-95    0.444455857479772646E+03    0.229175391582355061E+02
    0.116689495764174289E-94    0.443260955240664600E+03    0.229180735225169201E+02
    0.289359235763411118E-91    0.427609139838977285E+03    0.236870457713131728E+02
    0.939368861552389318E-89    0.416023720908271912E+03    0.229304602005221199E+02
    0.828878725784823161E-88    0.411648819464701319E+03    0.229324880517670167E+02
    0.147240633285857437E-83    0.392058979825005679E+03    0.229417066973649959E+02
    0.596438492073510247E-83    0.389241164001082780E+03    0.236691360748260102E+02
    0.749081049922228214E-83    0.388765421867084797E+03    0.229432795898781805E+02
    0.192996711136267241E-81    0.382247429576092600E+03    0.229464126386873417E+02
    0.142911000871180226E-80    0.378223161556182106E+03    0.236638273332357798E+02
    0.330850024780404387E-78    0.367313934963443671E+03    0.229536958275753449E+02
    0.354008557324214150E-77    0.362553452956022454E+03    0.236561386395267270E+02
    0.458052056211366339E-76    0.357412959267171004E+03    0.229586087614830454E+02
    0.103914389896568332E-72    0.341939109426077493E+03    0.229664292787493522E+02
    0.464690348563176869E-72    0.338923501664834362E+03    0.229679744335003022E+02
    0.255433795762101296E-70    0.330889977306900903E+03    0.229721255852672357E+02
    0.577809920791830713E-70    0.329237413910602299E+03    0.236392021179199219E+02
    0.544675046364589179E-67    0.315520014525017643E+03    0.236319730297164732E+02
    0.162965251339697341E-66    0.313308149090070742E+03    0.236307923055349036E+02
    0.368071556489190590E-66    0.311658668349804998E+03    0.229822790575870961E+02
    0.894638063044686566E-66    0.309862384606999456E+03    0.236289443058229693E+02
    0.115297837030554094E-65    0.309335015561099283E+03    0.236286605380804140E+02
    0.330282509657689744E-65    0.307210156140120262E+03    0.236275146514297880E+02
    0.417615606165551739E-62    0.292905419524436297E+03    0.229924965575015570E+02
    0.696495553171109774E-61    0.287257249335032498E+03    0.229956397853028989E+02
    0.229093449906492549E-59    0.280250771783369999E+03    0.236126043391555669E+02
    0.884894769148309654E-59    0.277528094314342468E+03    0.236110579932347946E+02
    0.153943480437948475E-58    0.276400690544584961E+03    0.236104153833301176E+02
    0.607676333957169617E-57    0.269029406618898690E+03    0.236061799082382784E+02
    0.662796486436286690E-55    0.259625415067539222E+03    0.230114999734550771E+02
    0.120580886753747211E-54    0.258408539276235842E+03    0.235999699292550176E+02
    0.771231004875043882E-53    0.250072034772645964E+03    0.230171859264373779E+02
    0.176091548267312355E-52    0.248400832437645363E+03    0.235939959173492788E+02
    0.163047252229578457E-49    0.234719249820952598E+03    0.235856223106384277E+02
    0.504594243026981271E-49    0.232439820666186620E+03    0.230279853253651474E+02
    0.589048652898753785E-47    0.222899971982957908E+03    0.235781811061927371E+02
    0.180854532820932802E-46    0.220636433318409644E+03    0.230354553644522930E+02
    0.525310835112641955E-46    0.218483839053998508E+03    0.235753480198743510E+02
    0.362057751271222790E-44    0.209997871524563152E+03    0.230423694541918778E+02
    0.217689256055540456E-42    0.201785001388670821E+03    0.230478336421542878E+02
    0.306767088485519833E-42    0.201078961038139710E+03    0.235638792537328925E+02
    0.907340089852668294E-42    0.198890103936419877E+03    0.235624006037665481E+02
    0.155383131895258776E-39    0.188583840289263861E+03    0.230568675570753960E+02
    0.415950537089899501E-39    0.186594495356691198E+03    0.230582574690409174E+02
    0.417854227594565450E-38    0.181960192606855514E+03    0.235506620575016470E+02
    0.101647322525393547E-36    0.175557099103471245E+03    0.230661152487172885E+02
    0.111115687249157345E-36    0.175358973730577929E+03    0.235459293942994385E+02
    0.129068663784465551E-36    0.175039428422355883E+03    0.235456979281482042E+02
    0.274415957617655819E-36    0.173510827405170176E+03    0.230676004835997333E+02
    0.141126630236235804E-35    0.170215632168427646E+03    0.235421761890785248E+02
    0.813404225310624481E-35    0.166692490940494537E+03    0.235395704621393023E+02
    0.222023729895527926E-34    0.164664208595520051E+03    0.235380570617269811E+02
    0.428374758001532773E-34    0.163329780300137031E+03    0.230751320737997290E+02
    0.458950381410712047E-34    0.163171892925251342E+03    0.235369372367858887E+02
    0.610392125227030768E-34    0.162581573972916573E+03    0.235364927625641798E+02
    0.458944386720272769E-33    0.158526748862913365E+03    0.235334162408561873E+02
    0.436177308306804282E-32    0.154003339096487082E+03    0.230822537468456623E+02
    0.678938444315008104E-32    0.153098375824576465E+03    0.230829568742426439E+02
    0.792401214532646552E-32    0.152769301063606179E+03    0.230832131047161369E+02
    0.898750397796677166E-32    0.152497426055413655E+03    0.235287630255263451E+02
    0.165777179566589817E-31    0.151252977382901065E+03    0.230843975997624398E+02
    0.495674196805415137E-30    0.144437258687494591E+03    0.235223861692263014E+02
    0.164925659721120432E-29    0.142012936550283769E+03    0.230917570055225738E+02
    0.299896579487219795E-29    0.140797050840384145E+03    0.230927443203169211E+02
    0.346306700479864908E-28    0.135884106414766620E+03    0.235154069300399904E+02
    0.943530239856252046E-27    0.129254328998731523E+03    0.231023553246583830E+02
    0.100058124603974521E-26    0.129116913116437928E+03    0.235097155692678470E+02
    0.993087191911477440E-27    0.129111948895270018E+03    0.235097113358555774E+02
    0.149276248658013951E-26    0.128276818428347951E+03    0.235089978919993712E+02
    0.186055620784442603E-26    0.127816324311805090E+03    0.235086034212700881E+02
    0.358237794905360092E-26    0.126486021647825993E+03    0.235074595101888981E+02
    0.175776808437748104E-25    0.123284815343990374E+03    0.231075082176253552E+02
    0.141601974604164054E-24    0.119092035018587211E+03    0.235009791769820069E+02
    0.250991623582449714E-23    0.113322065952026350E+03    0.234957684477581168E+02
    0.682728589972736440E-23    0.111300710282122353E+03    0.234939088164929757E+02
    0.815158346453387611E-22    0.106320970129833469E+03    0.234892469567170536E+02
    0.867471885117155248E-22    0.106176568694407180E+03    0.231230780437165286E+02
    0.154263542645730617E-21    0.105005239801512204E+03    0.234879952625685924E+02
    0.204117669455002188E-20    0.998200012496357658E+02    0.234829761715832994E+02
    0.236442079706590222E-20    0.995059879831802050E+02    0.231295204065688438E+02
    0.984820487422865155E-20    0.966324757702649180E+02    0.234798188283723483E+02
    0.135529911965691409E-19    0.959738396039171846E+02    0.234791592481501894E+02
    0.316078143417116917E-19    0.942602453962396112E+02    0.231347567437202386E+02
    0.331990270385334013E-19    0.941420130160232986E+02    0.231348766094868665E+02
    0.505540437528898845E-19    0.932809682801155446E+02    0.234764359517158923E+02
    0.930796779094618297E-19    0.920401423987414944E+02    0.234751663443729797E+02
    0.168756025090761045E-18    0.908301460881591680E+02    0.234739190322880802E+02
    0.960568006766961260E-18    0.873320045884575933E+02    0.231419283305168264E+02
    0.120489283569713918E-17    0.868587623369956532E+02    0.231424296601786921E+02
    0.103142458470386741E-16    0.825444915337276228E+02    0.234651151938733946E+02
    0.769668402980728787E-16    0.785047942296690593E+02    0.234606410967907379E+02
    0.790476992501369317E-16    0.784314406804348465E+02    0.234605586573852349E+02
    0.988531217046103328E-16    0.779642733382353015E+02    0.234600325889393631E+02
    0.557166072045026501E-15    0.744858168969735601E+02    0.234560575486571601E+02
    0.218652364903695586E-14    0.717314072234540276E+02    0.234528335475839533E+02
    0.270283232166141064E-14    0.712874325765270527E+02    0.234523072283091381E+02
    0.564895533681893205E-14    0.697930917750948225E+02    0.231616664066739482E+02
    0.147248188093844908E-13    0.678569641899511424E+02    0.234481747887054013E+02
    0.155016759834662152E-13    0.677341367468535083E+02    0.234480245961571470E+02
    0.421017014802956539E-13    0.657158567287830522E+02    0.231666545551027845E+02
    0.438694019409390006E-13    0.656135988738324585E+02    0.231667819547030120E+02
    0.923849058436321745E-13    0.641041058216785586E+02    0.234435117244720459E+02
    0.126662437274095310E-12    0.634529818918372115E+02    0.231695015709415841E+02
    0.247472071170670894E-12    0.620934375751711372E+02    0.231712409705642521E+02
    0.372813721432453002E-12    0.612538752618409958E+02    0.234398616437750782E+02
    0.467819141635904604E-12    0.607798694954825010E+02    0.231729431292842314E+02
    0.470458454528425316E-12    0.607486177300577666E+02    0.231729838912961839E+02
    0.906098379550327130E-12    0.594177372652482063E+02    0.234374565341090815E+02
    0.916687056877090269E-12    0.593745007477221662E+02    0.234373993688166493E+02
    0.299039589066728538E-11    0.569897109138933757E+02    0.234342068135043569E+02
    0.303048656581096769E-11    0.569430761021696696E+02    0.231780444559094541E+02
    0.483214598808201877E-11    0.559899411350970766E+02    0.234328444862817129E+02
    0.685657082946879298E-11    0.552701076056391258E+02    0.234318544740253536E+02
    0.725941560031999658E-11    0.551359238214338490E+02    0.231805189818874666E+02
    0.963610157474669634E-11    0.545494892292390574E+02    0.231813325314277705E+02
    0.140351236123517341E-10    0.537773964465596066E+02    0.231824118015089340E+02
    0.149116958494643602E-10    0.536362307582315481E+02    0.234295778951758180E+02
    0.161509215929799986E-10    0.534565682557372597E+02    0.234293249940170050E+02
    0.230411172318594824E-10    0.527259618297436248E+02    0.231838968780659123E+02
    0.421167039743513486E-10    0.514996336190133590E+02    0.234265359345590802E+02
    0.587137033442640619E-10    0.508151761876181638E+02    0.234255450624369885E+02
    0.698733756774938958E-10    0.504471531108061342E+02    0.234250088713367823E+02
    0.760031728850674533E-10    0.502589723051747157E+02    0.231874542801527639E+02
    0.141214166504677584E-09    0.489999671822204945E+02    0.234228765223248772E+02
    0.148209244710760836E-09    0.488832722992177864E+02    0.234227028799573276E+02
    0.168163419331860060E-09    0.486106499995355179E+02    0.231898918392722706E+02
    0.356990898558884388E-09    0.470851019065362735E+02    0.234199937338747830E+02
    0.461116723309354597E-09    0.465532200672863752E+02    0.231930080883288312E+02
    0.659128503607368478E-09    0.458186854542206774E+02    0.231941416482062905E+02
    0.133003987595738675E-08    0.443945940756015602E+02    0.234158153311926469E+02
    0.170777060127326999E-08    0.438746343670993042E+02    0.234149893404912461E+02
    0.176067569601468086E-08    0.437936166158907056E+02    0.231973279716337828E+02
    0.407158688817124925E-08    0.420969462784611181E+02    0.234121167659759521E+02
    0.495902776489663660E-08    0.416825925102525758E+02    0.234114359534411456E+02
    0.589971743100525554E-08    0.413152030095860567E+02    0.232013594401441949E+02
    0.695573781844710077E-08    0.409658781143024555E+02    0.232019402097489476E+02
    0.971733884319169136E-08    0.402771883241702966E+02    0.234090932635949791E+02
    0.481106051279292220E-07    0.370580066557366479E+02    0.232086729603245061E+02
    0.823273946048973228E-07    0.359636040929087599E+02    0.234015444886855732E+02
    0.170821954292926954E-06    0.344837683007977560E+02    0.232133747495497715E+02
    0.173405257576460014E-06    0.344337491542218146E+02    0.233987195729998128E+02
    0.231455380679121509E-06    0.338362376932105846E+02    0.233975925721119573E+02
    0.256170072599102215E-06    0.336133287830364083E+02    0.233971685589602245E+02
    0.276023779984339479E-06    0.334440378802772855E+02    0.233968452133696587E+02
    0.341189108944742162E-06    0.330001381325138254E+02    0.233959918422001287E+02
    0.392314371335121992E-06    0.327008849508600150E+02    0.233954119446450832E+02
    0.401038149937559969E-06    0.326368988034502294E+02    0.233952874620151832E+02
    0.443803393114580228E-06    0.324142486108893024E+02    0.233948529438104238E+02
    0.452804958437970049E-06    0.323540889681298651E+02    0.232174528728451826E+02
    0.545891929767508289E-06    0.319601698723651388E+02    0.232182279289779885E+02
    0.702002300534764290E-06    0.314371385607446996E+02    0.233929203341431347E+02
    0.733252887328206019E-06    0.313300306318896489E+02    0.233927058645958041E+02
    0.104373038179527166E-05    0.306038989628083833E+02    0.233912376366320167E+02
    0.133489839908611735E-05    0.300917909982462604E+02    0.233901867483210388E+02
    0.141040733010253460E-05    0.299617442665155558E+02    0.233899177839480004E+02
    0.208464820317728777E-05    0.291603011380078563E+02    0.233882407943230355E+02
    0.217866643894964676E-05    0.290520754363147908E+02    0.233880117051486849E+02
    0.240802248666154343E-05    0.288318896336162638E+02    0.232246444122396198E+02
    0.265212513846695646E-05    0.286187788497294768E+02    0.233870880248348527E+02
    0.338091401141864582E-05    0.281132091840150693E+02    0.232261912655965617E+02
    0.452342912359951769E-05    0.275109606413033916E+02    0.232275109619237448E+02
    0.731737040586727082E-05    0.265289993065273499E+02    0.233824764480351845E+02
    0.127153234714002249E-04    0.254038856876672696E+02    0.232323136900619289E+02
    0.207177657011444929E-04    0.244075182078103161E+02    0.232346971606653021E+02
    0.218929555857362686E-04    0.242771715203991612E+02    0.232350148824060980E+02
    0.253864799219177893E-04    0.239610678735093252E+02    0.232357913523020514E+02
    0.263504611362844074E-04    0.238665298145264408E+02    0.232360252449424536E+02
    0.260989019889049633E-04    0.238657148769452228E+02    0.233761607806410794E+02
    0.407138946512684545E-04    0.229563625128301183E+02    0.233738697131874460E+02
    0.446934438267482012E-04    0.227498477244118078E+02    0.232388495111904838E+02
    0.467673076014066142E-04    0.226391325584624070E+02    0.233730520270721556E+02
    0.485120679287389200E-04    0.225458761845213580E+02    0.232393783000933709E+02
    0.518411268589525425E-04    0.223931337869392451E+02    0.232397770401229238E+02
    0.546839491735110069E-04    0.222663608998290599E+02    0.232401098155789363E+02
    0.600441401943926242E-04    0.220593414417390470E+02    0.233715311709627649E+02
    0.597076966455737027E-04    0.220505794968009425E+02    0.233715079161959309E+02
    0.636993666116452583E-04    0.219011521265985820E+02    0.232410779993483416E+02
    0.739906164404709898E-04    0.215816248044408958E+02    0.232419370622487484E+02
    0.800022307523170183E-04    0.214053923276732405E+02    0.233697722158279539E+02
    0.870492468619413700E-04    0.212165533362718861E+02    0.233692551732117053E+02
    0.923900987725189738E-04    0.210774617315225399E+02    0.233688716159449577E+02
    0.112665999818215476E-03    0.206606459890031005E+02    0.233677079130358969E+02
    0.123427278167545648E-03    0.204581970812821865E+02    0.232450533508930732E+02
    0.126055940437991857E-03    0.203960498047408478E+02    0.232452303991881344E+02
    0.129286449341795646E-03    0.203254404047612169E+02    0.233667558633116030E+02
    0.131203526039686973E-03    0.202760018621487177E+02    0.233666141808144268E+02
    0.130688948866417221E-03    0.202638612378050453E+02    0.233665793370825021E+02
    0.131397196861303167E-03    0.202330518191390780E+02    0.233664908234615183E+02
    0.131148556039336277E-03    0.202168399725341175E+02    0.233664441956657889E+02
    0.131887310507979618E-03    0.201856056656573060E+02    0.232458337859635868E+02
    0.133564210320056425E-03    0.201403366882743313E+02    0.233662236724005830E+02
    0.184020297401278182E-03    0.194794092380743287E+02    0.232479043052248890E+02
    0.193479268219833939E-03    0.193591606335572841E+02    0.232482642515583713E+02
    0.258977143224194356E-03    0.187560217496401336E+02    0.233620834864393707E+02
    0.338366232572724147E-03    0.182012436906282709E+02    0.233603356375863100E+02
    0.356846627040923381E-03    0.180748892183787575E+02    0.232522584254560201E+02
    0.399450595377911664E-03    0.178293211822091031E+02    0.233591316404385232E+02
    0.427929612477343597E-03    0.176715839145941089E+02    0.233586126744043305E+02
    0.463448018556799311E-03    0.174921129072651524E+02    0.233580158948814400E+02
    0.581348839182779342E-03    0.170187993883488886E+02    0.233564080876376146E+02
    0.627783158150691141E-03    0.168451117305052733E+02    0.233558050440857983E+02
    0.710458286349821208E-03    0.165776808939735432E+02    0.233548619462465936E+02
    0.704870039190600870E-03    0.165734744765601008E+02    0.233548469665345380E+02
    0.709171192222000880E-03    0.165413074585100262E+02    0.233547322622041094E+02
    0.820640701850579367E-03    0.162293306072745551E+02    0.233536054192859268E+02
    0.919933890268813587E-03    0.159808977469360372E+02    0.233526886069075559E+02
    0.102873709697685152E-02    0.157373269460828293E+02    0.232604161692039852E+02
    0.107711049033532426E-02    0.156254268395816052E+02    0.232608435548998109E+02
    0.123725491188399705E-02    0.153282005174007718E+02    0.233501891692386714E+02
    0.123836766423833316E-02    0.153064025818995990E+02    0.232620847983744525E+02
    0.124235493446418549E-02    0.152799733686348098E+02    0.233499988434096259E+02
    0.136516835692695429E-02    0.150714352882083507E+02    0.233491661795531513E+02
    0.136785672477852537E-02    0.150475006463543242E+02    0.233490695797479439E+02
    0.142001543358159245E-02    0.149526553265400572E+02    0.232635034138050933E+02
    0.145719174324122208E-02    0.148809685671764491E+02    0.233483913519354616E+02
    0.144467844200472733E-02    0.148782172764551976E+02    0.233483800555320400E+02
    0.150538756381383846E-02    0.147758900420207784E+02    0.232642302954129008E+02
    0.155947322157473601E-02    0.146852946355721450E+02    0.233475802737701912E+02
    0.155931260000774334E-02    0.146655006408271653E+02    0.232646907034252948E+02
    0.161888822934644458E-02    0.145705115361542923E+02    0.233470970267111007E+02
    0.161748533319545679E-02    0.145522454475359755E+02    0.233470195985781501E+02
    0.163664415369678407E-02    0.145086950117572169E+02    0.232653536462385837E+02
    0.169399870737294727E-02    0.144198071407520292E+02    0.232657342820795279E+02
    0.186036677664796752E-02    0.142124434870239558E+02    0.232666365273378446E+02
    0.186923485159464116E-02    0.141829324533606282E+02    0.233454214319915963E+02
    0.192663845328988875E-02    0.141024373065115398E+02    0.232671236466119602E+02
    0.195600225877268045E-02    0.140521853542797235E+02    0.233448398397709553E+02
    0.210516978644336144E-02    0.138851985620380667E+02    0.232681039450733955E+02
    0.212574152864940420E-02    0.138457494147583251E+02    0.232682846876360934E+02
    0.211023040921568504E-02    0.138403965266738425E+02    0.232683092793638906E+02
    0.230390664596535899E-02    0.136447783595500418E+02    0.232692192188050804E+02
    0.239162486147964821E-02    0.135500448204789485E+02    0.233425199943396890E+02
    0.249994473928630235E-02    0.134414535523984000E+02    0.232701894397209124E+02
    0.260017839316677331E-02    0.133428306962268586E+02    0.232706696153962582E+02
    0.271686885453669433E-02    0.132350306854909530E+02    0.233409860141019898E+02
    0.270618882210692940E-02    0.132229081943605866E+02    0.232712624121361031E+02
    0.275637522463066144E-02    0.131661578227800540E+02    0.233406415610657021E+02
    0.286236180649293223E-02    0.130706966260726194E+02    0.233401583730506985E+02
    0.306350791273767280E-02    0.129148695349113236E+02    0.232728334869168201E+02
    0.304377268311164899E-02    0.129077952867311438E+02    0.233393176051504376E+02
    0.303716006513910820E-02    0.128921450277020142E+02    0.232729523372828382E+02
    0.304882303316699388E-02    0.128644795563283463E+02    0.233390904382080500E+02
    0.310850674591294776E-02    0.128057058773362655E+02    0.232734083666701217E+02
    0.310054973579165175E-02    0.127908319472959420E+02    0.232734874806260947E+02
    0.322432494853524708E-02    0.126925435869792267E+02    0.232740151775521085E+02
    0.321188823838711298E-02    0.126802728061742176E+02    0.233381063766910017E+02
    0.330780853183014738E-02    0.126014190167976210E+02    0.233376757564094355E+02
    0.327582135541292299E-02    0.126008535407087443E+02    0.233376726471403053E+02
    0.330629835297527579E-02    0.125623323246152321E+02    0.233374601126708683E+02
    0.350172042862773036E-02    0.124274820095666918E+02    0.233367044755718709E+02
    0.350744882228608106E-02    0.124042129231864546E+02    0.233365721914681465E+02
    0.350049053453999840E-02    0.123881845842859377E+02    0.232757073093298672E+02
    0.360465441940209649E-02    0.123095389977425249E+02    0.232761600996117721E+02
    0.363961064021735801E-02    0.122702373891790977E+02    0.233357990861841458E+02
    0.368183209803472824E-02    0.122271698450469160E+02    0.233355462551116943E+02
    0.369411014972895278E-02    0.122005114073193273E+02    0.233353886615007653E+02
    0.372565875236669777E-02    0.121635034421491302E+02    0.232770195753918117E+02
    0.400250252529970717E-02    0.120001512134488841E+02    0.232780121181377879E+02
    0.416172587698640430E-02    0.119021310820627253E+02    0.232786249084755532E+02
    0.414839764790116746E-02    0.118885465055993755E+02    0.233334771283682443E+02
    0.411057667896842869E-02    0.118868641473871754E+02    0.232787215871718161E+02
    0.409956369488242902E-02    0.118722297027564405E+02    0.233333734629595995E+02
    0.409528261440789045E-02    0.118543193482250171E+02    0.232789288273631065E+02
    0.410618575315924682E-02    0.118290016930511452E+02    0.233330968990411165E+02
    0.422927756638978060E-02    0.117499284263177159E+02    0.232796045112524368E+02
    0.418967859936581442E-02    0.117487427582937993E+02    0.233325757605186155E+02
    0.417478767398863325E-02    0.117358638061273197E+02    0.233324911767876912E+02
    0.415572905741338171E-02    0.117250150510938411E+02    0.233324197156869282E+02
    0.416056963983858601E-02    0.117026868119826162E+02    0.233322720249500968E+02
    0.415186100393491377E-02    0.116868774702692715E+02    0.233321669477631879E+02
    0.421768626184712125E-02    0.116354174100775829E+02    0.232803660997851729E+02
    0.427885592551630577E-02    0.115866194736102806E+02    0.232806975835112624E+02
    0.450089304364231346E-02    0.114654391446279593E+02    0.233306479378084930E+02
    0.445632544606968523E-02    0.114653417362242092E+02    0.232815407962470715E+02
    0.441473637793406669E-02    0.114640945636352161E+02    0.232815496179956298E+02
    0.441367693735872889E-02    0.114445745776728813E+02    0.233304999390356258E+02
    0.437115452810621623E-02    0.114439364705090654E+02    0.232816926465809431E+02
    0.446431342552066485E-02    0.113817599382382255E+02    0.233300488559940753E+02
    0.442467989108925614E-02    0.113795949373943870E+02    0.233300331572140145E+02
    0.439162876047179043E-02    0.113745904584262494E+02    0.232821912157356010E+02
    0.445042087839128079E-02    0.113279934648479994E+02    0.232825321542297310E+02
    0.441299450623959793E-02    0.113248838363214350E+02    0.232825550823686278E+02
    0.441153512835704489E-02    0.113055453459797661E+02    0.233294898704799820E+02
    0.437479013746852000E-02    0.113022737069263020E+02    0.232827224693592640E+02
    0.442466239096830569E-02    0.112596028476414709E+02    0.232830416808146303E+02
    0.438206279794564179E-02    0.112589516631725139E+02    0.232830465864340859E+02
    0.440763444041905941E-02    0.112273145321426675E+02    0.232832861917902640E+02
    0.448895161123573968E-02    0.111707524464205292E+02    0.233284670836891017E+02
    0.453420412916279072E-02    0.111306916612015172E+02    0.232840340754257298E+02
    0.450595796606423089E-02    0.111231897800274648E+02    0.233280948399006753E+02
    0.447659671161393033E-02    0.111162646167853953E+02    0.232841479308551307E+02
    0.444774181446538387E-02    0.111091977871780472E+02    0.233279841282014537E+02
    0.449973475789781918E-02    0.110659539023877258E+02    0.232845496804046412E+02
    0.460580779293767555E-02    0.109993546654594319E+02    0.233270947279160552E+02
    0.472845548757849354E-02    0.109267935795193729E+02    0.232857021101032586E+02
    0.468846830259504743E-02    0.109237789247193309E+02    0.232857277970158805E+02
    0.467168941352602909E-02    0.109109492769933905E+02    0.233263505665442850E+02
    0.462591586415634411E-02    0.109106420550020715E+02    0.233263479327985657E+02
    0.462081441068190601E-02    0.108928488692338661E+02    0.233261948070225564E+02
    0.460812387927011548E-02    0.108783491939783747E+02    0.233260691567471241E+02
    0.461472096941751425E-02    0.108554879981626495E+02    0.233258694261544512E+02
    0.469871790929505921E-02    0.107994114345931944E+02    0.232868173029825023E+02
    0.467832373350698591E-02    0.107881110687512880E+02    0.232869193662041880E+02
    0.464191897518228223E-02    0.107837351011305493E+02    0.232869590355140268E+02
    0.461907999417782936E-02    0.107735997074787413E+02    0.233251368122733282E+02
    0.457327642709512688E-02    0.107735310260927211E+02    0.232870518591955076E+02
    0.454787725600665736E-02    0.107646696331688467E+02    0.232871328375197422E+02
    0.451436954580156351E-02    0.107594597238119043E+02    0.232871806092295586E+02
    0.450309133520002645E-02    0.107444625584817111E+02    0.232873188026752445E+02
    0.453389182665127691E-02    0.107108294200047709E+02    0.232876324807358444E+02
    0.452868830987483446E-02    0.106931261245943645E+02    0.233243882949582257E+02
    0.456662138559903868E-02    0.106564435499780519E+02    0.233240367374466260E+02
    0.456606056369451233E-02    0.106366891829293984E+02    0.232883435133153611E+02
    0.454388159276673462E-02    0.106264275607881924E+02    0.232884441826335831E+02
    0.453473171312191326E-02    0.106104589618114780E+02    0.232886019912038194E+02
    0.450638768489219823E-02    0.106029990555058262E+02    0.232886762031866361E+02
    0.451447914930222082E-02    0.105794111667901358E+02    0.233232750779492548E+02
    0.447976004283176608E-02    0.105748518408381678E+02    0.233232289363090075E+02
    0.444724038194112617E-02    0.105694232772414409E+02    0.232890142100027511E+02
    0.444780723118223722E-02    0.105491683716955507E+02    0.233229666551816557E+02
    0.447817603584721360E-02    0.105155591497482348E+02    0.233226171482404396E+02
    0.446287904518448148E-02    0.105024026398953243E+02    0.232897097436905831E+02
    0.442330221092037193E-02    0.105002177597121271E+02    0.233224551293485227E+02
    0.456802781691792621E-02    0.104158276833809467E+02    0.232906545203556661E+02
    0.457360850735271524E-02    0.103933858049556545E+02    0.232909090150395350E+02
    0.453752333381405356E-02    0.103892281230549557E+02    0.233212314115664263E+02
    0.454141071442833513E-02    0.103675154194132286E+02    0.233209802579463599E+02
    0.450837182591849305E-02    0.103621186588381438E+02    0.233209171726513418E+02
    0.450247229172798854E-02    0.103447375189388886E+02    0.232914758991807496E+02
    0.447532385871854746E-02    0.103368333675440525E+02    0.233206179518857368E+02
    0.445429104929583649E-02    0.103262549824896084E+02    0.232916971206498253E+02
    0.445649135504670463E-02    0.103052672776189151E+02    0.233202355227323146E+02
    0.442274406789392067E-02    0.103004701404976622E+02    0.233201764954702568E+02
    0.438455232071088743E-02    0.102978157525395275E+02    0.233201437274879630E+02
    0.434654191228785181E-02    0.102952296745716723E+02    0.232920763160664848E+02
    0.431591903401350261E-02    0.102893702316401132E+02    0.233200389566965569E+02
    0.428258324798732118E-02    0.102848780268133364E+02    0.233199829067221884E+02
    0.429277347970024280E-02    0.102601247614586537E+02    0.232925181390969946E+02
    0.425476337401066006E-02    0.102579125086858980E+02    0.232925464646639426E+02
    0.421781680012424214E-02    0.102553555106147272E+02    0.233196087668836753E+02
    0.417858945865651199E-02    0.102540433280763530E+02    0.233195918968393592E+02
    0.414300119808477373E-02    0.102511499025308925E+02    0.232926334223113365E+02
    0.414269751012465333E-02    0.102312965107873381E+02    0.233192960274748806E+02
    0.413594954531438814E-02    0.102145569306407324E+02    0.232931140575408584E+02
    0.411859561101544751E-02    0.102029663388093184E+02    0.233189179934896949E+02
    0.408407842299811103E-02    0.101997986018568696E+02    0.233188750286320925E+02
    0.407652169373595805E-02    0.101835026095592305E+02    0.233186516787207410E+02
    0.403918757493312245E-02    0.101819036542129524E+02    0.233186295493411357E+02
    0.401602793188206297E-02    0.101734041320568522E+02    0.233185112548301099E+02
    0.398720952328827927E-02    0.101678075698206527E+02    0.233184327438617096E+02
    0.396029964182762536E-02    0.101613514280232344E+02    0.232938464959895803E+02
    0.392662853348209329E-02    0.101584284507454612E+02    0.232938880078629040E+02
    0.388758216880243871E-02    0.101584159791843227E+02    0.232938881852854252E+02
    0.384916417066516600E-02    0.101582787546834155E+02    0.232938901376345271E+02
    0.381515840147883143E-02    0.101560264379338676E+02    0.233182658181626294E+02
    0.377995835607566021E-02    0.101545648217679343E+02    0.232939430964111125E+02
    0.375407486318408545E-02    0.101483070466681511E+02    0.233181551901302875E+02
    0.372680497237448715E-02    0.101428882254588597E+02    0.232941111232870846E+02
    0.370335691071821058E-02    0.101355114440996914E+02    0.232942185009307750E+02
    0.367613475027911245E-02    0.101302670859079917E+02    0.233178926121976744E+02
    0.364603399059945958E-02    0.101267108092417715E+02    0.232943478884303090E+02
    0.361331691377283397E-02    0.101247384807386513E+02    0.232943770817159432E+02
    0.358452013747618875E-02    0.101207415826337410E+02    0.232944364657154352E+02
    0.355802096815373671E-02    0.101155818421513253E+02    0.232945135769612186E+02
    0.357886762712234918E-02    0.100838979168782394E+02    0.233171892153492557E+02
    0.356018801748876623E-02    0.100743640923458173E+02    0.233170389907519393E+02
    0.355378351891199457E-02    0.100579651752426322E+02    0.232954123937045594E+02
    0.351859505710517498E-02    0.100578672502239286E+02    0.232954139857197333E+02
    0.350657396688984708E-02    0.100447118410982270E+02    0.232956300614074046E+02
    0.347842834192761642E-02    0.100408296753074922E+02    0.233164933618734871E+02
    0.344626349794528242E-02    0.100394096069803602E+02    0.233164696231084356E+02
    0.341596745448376248E-02    0.100370693100771771E+02    0.232957576629225116E+02
    0.339605600022469456E-02    0.100287612903521151E+02    0.233162898581657672E+02
    0.337126763074112410E-02    0.100234131567026843E+02    0.233161983644908020E+02
    0.336736929880510029E-02    0.100057271750489285E+02    0.233158897161296110E+02
    0.334051090166017370E-02    0.100017432873678906E+02    0.232963692059284391E+02
    0.331197282287851429E-02    0.999890274541371227E+01    0.232964200587945456E+02
    0.328166269821645804E-02    0.999729037880043592E+01    0.232964490435134941E+02
    0.324924821119754138E-02    0.999714350718394407E+01    0.233157363570987641E+02
    0.325327058353711398E-02    0.997466915963980227E+01    0.232968652868301227E+02
    0.322166108885254361E-02    0.997419662179433431E+01    0.232968741821669560E+02
    0.319178559724948028E-02    0.997282978998686964E+01    0.232968999606819978E+02
    0.317050184955193319E-02    0.996621103204589787E+01    0.233151622178409816E+02
    0.314154009666746392E-02    0.996456449444417380E+01    0.233151306338927391E+02
    0.311306298935381219E-02    0.996277655599183198E+01    0.232970918330862276E+02
    0.308650756825285758E-02    0.995991037728919970E+01    0.232971472897246166E+02
    0.305999448682089297E-02    0.995716457854687320E+01    0.232972007415039855E+02
    0.303038063739545114E-02    0.995661433801881657E+01    0.232972114915860509E+02
    0.300849389492841533E-02    0.995111163428322953E+01    0.232973197226749598E+02
    0.321684094520645553E-02    0.981715786372087074E+01    0.233116137981414795E+02
    0.331954667571520085E-02    0.975430101357252077E+01    0.233031548817693022E+02
    0.334470266832682548E-02    0.973920187139133731E+01    0.233042515211859786E+02
    0.308779278369106670E-02    0.989904442149697417E+01    0.233137690514196798E+02
    0.319490389393337244E-02    0.983084345940288706E+01    0.233001593150989095E+02
    0.335493296794258777E-02    0.973309389291456917E+01    0.233072225567176226E+02
    0.329270586545598850E-02    0.977053811735344979E+01    0.233098725785966323E+02
    0.335760391525287676E-02    0.973150227561831649E+01    0.233052449989644472E+02
    0.336101825316868210E-02    0.972946951465980803E+01    0.233059720002417095E+02
    0.320438779947809132E-02    0.982491535801755944E+01    0.233118526682516993E+02
    0.325499225365477769E-02    0.979357768220867086E+01    0.233108140680580860E+02
    0.321970006118392580E-02    0.981538106083082340E+01    0.233115576167743264E+02
    0.320746841854422857E-02    0.982299353120271945E+01    0.233117944238206718E+02
    0.335007722381856603E-02    0.973599067895010073E+01    0.233045841862727059E+02
    0.336022899592032607E-02    0.972993922346398676E+01    0.233065159387706373E+02
    0.335859002531742811E-02    0.973091497270219818E+01    0.233068129651395175E+02
    0.318075834332469517E-02    0.983971819165375905E+01    0.232999050943261636E+02
    0.331875858986275390E-02    0.975477588529030015E+01    0.233031269591281109E+02
    0.314988738728929621E-02    0.985922406960174236E+01    0.232993800838881704E+02
    0.304853421394126432E-02    0.992463569484890229E+01    0.233143277086850844E+02
    0.301857301199438344E-02    0.994438905959917463E+01    0.233147342584388895E+02
    0.323902248513238027E-02    0.980341430953822623E+01    0.233111630425175775E+02
    0.321152804769387701E-02    0.982046377147329252E+01    0.233004712100146563E+02
    0.313056491572353277E-02    0.987153052881803461E+01    0.232990690067567847E+02
    0.309941625075887831E-02    0.989152989876005151E+01    0.233135971133336319E+02
    0.333518318714673672E-02    0.974490226078746247E+01    0.233037757294374970E+02
    0.324295736772644075E-02    0.980098611126132369E+01    0.233110791686341869E+02
    0.327849817555284431E-02    0.977918658539894992E+01    0.233102510632327409E+02
    0.324768835078879372E-02    0.979807054069694416E+01    0.233012114883072279E+02
    0.325181254133117929E-02    0.979553238205100030E+01    0.233013026061751738E+02
    0.328351054076308092E-02    0.977613120013399772E+01    0.233101214151719525E+02
    0.333315498228858951E-02    0.974611887870284477E+01    0.233036863268343524E+02
    0.336034774055354478E-02    0.972986854820030977E+01    0.233057022718331730E+02
    0.330732226268799605E-02    0.976167971805978496E+01    0.233027472214805229E+02
    0.313888841205018981E-02    0.986622001717893760E+01    0.232992015212112378E+02
    0.330030148532461064E-02    0.976592982688752187E+01    0.233096545121140721E+02
    0.335337240750281044E-02    0.973402441732011070E+01    0.233073576476934363E+02
    0.322636368261299510E-02    0.981124605747522693E+01    0.233007634665148693E+02
    0.328895241731424733E-02    0.977281927409990914E+01    0.233022120512083255E+02
    0.314239701985857215E-02    0.986398569223935162E+01    0.233129300026242952E+02
    0.332790384377844349E-02    0.974927221497268981E+01    0.233034687393922297E+02
    0.333667321731802129E-02    0.974400893808641833E+01    0.233038436351370493E+02
    0.304118555852232915E-02    0.992946262236645616E+01    0.232977591610809291E+02
    0.334607278113425348E-02    0.973838276584105955E+01    0.233078576400747508E+02
    0.312637398273398447E-02    0.987420975179547078E+01    0.233131849539145897E+02
    0.307988914354641015E-02    0.990417026589958560E+01    0.233138841578383591E+02
    0.317733777464136377E-02    0.984187013711030190E+01    0.233123430365893896E+02
    0.332340495343121491E-02    0.975197778235528645E+01    0.233032955014580914E+02
    0.304277329781020480E-02    0.992841873672461617E+01    0.233144071079597452E+02
    0.329499480189811940E-02    0.976914829310379318E+01    0.233023798850785191E+02
    0.335787993327025776E-02    0.973133786869023432E+01    0.233052793172990782E+02
    0.324724234944340218E-02    0.979834521728191099E+01    0.233012017293999101E+02
    0.330609438891973787E-02    0.976242237429757864E+01    0.233027089092094073E+02
    0.301879115965334116E-02    0.994424452787781199E+01    0.233147313532842411E+02
    0.325335436144388868E-02    0.979458432327579942E+01    0.233108509567581841E+02
    0.306127367119477184E-02    0.991629535030455500E+01    0.232980381494150244E+02
    0.324805040872019456E-02    0.979784758965461577E+01    0.233109686213433740E+02
    0.314585460620089375E-02    0.986178629762452097E+01    0.233128739047162519E+02
    0.315849727280975582E-02    0.985376473804195641E+01    0.233126652490706157E+02
    0.335737142977991830E-02    0.973164076337804929E+01    0.233052171325572353E+02
    0.335743559347367621E-02    0.973160254116642953E+01    0.233052247343475649E+02
    0.322810954017732155E-02    0.981016410544187600E+01    0.233007988285347025E+02
    0.329923674305472765E-02    0.976657517039021705E+01    0.233025021978278097E+02
    0.320315314360223279E-02    0.982568610979401313E+01    0.233118758624363061E+02
    0.325909564385782474E-02    0.979105797979730674E+01    0.233107204433523982E+02
    0.312335065346938537E-02    0.987614476792908746E+01    0.233132321815400871E+02
    0.329527077206504503E-02    0.976898079140664066E+01    0.233023877243997433E+02
    0.325573656659871842E-02    0.979312039825921943E+01    0.233013908300149915E+02
    0.336032940308321612E-02    0.972987946226145617E+01    0.233064905814993573E+02
    0.323412095258162518E-02    0.980644315234679986E+01    0.233112657574120519E+02
    0.308874968831225876E-02    0.989842471904487553E+01    0.233137550181432758E+02
    0.320245280799485218E-02    0.982612343648283115E+01    0.233002990635806100E+02
    0.319199083945587896E-02    0.983266785438735980E+01    0.233001061730717645E+02
    0.328167524300224675E-02    0.977724940020880950E+01    0.233101693418993747E+02
    0.328730841855492300E-02    0.977381923370285044E+01    0.233100204681691210E+02
    0.322743703190270237E-02    0.981058080650323205E+01    0.233007851813805154E+02
    0.314265674898206145E-02    0.986382039269971855E+01    0.232992622426884353E+02
    0.324359763977188865E-02    0.980059128100286614E+01    0.233110653968090027E+02
    0.320620851993762366E-02    0.982377928866128691E+01    0.233118183092374203E+02
    0.330711399149488140E-02    0.976180566753464340E+01    0.233027406931557515E+02
    0.309253600492631316E-02    0.989597453811131444E+01    0.232984887654200321E+02
    0.332926430085881027E-02    0.974845477604385913E+01    0.233035233756147555E+02
    0.326558764461195661E-02    0.978707801472652328E+01    0.233105685704478915E+02
    0.324507452631592587E-02    0.979968084106585735E+01    0.233110334939764421E+02
    0.335055144742093082E-02    0.973570758694400951E+01    0.233046171029908145E+02
    0.335936424708679860E-02    0.973045398607358436E+01    0.233054967088716296E+02
    0.333421895344905312E-02    0.974548056372021421E+01    0.233084552342055780E+02
    0.335954966165576737E-02    0.973034360241840623E+01    0.233066583353215755E+02
    0.335145835326890488E-02    0.973516631297964707E+01    0.233075058703286935E+02
    0.305278192773746982E-02    0.992185090915097057E+01    0.232979192769336123E+02
    0.336008237731181018E-02    0.973002649240162754E+01    0.233056376010310267E+02
    0.309800539028336121E-02    0.989244051003139013E+01    0.232985698871414044E+02
    0.309050609308922234E-02    0.989728775052542709E+01    0.232984588409709552E+02
    0.301829899064958536E-02    0.994457062471757780E+01    0.232974501385822954E+02
    0.310271288431258072E-02    0.988940376833460633E+01    0.233135477460240850E+02
    0.322537534116207119E-02    0.981185881720094955E+01    0.233114445021597092E+02
    0.335848612782785284E-02    0.973097684336568669E+01    0.233053602888016584E+02
    0.335247228647903581E-02    0.973456133463344742E+01    0.233047586526567265E+02
    0.318360748314379686E-02    0.983792750891356960E+01    0.233122325038387466E+02
    0.335303739340884208E-02    0.973422423457208197E+01    0.233048032312222340E+02
