    0.399409055709838867E+02   -0.455096112470205480E+05   -0.460515351937698814E+01    1
    0.204401707649230957E+02   -0.437094955773747643E+05   -0.461515351937698259E+01    1
    0.204650342464447021E+02   -0.434846385863801115E+05   -0.462515351937698149E+01    1
    0.396487796306610107E+02   -0.428504138324919768E+05   -0.463515351937698661E+01    1
    0.205536615848541260E+02   -0.426878409612331088E+05   -0.464515351937698728E+01    1
    0.206012582778930664E+02   -0.422629678670223948E+05   -0.465515351937698174E+01    1
    0.395401775836944580E+02   -0.418822335267613598E+05   -0.466515351937698153E+01    1
    0.395302844047546387E+02   -0.417945863829140071E+05   -0.467515351937698398E+01    1
    0.206978321075439453E+02   -0.414074303280383829E+05   -0.468515351937698377E+01    1
    0.394060838222503662E+02   -0.407020623423942307E+05   -0.469515351937698444E+01    1
    0.392112159729003906E+02   -0.390170836675677710E+05   -0.470515351937698423E+01    1
    0.211117613315582275E+02   -0.378395990956547030E+05   -0.471515351937698135E+01    1
    0.212155067920684814E+02   -0.369705662878324438E+05   -0.472515351937698025E+01    1
    0.387146127223968506E+02   -0.348841465073992440E+05   -0.473515351937698448E+01    1
    0.216746294498443604E+02   -0.332459110325645743E+05   -0.474515351937698782E+01    1
    0.384811449050903320E+02   -0.330210868324673429E+05   -0.475515351937698494E+01    1
    0.384750723838806152E+02   -0.329733108121857294E+05   -0.476515351937698117E+01    1
    0.384660005569458008E+02   -0.329020019741714859E+05   -0.477515351937698451E+01    1
    0.218424630165100098E+02   -0.319337128011329114E+05   -0.478515351937698341E+01    1
    0.218740737438201904E+02   -0.316895233598769664E+05   -0.479515351937697876E+01    1
    0.381679034233093262E+02   -0.306017708831463024E+05   -0.480515351937698032E+01    1
    0.220376193523406982E+02   -0.304411232560613826E+05   -0.481515351937698277E+01    1
    0.221980035305023193E+02   -0.292412262767909051E+05   -0.482515351937698345E+01    1
    0.377422547340393066E+02   -0.274618125357195604E+05   -0.483515351937698323E+01    1
    0.376895105838775635E+02   -0.270845617150828111E+05   -0.484515351937698480E+01    1
    0.375006580352783203E+02   -0.257552028578455356E+05   -0.485515351937698814E+01    1
    0.227046239376068115E+02   -0.256095148730815235E+05   -0.486515351937698437E+01    1
    0.227126216888427734E+02   -0.255541136288577181E+05   -0.487515351937698149E+01    1
    0.374654865264892578E+02   -0.255113219080993658E+05   -0.488515351937698572E+01    1
    0.227642524242401123E+02   -0.251979063979210332E+05   -0.489515351937698817E+01    1
    0.373838353157043457E+02   -0.249496229831559394E+05   -0.490515351937698973E+01    1
    0.373546147346496582E+02   -0.247501270958163113E+05   -0.491515351937698775E+01    1
    0.372524666786193848E+02   -0.240590326842822542E+05   -0.492515351937698220E+01    1
    0.371402702865482368E+02   -0.233112361403267932E+05   -0.493515351937698199E+01    1
    0.371354281902313232E+02   -0.232792290806534256E+05   -0.494515351937698799E+01    1
    0.370146381855010986E+02   -0.224879056359942842E+05   -0.495515351937699045E+01    1
    0.369899702072143555E+02   -0.223279831411714295E+05   -0.496515351937698846E+01    1
    0.369829988479614258E+02   -0.222828912887469705E+05   -0.497515351937698824E+01    1
    0.368612480163574219E+02   -0.215027393107224780E+05   -0.498515351937698359E+01    1
    0.233348834514617920E+02   -0.214276139793039474E+05   -0.499515351937698426E+01    1
    0.368360102176666260E+02   -0.213427613424558804E+05   -0.500515351937698583E+01    1
    0.368204605579376221E+02   -0.212444922962919009E+05   -0.501515351937698384E+01    1
    0.367841315269470215E+02   -0.210157881413883115E+05   -0.502515351937698451E+01    1
    0.367686080932617188E+02   -0.209184401974987377E+05   -0.503515351937698608E+01    1
    0.234540045261383057E+02   -0.206790957066603951E+05   -0.504515351937698409E+01    1
    0.366034340858459473E+02   -0.198966295330941102E+05   -0.505515351937698298E+01    1
    0.235939681529998779E+02   -0.198166199999108321E+05   -0.506515351937698455E+01    1
    0.236097216606140137E+02   -0.197206953784608522E+05   -0.507515351937697989E+01    1
    0.363749778270721436E+02   -0.185255220802852746E+05   -0.508515351937698501E+01    1
    0.363748009883143268E+02   -0.185244797273616277E+05   -0.509515351937699013E+01    1
    0.363339856720300745E+02   -0.182846840264672355E+05   -0.510515351937699080E+01    1
    0.239153310772049608E+02   -0.179058805210287828E+05   -0.511515351937698348E+01    1
    0.362042323119628691E+02   -0.175327467365385091E+05   -0.512515351937698238E+01    1
    0.239902883602097639E+02   -0.174741395738956198E+05   -0.513515351937698394E+01    1
    0.240239691734313965E+02   -0.172818603490478708E+05   -0.514515351937697751E+01    1
    0.360635483264923096E+02   -0.167353122453108263E+05   -0.515515351937698085E+01    1
    0.242153739929199219E+02   -0.162093656657587089E+05   -0.516515351937698330E+01    1
    0.358753752708435059E+02   -0.156977253568069682E+05   -0.517515351937698220E+01    1
    0.244165539741516113E+02   -0.151191469990540809E+05   -0.518515351937698643E+01    1
    0.244230628013610840E+02   -0.150845090001400367E+05   -0.519515351937698533E+01    1
    0.356708419322967529E+02   -0.146076060052481007E+05   -0.520515351937697623E+01    1
    0.356681478023529053E+02   -0.145935087565455906E+05   -0.521515351937698224E+01    1
    0.245237672328948975E+02   -0.145536553579996616E+05   -0.522515351937697670E+01    1
    0.356121301651000977E+02   -0.143019348187796568E+05   -0.523515351937698092E+01    1
    0.354338002204895020E+02   -0.133933245699607196E+05   -0.524515351937698071E+01    1
    0.247849027896544705E+02   -0.132214287674705665E+05   -0.525515351937698583E+01    1
    0.248116731643676758E+02   -0.130884706924179500E+05   -0.526515351937698739E+01    1
    0.353357374668121338E+02   -0.129063984810496786E+05   -0.527515351937698007E+01    1
    0.249603097187140932E+02   -0.123624806485518930E+05   -0.528515351937697542E+01    1
    0.251437401771545410E+02   -0.114951186374635254E+05   -0.529515351937697609E+01    1
    0.350179421901702881E+02   -0.113903947894999037E+05   -0.530515351937697677E+01    1
    0.349507665634155273E+02   -0.110820726661305525E+05   -0.531515351937698188E+01    1
    0.252397582633032371E+02   -0.110536780422867560E+05   -0.532515351937698078E+01    1
    0.349128162860870361E+02   -0.109097602735694854E+05   -0.533515351937697613E+01    1
    0.348770869732753397E+02   -0.107487670156655586E+05   -0.534515351937697680E+01    1
    0.253406393527984619E+02   -0.105991976817177056E+05   -0.535515351937698103E+01    1
    0.253979581517452111E+02   -0.103452238578210763E+05   -0.536515351937698171E+01    1
    0.347687494754791260E+02   -0.102679289362153813E+05   -0.537515351937698238E+01    1
    0.255857264995574951E+02   -0.953482865319463235E+04   -0.538515351937698128E+01    1
    0.345772610736844754E+02   -0.944497137429363283E+04   -0.539515351937698018E+01    1
    0.256172647044725323E+02   -0.940195643274677786E+04   -0.540515351937698263E+01    1
    0.344764649868011475E+02   -0.902560114028652970E+04   -0.541515351937698153E+01    1
    0.344424223899841309E+02   -0.888611742926903389E+04   -0.542515351937697865E+01    1
    0.257551491260528564E+02   -0.883199999219932215E+04   -0.543515351937697933E+01    1
    0.258120902635305356E+02   -0.860183309539173752E+04   -0.544515351937698178E+01    1
    0.258456136763429356E+02   -0.846774769723340796E+04   -0.545515351937698245E+01    1
    0.343135163143731035E+02   -0.836780016980128494E+04   -0.546515351937698401E+01    1
    0.258826696872711182E+02   -0.832075963564012636E+04   -0.547515351937698025E+01    1
    0.342977788670466097E+02   -0.830558941525478076E+04   -0.548515351937698004E+01    1
    0.259033748366222341E+02   -0.823919065885057898E+04   -0.549515351937697805E+01    1
    0.342807278168822691E+02   -0.823844819564882528E+04   -0.550515351937697694E+01    1
    0.259357387684563037E+02   -0.811249699911997413E+04   -0.551515351937698295E+01    1
    0.259405469894409180E+02   -0.809375830973521806E+04   -0.552515351937698185E+01    1
    0.341872179648029686E+02   -0.787508801654513445E+04   -0.553515351937698163E+01    1
    0.261482942104339600E+02   -0.730483599771443733E+04   -0.554515351937698142E+01    1
    0.261929085724104738E+02   -0.714069396052609045E+04   -0.555515351937698032E+01    1
    0.262116136527955135E+02   -0.707243112860012843E+04   -0.556515351937698544E+01    1
    0.262394871077878022E+02   -0.697131800395081791E+04   -0.557515351937698611E+01    1
    0.339419090747833252E+02   -0.696085648810005841E+04   -0.558515351937698146E+01    1
    0.262865686416625977E+02   -0.680218150368915576E+04   -0.559515351937697680E+01    1
    0.263149582664820585E+02   -0.670119920978506525E+04   -0.560515351937697748E+01    1
    0.338266777992248535E+02   -0.655089448823770908E+04   -0.561515351937697904E+01    1
    0.338036286830902100E+02   -0.647038701858668446E+04   -0.562515351937698060E+01    1
    0.337730193138122559E+02   -0.636424306046393212E+04   -0.563515351937698039E+01    1
    0.264261734485626221E+02   -0.631288844990835878E+04   -0.564515351937698284E+01    1
    0.337178397178649902E+02   -0.617511763688883548E+04   -0.565515351937698085E+01    1
    0.264737653732299805E+02   -0.615026534888092192E+04   -0.566515351937697975E+01    1
    0.336822578779889596E+02   -0.605467749730415471E+04   -0.567515351937697954E+01    1
    0.336500338018334233E+02   -0.594662793177654567E+04   -0.568515351937697666E+01    1
    0.266310577129784747E+02   -0.562790978293082298E+04   -0.569515351937697734E+01    1
    0.335363045239279245E+02   -0.557307230087791231E+04   -0.570515351937697890E+01    1
    0.266550540924072266E+02   -0.555026036055167697E+04   -0.571515351937697780E+01    1
    0.266903012804782591E+02   -0.543718420640174918E+04   -0.572515351937697403E+01    1
    0.334145593643188477E+02   -0.518663554265192852E+04   -0.573515351937697382E+01    1
    0.268833268822239191E+02   -0.483861005115470289E+04   -0.574515351937697805E+01    1
    0.269480228424072266E+02   -0.464580871289871266E+04   -0.575515351937698227E+01    1
    0.269526413449387974E+02   -0.463219521868713582E+04   -0.576515351937698384E+01    1
    0.332191812992095947E+02   -0.459554171750566184E+04   -0.577515351937697918E+01    1
    0.331873369216918945E+02   -0.450259445796594810E+04   -0.578515351937698075E+01    1
    0.270606955435832432E+02   -0.431940583428693753E+04   -0.579515351937698409E+01    1
    0.271288709465109363E+02   -0.412769132342270495E+04   -0.580515351937698565E+01    1
    0.330501067638397217E+02   -0.411293147600652082E+04   -0.581515351937698366E+01    1
    0.271476269677751496E+02   -0.407571278828346749E+04   -0.582515351937698256E+01    1
    0.330034542083740234E+02   -0.398448639378159532E+04   -0.583515351937698412E+01    1
    0.329962775223604297E+02   -0.396490856454715231E+04   -0.584515351937698391E+01    1
    0.272587021564823502E+02   -0.377465506287860580E+04   -0.585515351937697837E+01    1
    0.272710597515106201E+02   -0.374187661032762435E+04   -0.586515351937697371E+01    1
    0.328894293308258057E+02   -0.367914434476722272E+04   -0.587515351937697705E+01    1
    0.272968389886584006E+02   -0.367395850854335549E+04   -0.588515351937697684E+01    1
    0.328796837007889025E+02   -0.365361279287425987E+04   -0.589515351937697751E+01    1
    0.273166120052337646E+02   -0.362228693797893266E+04   -0.590515351937697286E+01    1
    0.273414325714111328E+02   -0.355794413487164047E+04   -0.591515351937697531E+01    1
    0.273671324477041722E+02   -0.349193093476180638E+04   -0.592515351937697687E+01    1
    0.273927366733551025E+02   -0.342677962480399583E+04   -0.593515351937697400E+01    1
    0.274319684505462646E+02   -0.332814548445524360E+04   -0.594515351937698000E+01    1
    0.274774801731109619E+02   -0.321553189318260775E+04   -0.595515351937698156E+01    1
    0.275465929508209229E+02   -0.304823632486017459E+04   -0.596515351937697336E+01    1
    0.275509953498840332E+02   -0.303773162101394882E+04   -0.597515351937696959E+01    1
    0.326132817311577483E+02   -0.299020361484445903E+04   -0.598515351937697559E+01    1
    0.326067745685577393E+02   -0.297483215590244345E+04   -0.599515351937697627E+01    1
    0.276674211025238037E+02   -0.276652340026645925E+04   -0.600515351937697517E+01    1
    0.324882318682483131E+02   -0.270175992851394358E+04   -0.601515351937697851E+01    1
    0.324574847047158315E+02   -0.263308471718989040E+04   -0.602515351937697829E+01    1
    0.277498729728862621E+02   -0.258214780424854644E+04   -0.603515351937697453E+01    1
    0.278093811052455031E+02   -0.245304086666929925E+04   -0.604515351937697520E+01    1
    0.278282785415649414E+02   -0.241273663102433466E+04   -0.605515351937697410E+01    1
    0.278320242385750802E+02   -0.240478763707644794E+04   -0.606515351937697478E+01    1
    0.323426074452977232E+02   -0.238434845592863348E+04   -0.607515351937697723E+01    1
    0.323187029361724854E+02   -0.233414579376378970E+04   -0.608515351937697790E+01    1
    0.278679573535919189E+02   -0.232920039581781930E+04   -0.609515351937697769E+01    1
    0.322837972640991211E+02   -0.226180217612140723E+04   -0.610515351937697481E+01    1
    0.279072469974163333E+02   -0.224793890535704850E+04   -0.611515351937697282E+01    1
    0.279084983443228580E+02   -0.224537458274426990E+04   -0.612515351937697528E+01    1
    0.279224086315212716E+02   -0.221696785985286715E+04   -0.613515351937697417E+01    1
    0.279294424940397690E+02   -0.220267284934638383E+04   -0.614515351937697485E+01    1
    0.321983206272125244E+02   -0.208947479577344302E+04   -0.615515351937697819E+01    1
    0.321921233204478696E+02   -0.207724706143849880E+04   -0.616515351937697620E+01    1
    0.280063855648040771E+02   -0.204933145451240489E+04   -0.617515351937697776E+01    1
    0.321715386171063287E+02   -0.203689056367387889E+04   -0.618515351937698288E+01    1
    0.321224688699025833E+02   -0.194229220061387991E+04   -0.619515351937698000E+01    1
    0.321049683488994972E+02   -0.190910058724783175E+04   -0.620515351937697535E+01    1
    0.320954261700227619E+02   -0.189112386994560484E+04   -0.621515351937697247E+01    1
    0.281193014156150518E+02   -0.183435561407355362E+04   -0.622515351937697314E+01    1
    0.281302182191254886E+02   -0.181420570638582012E+04   -0.623515351937697559E+01    1
    0.281330340569001045E+02   -0.180902645695016122E+04   -0.624515351937698071E+01    1
    0.281560990753123193E+02   -0.176688234224297980E+04   -0.625515351937697694E+01    1
    0.320108508052445160E+02   -0.173552449391672826E+04   -0.626515351937697407E+01    1
    0.320085501670837402E+02   -0.173138560210081232E+04   -0.627515351937697385E+01    1
    0.319817798569933167E+02   -0.168359037033895402E+04   -0.628515351937697986E+01    1
    0.282131760354901502E+02   -0.166473777954668662E+04   -0.629515351937697432E+01    1
    0.282193684577941895E+02   -0.165383964610542989E+04   -0.630515351937697766E+01    1
    0.319602668285369873E+02   -0.164566865057175255E+04   -0.631515351937697567E+01    1
    0.282249428613139131E+02   -0.164405994201410977E+04   -0.632515351937697190E+01    1
    0.319575579538234180E+02   -0.164092440745210615E+04   -0.633515351937697790E+01    1
    0.282306200856601137E+02   -0.163412981427222076E+04   -0.634515351937697858E+01    1
    0.282454500385166831E+02   -0.160833315699051491E+04   -0.635515351937697659E+01    1
    0.282742566084194848E+02   -0.155881387474566623E+04   -0.636515351937697371E+01    1
    0.318985366821289062E+02   -0.153926538224166757E+04   -0.637515351937697350E+01    1
    0.282921743392944336E+02   -0.152840552559700154E+04   -0.638515351937697861E+01    1
    0.318850362300872803E+02   -0.151647130037973193E+04   -0.639515351937698195E+01    1
    0.283101718722553244E+02   -0.149816495813074653E+04   -0.640515351937697730E+01    1
    0.317642476764818973E+02   -0.132014157584066834E+04   -0.641515351937697620E+01    1
    0.284590454954593994E+02   -0.125967181075521580E+04   -0.642515351937697776E+01    1
    0.284663996207840988E+02   -0.124842956881016062E+04   -0.643515351937697222E+01    1
    0.285032978858548027E+02   -0.119278918881518575E+04   -0.644515351937697556E+01    1
    0.316537208535093768E+02   -0.115248433415328918E+04   -0.645515351937697535E+01    1
    0.285492132073066323E+02   -0.112533530748818566E+04   -0.646515351937697513E+01    1
    0.316344049193354593E+02   -0.112436064889031695E+04   -0.647515351937697048E+01    1
    0.285539495162935282E+02   -0.111848976469362538E+04   -0.648515351937697559E+01    1
    0.285882628890461490E+02   -0.106952406976879865E+04   -0.649515351937697538E+01    1
    0.315423512458801270E+02   -0.995141123238612636E+03   -0.650515351937697694E+01    1
    0.315323439281067550E+02   -0.981572550152312488E+03   -0.651515351937697318E+01    1
    0.315138447284698486E+02   -0.956737505266168455E+03   -0.652515351937697652E+01    1
    0.286778565970616341E+02   -0.946880039831477120E+03   -0.653515351937697631E+01    1
    0.314955380297943748E+02   -0.932476963147212473E+03   -0.654515351937697609E+01    1
    0.287033354019231766E+02   -0.913377665988512263E+03   -0.655515351937696966E+01    1
    0.314729331100332423E+02   -0.902954117931154315E+03   -0.656515351937697567E+01    1
    0.314469951054451045E+02   -0.869668779816164715E+03   -0.657515351937698256E+01    1
    0.314312537099688107E+02   -0.849776162576062916E+03   -0.658515351937698501E+01    1
    0.314088753312413900E+02   -0.821896461632642740E+03   -0.659515351937696881E+01    1
    0.287789305946680756E+02   -0.817560871677062892E+03   -0.660515351937696948E+01    1
    0.287820856259231022E+02   -0.813678424574592327E+03   -0.661515351937697371E+01    1
    0.313951235092522083E+02   -0.804997072563530196E+03   -0.662515351937697705E+01    1
    0.313867879708572204E+02   -0.794840030337361441E+03   -0.663515351937697861E+01    1
    0.288071585650319797E+02   -0.783156737142933707E+03   -0.664515351937698107E+01    1
    0.313734800873013313E+02   -0.778759184661132622E+03   -0.665515351937697286E+01    1
    0.288182926584306429E+02   -0.769792134429658972E+03   -0.666515351937697353E+01    1
    0.288461696313875038E+02   -0.736840668876132440E+03   -0.667515351937697510E+01    1
    0.288592598539075134E+02   -0.721619170795836453E+03   -0.668515351937697488E+01    1
    0.313154995192961465E+02   -0.710636131483103668E+03   -0.669515351937697734E+01    1
    0.313135747739714283E+02   -0.708428779767876904E+03   -0.670515351937697446E+01    1
    0.313112137218778557E+02   -0.705725805997263933E+03   -0.671515351937697247E+01    1
    0.312927841404805065E+02   -0.684807037108456143E+03   -0.672515351937697314E+01    1
    0.288978074810544143E+02   -0.677729173639832538E+03   -0.673515351937697382E+01    1
    0.312715863744303562E+02   -0.661140241824472923E+03   -0.674515351937697183E+01    1
    0.289198350906372070E+02   -0.653274648975181208E+03   -0.675515351937697428E+01    1
    0.312614063602294152E+02   -0.649924341425637294E+03   -0.676515351937697584E+01    1
    0.289483437937377062E+02   -0.622300801895748236E+03   -0.677515351937697829E+01    1
    0.289692167601943780E+02   -0.600106465414626200E+03   -0.678515351937697098E+01    1
    0.311751594318133201E+02   -0.558802413420878338E+03   -0.679515351937697432E+01    1
    0.311663615703582764E+02   -0.549899514302842931E+03   -0.680515351937697410E+01    1
    0.290192861243704883E+02   -0.548533675850566169E+03   -0.681515351937697567E+01    1
    0.311434662316897324E+02   -0.527071213787914303E+03   -0.682515351937697723E+01    1
    0.311405336856842041E+02   -0.524182784065019177E+03   -0.683515351937697613E+01    1
    0.311237702673590100E+02   -0.507826430123522641E+03   -0.684515351937697059E+01    1
    0.311109485816807023E+02   -0.495494033217410617E+03   -0.685515351937697126E+01    1
    0.290741086704851952E+02   -0.494762467240167837E+03   -0.686515351937697371E+01    1
    0.311086260064636768E+02   -0.493276589563496884E+03   -0.687515351937697083E+01    1
    0.290874889718213225E+02   -0.482066842736530873E+03   -0.688515351937697062E+01    1
    0.310827283629082274E+02   -0.468894034875639761E+03   -0.689515351937697307E+01    1
    0.310778026466194603E+02   -0.464327708467513617E+03   -0.690515351937697019E+01    1
    0.291136159063991968E+02   -0.457761034830034930E+03   -0.691515351937697176E+01    1
    0.310664421023317239E+02   -0.453882843443445950E+03   -0.692515351937697421E+01    1
    0.310650413378132839E+02   -0.452603368231591730E+03   -0.693515351937697400E+01    1
    0.310596411241495929E+02   -0.447687976132396841E+03   -0.694515351937697556E+01    1
    0.291281235218048096E+02   -0.444541178875622734E+03   -0.695515351937697623E+01    1
    0.310491271118132630E+02   -0.438196382677027430E+03   -0.696515351937697869E+01    1
    0.310402322512086251E+02   -0.430247472717257722E+03   -0.697515351937697670E+01    1
    0.310184008257817752E+02   -0.411052441992738466E+03   -0.698515351937697471E+01    1
    0.291778868891009431E+02   -0.400695341762206795E+03   -0.699515351937697627E+01    1
    0.309986963523843109E+02   -0.394111434522377749E+03   -0.700515351937697339E+01    1
    0.291885206936989121E+02   -0.391627313934003098E+03   -0.701515351937697229E+01    1
    0.309842387743067000E+02   -0.381913153099386932E+03   -0.702515351937697385E+01    1
    0.309694908735988683E+02   -0.369671965043126875E+03   -0.703515351937696920E+01    1
    0.292284688813425824E+02   -0.358509180364430563E+03   -0.704515351937696899E+01    1
    0.292360680540067932E+02   -0.352378752231188741E+03   -0.705515351937697233E+01    1
    0.292373217816367372E+02   -0.351372547701082681E+03   -0.706515351937697300E+01    1
    0.309467827286112609E+02   -0.351222531495762894E+03   -0.707515351937697190E+01    1
    0.292380963197293653E+02   -0.350751663379215529E+03   -0.708515351937697524E+01    1
    0.309444729646662111E+02   -0.349373050015625211E+03   -0.709515351937697947E+01    1
    0.292523757635693293E+02   -0.339405829451495606E+03   -0.710515351937697481E+01    1
    0.292524147756647359E+02   -0.339375094144377783E+03   -0.711515351937697194E+01    1
    0.292586251751733641E+02   -0.334500496239615870E+03   -0.712515351937697261E+01    1
    0.292614954960171758E+02   -0.332259782522346654E+03   -0.713515351937696796E+01    1
    0.292758386675486264E+02   -0.321178613873022812E+03   -0.714515351937696508E+01    1
    0.309013155736466807E+02   -0.315736400396877116E+03   -0.715515351937696753E+01    1
    0.308955374796190014E+02   -0.311365621045770467E+03   -0.716515351937696821E+01    1
    0.292927372778797235E+02   -0.308370832038425647E+03   -0.717515351937696444E+01    1
    0.292942802147549983E+02   -0.307214758110593777E+03   -0.718515351937696511E+01    1
    0.292975805332243340E+02   -0.304749431691719906E+03   -0.719515351937696845E+01    1
    0.308862613490690308E+02   -0.304414294542267726E+03   -0.720515351937697446E+01    1
    0.292998972518228058E+02   -0.303024955293691676E+03   -0.721515351937697869E+01    1
    0.293419075468214388E+02   -0.272627643060708863E+03   -0.722515351937697670E+01    1
    0.308118210193076010E+02   -0.251553687697931082E+03   -0.723515351937696849E+01    1
    0.293744440085664280E+02   -0.250223071815805838E+03   -0.724515351937696384E+01    1
    0.308003866672515869E+02   -0.243894684514887814E+03   -0.725515351937697073E+01    1
    0.307997248040330049E+02   -0.243455108229826578E+03   -0.726515351937697051E+01    1
    0.293899088679789173E+02   -0.239922209655234468E+03   -0.727515351937696853E+01    1
    0.307920901984493014E+02   -0.238414299321110207E+03   -0.728515351937696742E+01    1
    0.293979476324355460E+02   -0.234656364840063247E+03   -0.729515351937696988E+01    1
    0.307718944356813324E+02   -0.225343542453355241E+03   -0.730515351937697766E+01    1
    0.294202707125739735E+02   -0.220351422770759456E+03   -0.731515351937697655E+01    1
    0.294253860409912278E+02   -0.217139288847430038E+03   -0.732515351937697723E+01    1
    0.307303425133366233E+02   -0.199654582199242014E+03   -0.733515351937697524E+01    1
    0.294591362898550955E+02   -0.196561379950814398E+03   -0.734515351937696614E+01    1
    0.307147755224995862E+02   -0.190447585649047369E+03   -0.735515351937696948E+01    1
    0.294758527531701873E+02   -0.186764900669756685E+03   -0.736515351937697105E+01    1
    0.294806447601509021E+02   -0.184004952189347989E+03   -0.737515351937696906E+01    1
    0.307013631017322126E+02   -0.182697224273966299E+03   -0.738515351937697240E+01    1
    0.307006493173623198E+02   -0.182289494177863673E+03   -0.739515351937697218E+01    1
    0.294848732372916089E+02   -0.181587460319830370E+03   -0.740515351937697464E+01    1
    0.294887706331071442E+02   -0.179374109263601270E+03   -0.741515351937697265E+01    1
    0.306947266905551075E+02   -0.178924790789082181E+03   -0.742515351937696799E+01    1
    0.306863480722200244E+02   -0.174221022898864931E+03   -0.743515351937697044E+01    1
    0.295081601970068235E+02   -0.168574482841580732E+03   -0.744515351937697023E+01    1
    0.306723976135253906E+02   -0.166535338701151034E+03   -0.745515351937696646E+01    1
    0.295197549778867128E+02   -0.162284929997189892E+03   -0.746515351937696536E+01    1
    0.295278922419066205E+02   -0.157946216111637057E+03   -0.747515351937696515E+01    1
    0.306506960662988455E+02   -0.154942308829984796E+03   -0.748515351937696671E+01    1
    0.306491827964782715E+02   -0.154150395008144557E+03   -0.749515351937696561E+01    1
    0.295387523041423776E+02   -0.152252510781111425E+03   -0.750515351937696362E+01    1
    0.306393668579126803E+02   -0.149065752634213595E+03   -0.751515351937696874E+01    1
    0.295507345536049435E+02   -0.146098857508936590E+03   -0.752515351937696853E+01    1
    0.306146044974350602E+02   -0.136640540180486369E+03   -0.753515351937696742E+01    1
    0.306029375375811554E+02   -0.130985687363271495E+03   -0.754515351937696721E+01    1
    0.305929934978485107E+02   -0.126266723984564948E+03   -0.755515351937696877E+01    1
    0.295925379672026736E+02   -0.125684842437289589E+03   -0.756515351937697211E+01    1
    0.305878026319896392E+02   -0.123840241900922450E+03   -0.757515351937696835E+01    1
    0.295969935502090351E+02   -0.123605716083318043E+03   -0.758515351937696991E+01    1
    0.305843452917910881E+02   -0.122238126092203061E+03   -0.759515351937697325E+01    1
    0.305638140032775141E+02   -0.112955055853402712E+03   -0.760515351937697126E+01    1
    0.296224636376172796E+02   -0.112078054597719174E+03   -0.761515351937696572E+01    1
    0.296355168915323297E+02   -0.106406088386487397E+03   -0.762515351937696639E+01    1
    0.296383465106750492E+02   -0.105197630057387130E+03   -0.763515351937696973E+01    1
    0.305442586467007331E+02   -0.104480971270133296E+03   -0.764515351937696952E+01    1
    0.305412436040225188E+02   -0.103206359906925002E+03   -0.765515351937697019E+01    1
    0.305402755861469615E+02   -0.102798938350746539E+03   -0.766515351937697087E+01    1
    0.305196724204086536E+02   -0.943359120215425975E+02   -0.767515351937697066E+01    1
    0.296668172948424349E+02   -0.934565125659273974E+02   -0.768515351937697044E+01    1
    0.305073688946567820E+02   -0.894719944810038470E+02   -0.769515351937697201E+01    1
    0.296834668392244581E+02   -0.869427745738158251E+02   -0.770515351937697446E+01    1
    0.296915497629109169E+02   -0.838742995312335040E+02   -0.771515351937697069E+01    1
    0.304881870746612549E+02   -0.821722069387589897E+02   -0.772515351937696959E+01    1
    0.304863292492934974E+02   -0.814835332208172929E+02   -0.773515351937697382E+01    1
    0.304853932918703485E+02   -0.811378115716246526E+02   -0.774515351937697538E+01    1
    0.304841857120468269E+02   -0.806929729497257426E+02   -0.775515351937697517E+01    1
    0.297048809407262340E+02   -0.789473732938383250E+02   -0.776515351937697407E+01    1
    0.297065867318692938E+02   -0.783289805170610265E+02   -0.777515351937697297E+01    1
    0.297099471092224121E+02   -0.771187439904511933E+02   -0.778515351937696565E+01    1
    0.297116295471247120E+02   -0.765167955518951288E+02   -0.779515351937696011E+01    1
    0.297118978257369761E+02   -0.764210553966958628E+02   -0.780515351937696522E+01    1
    0.297131318131255568E+02   -0.759815539017625525E+02   -0.781515351937697123E+01    1
    0.304634833405884393E+02   -0.732795729712487258E+02   -0.782515351937697279E+01    1
    0.304622879387478527E+02   -0.728637857083352714E+02   -0.783515351937697524E+01    1
    0.297243919356896953E+02   -0.720371014637489395E+02   -0.784515351937695993E+01    1
    0.304563274244645861E+02   -0.708105948443764248E+02   -0.785515351937696593E+01    1
    0.297331526757301106E+02   -0.690504673098022721E+02   -0.786515351937697016E+01    1
    0.304481649269882482E+02   -0.680529734617740303E+02   -0.787515351937697172E+01    1
    0.297426063210606983E+02   -0.659083880452677278E+02   -0.788515351937697417E+01    1
    0.304305462111771554E+02   -0.623137360525670090E+02   -0.789515351937696952E+01    1
    0.297574487687840801E+02   -0.611444098590169460E+02   -0.790515351937697019E+01    1
    0.304252507219210742E+02   -0.606456687641528873E+02   -0.791515351937696643E+01    1
    0.304251465732902062E+02   -0.606131259788975569E+02   -0.792515351937696444E+01    1
    0.297630958978361235E+02   -0.593861290649811906E+02   -0.793515351937696778E+01    1
    0.297729603676971166E+02   -0.563865214859106914E+02   -0.794515351937696490E+01    1
    0.304111449161768945E+02   -0.563307482808004778E+02   -0.795515351937696735E+01    1
    0.297757629351722990E+02   -0.555509640755797562E+02   -0.796515351937696447E+01    1
    0.297827360354516841E+02   -0.535039805565319426E+02   -0.797515351937695893E+01    1
    0.304013424402621624E+02   -0.534421390743168985E+02   -0.798515351937696582E+01    1
    0.303950769357687633E+02   -0.516430356033203282E+02   -0.799515351937696650E+01    1
    0.303899980130141181E+02   -0.502116801259423511E+02   -0.800515351937696096E+01    1
    0.303896608473100400E+02   -0.501175158111236811E+02   -0.801515351937696785E+01    1
    0.297966177898890834E+02   -0.495647350048464190E+02   -0.802515351937697652E+01    1
    0.297975821029666719E+02   -0.492978061281452895E+02   -0.803515351937696920E+01    1
    0.303852649262911321E+02   -0.488995742192950331E+02   -0.804515351937696543E+01    1
    0.297998068959033198E+02   -0.486852955092730326E+02   -0.805515351937697233E+01    1
    0.298013276873338526E+02   -0.482692765213188295E+02   -0.806515351937697034E+01    1
    0.298020905024930798E+02   -0.480614223221304400E+02   -0.807515351937696657E+01    1
    0.298040618306013876E+02   -0.475267971875127628E+02   -0.808515351937696636E+01    1
    0.303790424157933607E+02   -0.472065489963135576E+02   -0.809515351937696259E+01    1
    0.303764681243147692E+02   -0.465167567189532960E+02   -0.810515351937696593E+01    1
    0.303756256668028719E+02   -0.462923669347122129E+02   -0.811515351937696572E+01    1
    0.298087206185601552E+02   -0.462778210999442621E+02   -0.812515351937696728E+01    1
    0.303731476046943456E+02   -0.456361913876623007E+02   -0.813515351937696707E+01    1
    0.303671424321267800E+02   -0.440699558545440055E+02   -0.814515351937696508E+01    1
    0.303609703063403948E+02   -0.424954333831871764E+02   -0.815515351937696664E+01    1
    0.298236970716554310E+02   -0.424007226947937781E+02   -0.816515351937696643E+01    1
    0.303584708707021633E+02   -0.418679891171729963E+02   -0.817515351937696622E+01    1
    0.303549337387084961E+02   -0.409900635098149166E+02   -0.818515351937696600E+01    1
    0.303534574413006695E+02   -0.406271144469099781E+02   -0.819515351937696224E+01    1
    0.303511809228381111E+02   -0.400714379276051318E+02   -0.820515351937696558E+01    1
    0.303507139382280187E+02   -0.399580524110881115E+02   -0.821515351937696714E+01    1
    0.298351079041780167E+02   -0.395879347826559282E+02   -0.822515351937696693E+01    1
    0.298445938401657109E+02   -0.373426227990739932E+02   -0.823515351937696671E+01    1
    0.303392356746226923E+02   -0.372354069054401648E+02   -0.824515351937696295E+01    1
    0.303380961606068134E+02   -0.369718587114627013E+02   -0.825515351937696096E+01    1
    0.303375324912859128E+02   -0.368419429255660660E+02   -0.826515351937696252E+01    1
    0.298480397886314357E+02   -0.365478740515285239E+02   -0.827515351937696408E+01    1
    0.303338414993362946E+02   -0.359986012970737264E+02   -0.828515351937696565E+01    1
    0.303317889586947587E+02   -0.355351536304216751E+02   -0.829515351937696543E+01    1
    0.298553115033052414E+02   -0.349073371791669018E+02   -0.830515351937696344E+01    1
    0.298577901051889398E+02   -0.343594882448506169E+02   -0.831515351937696146E+01    1
    0.298589401904740583E+02   -0.341072409038308209E+02   -0.832515351937696302E+01    1
    0.303234061788495524E+02   -0.336834220843580852E+02   -0.833515351937696813E+01    1
    0.298640468679641842E+02   -0.330021852528813113E+02   -0.834515351937696437E+01    1
    0.298641392745709666E+02   -0.329824143601368718E+02   -0.835515351937696593E+01    1
    0.298642383285873834E+02   -0.329612301144916273E+02   -0.836515351937696927E+01    1
    0.303178486280063382E+02   -0.324921178370413983E+02   -0.837515351937696906E+01    1
    0.298674322436621260E+02   -0.322830952409358574E+02   -0.838515351937696174E+01    1
    0.303112534639197690E+02   -0.311159904432918744E+02   -0.839515351937695975E+01    1
    0.303107511612044469E+02   -0.310128537961975255E+02   -0.840515351937696487E+01    1
    0.303052651882171631E+02   -0.299018421186594310E+02   -0.841515351937696821E+01    1
    0.303044292212348765E+02   -0.297350223589025262E+02   -0.842515351937696266E+01    1
    0.303041218686887674E+02   -0.296738540612994726E+02   -0.843515351937695534E+01    1
    0.303032477361129402E+02   -0.295003715238343922E+02   -0.844515351937695691E+01    1
    0.303009725369489651E+02   -0.290521910182151757E+02   -0.845515351937696202E+01    1
    0.298875692949604499E+02   -0.282279660191975204E+02   -0.846515351937696536E+01    1
    0.298910088336525774E+02   -0.275733635872199692E+02   -0.847515351937696160E+01    1
    0.298932857908670471E+02   -0.271461258914183574E+02   -0.848515351937696316E+01    1
    0.298950260269020447E+02   -0.268228754278952835E+02   -0.849515351937696295E+01    1
    0.298972257551661293E+02   -0.264183394052113663E+02   -0.850515351937696629E+01    1
    0.298973839911878549E+02   -0.263894143947738904E+02   -0.851515351937696785E+01    1
    0.302863356049070163E+02   -0.262850522287689650E+02   -0.852515351937696408E+01    1
    0.298994019630685131E+02   -0.260225959790655352E+02   -0.853515351937696032E+01    1
    0.302840675043345513E+02   -0.258742497364569211E+02   -0.854515351937695655E+01    1
    0.299010520459625830E+02   -0.257254900948685119E+02   -0.855515351937696344E+01    1
    0.299021254090147224E+02   -0.255335968461033289E+02   -0.856515351937696323E+01    1
    0.302790949913285878E+02   -0.249905083641973746E+02   -0.857515351937696124E+01    1
    0.299122818038938050E+02   -0.237713628977494764E+02   -0.858515351937696103E+01    1
    0.302708489674568177E+02   -0.235761124857428008E+02   -0.859515351937696259E+01    1
    0.299149728053479116E+02   -0.233206654165961105E+02   -0.860515351937696771E+01    1
    0.299151614092597562E+02   -0.232893321997820841E+02   -0.861515351937696039E+01    1
    0.299165035779851891E+02   -0.230673182899539455E+02   -0.862515351937695662E+01    1
    0.302666542144988178E+02   -0.228810892237701644E+02   -0.863515351937696352E+01    1
    0.302640714905403314E+02   -0.224613721395707699E+02   -0.864515351937696508E+01    1
    0.302635954874670645E+02   -0.223847001164055577E+02   -0.865515351937695954E+01    1
    0.302608677900084402E+02   -0.219494364992096038E+02   -0.866515351937696288E+01    1
    0.299261030747581387E+02   -0.215286950145917579E+02   -0.867515351937696266E+01    1
    0.299279223380718093E+02   -0.212468452617670920E+02   -0.868515351937696423E+01    1
    0.302523951891014065E+02   -0.206419630390117597E+02   -0.869515351937696934E+01    1
    0.299398012994670282E+02   -0.194828256263495305E+02   -0.870515351937696735E+01    1
    0.302426316304705622E+02   -0.192187935107763295E+02   -0.871515351937696181E+01    1
    0.302398179307409833E+02   -0.188252595855836873E+02   -0.872515351937695982E+01    1
    0.302367999632854421E+02   -0.184114119752346213E+02   -0.873515351937696316E+01    1
    0.302363335452563398E+02   -0.183482153984131209E+02   -0.874515351937695762E+01    1
    0.302346463518655284E+02   -0.181213162585025493E+02   -0.875515351937695741E+01    1
    0.299497085942634982E+02   -0.181128476170824300E+02   -0.876515351937696252E+01    1
    0.299521358107897555E+02   -0.177912567049710120E+02   -0.877515351937696231E+01    1
    0.302305273793665883E+02   -0.175786022601390499E+02   -0.878515351937696209E+01    1
    0.302282584890548556E+02   -0.172864529929825075E+02   -0.879515351937696188E+01    1
    0.302276408697767636E+02   -0.172077627229587158E+02   -0.880515351937695812E+01    1
    0.299571068443737261E+02   -0.171498778161231371E+02   -0.881515351937695790E+01    1
    0.299578805226406821E+02   -0.170521402415891394E+02   -0.882515351937695769E+01    1
    0.299580364662525511E+02   -0.170325081307662103E+02   -0.883515351937695925E+01    1
    0.302219541301955488E+02   -0.165000383098326431E+02   -0.884515351937695904E+01    1
    0.302185645421523681E+02   -0.160926299326516187E+02   -0.885515351937696238E+01    1
    0.302183515696535743E+02   -0.160673918106491200E+02   -0.886515351937696394E+01    1
    0.299660230132434293E+02   -0.160575680360883943E+02   -0.887515351937696018E+01    1
    0.302182019359896472E+02   -0.160496850545938017E+02   -0.888515351937696174E+01    1
    0.302179924616982660E+02   -0.160249324022228592E+02   -0.889515351937696330E+01    1
    0.299672136688237032E+02   -0.159173470995185333E+02   -0.890515351937696309E+01    1
    0.299707427935551678E+02   -0.155095432218973830E+02   -0.891515351937696288E+01    1
    0.302089227270460654E+02   -0.149926806560672468E+02   -0.892515351937696089E+01    1
    0.302065213616183463E+02   -0.147322963222519085E+02   -0.893515351937696423E+01    1
    0.302050546026874294E+02   -0.145759144798428597E+02   -0.894515351937696579E+01    1
    0.299798398390153764E+02   -0.145122250814146110E+02   -0.895515351937696202E+01    1
    0.302036773114088817E+02   -0.144309089082423831E+02   -0.896515351937696181E+01    1
    0.299806831686365740E+02   -0.144237024203623889E+02   -0.897515351937695982E+01    1
    0.299813267114231756E+02   -0.143565998507825938E+02   -0.898515351937695428E+01    1
    0.302026507635658525E+02   -0.143239882697963381E+02   -0.899515351937695407E+01    1
    0.302025279234944080E+02   -0.143112600281114926E+02   -0.900515351937695741E+01    1
    0.299820030097411063E+02   -0.142865005579216806E+02   -0.901515351937696252E+01    1
    0.302021753747549369E+02   -0.142748088279743719E+02   -0.902515351937696408E+01    1
    0.301991132391485415E+02   -0.139631092586127892E+02   -0.903515351937696032E+01    1
    0.299861645094842331E+02   -0.138645991191710376E+02   -0.904515351937695833E+01    1
    0.299862563610076904E+02   -0.138554702853683480E+02   -0.905515351937695989E+01    1
    0.301968065164043651E+02   -0.137341137995304408E+02   -0.906515351937695790E+01    1
    0.299880716420032130E+02   -0.136766792087280535E+02   -0.907515351937695591E+01    1
    0.299891125762494681E+02   -0.135755499441040577E+02   -0.908515351937695925E+01    1
    0.299892130135483796E+02   -0.135658459940010676E+02   -0.909515351937696437E+01    1
    0.301938318994513608E+02   -0.134461838461545931E+02   -0.910515351937696060E+01    1
    0.299912190541773143E+02   -0.133740106073701632E+02   -0.911515351937695506E+01    1
    0.299930281099433458E+02   -0.132042502018608001E+02   -0.912515351937696195E+01    1
    0.301899433173771534E+02   -0.130823052328361378E+02   -0.913515351937696529E+01    1
    0.299952392791716491E+02   -0.130009257226194297E+02   -0.914515351937696153E+01    1
    0.301881615036151558E+02   -0.129203094397725931E+02   -0.915515351937696131E+01    1
    0.299961968491713833E+02   -0.129142972876468196E+02   -0.916515351937695577E+01    1
    0.301876143929046918E+02   -0.128711659029679755E+02   -0.917515351937695733E+01    1
    0.301864748896970312E+02   -0.127697129981588873E+02   -0.918515351937696067E+01    1
    0.299981545797631384E+02   -0.127398646597465888E+02   -0.919515351937696046E+01    1
    0.301853831597132682E+02   -0.126736561295825112E+02   -0.920515351937696202E+01    1
    0.299996213863143240E+02   -0.126115293826200965E+02   -0.921515351937696536E+01    1
    0.300010866759026626E+02   -0.124853422217431280E+02   -0.922515351937696337E+01    1
    0.301814998498654106E+02   -0.123410422135996534E+02   -0.923515351937695961E+01    1
    0.300043286817719590E+02   -0.122133074436477376E+02   -0.924515351937695584E+01    1
    0.301771775818846741E+02   -0.119874677281059245E+02   -0.925515351937695918E+01    1
    0.301767604876396973E+02   -0.119542754503686304E+02   -0.926515351937696607E+01    1
    0.301764076459602926E+02   -0.119263238152226005E+02   -0.927515351937695876E+01    1
    0.300088749569436288E+02   -0.118484416597390485E+02   -0.928515351937695499E+01    1
    0.301746345733330301E+02   -0.117876316227955442E+02   -0.929515351937696188E+01    1
    0.300096964182089998E+02   -0.117845828865133839E+02   -0.930515351937696522E+01    1
    0.300113248833171014E+02   -0.116598607300212347E+02   -0.931515351937695790E+01    1
    0.300115469414237346E+02   -0.116430463314645021E+02   -0.932515351937696657E+01    1
    0.300137115530133798E+02   -0.114815638236660682E+02   -0.933515351937696458E+01    1
    0.301698125168553446E+02   -0.114253618007044722E+02   -0.934515351937696082E+01    1
    0.301697828563806993E+02   -0.114232009829521726E+02   -0.935515351937695883E+01    1
    0.301697036495037416E+02   -0.114174346676367904E+02   -0.936515351937696394E+01    1
    0.300155382706870419E+02   -0.113487087540656475E+02   -0.937515351937696728E+01    1
    0.301669093007546891E+02   -0.112177708254726323E+02   -0.938515351937696352E+01    1
    0.301655653837397111E+02   -0.111243531363630623E+02   -0.939515351937695797E+01    1
    0.300193400101653722E+02   -0.110822502225808801E+02   -0.940515351937695776E+01    1
    0.300200816336291751E+02   -0.110318514739484019E+02   -0.941515351937695755E+01    1
    0.300207891352618645E+02   -0.109842524942398363E+02   -0.942515351937696089E+01    1
    0.300218506712148780E+02   -0.109137158576285742E+02   -0.943515351937695712E+01    1
    0.301612446160728247E+02   -0.108354914846979575E+02   -0.944515351937694980E+01    1
    0.300231270163504291E+02   -0.108303053858302576E+02   -0.945515351937695137E+01    1
    0.301605581568914403E+02   -0.107912111653472849E+02   -0.946515351937695826E+01    1
    0.301605297642427956E+02   -0.107893892073274529E+02   -0.947515351937695982E+01    1
    0.301601338386535645E+02   -0.107640614444987754E+02   -0.948515351937695605E+01    1
    0.300246299885854562E+02   -0.107340441074671737E+02   -0.949515351937695584E+01    1
    0.301592023059158478E+02   -0.107050504128355577E+02   -0.950515351937695741E+01    1
    0.301588423758803899E+02   -0.106824675016080803E+02   -0.951515351937695897E+01    1
    0.300260986269421544E+02   -0.106420290416765511E+02   -0.952515351937695876E+01    1
    0.301576242440555689E+02   -0.106069405918543218E+02   -0.953515351937695854E+01    1
    0.300269000752452762E+02   -0.105926690921987401E+02   -0.954515351937695833E+01    1
    0.300269791633656347E+02   -0.105878308459180204E+02   -0.955515351937695989E+01    1
    0.301570274703566952E+02   -0.105704473496622775E+02   -0.956515351937696323E+01    1
    0.301553796652620960E+02   -0.104714176001753501E+02   -0.957515351937696302E+01    1
    0.301550235964835309E+02   -0.104503532926597256E+02   -0.958515351937695215E+01    1
    0.300298681120453992E+02   -0.104151205275960699E+02   -0.959515351937695371E+01    1
    0.301541581006706139E+02   -0.103996482656596356E+02   -0.960515351937695527E+01    1
    0.300306261103725589E+02   -0.103711017833856136E+02   -0.961515351937695861E+01    1
    0.300306621337815827E+02   -0.103690232369770463E+02   -0.962515351937695662E+01    1
    0.300321083568201352E+02   -0.102865819131752705E+02   -0.963515351937695286E+01    1
    0.300322393722313592E+02   -0.102792103702298565E+02   -0.964515351937695797E+01    1
    0.300343306942008006E+02   -0.101637229274514720E+02   -0.965515351937696309E+01    1
    0.300349463178845966E+02   -0.101305085436243942E+02   -0.966515351937695755E+01    1
    0.300373587209744670E+02   -0.100037802064530830E+02   -0.967515351937695556E+01    1
    0.301465451324717719E+02   -0.998392106160261150E+01   -0.968515351937696067E+01    1
    0.300377617819170801E+02   -0.998313893993438661E+01   -0.969515351937696224E+01    1
    0.301460014380097867E+02   -0.995631141768148709E+01   -0.970515351937696025E+01    1
    0.301457169949376933E+02   -0.994197745782862441E+01   -0.971515351937696003E+01    1
    0.301455460239319670E+02   -0.993339822856487231E+01   -0.972515351937696160E+01    1
    0.301452862699850144E+02   -0.992041640424547033E+01   -0.973515351937696316E+01    1
    0.300393931185229874E+02   -0.990115292175728001E+01   -0.974515351937696295E+01    1
    0.301446025684008490E+02   -0.988654936755053093E+01   -0.975515351937696273E+01    1
    0.300402598499799218E+02   -0.985860929023260901E+01   -0.976515351937695542E+01    1
    0.300407177493051627E+02   -0.983641776611572460E+01   -0.977515351937695698E+01    1
    0.300410825321074384E+02   -0.981887979368404729E+01   -0.978515351937696209E+01    1
    0.301426045178214963E+02   -0.979008981099267395E+01   -0.979515351937696011E+01    1
    0.300419618713061141E+02   -0.977711624567696092E+01   -0.980515351937695812E+01    1
    0.300429331521518073E+02   -0.973182917850068385E+01   -0.981515351937695613E+01    1
    0.300432421513124339E+02   -0.971760731874355166E+01   -0.982515351937695769E+01    1
    0.300437635544992716E+02   -0.969381254932257796E+01   -0.983515351937696103E+01    1
    0.300447155499430210E+02   -0.965102524111010673E+01   -0.984515351937696082E+01    1
    0.300452482629553543E+02   -0.962745354171130607E+01   -0.985515351937696060E+01    1
    0.301387434635152900E+02   -0.961430228208558546E+01   -0.986515351937695506E+01    1
    0.301386218720921839E+02   -0.960899358255637281E+01   -0.987515351937695307E+01    1
    0.301385858041756727E+02   -0.960742151944836564E+01   -0.988515351937695641E+01    1
    0.301383192558126467E+02   -0.959584152935051016E+01   -0.989515351937695975E+01    1
    0.301376671415892119E+02   -0.956779194516784415E+01   -0.990515351937695954E+01    1
    0.300478681916078436E+02   -0.951540044327167323E+01   -0.991515351937695577E+01    1
    0.300479067652826828E+02   -0.951379877014253594E+01   -0.992515351937695911E+01    1
    0.300480306420249050E+02   -0.950866454537608163E+01   -0.993515351937696067E+01    1
    0.301359282382074412E+02   -0.949494634027608697E+01   -0.994515351937695513E+01    1
    0.301357877959715985E+02   -0.948918678928865234E+01   -0.995515351937695492E+01    1
    0.300486650290046740E+02   -0.948259724106735469E+01   -0.996515351937695826E+01    1
    0.300488623525393450E+02   -0.947456609576798847E+01   -0.997515351937695982E+01    1
    0.300489896981936262E+02   -0.946940247236904042E+01   -0.998515351937696138E+01    1
    0.301344646106422509E+02   -0.943583128580467090E+01   -0.999515351937695584E+01    1
    0.301333855335454572E+02   -0.939353508056525044E+01   -0.100051535193769503E+02    1
    0.301321611091991279E+02   -0.934686480699933497E+01   -0.100151535193769536E+02    1
    0.300527313162353913E+02   -0.932447765890700886E+01   -0.100251535193769570E+02    1
    0.301315475215215187E+02   -0.932400627462069842E+01   -0.100351535193769603E+02    1
    0.301313956184029266E+02   -0.931840183764862218E+01   -0.100451535193769637E+02    1
    0.300536574585420659E+02   -0.929063309970895723E+01   -0.100551535193769475E+02    1
    0.301304708993438837E+02   -0.928475151732223658E+01   -0.100651535193769543E+02    1
    0.301297167083487842E+02   -0.925790064830561299E+01   -0.100751535193769577E+02    1
    0.301288532880041799E+02   -0.922781614333029943E+01   -0.100851535193769539E+02    1
    0.301286630351593736E+02   -0.922128112256112153E+01   -0.100951535193769484E+02    1
    0.301280660051769438E+02   -0.920099414670360360E+01   -0.101051535193769499E+02    1
    0.301280070736354908E+02   -0.919900979669221819E+01   -0.101151535193769551E+02    1
    0.301272178018681380E+02   -0.917274738169743564E+01   -0.101251535193769566E+02    1
    0.300576675901352885E+02   -0.915337424510521735E+01   -0.101351535193769582E+02    1
    0.301259923562118033E+02   -0.913312976751782202E+01   -0.101451535193769562E+02    1
    0.300584702240589898E+02   -0.912771372722456320E+01   -0.101551535193769507E+02    1
    0.300591034301777924E+02   -0.910789637229277993E+01   -0.101651535193769487E+02    1
    0.300600229071054947E+02   -0.907978934577320729E+01   -0.101751535193769485E+02    1
    0.300608190243642639E+02   -0.905609393121243045E+01   -0.101851535193769500E+02    1
    0.301230699504397919E+02   -0.904433707282275456E+01   -0.101951535193769534E+02    1
    0.301230581753642213E+02   -0.904399551292694603E+01   -0.102051535193769531E+02    1
    0.300614814361636533E+02   -0.903683130080984043E+01   -0.102151535193769565E+02    1
    0.301192462240162939E+02   -0.894025956842442504E+01   -0.102251535193769545E+02    1
    0.300652311397277217E+02   -0.893555236218735516E+01   -0.102351535193769507E+02    1
    0.301188547351057245E+02   -0.893037778377440183E+01   -0.102451535193769541E+02    1
    0.300655295328750398E+02   -0.892805943501566901E+01   -0.102551535193769521E+02    1
    0.300655853019197998E+02   -0.892666828802973100E+01   -0.102651535193769536E+02    1
    0.301186986171890680E+02   -0.892647722972961688E+01   -0.102751535193769570E+02    1
    0.300661364727517437E+02   -0.891307637279044940E+01   -0.102851535193769532E+02    1
    0.300666459748572841E+02   -0.890076551594147070E+01   -0.102951535193769512E+02    1
    0.300671148068824934E+02   -0.888965251134967893E+01   -0.103051535193769492E+02    1
    0.300672229656189920E+02   -0.888711803486213903E+01   -0.103151535193769526E+02    1
    0.300672924858472683E+02   -0.888549476632747925E+01   -0.103251535193769541E+02    1
    0.301166599056389295E+02   -0.887763971233123783E+01   -0.103351535193769539E+02    1
    0.301164546855268576E+02   -0.887293966301392523E+01   -0.103451535193769555E+02    1
    0.300678748230996931E+02   -0.887207550042201554E+01   -0.103551535193769570E+02    1
    0.300678884116867486E+02   -0.887176616628431347E+01   -0.103651535193769533E+02    1
    0.300680727768925138E+02   -0.886758634856698436E+01   -0.103751535193769513E+02    1
    0.301161817655497472E+02   -0.886675033263529500E+01   -0.103851535193769564E+02    1
    0.301154842612167855E+02   -0.885124971538307825E+01   -0.103951535193769562E+02    1
    0.301151147641628896E+02   -0.884322333508927194E+01   -0.104051535193769507E+02    1
    0.300701936428936065E+02   -0.882179677382972294E+01   -0.104151535193769558E+02    1
    0.301138288739031168E+02   -0.881628918258980043E+01   -0.104251535193769538E+02    1
    0.300704948848083546E+02   -0.881563521830972618E+01   -0.104351535193769482E+02    1
    0.300711715989835362E+02   -0.880210425480475500E+01   -0.104451535193769534E+02    1
    0.301130832846498855E+02   -0.880138264072774490E+01   -0.104551535193769531E+02    1
    0.301127626047267398E+02   -0.879513169452231125E+01   -0.104651535193769529E+02    1
    0.300716243185482028E+02   -0.879329193916252017E+01   -0.104751535193769580E+02    1
    0.301124631294645688E+02   -0.878938120660166966E+01   -0.104851535193769543E+02    1
    0.301121799576051465E+02   -0.878402116979872005E+01   -0.104951535193769523E+02    1
    0.301120978925289187E+02   -0.878248185589699126E+01   -0.105051535193769539E+02    1
    0.301116271930224890E+02   -0.877377488591721466E+01   -0.105151535193769536E+02    1
    0.301115550084961399E+02   -0.877245800376622320E+01   -0.105251535193769499E+02    1
    0.300731062891882637E+02   -0.876578991630068316E+01   -0.105351535193769514E+02    1
    0.300731189562506316E+02   -0.876556372543905837E+01   -0.105451535193769512E+02    1
    0.301111026169835583E+02   -0.876431622305570279E+01   -0.105551535193769528E+02    1
    0.301110678835006134E+02   -0.876369905442660446E+01   -0.105651535193769543E+02    1
    0.300733997475517931E+02   -0.876058839659076938E+01   -0.105751535193769524E+02    1
    0.300735000713292813E+02   -0.875882869962912736E+01   -0.105851535193769575E+02    1
    0.301107830220509030E+02   -0.875868014476422552E+01   -0.105951535193769573E+02    1
    0.300738689435867741E+02   -0.875243980174385783E+01   -0.106051535193769570E+02    1
    0.300747649817416054E+02   -0.873745201968151619E+01   -0.106151535193769551E+02    1
    0.301093165067256834E+02   -0.873404676747999353E+01   -0.106251535193769495E+02    1
    0.300750014726119339E+02   -0.873362194059297536E+01   -0.106351535193769458E+02    1
    0.300750387984459309E+02   -0.873302222576256781E+01   -0.106451535193769526E+02    1
    0.301090750630773272E+02   -0.873018462813737983E+01   -0.106551535193769560E+02    1
    0.301086866774815789E+02   -0.872408674898629855E+01   -0.106651535193769540E+02    1
    0.301086525434847800E+02   -0.872355759081272808E+01   -0.106751535193769556E+02    1
    0.301085674125012766E+02   -0.872224262075474321E+01   -0.106851535193769500E+02    1
    0.301084559875313644E+02   -0.872053177608606589E+01   -0.106951535193769480E+02    1
    0.301084495643954249E+02   -0.872043350885771318E+01   -0.107051535193769549E+02    1
    0.301081372739210629E+02   -0.871570248215482657E+01   -0.107151535193769494E+02    1
    0.301080793989282682E+02   -0.871483575776655783E+01   -0.107251535193769456E+02    1
    0.301080205403574048E+02   -0.871395752653202393E+01   -0.107351535193769543E+02    1
    0.301079970338177425E+02   -0.871360769267357504E+01   -0.107451535193769505E+02    1
    0.300763826765453715E+02   -0.871230082704770936E+01   -0.107551535193769414E+02    1
    0.300764120970242814E+02   -0.871186614233885592E+01   -0.107651535193769483E+02    1
    0.300764784240503467E+02   -0.871088914602998798E+01   -0.107751535193769499E+02    1
    0.300765115727538550E+02   -0.871040241284644701E+01   -0.107851535193769426E+02    1
    0.301076347736485559E+02   -0.870828194451260629E+01   -0.107951535193769441E+02    1
    0.300766652810754920E+02   -0.870815893663595730E+01   -0.108051535193769528E+02    1
    0.300769395438692158E+02   -0.870421094731984368E+01   -0.108151535193769561E+02    1
    0.301072287370436698E+02   -0.870245895580776008E+01   -0.108251535193769524E+02    1
    0.301068243909315569E+02   -0.869681392029285760E+01   -0.108351535193769521E+02    1
    0.300776565081479177E+02   -0.869422367987760403E+01   -0.108451535193769519E+02    1
    0.301063425611444551E+02   -0.869028743864186204E+01   -0.108551535193769482E+02    1
    0.301063380919566690E+02   -0.869022792209826811E+01   -0.108651535193769480E+02    1
    0.300780426367065132E+02   -0.868904473626265705E+01   -0.108751535193769477E+02    1
    0.301061572228184353E+02   -0.868783499770995959E+01   -0.108851535193769493E+02    1
    0.300781449545337409E+02   -0.868769584361228198E+01   -0.108951535193769473E+02    1
    0.300787634673781774E+02   -0.867975090811183136E+01   -0.109051535193769453E+02    1
    0.301054619755031787E+02   -0.867892250916233898E+01   -0.109151535193769469E+02    1
    0.301052458563967669E+02   -0.867624443723344818E+01   -0.109251535193769485E+02    1
    0.300790488468785107E+02   -0.867620614812550706E+01   -0.109351535193769500E+02    1
    0.301052058783688068E+02   -0.867575384626136170E+01   -0.109451535193769498E+02    1
    0.300793116121157205E+02   -0.867300984965524258E+01   -0.109551535193769460E+02    1
    0.301049080591294462E+02   -0.867214634481800850E+01   -0.109651535193769440E+02    1
    0.300794053545588724E+02   -0.867188523569085667E+01   -0.109751535193769456E+02    1
    0.300794311962450642E+02   -0.867157666648978243E+01   -0.109851535193769454E+02    1
    0.300794755032511958E+02   -0.867104906543238663E+01   -0.109951535193769434E+02    1
    0.300795034869000233E+02   -0.867071678937156065E+01   -0.110051535193769485E+02    1
    0.301047843264914121E+02   -0.867067203202054415E+01   -0.110151535193769536E+02    1
    0.300795755561699636E+02   -0.866986442595892726E+01   -0.110251535193769499E+02    1
    0.301046232158848923E+02   -0.866877387634916374E+01   -0.110351535193769461E+02    1
    0.301045706137663132E+02   -0.866815940775888016E+01   -0.110451535193769441E+02    1
    0.300800811146831286E+02   -0.866402217073768277E+01   -0.110551535193769439E+02    1
    0.300801561375257833E+02   -0.866317563582033046E+01   -0.110651535193769455E+02    1
