    0.105210301525408715E-94    0.450687084906710481E+03    0.307718944356813324E+02
    0.153378805638541466E-92    0.440702845541518911E+03    0.294202707125739735E+02
    0.377080821722272733E-91    0.434278577694860076E+03    0.294253860409912278E+02
    0.146420914500445779E-83    0.399309164398484029E+03    0.307303425133366233E+02
    0.319610352483060466E-82    0.393122759901628797E+03    0.294591362898550955E+02
    0.143042477006040021E-79    0.380895171298094738E+03    0.307147755224995862E+02
    0.562978542400829623E-78    0.373529801339513369E+03    0.294758527531701873E+02
    0.880601240362606296E-77    0.368009904378695978E+03    0.294806447601509021E+02
    0.322385400001166906E-76    0.365394448547932598E+03    0.307013631017322126E+02
    0.479852046703711977E-76    0.364578988355727347E+03    0.307006493173623198E+02
    0.958636227771066294E-76    0.363174920639660741E+03    0.294848732372916089E+02
    0.868074587807097290E-75    0.358748218527202539E+03    0.294887706331071442E+02
    0.134694738684466015E-74    0.357849581578164361E+03    0.306947266905551075E+02
    0.147172994380724811E-72    0.348442045797729861E+03    0.306863480722200244E+02
    0.412806350772451404E-70    0.337148965683161464E+03    0.295081601970068235E+02
    0.314045426588297795E-69    0.333070677402302067E+03    0.306723976135253906E+02
    0.218061288695374872E-67    0.324569859994379783E+03    0.295197549778867128E+02
    0.165392239788722922E-65    0.315892432223274113E+03    0.295278922419066205E+02
    0.330181351100683456E-64    0.309884617659969592E+03    0.306506960662988455E+02
    0.721661270334572124E-64    0.308300790016289113E+03    0.306491827964782715E+02
    0.476684577084542128E-63    0.304505021562222851E+03    0.295387523041423776E+02
    0.114256162733353935E-61    0.298131505268427190E+03    0.306393668579126803E+02
    0.219807684211832577E-60    0.292197715017873179E+03    0.295507345536049435E+02
    0.278865603492295632E-56    0.273281080360972737E+03    0.306146044974350602E+02
    0.788720954990547080E-54    0.261971374726542990E+03    0.306029375375811554E+02
    0.874984158651228335E-52    0.252533447969129895E+03    0.305929934978485107E+02
    0.155011953930297440E-51    0.251369684874579178E+03    0.295925379672026736E+02
    0.970782815624360207E-51    0.247680483801844900E+03    0.305878026319896392E+02
    0.121515702978870529E-50    0.247211432166636087E+03    0.295969935502090351E+02
    0.472309026337591852E-50    0.244476252184406121E+03    0.305843452917910881E+02
    0.502885924938821158E-46    0.225910111706805424E+03    0.305638140032775141E+02
    0.119674973959204531E-45    0.224156109195438347E+03    0.296224636376172796E+02
    0.344321406685361134E-43    0.212812176772974794E+03    0.296355168915323297E+02
    0.114142626839504437E-42    0.210395260114774260E+03    0.296383465106750492E+02
    0.231390686690713787E-42    0.208961942540266591E+03    0.305442586467007331E+02
    0.819520103655736486E-42    0.206412719813850003E+03    0.305412436040225188E+02
    0.121943203674074546E-41    0.205597876701493078E+03    0.305402755861469615E+02
    0.571821250205478021E-38    0.188671824043085195E+03    0.305196724204086536E+02
    0.136406691963516922E-37    0.186913025131854795E+03    0.296668172948424349E+02
    0.726017266392306861E-36    0.178943988962007694E+03    0.305073688946567820E+02
    0.901633944905177138E-35    0.173885549147631650E+03    0.296834668392244581E+02
    0.192003474504127978E-33    0.167748599062467008E+03    0.296915497629109169E+02
    0.104273887145303804E-32    0.164344413877517979E+03    0.304881870746612549E+02
    0.205551104282926739E-32    0.162967066441634586E+03    0.304863292492934974E+02
    0.287555629333677615E-32    0.162275623143249305E+03    0.304853932918703485E+02
    0.444191136207629411E-32    0.161385945899451485E+03    0.304841857120468269E+02
    0.251959792106140822E-31    0.157894746587676650E+03    0.297048809407262340E+02
    0.462970018173216367E-31    0.156657961034122053E+03    0.297065867318692938E+02
    0.153747820356014382E-30    0.154237487980902387E+03    0.297099471092224121E+02
    0.277900231170514277E-30    0.153033591103790258E+03    0.297116295471247120E+02
    0.302778744861865034E-30    0.152842110793391726E+03    0.297118978257369761E+02
    0.465216932696837134E-30    0.151963107803525105E+03    0.297131318131255568E+02
    0.686701469966478189E-29    0.146559145942497452E+03    0.304634833405884393E+02
    0.103038409467430056E-28    0.145727571416670543E+03    0.304622879387478527E+02
    0.233174259936631018E-28    0.144074202927497879E+03    0.297243919356896953E+02
    0.787050717259242938E-28    0.141621189688752850E+03    0.304563274244645861E+02
    0.452974182555027613E-27    0.138100934619604544E+03    0.297331526757301106E+02
    0.121600841135499394E-26    0.136105946923548061E+03    0.304481649269882482E+02
    0.102795770610460237E-25    0.131816776090535456E+03    0.297426063210606983E+02
    0.370484315297367426E-24    0.124627472105134018E+03    0.304305462111771554E+02
    0.118102419576391160E-23    0.122288819718033892E+03    0.297574487687840801E+02
    0.192537955434380866E-23    0.121291337528305775E+03    0.304252507219210742E+02
    0.196927588605161541E-23    0.121226251957795114E+03    0.304251465732902062E+02
    0.665030566693126766E-23    0.118772258129962381E+03    0.297630958978361235E+02
    0.132193981099628648E-21    0.112773042971821383E+03    0.297729603676971166E+02
    0.138385546197984281E-21    0.112661496561600956E+03    0.304111449161768945E+02
    0.298815942811537242E-21    0.111101928151159512E+03    0.297757629351722990E+02
    0.229115497892689440E-20    0.107007961113063885E+03    0.297827360354516841E+02
    0.241306453317633319E-20    0.106884278148633797E+03    0.304013424402621624E+02
    0.144399836507166430E-19    0.103286071206640656E+03    0.303950769357687633E+02
    0.598209825765973468E-19    0.100423360251884702E+03    0.303899980130141181E+02
    0.650737208045491967E-19    0.100235031622247362E+03    0.303896608473100400E+02
    0.111977907762309682E-18    0.991294700096928381E+02    0.297966177898890834E+02
    0.144782190183579924E-18    0.985956122562905790E+02    0.297975821029666719E+02
    0.213462758728263779E-18    0.977991484385900662E+02    0.303852649262911321E+02
    0.261841954668181298E-18    0.973705910185460652E+02    0.297998068959033198E+02
    0.392980535732177007E-18    0.965385530426376590E+02    0.298013276873338526E+02
    0.478958656909432368E-18    0.961228446442608799E+02    0.298020905024930798E+02
    0.809356442993747511E-18    0.950535943750255257E+02    0.298040618306013876E+02
    0.110377081287135430E-17    0.944130979926271152E+02    0.303790424157933607E+02
    0.217825610890599438E-17    0.930335134379065920E+02    0.303764681243147692E+02
    0.269908922186510133E-17    0.925847338694244257E+02    0.303756256668028719E+02
    0.271138676561564143E-17    0.925556421998885241E+02    0.298087206185601552E+02
    0.509923198859127285E-17    0.912723827753246013E+02    0.303731476046943456E+02
    0.241751554384255606E-16    0.881399117090880111E+02    0.303671424321267800E+02
    0.115566710393675067E-15    0.849908667663743529E+02    0.303609703063403948E+02
    0.125783054185691440E-15    0.848014453895875562E+02    0.298236970716554310E+02
    0.212149710788633500E-15    0.837359782343459926E+02    0.303584708707021633E+02
    0.505333099986255384E-15    0.819801270196298333E+02    0.303549337387084961E+02
    0.719219703122841907E-15    0.812542288938199562E+02    0.303534574413006695E+02
    0.124121174851137351E-14    0.801428758552102636E+02    0.303511809228381111E+02
    0.137640308392256537E-14    0.799161048221762229E+02    0.303507139382280187E+02
    0.197307110208849320E-14    0.791758695653118565E+02    0.298351079041780167E+02
    0.184470275208198710E-13    0.746852455981479864E+02    0.298445938401657109E+02
    0.203304373745224247E-13    0.744708138108803297E+02    0.303392356746226923E+02
    0.261975877295123500E-13    0.739437174229254026E+02    0.303380961606068134E+02
    0.295352102980117618E-13    0.736838858511321320E+02    0.303375324912859128E+02
    0.392382483801159200E-13    0.730957481030570477E+02    0.298480397886314357E+02
    0.672841535822967763E-13    0.719972025941474527E+02    0.303338414993362946E+02
    0.105886992420899162E-12    0.710703072608433502E+02    0.303317889586947587E+02
    0.196406966728318213E-12    0.698146743583338036E+02    0.298553115033052414E+02
    0.336311495939859306E-12    0.687189764897012338E+02    0.298577901051889398E+02
    0.428497602433344400E-12    0.682144818076616417E+02    0.298589401904740583E+02
    0.648138211032683356E-12    0.673668441687161703E+02    0.303234061788495524E+02
    0.126818344052449334E-11    0.660043705057626227E+02    0.298640468679641842E+02
    0.128063545950670144E-11    0.659648287202737436E+02    0.298641392745709666E+02
    0.129503879615614785E-11    0.659224602289832546E+02    0.298642383285873834E+02
    0.204961696750835219E-11    0.649842356740827967E+02    0.303178486280063382E+02
    0.250096217212282341E-11    0.645661904818717147E+02    0.298674322436621260E+02
    0.795483821710711635E-11    0.622319808865837487E+02    0.303112534639197690E+02
    0.873132358200666331E-11    0.620257075923950509E+02    0.303107511612044469E+02
    0.262568957284512000E-10    0.598036842373188620E+02    0.303052651882171631E+02
    0.307149162740251984E-10    0.594700447178050524E+02    0.303044292212348765E+02
    0.323274497349400810E-10    0.593477081225989451E+02    0.303041218686887674E+02
    0.380689596900699371E-10    0.590007430476687844E+02    0.303032477361129402E+02
    0.590024960770169737E-10    0.581043820364303514E+02    0.303009725369489651E+02
    0.133193738456777801E-09    0.564559320383950407E+02    0.298875692949604499E+02
    0.253764629119370552E-09    0.551467271744399383E+02    0.298910088336525774E+02
    0.385154624677409058E-09    0.542922517828367148E+02    0.298932857908670471E+02
    0.526839179494751857E-09    0.536457508557905669E+02    0.298950260269020447E+02
    0.781668988370574754E-09    0.528366788104227325E+02    0.298972257551661293E+02
    0.796602949094083610E-09    0.527788287895477808E+02    0.298973839911878549E+02
    0.875432927993975106E-09    0.525701044575379299E+02    0.302863356049070163E+02
    0.112684254037450452E-08    0.520451919581310705E+02    0.298994019630685131E+02
    0.129403565808257912E-08    0.517484994729138421E+02    0.302840675043345513E+02
    0.148665018914170876E-08    0.514509801897370238E+02    0.299010520459625830E+02
    0.178321629752590861E-08    0.510671936922066578E+02    0.299021254090147224E+02
    0.303893499801063343E-08    0.499810167283947493E+02    0.302790949913285878E+02
    0.101823170256226324E-07    0.475427257954989528E+02    0.299122818038938050E+02
    0.122546199282345041E-07    0.471522249714856017E+02    0.302708489674568177E+02
    0.156637648263810248E-07    0.466413308331922210E+02    0.299149728053479116E+02
    0.160015131373390539E-07    0.465786643995641683E+02    0.299151614092597562E+02
    0.197805117643830753E-07    0.461346365799078910E+02    0.299165035779851891E+02
    0.235924386584113205E-07    0.457621784475403288E+02    0.302666542144988178E+02
    0.355394500702615180E-07    0.449227442791415399E+02    0.302640714905403314E+02
    0.379897114681436901E-07    0.447694002328111154E+02    0.302635954874670645E+02
    0.581240191789430035E-07    0.438988729984192076E+02    0.302608677900084402E+02
    0.876472708559521684E-07    0.430573900291835159E+02    0.299261030747581387E+02
    0.115027384587904570E-06    0.424936905235341840E+02    0.299279223380718093E+02
    0.208523646988790007E-06    0.412839260780235193E+02    0.302523951891014065E+02
    0.657990084645819653E-06    0.389656512526990610E+02    0.299398012994670282E+02
    0.848289507479491951E-06    0.384375870215526589E+02    0.302426316304705622E+02
    0.124483205354734744E-05    0.376505191711673746E+02    0.302398179307409833E+02
    0.186423025205859935E-05    0.368228239504692425E+02    0.302367999632854421E+02
    0.196608609206900275E-05    0.366964307968262418E+02    0.302363335452563398E+02
    0.244230911683815216E-05    0.362426325170050987E+02    0.302346463518655284E+02
    0.243857192803574485E-05    0.362256952341648599E+02    0.299497085942634982E+02
    0.333010389991352541E-05    0.355825134099420239E+02    0.299521358107897555E+02
    0.407820911443765176E-05    0.351572045202780998E+02    0.302305273793665883E+02
    0.540760997790307497E-05    0.345729059859650150E+02    0.302282584890548556E+02
    0.579211486582251475E-05    0.344155254459174316E+02    0.302276408697767636E+02
    0.607621757813518770E-05    0.342997556322462742E+02    0.299571068443737261E+02
    0.663341641635616479E-05    0.341042804831782789E+02    0.299578805226406821E+02
    0.669761892487313986E-05    0.340650162615324206E+02    0.299580364662525511E+02
    0.112934385730481684E-04    0.330000766196652862E+02    0.302219541301955488E+02
    0.168042238928303589E-04    0.321852598653032373E+02    0.302185645421523681E+02
    0.170622496276939669E-04    0.321347836212982401E+02    0.302183515696535743E+02
    0.170592430901803302E-04    0.321151360721767887E+02    0.299660230132434293E+02
    0.170231665576874821E-04    0.320993701091876034E+02    0.302182019359896472E+02
    0.172761650268505920E-04    0.320498648044457184E+02    0.302179924616982660E+02
    0.190470666889377845E-04    0.318346941990370667E+02    0.299672136688237032E+02
    0.283525504121258017E-04    0.310190864437947660E+02    0.299707427935551678E+02
    0.470673499475373331E-04    0.299853613121344935E+02    0.302089227270460654E+02
    0.604589055659258989E-04    0.294645926445038171E+02    0.302065213616183463E+02
    0.699895349255221010E-04    0.291518289596857194E+02    0.302050546026874294E+02
    0.738499349573687859E-04    0.290244501628292220E+02    0.299798398390153764E+02
    0.793089751084146886E-04    0.288618178164847663E+02    0.302036773114088817E+02
    0.790877336893923048E-04    0.288474048407247778E+02    0.299806831686365740E+02
    0.837352770530147095E-04    0.287131997015651876E+02    0.299813267114231756E+02
    0.856502325473795139E-04    0.286479765395926762E+02    0.302026507635658525E+02
    0.858842261325177739E-04    0.286225200562229851E+02    0.302025279234944080E+02
    0.871612325952565194E-04    0.285730011158433612E+02    0.299820030097411063E+02
    0.873088106586000334E-04    0.285496176559487438E+02    0.302021753747549369E+02
    0.118055039367823543E-03    0.279262185172255784E+02    0.301991132391485415E+02
    0.128980481986080389E-03    0.277291982383420752E+02    0.299861645094842331E+02
    0.128868167479465409E-03    0.277109405707366960E+02    0.299862563610076904E+02
    0.144047975908737026E-03    0.274682275990608815E+02    0.301968065164043651E+02
    0.151045482628965236E-03    0.273533584174561071E+02    0.299880716420032130E+02
    0.165456821839395524E-03    0.271510998882081154E+02    0.299891125762494681E+02
    0.165407845614390722E-03    0.271316919880021352E+02    0.299892130135483796E+02
    0.184578779867444596E-03    0.268923676923091861E+02    0.301938318994513608E+02
    0.196418895838300421E-03    0.267480212147403265E+02    0.299912190541773143E+02
    0.230444489689404428E-03    0.264085004037216002E+02    0.299930281099433458E+02
    0.257740941256720199E-03    0.261646104656722756E+02    0.301899433173771534E+02
    0.276810868291731593E-03    0.260018514452388594E+02    0.299952392791716491E+02
    0.297064940528488737E-03    0.258406188795451861E+02    0.301881615036151558E+02
    0.295882649701700395E-03    0.258285945752936392E+02    0.299961968491713833E+02
    0.305849853496450075E-03    0.257423318059359509E+02    0.301876143929046918E+02
    0.335139616774462210E-03    0.255394259963177745E+02    0.301864748896970312E+02
    0.341858035465155015E-03    0.254797293194931775E+02    0.299981545797631384E+02
    0.361623668055503756E-03    0.253473122591650224E+02    0.301853831597132682E+02
    0.380973884070934298E-03    0.252230587652401930E+02    0.299996213863143240E+02
    0.427912180126888684E-03    0.249706844434862560E+02    0.300010866759026626E+02
    0.489418521714827300E-03    0.246820844271993067E+02    0.301814998498654106E+02
    0.550569262674556036E-03    0.244266148872954751E+02    0.300043286817719590E+02
    0.683203306061696452E-03    0.239749354562118491E+02    0.301771775818846741E+02
    0.699233516914680607E-03    0.239085509007372607E+02    0.301767604876396973E+02
    0.711899247037598923E-03    0.238526476304452011E+02    0.301764076459602926E+02
    0.761902465842938508E-03    0.236968833194780970E+02    0.300088749569436288E+02
    0.801615115533521974E-03    0.235752632455910884E+02    0.301746345733330301E+02
    0.796062199716116850E-03    0.235691657730267679E+02    0.300096964182089998E+02
    0.892832934217027393E-03    0.233197214600424694E+02    0.300113248833171014E+02
    0.898937830650162954E-03    0.232860926629290041E+02    0.300115469414237346E+02
    0.104596625800775596E-02    0.229631276473321364E+02    0.300137115530133798E+02
    0.109542578229259975E-02    0.228507236014089443E+02    0.301698125168553446E+02
    0.108687211064570832E-02    0.228464019659043451E+02    0.301697828563806993E+02
    0.108228036369965278E-02    0.228348693352735808E+02    0.301697036495037416E+02
    0.114774158984318588E-02    0.226974175081312950E+02    0.300155382706870419E+02
    0.129528934832948313E-02    0.224355416509452645E+02    0.301669093007546891E+02
    0.140797400373168682E-02    0.222487062727261247E+02    0.301655653837397111E+02
    0.145390742528049761E-02    0.221645004451617602E+02    0.300193400101653722E+02
    0.151384603661201909E-02    0.220637029478968039E+02    0.300200816336291751E+02
    0.157184869037121379E-02    0.219685049884796726E+02    0.300207891352618645E+02
    0.166994229683977173E-02    0.218274317152571484E+02    0.300218506712148780E+02
    0.178784940170875891E-02    0.216709829693959151E+02    0.301612446160728247E+02
    0.177926355374155641E-02    0.216606107716605152E+02    0.300231270163504291E+02
    0.183179024630587459E-02    0.215824223306945697E+02    0.301605581568914403E+02
    0.181687087753576318E-02    0.215787784146549058E+02    0.301605297642427956E+02
    0.184493396619347981E-02    0.215281228889975509E+02    0.301601338386535645E+02
    0.188223673668637555E-02    0.214680882149343475E+02    0.300246299885854562E+02
    0.191832904457482547E-02    0.214101008256711154E+02    0.301592023059158478E+02
    0.194261971180896271E-02    0.213649350032161607E+02    0.301588423758803899E+02
    0.200265918311473903E-02    0.212840580833531021E+02    0.300260986269421544E+02
    0.205353836877573926E-02    0.212138811837086436E+02    0.301576242440555689E+02
    0.206232881804553842E-02    0.211853381843974802E+02    0.300269000752452762E+02
    0.205171101142482019E-02    0.211756616918360407E+02    0.300269791633656347E+02
    0.206691587544816785E-02    0.211408946993245550E+02    0.301570274703566952E+02
    0.225937297589321124E-02    0.209428352003507001E+02    0.301553796652620960E+02
    0.228451017972911485E-02    0.209007065853194511E+02    0.301550235964835309E+02
    0.234288810930472630E-02    0.208302410551921398E+02    0.300298681120453992E+02
    0.235574415045706033E-02    0.207992965313192713E+02    0.301541581006706139E+02
    0.239984258899484911E-02    0.207422035667712272E+02    0.300306261103725589E+02
    0.238090744325253952E-02    0.207380464739540926E+02    0.300306621337815827E+02
    0.255978435213095618E-02    0.205731638263505410E+02    0.300321083568201352E+02
    0.255306490365184678E-02    0.205584207404597130E+02    0.300322393722313592E+02
    0.283709886377233331E-02    0.203274458549029440E+02    0.300343306942008006E+02
    0.290373078288012378E-02    0.202610170872487885E+02    0.300349463178845966E+02
    0.326325356650537021E-02    0.200075604129061659E+02    0.300373587209744670E+02
    0.329558557719345077E-02    0.199678421232052230E+02    0.301465451324717719E+02
    0.326534685286505345E-02    0.199662778798687732E+02    0.300377617819170801E+02
    0.332075947065221897E-02    0.199126228353629742E+02    0.301460014380097867E+02
    0.333518274124061740E-02    0.198839549156572488E+02    0.301457169949376933E+02
    0.333044757579058735E-02    0.198667964571297446E+02    0.301455460239319670E+02
    0.334039320605856527E-02    0.198408328084909407E+02    0.301452862699850144E+02
    0.337148064670130844E-02    0.198023058435145600E+02    0.300393931185229874E+02
    0.338703722090789730E-02    0.197730987351010619E+02    0.301446025684008490E+02
    0.344834925745520502E-02    0.197172185804652180E+02    0.300402598499799218E+02
    0.349064720490863210E-02    0.196728355322314492E+02    0.300407177493051627E+02
    0.351705902804312241E-02    0.196377595873680946E+02    0.300410825321074384E+02
    0.358376928586490000E-02    0.195801796219853479E+02    0.301426045178214963E+02
    0.359444171763546958E-02    0.195542324913539218E+02    0.300419618713061141E+02
    0.372354343860615070E-02    0.194636583570013677E+02    0.300429331521518073E+02
    0.373929694795777567E-02    0.194352146374871033E+02    0.300432421513124339E+02
    0.379123711480093247E-02    0.193876250986451559E+02    0.300437635544992716E+02
    0.391760183403912134E-02    0.193020504822202135E+02    0.300447155499430210E+02
    0.397113277978957107E-02    0.192549070834226121E+02    0.300452482629553543E+02
    0.398366658845733610E-02    0.192286045641711709E+02    0.301387434635152900E+02
    0.396502177991005927E-02    0.192179871651127456E+02    0.301386218720921839E+02
    0.393174524979092270E-02    0.192148430388967313E+02    0.301385858041756727E+02
    0.393796227848142080E-02    0.191916830587010203E+02    0.301383192558126467E+02
    0.400968620645366421E-02    0.191355838903356883E+02    0.301376671415892119E+02
    0.418331706224129869E-02    0.190308008865433465E+02    0.300478681916078436E+02
    0.414833131465417414E-02    0.190275975402850719E+02    0.300479067652826828E+02
    0.412819549479713326E-02    0.190173290907521633E+02    0.300480306420249050E+02
    0.414357354399330722E-02    0.189898926805521739E+02    0.301359282382074412E+02
    0.412604013269144733E-02    0.189783735785773047E+02    0.301357877959715985E+02
    0.411199243988728987E-02    0.189651944821347094E+02    0.300486650290046740E+02
    0.410390448885591431E-02    0.189491321915359769E+02    0.300488623525393450E+02
    0.408410438019874995E-02    0.189388049447380808E+02    0.300489896981936262E+02
    0.418151509953084040E-02    0.188716625716093418E+02    0.301344646106422509E+02
    0.431876659081504351E-02    0.187870701611305009E+02    0.301333855335454572E+02
    0.448007650670412694E-02    0.186937296139986699E+02    0.301321611091991279E+02
    0.453591701616890691E-02    0.186489553178140177E+02    0.300527313162353913E+02
    0.449290127172748913E-02    0.186480125492413968E+02    0.301315475215215187E+02
    0.447319578109981169E-02    0.186368036752972444E+02    0.301313956184029266E+02
    0.455338918252317336E-02    0.185812661994179145E+02    0.300536574585420659E+02
    0.453467498720106291E-02    0.185695030346444732E+02    0.301304708993438837E+02
    0.461173564753946958E-02    0.185158012966112260E+02    0.301297167083487842E+02
    0.470529649163280161E-02    0.184556322866605989E+02    0.301288532880041799E+02
    0.468902095050423642E-02    0.184425622451222431E+02    0.301286630351593736E+02
    0.473750574923251320E-02    0.184019882934072072E+02    0.301280660051769438E+02
    0.469968334939625636E-02    0.183980195933844364E+02    0.301280070736354908E+02
    0.477673638644831016E-02    0.183454947633948713E+02    0.301272178018681380E+02
    0.482171987793104332E-02    0.183067484902104347E+02    0.300576675901352885E+02
    0.487136976349711835E-02    0.182662595350356440E+02    0.301259923562118033E+02
    0.484909070295444933E-02    0.182554274544491264E+02    0.300584702240589898E+02
    0.489693039285590825E-02    0.182157927445855599E+02    0.300591034301777924E+02
    0.498640687317880582E-02    0.181595786915464146E+02    0.300600229071054947E+02
    0.505516756078553189E-02    0.181121878624248609E+02    0.300608190243642639E+02
    0.506405658041388616E-02    0.180886741456455091E+02    0.301230699504397919E+02
    0.501538113607162810E-02    0.180879910258538921E+02    0.301230581753642213E+02
    0.500117872604657031E-02    0.180736626016196809E+02    0.300614814361636533E+02
    0.545343323789073721E-02    0.178805191368488501E+02    0.301192462240162939E+02
    0.542464559120503509E-02    0.178711047243747103E+02    0.300652311397277217E+02
    0.539853244341037628E-02    0.178607555675488037E+02    0.301188547351057245E+02
    0.535722167057797044E-02    0.178561188700313380E+02    0.300655295328750398E+02
    0.531130008634932062E-02    0.178533365760594620E+02    0.300655853019197998E+02
    0.525945653431945243E-02    0.178529544594592338E+02    0.301186986171890680E+02
    0.527737364306340734E-02    0.178261527455808988E+02    0.300661364727517437E+02
    0.528958299969559381E-02    0.178015310318829414E+02    0.300666459748572841E+02
    0.529547360739153917E-02    0.177793050226993579E+02    0.300671148068824934E+02
    0.525608732719591663E-02    0.177742360697242781E+02    0.300672229656189920E+02
    0.521224239011125554E-02    0.177709895326549585E+02    0.300672924858472683E+02
    0.520107439328286285E-02    0.177552794246624757E+02    0.301166599056389295E+02
    0.517358187435287050E-02    0.177458793260278505E+02    0.301164546855268576E+02
    0.512653211823673512E-02    0.177441510008440311E+02    0.300678748230996931E+02
    0.507709254653260656E-02    0.177435323325686269E+02    0.300678884116867486E+02
    0.504762876789956790E-02    0.177351726971339687E+02    0.300680727768925138E+02
    0.500158367875252249E-02    0.177335006652705900E+02    0.301161817655497472E+02
    0.502917128108562334E-02    0.177024994307661565E+02    0.301154842612167855E+02
    0.501925539784943073E-02    0.176864466701785439E+02    0.301151147641628896E+02
    0.507693715157006911E-02    0.176435935476594459E+02    0.300701936428936065E+02
    0.505418062870949258E-02    0.176325783651796009E+02    0.301138288739031168E+02
    0.500716412720400399E-02    0.176312704366194524E+02    0.300704948848083546E+02
    0.502487549168969053E-02    0.176042085096095100E+02    0.300711715989835362E+02
    0.497846838212472661E-02    0.176027652814554898E+02    0.301130832846498855E+02
    0.495983877985666649E-02    0.175902633890446225E+02    0.301127626047267398E+02
    0.491952997058810182E-02    0.175865838783250403E+02    0.300716243185482028E+02
    0.488966465814132372E-02    0.175787624132033393E+02    0.301124631294645688E+02
    0.486702934819430687E-02    0.175680423395974401E+02    0.301121799576051465E+02
    0.482602464919525912E-02    0.175649637117939825E+02    0.301120978925289187E+02
    0.481978848708677996E-02    0.175475497718344293E+02    0.301116271930224890E+02
    0.477811886856205088E-02    0.175449160075324464E+02    0.301115550084961399E+02
    0.476222508746090411E-02    0.175315798326013663E+02    0.300731062891882637E+02
    0.471590673049425511E-02    0.175311274508781167E+02    0.300731189562506316E+02
    0.467481087610855436E-02    0.175286324461114056E+02    0.301111026169835583E+02
    0.463115305126486024E-02    0.175273981088532089E+02    0.301110678835006134E+02
    0.459935710561549561E-02    0.175211767931815388E+02    0.300733997475517931E+02
    0.456161273538606242E-02    0.175176573992582547E+02    0.300735000713292813E+02
    0.451689488716861161E-02    0.175173602895284510E+02    0.301107830220509030E+02
    0.449994479501176527E-02    0.175048796034877157E+02    0.300738689435867741E+02
    0.452244560686688394E-02    0.174749040393630324E+02    0.300747649817416054E+02
    0.449271934499190662E-02    0.174680935349599871E+02    0.301093165067256834E+02
    0.444990607883996320E-02    0.174672438811859507E+02    0.300750014726119339E+02
    0.440827168688559881E-02    0.174660444515251356E+02    0.300750387984459309E+02
    0.437681067399906757E-02    0.174603692562747597E+02    0.301090750630773272E+02
    0.435976510837355214E-02    0.174481734979725971E+02    0.301086866774815789E+02
    0.431866937540443824E-02    0.174471151816254562E+02    0.301086525434847800E+02
    0.428132401012288992E-02    0.174444852415094864E+02    0.301085674125012766E+02
    0.424598212990844222E-02    0.174410635521721318E+02    0.301084559875313644E+02
    0.420414701139426843E-02    0.174408670177154264E+02    0.301084495643954249E+02
    0.418205372862551824E-02    0.174314049643096531E+02    0.301081372739210629E+02
    0.414403177609002065E-02    0.174296715155331157E+02    0.301080793989282682E+02
    0.410640275898326544E-02    0.174279150530640479E+02    0.301080205403574048E+02
    0.406696588236912532E-02    0.174272153853471501E+02    0.301079970338177425E+02
    0.403176442862507398E-02    0.174246016540954187E+02    0.300763826765453715E+02
    0.399338318766250672E-02    0.174237322846777118E+02    0.300764120970242814E+02
    0.395751294843368646E-02    0.174217782920599760E+02    0.300764784240503467E+02
    0.392004258719332813E-02    0.174208048256928940E+02    0.300765115727538550E+02
    0.388927586037829962E-02    0.174165638890252126E+02    0.301076347736485559E+02
    0.385105059939544513E-02    0.174163178732719146E+02    0.300766652810754920E+02
    0.382781438385842521E-02    0.174084218946396874E+02    0.300769395438692158E+02
    0.379637238352184547E-02    0.174049179116155202E+02    0.301072287370436698E+02
    0.377987526487559913E-02    0.173936278405857152E+02    0.301068243909315569E+02
    0.375197080823339588E-02    0.173884473597552081E+02    0.300776565081479177E+02
    0.372928860157690492E-02    0.173805748772837241E+02    0.301063425611444551E+02
    0.369240131241803599E-02    0.173804558441965362E+02    0.301063380919566690E+02
    0.365998919201326531E-02    0.173780894725253141E+02    0.300780426367065132E+02
    0.362795791800861684E-02    0.173756699954199192E+02    0.301061572228184353E+02
    0.359235899026788064E-02    0.173753916872245640E+02    0.300781449545337409E+02
    0.358498404143066775E-02    0.173595018162236627E+02    0.300787634673781774E+02
    0.355225431943684018E-02    0.173578450183246780E+02    0.301054619755031787E+02
    0.352633995614530949E-02    0.173524888744668964E+02    0.301052458563967669E+02
    0.349138596681961618E-02    0.173524122962510141E+02    0.300790488468785107E+02
    0.345820989710527056E-02    0.173515076925227234E+02    0.301052058783688068E+02
    0.343320793122494066E-02    0.173460196993104852E+02    0.300793116121157205E+02
    0.340198330261012611E-02    0.173442926896360170E+02    0.301049080591294462E+02
    0.336901256826141167E-02    0.173437704713817133E+02    0.300794053545588724E+02
    0.333651972150396251E-02    0.173431533329795649E+02    0.300794311962450642E+02
    0.330506409096229404E-02    0.173420981308647733E+02    0.300794755032511958E+02
    0.327326560091113295E-02    0.173414335787431213E+02    0.300795034869000233E+02
    0.324084111221614691E-02    0.173413440640410883E+02    0.301047843264914121E+02
    0.321118653113430103E-02    0.173397288519178545E+02    0.300795755561699636E+02
    0.318270369565589210E-02    0.173375477526983275E+02    0.301046232158848923E+02
    0.315297207194671116E-02    0.173363188155177603E+02    0.301045706137663132E+02
    0.313454102523189494E-02    0.173280443414753655E+02    0.300800811146831286E+02
    0.310598002886595384E-02    0.173263512716406609E+02    0.300801561375257833E+02
    0.314240744279875800E-02    0.173029981127513324E+02    0.301030480861663818E+02
    0.331001483692288604E-02    0.171990711844513093E+02    0.300893023092469640E+02
    0.328899210339199085E-02    0.172118141955383024E+02    0.300874908995298576E+02
    0.331317764765804487E-02    0.171971610415811149E+02    0.300896862401857916E+02
    0.328979003480724683E-02    0.172113290410507922E+02    0.300967448066202188E+02
    0.332259140444452622E-02    0.171914864841769983E+02    0.300921766983971750E+02
    0.316337387244875617E-02    0.172896982497425675E+02    0.300819142835300113E+02
    0.321565256426859392E-02    0.172569159041530256E+02    0.301004969288816291E+02
    0.321458555410515439E-02    0.172575796495096263E+02    0.300837524072565614E+02
    0.332216725560478213E-02    0.171917418125415189E+02    0.300926683899702141E+02
    0.328498398083404896E-02    0.172142529771847421E+02    0.300970720002940517E+02
    0.314388197277369434E-02    0.173020598613254073E+02    0.301030021240693628E+02
    0.332020661732870554E-02    0.171929224978630693E+02    0.300933833665269184E+02
    0.319226689125510577E-02    0.172715139508356081E+02    0.300829099204212191E+02
    0.331764681813245940E-02    0.171944650443191058E+02    0.300939278627077442E+02
    0.324466843180129657E-02    0.172389501946090640E+02    0.300992585994377038E+02
    0.332259091286438765E-02    0.171914867800786730E+02    0.300921101497422327E+02
    0.310665470971904821E-02    0.173258835456790443E+02    0.300801769461701305E+02
    0.316787889040965947E-02    0.172868520397490926E+02    0.300820636284422775E+02
    0.330829856820180450E-02    0.172001084691215773E+02    0.300891141218517326E+02
    0.323368746943218351E-02    0.172457302931729757E+02    0.300997496636612816E+02
    0.329815868242723477E-02    0.172062478526684615E+02    0.300961125224118859E+02
    0.312144103702364801E-02    0.173163869960516479E+02    0.300806075510739674E+02
    0.331243890040890500E-02    0.171976070361519398E+02    0.300895914279837129E+02
    0.326303306162160998E-02    0.172276622284424654E+02    0.300859361009182464E+02
    0.318193247836705837E-02    0.172779991084804934E+02    0.301017485961952254E+02
    0.313707830081777104E-02    0.173063927494957746E+02    0.300810788029213434E+02
    0.331402221545613190E-02    0.171966512831189640E+02    0.300944922927993339E+02
    0.327121401716724478E-02    0.172226541779530145E+02    0.300863819184177501E+02
    0.318680354555646609E-02    0.172749397459187897E+02    0.300827143106407462E+02
    0.326191896365400765E-02    0.172283452054048176E+02    0.300984138287522569E+02
    0.325331644060049404E-02    0.172336266895071688E+02    0.300988478634981078E+02
    0.331689699647792291E-02    0.171949171155865130E+02    0.300902333012475545E+02
    0.312135133095965906E-02    0.173164444742176435E+02    0.301036866910070628E+02
    0.332128712082610912E-02    0.171922717385311898E+02    0.300912303981429510E+02
    0.320399132440252112E-02    0.172641818851914302E+02    0.300833431698456693E+02
    0.314668037325191918E-02    0.173002804333449625E+02    0.301029144164654667E+02
    0.328011696485867258E-02    0.172172183645609707E+02    0.300869085917461092E+02
    0.331004102307821436E-02    0.171990553621344660E+02    0.300949863111868297E+02
    0.328965646115193106E-02    0.172114102476723048E+02    0.300967542074282441E+02
    0.331238869013844410E-02    0.171976373525758959E+02    0.300947064769468184E+02
    0.321043884925322669E-02    0.172601612461961871E+02    0.300835900569325716E+02
    0.329622902743482342E-02    0.172074183358929211E+02    0.300880248058217887E+02
    0.331899094368901014E-02    0.171936549199017961E+02    0.300936664077761868E+02
    0.325689714964919009E-02    0.172314266330204617E+02    0.300986705713531499E+02
    0.323998589930853120E-02    0.172418385726582493E+02    0.300994718223679669E+02
    0.331347733497654000E-02    0.171969801434842786E+02    0.300897257552310364E+02
    0.325865510518841620E-02    0.172303473964411928E+02    0.300857097719776831E+02
    0.328292014918717427E-02    0.172155098966975402E+02    0.300870854333252922E+02
    0.318961942385838880E-02    0.172731733144894655E+02    0.301014769273246223E+02
    0.317248119918740442E-02    0.172839485393036796E+02    0.300822182941686904E+02
    0.328017608475092729E-02    0.172171823174564835E+02    0.300869122612321576E+02
    0.311059619898975456E-02    0.173233477047701747E+02    0.300802903988889305E+02
    0.316533731640067720E-02    0.172884572741591747E+02    0.301023124578623289E+02
    0.324614989550658884E-02    0.172380372350059403E+02    0.300991898615448861E+02
    0.332132883601033791E-02    0.171922466187985385E+02    0.300930464458898399E+02
    0.332078409503632713E-02    0.171925746716220260E+02    0.300932232176187284E+02
    0.327634123732862973E-02    0.172195218813872799E+02    0.300976123811915883E+02
    0.311900061005638326E-02    0.173179512616787861E+02    0.300805355233971099E+02
    0.314679720105383873E-02    0.173002061800879652E+02    0.300813808464969163E+02
    0.329433395679144076E-02    0.172085685081620490E+02    0.300878786521375332E+02
    0.330487976623556473E-02    0.172021763415411151E+02    0.300887701223969870E+02
    0.332011932035731214E-02    0.171929750838187765E+02    0.300908857790031448E+02
    0.320064598085188648E-02    0.172662712112190739E+02    0.301010740173935609E+02
    0.325873408192975432E-02    0.172302989250431722E+02    0.300985778005267406E+02
    0.329514577199459778E-02    0.172080757134403584E+02    0.300879406501092674E+02
    0.332247005157313086E-02    0.171915595326339350E+02    0.300918650507236052E+02
    0.329187617411042660E-02    0.172100611922679398E+02    0.300965954603930612E+02
    0.322673562757234142E-02    0.172500345589702313E+02    0.301000455853578188E+02
    0.313581051260981847E-02    0.173072011733418982E+02    0.300810399405124684E+02
    0.320040782825180628E-02    0.172664200320896910E+02    0.300832086910936241E+02
    0.315323750346171343E-02    0.172961171202948840E+02    0.300815852253339671E+02
    0.331992799879582499E-02    0.171930903369501671E+02    0.300934536485680084E+02
    0.331737521984419668E-02    0.171946287804977409E+02    0.300903154128180716E+02
    0.321758269537268139E-02    0.172557158043064618E+02    0.300838715998545183E+02
    0.321662557456486734E-02    0.172563108244082173E+02    0.301004582248087864E+02
    0.325191448225291150E-02    0.172344887393780581E+02    0.300853755213495688E+02
    0.330332614739539503E-02    0.172031167594936392E+02    0.300886247799345057E+02
    0.328387739685582526E-02    0.172149268132881765E+02    0.300871472194130511E+02
    0.317368889616454581E-02    0.172831873261791849E+02    0.300822592433305402E+02
    0.312930582354346625E-02    0.173113541314384918E+02    0.301034491812433558E+02
    0.331079833710138608E-02    0.171985978285890830E+02    0.300893924577216367E+02
    0.321103076848222504E-02    0.172597925335706215E+02    0.301006785322206767E+02
    0.324221243048633838E-02    0.172404646367481753E+02    0.300993711817712253E+02
    0.323023607089905447E-02    0.172478660850582592E+02    0.300998979131266609E+02
    0.329260142973171119E-02    0.172096206072023641E+02    0.300965423740612685E+02
    0.331956329901724866E-02    0.171933100524449749E+02    0.300907512771472625E+02
    0.327754568183329532E-02    0.172187867789767068E+02    0.300975402391005389E+02
    0.328985859497246897E-02    0.172112873609131007E+02    0.300967399740879600E+02
    0.332259138308982609E-02    0.171914864970312458E+02    0.300921146682274738E+02
    0.322658693475950812E-02    0.172501267240907126E+02    0.301000518006587043E+02
    0.328971329701028842E-02    0.172113756936888969E+02    0.300967502096648545E+02
    0.329326366512918203E-02    0.172092183910074255E+02    0.300877982426514308E+02
    0.328811188399287871E-02    0.172123495189305125E+02    0.300874300079674448E+02
    0.329832494425964578E-02    0.172061470342070777E+02    0.300960989538760373E+02
    0.331798885164368918E-02    0.171942588645174759E+02    0.300904264901233738E+02
    0.330638966361114115E-02    0.172012628120485687E+02    0.300953740186525032E+02
    0.328685541028234801E-02    0.172131139173949244E+02    0.300969471893332887E+02
    0.320743690395617525E-02    0.172620322363065668E+02    0.301008172930696105E+02
    0.332128221313368350E-02    0.171922746938288640E+02    0.300912286791787196E+02
