    0.300096964182089998E+02   -0.117845828865133839E+02
    0.300113248833171014E+02   -0.116598607300212347E+02
    0.300137115530133798E+02   -0.114815638236660682E+02
    0.301698125168553446E+02   -0.114253618007044722E+02
    0.301655653837397111E+02   -0.111243531363630623E+02
    0.300200816336291751E+02   -0.110318514739484019E+02
    0.300218506712148780E+02   -0.109137158576285742E+02
    0.301612446160728247E+02   -0.108354914846979575E+02
    0.301605581568914403E+02   -0.107912111653472849E+02
    0.301605297642427956E+02   -0.107893892073274529E+02
    0.301601338386535645E+02   -0.107640614444987754E+02
    0.300269000752452762E+02   -0.105926690921987401E+02
    0.301570274703566952E+02   -0.105704473496622775E+02
    0.300298681120453992E+02   -0.104151205275960699E+02
    0.301541581006706139E+02   -0.103996482656596356E+02
    0.300306261103725589E+02   -0.103711017833856136E+02
    0.300306621337815827E+02   -0.103690232369770463E+02
    0.300321083568201352E+02   -0.102865819131752705E+02
    0.300322393722313592E+02   -0.102792103702298565E+02
    0.300343306942008006E+02   -0.101637229274514720E+02
    0.300373587209744670E+02   -0.100037802064530830E+02
    0.301465451324717719E+02   -0.998392106160261150E+01
    0.300377617819170801E+02   -0.998313893993438661E+01
    0.301460014380097867E+02   -0.995631141768148709E+01
    0.301457169949376933E+02   -0.994197745782862441E+01
    0.301455460239319670E+02   -0.993339822856487231E+01
    0.301452862699850144E+02   -0.992041640424547033E+01
    0.300393931185229874E+02   -0.990115292175728001E+01
    0.301446025684008490E+02   -0.988654936755053093E+01
    0.300402598499799218E+02   -0.985860929023260901E+01
    0.300407177493051627E+02   -0.983641776611572460E+01
    0.300410825321074384E+02   -0.981887979368404729E+01
    0.301426045178214963E+02   -0.979008981099267395E+01
    0.300419618713061141E+02   -0.977711624567696092E+01
    0.300429331521518073E+02   -0.973182917850068385E+01
    0.300432421513124339E+02   -0.971760731874355166E+01
    0.300437635544992716E+02   -0.969381254932257796E+01
    0.300447155499430210E+02   -0.965102524111010673E+01
    0.300452482629553543E+02   -0.962745354171130607E+01
    0.301387434635152900E+02   -0.961430228208558546E+01
    0.301386218720921839E+02   -0.960899358255637281E+01
    0.301385858041756727E+02   -0.960742151944836564E+01
    0.301383192558126467E+02   -0.959584152935051016E+01
    0.301376671415892119E+02   -0.956779194516784415E+01
    0.300478681916078436E+02   -0.951540044327167323E+01
    0.300479067652826828E+02   -0.951379877014253594E+01
    0.300480306420249050E+02   -0.950866454537608163E+01
    0.301359282382074412E+02   -0.949494634027608697E+01
    0.301357877959715985E+02   -0.948918678928865234E+01
    0.301357877959715985E+02   -0.948918678928865234E+01
    0.300486650290046740E+02   -0.948259724106735469E+01
    0.300488623525393450E+02   -0.947456609576798847E+01
    0.300489896981936262E+02   -0.946940247236904042E+01
    0.301344646106422509E+02   -0.943583128580467090E+01
    0.301333855335454572E+02   -0.939353508056525044E+01
    0.301321611091991279E+02   -0.934686480699933497E+01
    0.300527313162353913E+02   -0.932447765890700886E+01
    0.301315475215215187E+02   -0.932400627462069842E+01
    0.301313956184029266E+02   -0.931840183764862218E+01
    0.300536574585420659E+02   -0.929063309970895723E+01
    0.301304708993438837E+02   -0.928475151732223658E+01
    0.301297167083487842E+02   -0.925790064830561299E+01
    0.301288532880041799E+02   -0.922781614333029943E+01
    0.301286630351593736E+02   -0.922128112256112153E+01
    0.301286630351593736E+02   -0.922128112256112153E+01
    0.301280660051769438E+02   -0.920099414670360360E+01
    0.301280070736354908E+02   -0.919900979669221819E+01
    0.301272178018681380E+02   -0.917274738169743564E+01
    0.300576675901352885E+02   -0.915337424510521735E+01
    0.301259923562118033E+02   -0.913312976751782202E+01
    0.301259923562118033E+02   -0.913312976751782202E+01
    0.300584702240589898E+02   -0.912771372722456320E+01
    0.300584702240589898E+02   -0.912771372722456320E+01
    0.300591034301777924E+02   -0.910789637229277993E+01
    0.300591034301777924E+02   -0.910789637229277993E+01
    0.300600229071054947E+02   -0.907978934577320729E+01
    0.300600229071054947E+02   -0.907978934577320729E+01
    0.300608190243642639E+02   -0.905609393121243045E+01
    0.300608190243642639E+02   -0.905609393121243045E+01
    0.301230699504397919E+02   -0.904433707282275456E+01
    0.301230699504397919E+02   -0.904433707282275456E+01
    0.301230581753642213E+02   -0.904399551292694603E+01
    0.301230581753642213E+02   -0.904399551292694603E+01
    0.300614814361636533E+02   -0.903683130080984043E+01
    0.301192462240162939E+02   -0.894025956842442504E+01
    0.300652311397277217E+02   -0.893555236218735516E+01
    0.300652311397277217E+02   -0.893555236218735516E+01
    0.301188547351057245E+02   -0.893037778377440183E+01
    0.301188547351057245E+02   -0.893037778377440183E+01
    0.300655295328750398E+02   -0.892805943501566901E+01
    0.300655295328750398E+02   -0.892805943501566901E+01
    0.300655853019197998E+02   -0.892666828802973100E+01
    0.301186986171890680E+02   -0.892647722972961688E+01
    0.300661364727517437E+02   -0.891307637279044940E+01
    0.300666459748572841E+02   -0.890076551594147070E+01
    0.300671148068824934E+02   -0.888965251134967893E+01
    0.300671148068824934E+02   -0.888965251134967893E+01
    0.300672229656189920E+02   -0.888711803486213903E+01
    0.300672229656189920E+02   -0.888711803486213903E+01
    0.300672924858472683E+02   -0.888549476632747925E+01
    0.301166599056389295E+02   -0.887763971233123783E+01
    0.301164546855268576E+02   -0.887293966301392523E+01
    0.300678748230996931E+02   -0.887207550042201554E+01
    0.300678748230996931E+02   -0.887207550042201554E+01
    0.300678884116867486E+02   -0.887176616628431347E+01
    0.300680727768925138E+02   -0.886758634856698436E+01
    0.300680727768925138E+02   -0.886758634856698436E+01
    0.301161817655497472E+02   -0.886675033263529500E+01
    0.301154842612167855E+02   -0.885124971538307825E+01
    0.301154842612167855E+02   -0.885124971538307825E+01
    0.301151147641628896E+02   -0.884322333508927194E+01
    0.301151147641628896E+02   -0.884322333508927194E+01
    0.300701936428936065E+02   -0.882179677382972294E+01
    0.301138288739031168E+02   -0.881628918258980043E+01
    0.300704948848083546E+02   -0.881563521830972618E+01
    0.300704948848083546E+02   -0.881563521830972618E+01
    0.300711715989835362E+02   -0.880210425480475500E+01
    0.300711715989835362E+02   -0.880210425480475500E+01
    0.301130832846498855E+02   -0.880138264072774490E+01
    0.301130832846498855E+02   -0.880138264072774490E+01
    0.301127626047267398E+02   -0.879513169452231125E+01
    0.300716243185482028E+02   -0.879329193916252017E+01
    0.301124631294645688E+02   -0.878938120660166966E+01
    0.301121799576051465E+02   -0.878402116979872005E+01
    0.301120978925289187E+02   -0.878248185589699126E+01
    0.301116271930224890E+02   -0.877377488591721466E+01
    0.301116271930224890E+02   -0.877377488591721466E+01
    0.301115550084961399E+02   -0.877245800376622320E+01
    0.300731062891882637E+02   -0.876578991630068316E+01
    0.300731189562506316E+02   -0.876556372543905837E+01
    0.301111026169835583E+02   -0.876431622305570279E+01
    0.301110678835006134E+02   -0.876369905442660446E+01
    0.300733997475517931E+02   -0.876058839659076938E+01
    0.300735000713292813E+02   -0.875882869962912736E+01
    0.300735000713292813E+02   -0.875882869962912736E+01
    0.301107830220509030E+02   -0.875868014476422552E+01
    0.300738689435867741E+02   -0.875243980174385783E+01
    0.300747649817416054E+02   -0.873745201968151619E+01
    0.301093165067256834E+02   -0.873404676747999353E+01
    0.300750014726119339E+02   -0.873362194059297536E+01
    0.300750387984459309E+02   -0.873302222576256781E+01
    0.301090750630773272E+02   -0.873018462813737983E+01
    0.301086866774815789E+02   -0.872408674898629855E+01
    0.301086525434847800E+02   -0.872355759081272808E+01
    0.301085674125012766E+02   -0.872224262075474321E+01
    0.301084559875313644E+02   -0.872053177608606589E+01
    0.301084495643954249E+02   -0.872043350885771318E+01
    0.301081372739210629E+02   -0.871570248215482657E+01
    0.301080793989282682E+02   -0.871483575776655783E+01
    0.301080205403574048E+02   -0.871395752653202393E+01
    0.301079970338177425E+02   -0.871360769267357504E+01
    0.300763826765453715E+02   -0.871230082704770936E+01
    0.300764120970242814E+02   -0.871186614233885592E+01
    0.300764120970242814E+02   -0.871186614233885592E+01
    0.300764784240503467E+02   -0.871088914602998798E+01
    0.300765115727538550E+02   -0.871040241284644701E+01
    0.300765115727538550E+02   -0.871040241284644701E+01
    0.301076347736485559E+02   -0.870828194451260629E+01
    0.301076347736485559E+02   -0.870828194451260629E+01
    0.300766652810754920E+02   -0.870815893663595730E+01
    0.300766652810754920E+02   -0.870815893663595730E+01
    0.300769395438692158E+02   -0.870421094731984368E+01
    0.301072287370436698E+02   -0.870245895580776008E+01
    0.301072287370436698E+02   -0.870245895580776008E+01
    0.301068243909315569E+02   -0.869681392029285760E+01
    0.300776565081479177E+02   -0.869422367987760403E+01
    0.301063425611444551E+02   -0.869028743864186204E+01
    0.301063380919566690E+02   -0.869022792209826811E+01
    0.300780426367065132E+02   -0.868904473626265705E+01
    0.301061572228184353E+02   -0.868783499770995959E+01
    0.300781449545337409E+02   -0.868769584361228198E+01
    0.300787634673781774E+02   -0.867975090811183136E+01
    0.301054619755031787E+02   -0.867892250916233898E+01
    0.301052458563967669E+02   -0.867624443723344818E+01
    0.300790488468785107E+02   -0.867620614812550706E+01
    0.301052058783688068E+02   -0.867575384626136170E+01
    0.300793116121157205E+02   -0.867300984965524258E+01
    0.301049080591294462E+02   -0.867214634481800850E+01
    0.300794053545588724E+02   -0.867188523569085667E+01
    0.300794755032511958E+02   -0.867104906543238663E+01
    0.300795034869000233E+02   -0.867071678937156065E+01
    0.301047843264914121E+02   -0.867067203202054415E+01
    0.300795755561699636E+02   -0.866986442595892726E+01
    0.301046232158848923E+02   -0.866877387634916374E+01
    0.300801561375257833E+02   -0.866317563582033046E+01
    0.301030480861663818E+02   -0.865149905637566619E+01
    0.300893023092469640E+02   -0.859953559222565467E+01
    0.300874908995298576E+02   -0.860590709776915119E+01
    0.300896862401857916E+02   -0.859858052079055746E+01
    0.300967448066202188E+02   -0.860566452052539610E+01
    0.300921766983971750E+02   -0.859574324208849916E+01
    0.300819142835300113E+02   -0.864484912487128376E+01
    0.301004969288816291E+02   -0.862845795207651278E+01
    0.300926683899702141E+02   -0.859587090627075945E+01
    0.301030021240693628E+02   -0.865102993066270365E+01
    0.300933833665269184E+02   -0.859646124893153463E+01
    0.300829099204212191E+02   -0.863575697541780407E+01
    0.300939278627077442E+02   -0.859723252215955291E+01
    0.300992585994377038E+02   -0.861947509730453199E+01
    0.300921101497422327E+02   -0.859574339003933652E+01
    0.300801769461701305E+02   -0.866294177283952216E+01
    0.300820636284422775E+02   -0.864342601987454628E+01
    0.300891141218517326E+02   -0.860005423456078866E+01
    0.300997496636612816E+02   -0.862286514658648784E+01
    0.300961125224118859E+02   -0.860312392633423073E+01
    0.300806075510739674E+02   -0.865819349802582394E+01
    0.300895914279837129E+02   -0.859880351807596988E+01
    0.301017485961952254E+02   -0.863899955424024668E+01
    0.300810788029213434E+02   -0.865319637474788728E+01
    0.300944922927993339E+02   -0.859832564155948198E+01
    0.300863819184177501E+02   -0.861132708897650723E+01
    0.300827143106407462E+02   -0.863746987295939483E+01
    0.300984138287522569E+02   -0.861417260270240881E+01
    0.300988478634981078E+02   -0.861681334475358440E+01
    0.300902333012475545E+02   -0.859745855779325652E+01
    0.301036866910070628E+02   -0.865822223710882177E+01
    0.300912303981429510E+02   -0.859613586926559492E+01
    0.300833431698456693E+02   -0.863209094259571508E+01
    0.301029144164654667E+02   -0.865014021667248123E+01
    0.300869085917461092E+02   -0.860860918228048533E+01
    0.300949863111868297E+02   -0.859952768106723298E+01
    0.300967542074282441E+02   -0.860570512383615238E+01
    0.300947064769468184E+02   -0.859881867628794794E+01
    0.300880248058217887E+02   -0.860370916794646057E+01
    0.300936664077761868E+02   -0.859682745995089803E+01
    0.300986705713531499E+02   -0.861571331651023087E+01
    0.300994718223679669E+02   -0.862091928632912463E+01
    0.300897257552310364E+02   -0.859849007174213931E+01
    0.300857097719776831E+02   -0.861517369822059642E+01
    0.300870854333252922E+02   -0.860775494834877009E+01
    0.301014769273246223E+02   -0.863658665724473273E+01
    0.300869122612321576E+02   -0.860859115872824177E+01
    0.300802903988889305E+02   -0.866167385238508736E+01
    0.301023124578623289E+02   -0.864422863707958733E+01
    0.300991898615448861E+02   -0.861901861750297016E+01
    0.300930464458898399E+02   -0.859612330939926927E+01
    0.300932232176187284E+02   -0.859628733581101301E+01
    0.300976123811915883E+02   -0.860976094069363995E+01
    0.300805355233971099E+02   -0.865897563083939303E+01
    0.300813808464969163E+02   -0.865010309004398259E+01
    0.300878786521375332E+02   -0.860428425408102449E+01
    0.300887701223969870E+02   -0.860108817077055754E+01
    0.300908857790031448E+02   -0.859648754190938824E+01
    0.301010740173935609E+02   -0.863313560560953697E+01
    0.300985778005267406E+02   -0.861514946252158609E+01
    0.300879406501092674E+02   -0.860403785672017918E+01
    0.300918650507236052E+02   -0.859577976631696750E+01
    0.300965954603930612E+02   -0.860503059613396992E+01
    0.301000455853578188E+02   -0.862501727948511565E+01
    0.300810399405124684E+02   -0.865360058667094911E+01
    0.300832086910936241E+02   -0.863321001604484550E+01
    0.300815852253339671E+02   -0.864805856014744201E+01
    0.300934536485680084E+02   -0.859654516847508354E+01
    0.300903154128180716E+02   -0.859731439024887045E+01
    0.300838715998545183E+02   -0.862785790215323090E+01
    0.301004582248087864E+02   -0.862815541220410864E+01
    0.300853755213495688E+02   -0.861724436968902907E+01
    0.300886247799345057E+02   -0.860155837974681958E+01
    0.300871472194130511E+02   -0.860746340664408827E+01
    0.300822592433305402E+02   -0.864159366308959243E+01
    0.300893924577216367E+02   -0.859929891429454152E+01
    0.301006785322206767E+02   -0.862989626678531074E+01
    0.300993711817712253E+02   -0.862023231837408765E+01
    0.300998979131266609E+02   -0.862393304252912962E+01
    0.300965423740612685E+02   -0.860481030360118204E+01
    0.300907512771472625E+02   -0.859665502622248745E+01
    0.300975402391005389E+02   -0.860939338948835342E+01
    0.300967399740879600E+02   -0.860564368045655037E+01
    0.300921146682274738E+02   -0.859574324851562288E+01
    0.301000518006587043E+02   -0.862506336204535629E+01
    0.300967502096648545E+02   -0.860568784684444843E+01
    0.300877982426514308E+02   -0.860460919550371273E+01
    0.300874300079674448E+02   -0.860617475946525623E+01
    0.300960989538760373E+02   -0.860307351710353885E+01
    0.300904264901233738E+02   -0.859712943225873794E+01
    0.300953740186525032E+02   -0.860063140602428433E+01
    0.301008172930696105E+02   -0.863101611815328340E+01
    0.300912286791787196E+02   -0.859613734691443199E+01
