    0.298855042907436115E+02   -0.264248916849490314E+02
    0.298933022639954729E+02   -0.255970001043666997E+02
    0.298998398046829053E+02   -0.249677252562875047E+02
    0.300324223453978476E+02   -0.249591855877010502E+02
    0.300291708659901779E+02   -0.246686386141541405E+02
    0.299034104564139156E+02   -0.246489855695063156E+02
    0.299046033035486047E+02   -0.245464330131947435E+02
    0.300265082245193753E+02   -0.244415972575105798E+02
    0.300229120926158153E+02   -0.241505200757675311E+02
    0.299096378826816220E+02   -0.241352734226225003E+02
    0.299097880379171066E+02   -0.241235489618036070E+02
    0.300215757763203825E+02   -0.240469137074800514E+02
    0.300189620755812072E+02   -0.238514084251496605E+02
    0.299137180458880536E+02   -0.238277720999137941E+02
    0.300181782375399280E+02   -0.237946185489624398E+02
    0.299148740945830554E+02   -0.237448319576861202E+02
    0.300173638152153046E+02   -0.237365128101010967E+02
    0.299157597484178908E+02   -0.236825414255858639E+02
    0.299157844790158620E+02   -0.236808176198786846E+02
    0.300160629446900096E+02   -0.236456035706400840E+02
    0.300159334715487844E+02   -0.236366835947491083E+02
    0.300154915963780766E+02   -0.236064154253371150E+02
    0.299170861624800395E+02   -0.235912797077670255E+02
    0.299178821117442624E+02   -0.235376837605871465E+02
    0.300115346461218095E+02   -0.233474017456297176E+02
    0.300111638693170306E+02   -0.233242409480881676E+02
    0.299216562912936723E+02   -0.232954720897037966E+02
    0.299227836500578235E+02   -0.232269434103281291E+02
    0.299232391552545778E+02   -0.231997531671208037E+02
    0.299243694394177240E+02   -0.231335229876486324E+02
    0.300076058289061578E+02   -0.231116511624253178E+02
    0.299249790069428521E+02   -0.230985380389992301E+02
    0.299249806238829628E+02   -0.230984459211506064E+02
    0.300068655195219307E+02   -0.230696185190507208E+02
    0.299267930479052318E+02   -0.229974645378171019E+02
    0.299267930479052318E+02   -0.229974645378171019E+02
    0.300041456568352984E+02   -0.229216996566274993E+02
    0.299289441510727450E+02   -0.228835083026557058E+02
    0.299296188098500870E+02   -0.228490859204662442E+02
    0.299296656609200866E+02   -0.228467188618069272E+02
    0.300022757429473828E+02   -0.228259391387573416E+02
    0.299302166157724479E+02   -0.228191106764394505E+02
    0.300019109718680212E+02   -0.228078223917036595E+02
    0.299304486662020963E+02   -0.228076083275132788E+02
    0.300017505447313191E+02   -0.227999128626066536E+02
    0.300010650344812717E+02   -0.227665161504043567E+02
    0.299317385369840565E+02   -0.227450289304283544E+02
    0.299317385369840565E+02   -0.227450289304283544E+02
    0.300004316051990081E+02   -0.227362343754973182E+02
    0.299319614635626721E+02   -0.227344465982610942E+02
    0.299322091053453931E+02   -0.227227716079983892E+02
    0.299322091053453931E+02   -0.227227716079983892E+02
    0.299323138344635957E+02   -0.227178597042421409E+02
    0.299325555834098687E+02   -0.227065793433975358E+02
    0.299326294802146577E+02   -0.227031473376159703E+02
    0.299327488998645741E+02   -0.226976170662888634E+02
    0.299328680469345230E+02   -0.226921190714637149E+02
    0.299329308030832451E+02   -0.226892311065876839E+02
    0.299329308030832451E+02   -0.226892311065876839E+02
    0.299333139112099076E+02   -0.226717190221052576E+02
    0.299333139112099076E+02   -0.226717190221052576E+02
    0.299984282685392643E+02   -0.226441150282820693E+02
    0.299984282685392643E+02   -0.226441150282820693E+02
    0.299340091578053915E+02   -0.226404572927472181E+02
    0.299983437724378703E+02   -0.226403516244905063E+02
    0.299981614710301940E+02   -0.226322656624549090E+02
    0.299345926971853444E+02   -0.226147344298583803E+02
    0.299345926971853444E+02   -0.226147344298583803E+02
    0.299346058612000618E+02   -0.226141595811616796E+02
    0.299969860289472123E+02   -0.225812325176789841E+02
    0.299357403703127929E+02   -0.225655178892327370E+02
    0.299357403703127929E+02   -0.225655178892327370E+02
    0.299965445264327393E+02   -0.225625577860973827E+02
    0.299959682351654386E+02   -0.225385872947463213E+02
    0.299373512443236827E+02   -0.224995100207892698E+02
    0.299949922859781992E+02   -0.224990407167152213E+02
    0.299383103877063448E+02   -0.224619121222661207E+02
    0.299383372211893715E+02   -0.224608785575174750E+02
    0.299384059213451756E+02   -0.224582369216830600E+02
    0.299384059213451756E+02   -0.224582369216830600E+02
    0.299932001886111728E+02   -0.224298527722328096E+02
    0.299931142817644059E+02   -0.224266476954910061E+02
    0.299923263457611782E+02   -0.223977268599331758E+02
    0.299920418287485546E+02   -0.223874947667958288E+02
    0.299403710242895116E+02   -0.223854388023554343E+02
    0.299403710242895116E+02   -0.223854388023554343E+02
    0.299404816758459162E+02   -0.223814984762591394E+02
    0.299407603786380818E+02   -0.223716488383992385E+02
    0.299912549783041769E+02   -0.223597801185355785E+02
    0.299412881533281237E+02   -0.223532910456541138E+02
    0.299412881533281237E+02   -0.223532910456541138E+02
    0.299910667632772387E+02   -0.223532776523456995E+02
    0.299414181778643211E+02   -0.223488274891904091E+02
    0.299907576279387627E+02   -0.223427039282938367E+02
    0.299907551336526055E+02   -0.223426191506951710E+02
    0.299905903682206407E+02   -0.223370380389750949E+02
    0.299421598285691601E+02   -0.223238146724530218E+02
    0.299423500270179836E+02   -0.223175226095987327E+02
    0.299896762773386030E+02   -0.223067568356401935E+02
    0.299426882256595555E+02   -0.223064580283007103E+02
    0.299426882256595555E+02   -0.223064580283007103E+02
    0.299428076678182329E+02   -0.223025881267433554E+02
    0.299428076678182329E+02   -0.223025881267433554E+02
    0.299431161663099523E+02   -0.222926841199344032E+02
    0.299431161663099523E+02   -0.222926841199344032E+02
    0.299431392015858791E+02   -0.222919498779818142E+02
    0.299431392015858791E+02   -0.222919498779818142E+02
    0.299890823737909038E+02   -0.222877017612842394E+02
    0.299890823737909038E+02   -0.222877017612842394E+02
    0.299433390192513471E+02   -0.222856115438210942E+02
    0.299889061597730553E+02   -0.222821418600154573E+02
    0.299888097054163758E+02   -0.222791167185557164E+02
    0.299887143619135941E+02   -0.222761390611853969E+02
    0.299886572035775885E+02   -0.222743599855096157E+02
    0.299886572035775885E+02   -0.222743599855096157E+02
    0.299884870465293503E+02   -0.222690905243657298E+02
    0.299439138921882986E+02   -0.222676841607696794E+02
    0.299439138921882986E+02   -0.222676841607696794E+02
    0.299441268545000909E+02   -0.222611589488401194E+02
    0.299447764529606388E+02   -0.222416425278678886E+02
    0.299447764529606388E+02   -0.222416425278678886E+02
    0.299448762385109930E+02   -0.222386962916965061E+02
    0.299872778692347843E+02   -0.222327976550788335E+02
    0.299451653810511864E+02   -0.222302369164616884E+02
    0.299452452513913059E+02   -0.222279205472353816E+02
    0.299452452513913059E+02   -0.222279205472353816E+02
    0.299868403066774292E+02   -0.222201626352829571E+02
    0.299866015639949062E+02   -0.222133803611542469E+02
    0.299865924093404175E+02   -0.222131218620997259E+02
    0.299459418008891909E+02   -0.222080934168379294E+02
    0.299459628272958369E+02   -0.222075053369912965E+02
    0.299860815656456552E+02   -0.221988808890881799E+02
    0.299860815656456552E+02   -0.221988808890881799E+02
    0.299859708942638044E+02   -0.221958432222280209E+02
    0.299467960915410032E+02   -0.221846922664832533E+02
    0.299471049148009953E+02   -0.221764811853552040E+02
    0.299473644293085215E+02   -0.221696831191031123E+02
    0.299475540532421860E+02   -0.221647747458989315E+02
    0.299847500596717680E+02   -0.221634581549836334E+02
    0.299844831546666732E+02   -0.221566525233550138E+02
    0.299844831546666732E+02   -0.221566525233550138E+02
    0.299843384251118934E+02   -0.221530033537059339E+02
    0.299481708640758697E+02   -0.221491526624415975E+02
    0.299481708640758697E+02   -0.221491526624415975E+02
    0.299487459653654540E+02   -0.221350609160395422E+02
    0.299488308828258454E+02   -0.221330189300838320E+02
    0.299834852237715950E+02   -0.221320796834533589E+02
    0.299834190549697190E+02   -0.221304990402447430E+02
    0.299489426008346911E+02   -0.221303476680271132E+02
    0.299833261473908479E+02   -0.221282898788277791E+02
    0.299832776189197148E+02   -0.221271407119466765E+02
    0.299493921945075314E+02   -0.221197720330556038E+02
    0.299496376235150166E+02   -0.221141168347078327E+02
    0.299497074070306013E+02   -0.221125240853953393E+02
    0.299501203853047215E+02   -0.221032360576054607E+02
    0.299502989504830310E+02   -0.220992930980766253E+02
    0.299820422729403582E+02   -0.220989840173563792E+02
    0.299818964544685294E+02   -0.220957996940331860E+02
    0.299818183875517370E+02   -0.220941069858404084E+02
    0.299505618822553146E+02   -0.220935674737276173E+02
    0.299817454351222104E+02   -0.220925327915700365E+02
    0.299817454351222104E+02   -0.220925327915700365E+02
    0.299814979167912341E+02   -0.220872465958054995E+02
    0.299510992572221468E+02   -0.220821629091366169E+02
    0.299511498345230613E+02   -0.220811100816125325E+02
    0.299810975809115838E+02   -0.220788760361599365E+02
    0.299514202505265992E+02   -0.220755410632606406E+02
    0.299514426077799669E+02   -0.220750851578995118E+02
    0.299805836864192941E+02   -0.220684559415735286E+02
    0.299518498294466227E+02   -0.220669021157011080E+02
    0.299804108101757905E+02   -0.220650326688683407E+02
    0.299519968163660124E+02   -0.220640047659226397E+02
    0.299800401000277326E+02   -0.220578312463616797E+02
    0.299799384879605171E+02   -0.220558905124061333E+02
    0.299797301978689745E+02   -0.220519569187412294E+02
    0.299796215385007194E+02   -0.220499286805342471E+02
    0.299528064554380009E+02   -0.220485809952345200E+02
    0.299529034525981501E+02   -0.220467939865512577E+02
    0.299529143400524376E+02   -0.220465942157541051E+02
    0.299529815460036275E+02   -0.220453647017385812E+02
    0.299791817294342593E+02   -0.220418859812644321E+02
    0.299790782223516530E+02   -0.220400320519686836E+02
    0.299789887913213811E+02   -0.220384421710510310E+02
    0.299789452805569603E+02   -0.220376726478093907E+02
    0.299787113996701180E+02   -0.220335811315318253E+02
    0.299714044281010743E+02   -0.219438509428543931E+02
    0.299557506879114257E+02   -0.220001346567951366E+02
    0.299625526874139645E+02   -0.219340473546850347E+02
    0.299568956373416349E+02   -0.219845320953531598E+02
    0.299731505494317396E+02   -0.219585797644381628E+02
    0.299574482962415765E+02   -0.219776495448838105E+02
    0.299671150216579960E+02   -0.219255692918726695E+02
    0.299700356681143063E+02   -0.219352531366252030E+02
    0.299729403843702755E+02   -0.219565837922840146E+02
    0.299657387995161635E+02   -0.219250949269290771E+02
    0.299775721613360986E+02   -0.220147328803933320E+02
    0.299549682658878389E+02   -0.220118396331373027E+02
    0.299654503454394927E+02   -0.219253275113121617E+02
    0.299575653187876121E+02   -0.219762463874040108E+02
    0.299572905633011288E+02   -0.219795708048702210E+02
    0.299619099110351286E+02   -0.219375551265641455E+02
    0.299568780408390509E+02   -0.219847581719178571E+02
    0.299628549237482602E+02   -0.219325954676458181E+02
    0.299708427955085490E+02   -0.219400096427218969E+02
    0.299617952789105360E+02   -0.219382407311274008E+02
    0.299660130676378813E+02   -0.219249804932539476E+02
    0.299648827022329769E+02   -0.219261212132815402E+02
    0.299555757935930274E+02   -0.220026775968873523E+02
    0.299595984963577280E+02   -0.219548903272394931E+02
    0.299730005277058851E+02   -0.219571487448344733E+02
    0.299627808373486317E+02   -0.219329396778731969E+02
    0.299766329114365213E+02   -0.220005431741500708E+02
    0.299564124224233197E+02   -0.219908959164312705E+02
    0.299653538820447451E+02   -0.219254309639783429E+02
    0.299644090388378785E+02   -0.219271245398496717E+02
    0.299747953048653848E+02   -0.219763097410490928E+02
    0.299557552453415354E+02   -0.220000689578430837E+02
    0.299543745462782987E+02   -0.220212865590636824E+02
    0.299777486807227689E+02   -0.220175358245056856E+02
    0.299542718506255703E+02   -0.220229700433343822E+02
    0.299645353843833817E+02   -0.219268265701297764E+02
    0.299729571940016584E+02   -0.219567411888233508E+02
    0.299654771371456476E+02   -0.219253010616439497E+02
    0.299730668706965560E+02   -0.219577777355302004E+02
    0.299622449308735561E+02   -0.219356555606020436E+02
    0.299659948605744972E+02   -0.219249848663303020E+02
    0.299688908955795696E+02   -0.219300518216545122E+02
    0.299696919363335468E+02   -0.219335009996760490E+02
    0.299751365743505893E+02   -0.219804571523623054E+02
    0.299720312163472649E+02   -0.219486529114638671E+02
    0.299678069849190649E+02   -0.219267973070253532E+02
    0.299662307088630584E+02   -0.219249637100320349E+02
    0.299699142457608403E+02   -0.219346155349445660E+02
    0.299624100417093508E+02   -0.219347764762938056E+02
    0.299743678133225231E+02   -0.219713417116476890E+02
    0.299741533004044065E+02   -0.219689440035856727E+02
    0.299595519961006680E+02   -0.219553148813548091E+02
    0.299590557668648536E+02   -0.219600317400253786E+02
    0.299609702442936623E+02   -0.219437112228681528E+02
    0.299737532441465788E+02   -0.219646423890057250E+02
    0.299698255458873106E+02   -0.219341626491450654E+02
    0.299580936030709069E+02   -0.219701477115869679E+02
    0.299749118502113170E+02   -0.219777079952734020E+02
    0.299574251379140222E+02   -0.219779294691540876E+02
    0.299761185222638744E+02   -0.219932890500135478E+02
    0.299652665207236915E+02   -0.219255357587993487E+02
    0.299767815722463133E+02   -0.220027078025150757E+02
    0.299768446075622990E+02   -0.220036348771681602E+02
    0.299653429999407344E+02   -0.219254434422322646E+02
    0.299676386950646609E+02   -0.219264377113608582E+02
    0.299548417552668838E+02   -0.220138117295620397E+02
    0.299596589900803494E+02   -0.219543424859739744E+02
    0.299631568167127753E+02   -0.219312713339356158E+02
    0.299707512766071247E+02   -0.219394250273641340E+02
    0.299596604428913516E+02   -0.219543293913006110E+02
    0.299770003814754205E+02   -0.220059494464315826E+02
    0.299654995923808443E+02   -0.219252796576989901E+02
    0.299726513175819562E+02   -0.219539382580088436E+02
    0.299646257971954668E+02   -0.219266268935138484E+02
    0.299602814983987038E+02   -0.219489989230587881E+02
    0.299592541932510379E+02   -0.219581047596567593E+02
    0.299649607052348799E+02   -0.219259857383936136E+02
    0.299654537986071148E+02   -0.219253240465063222E+02
    0.299636638508279525E+02   -0.219293310206644421E+02
    0.299656859131175608E+02   -0.219251289559349303E+02
    0.299693431889087805E+02   -0.219318902755140996E+02
    0.299600806683976515E+02   -0.219506642783157666E+02
    0.299642586430060618E+02   -0.219275080067273116E+02
    0.299736421901777703E+02   -0.219634875244041794E+02
    0.299770144689250486E+02   -0.220061604195562914E+02
    0.299732312265864422E+02   -0.219593621924777267E+02
    0.299768742869254012E+02   -0.220040732808803234E+02
    0.299590272569512450E+02   -0.219603130821441539E+02
    0.299659040164481638E+02   -0.219250135355089206E+02
    0.299707940984303249E+02   -0.219396971278873707E+02
