    0.196414676025199492E-95    0.481121911363980246E+03    0.305285035855484921E+02
    0.303183293238359173E-94    0.475628522313020824E+03    0.305249602091819625E+02
    0.529027145117907348E-92    0.465284777553503034E+03    0.305182265022107728E+02
    0.112928395439074519E-91    0.463748178958286019E+03    0.305172191672457416E+02
    0.242532986171020984E-91    0.462199411403494651E+03    0.294161533178018928E+02
    0.368510079321990272E-88    0.447527240171571634E+03    0.294258845084234011E+02
    0.286291306395156793E-86    0.438801816234152852E+03    0.294317555845035628E+02
    0.171832296260791414E-84    0.430592457595864914E+03    0.304950163822705491E+02
    0.420795653198307119E-81    0.414965690333726172E+03    0.294481332489428098E+02
    0.330115461930598633E-78    0.401615589482991652E+03    0.304748189449310303E+02
    0.304800581942671618E-76    0.392544818600679321E+03    0.294640257896195692E+02
    0.552510814675135388E-76    0.391335188052276180E+03    0.304674577713012695E+02
    0.480239278414723837E-71    0.368569714184099553E+03    0.304507589666034235E+02
    0.272039774332703071E-68    0.355870876009377582E+03    0.304411891954956708E+02
    0.328765803445944673E-67    0.350866911085619222E+03    0.304373648558430716E+02
    0.121831982935362622E-66    0.348227146393976341E+03    0.304353348239887680E+02
    0.178973009405091295E-65    0.342832792002902977E+03    0.304311588978378538E+02
    0.682696768278315273E-65    0.340135160439599417E+03    0.295032988533136518E+02
    0.568318668087295894E-61    0.322061216683471571E+03    0.304147160856719445E+02
    0.125474706717863446E-60    0.320457202694686259E+03    0.295189341026706558E+02
    0.279658034562646220E-60    0.318834275987742785E+03    0.295202480798683027E+02
    0.292701430093586981E-58    0.309512764559928542E+03    0.304044839298317449E+02
    0.762007634286988105E-58    0.307579157570264897E+03    0.304028859271651015E+02
    0.685725086346872741E-57    0.303164946935770104E+03    0.295331395384780180E+02
    0.934520822943052493E-57    0.302525832714867533E+03    0.303986817998274681E+02
    0.276042261085961954E-56    0.300339622399315942E+03    0.303968502582931563E+02
    0.133779956584498645E-55    0.297163167490749970E+03    0.295381801529770271E+02
    0.177584673848097581E-55    0.296576665099204206E+03    0.295386759166822372E+02
    0.186623383925689995E-55    0.296457374968376200E+03    0.303935784841099625E+02
    0.230010120999621983E-55    0.296019313536469781E+03    0.303932077328510175E+02
    0.701524938797344772E-55    0.293769047261904291E+03    0.295410571717398724E+02
    0.100607435363229231E-54    0.293027937644872736E+03    0.295416879653930664E+02
    0.150923982106155842E-54    0.292196837414501999E+03    0.295423964712054357E+02
    0.175229215542155137E-54    0.291878200135128623E+03    0.303896868846614012E+02
    0.313028980340494279E-53    0.286092628238693408E+03    0.295476370097734424E+02
    0.214455698741381599E-52    0.282223843234381832E+03    0.295509926547373105E+02
    0.260585157465373233E-52    0.281814190187443444E+03    0.303810057433858383E+02
    0.299712714099606822E-52    0.281514400810752761E+03    0.295516109466552734E+02
    0.693983803686031796E-50    0.270604811985919184E+03    0.303711175918579102E+02
    0.719822762869259190E-50    0.270511699193080744E+03    0.303710344426909167E+02
    0.273230774823491988E-49    0.267823905510904922E+03    0.295637284518867460E+02
    0.962208483110800842E-49    0.265286076753951534E+03    0.295660150051116943E+02
    0.201695225399740066E-47    0.259180683127389671E+03    0.295715701667225872E+02
    0.600911804173335691E-46    0.252372132136573526E+03    0.295778588304905163E+02
    0.477971646168128802E-45    0.248204755475006891E+03    0.303505965596741909E+02
    0.906950908152967368E-45    0.246903681654931546E+03    0.295829844474792480E+02
    0.129054394460091171E-44    0.246178220159266516E+03    0.295836695878635858E+02
    0.165120102525052888E-44    0.245665341908792442E+03    0.303482006039510566E+02
    0.499759751198693535E-42    0.234220092772539800E+03    0.303372099642583422E+02
    0.113733229678761188E-41    0.232555466326106000E+03    0.303355842203205057E+02
    0.880457197011059267E-41    0.228442294928008891E+03    0.296008192009882336E+02
    0.160031796079432952E-40    0.227227262329276869E+03    0.296020236260188341E+02
    0.194625214253743519E-36    0.208395175165283035E+03    0.303111267089843750E+02
    0.253748367176083572E-36    0.207844640436176007E+03    0.296218061447143555E+02
    0.286820243296753025E-36    0.207579615248185291E+03    0.296220845196172320E+02
    0.105141470985825448E-34    0.200356372683266443E+03    0.296297602893612044E+02
    0.209011314584946828E-34    0.198962209480783201E+03    0.303010932575000353E+02
    0.383573230204322302E-34    0.197727925145580031E+03    0.302997580740048420E+02
    0.107741098006744826E-33    0.195642353852406018E+03    0.296348655194374757E+02
    0.114023695547845272E-32    0.190903833318389417E+03    0.296400778233724367E+02
    0.136163642340431517E-31    0.185923760867535805E+03    0.302867081367648581E+02
    0.431522433630462042E-31    0.183596836699266703E+03    0.302840724321689869E+02
    0.516510820240241293E-31    0.183217283222360976E+03    0.302836404365545810E+02
    0.365647911506374760E-30    0.179282963751426195E+03    0.296532279109891839E+02
    0.385430272693195282E-29    0.174552414722065237E+03    0.302736132957690067E+02
    0.208602209445451553E-28    0.171155106870811210E+03    0.296627638546048757E+02
    0.777770079187654561E-28    0.168503103234463879E+03    0.302664144817720704E+02
    0.218846598929271706E-27    0.166414052907668577E+03    0.302638880322374888E+02
    0.236856227283339306E-27    0.166235888311162000E+03    0.296686837346306689E+02
    0.332939895966934153E-27    0.165534870991209857E+03    0.302628183364868164E+02
    0.337385004508561656E-27    0.165488345503666096E+03    0.302627616216992195E+02
    0.816869196079793454E-27    0.163699836994756282E+03    0.302605731386080947E+02
    0.425624067642528275E-26    0.160378511794736568E+03    0.302564652806572809E+02
    0.668123296741178609E-25    0.154851509116500580E+03    0.302494974192852020E+02
    0.121654261344342298E-24    0.153632918199116205E+03    0.302479379655056881E+02
    0.364338678872216367E-24    0.151419116652419035E+03    0.302450826138871030E+02
    0.458064826859412584E-24    0.150941262960523318E+03    0.296878928699146059E+02
    0.720037544450639172E-24    0.150016677683999546E+03    0.302432585299927652E+02
    0.384803497284133549E-22    0.142039478408812244E+03    0.296997097343694989E+02
    0.135109669262110270E-21    0.139507600210370754E+03    0.297031676911054738E+02
    0.146572600353763235E-21    0.139324732094957596E+03    0.297034192085266113E+02
    0.178226418139300361E-21    0.138913664329499653E+03    0.302283698324553214E+02
    0.105873584796126087E-19    0.130724941893220375E+03    0.302168230528496622E+02
    0.211831271884166502E-19    0.129317853324607540E+03    0.302147849524196133E+02
    0.430698857183821343E-19    0.127878615188172986E+03    0.297196724531428700E+02
    0.453185542592650943E-19    0.127756830209655519E+03    0.297198511511278696E+02
    0.471917000668025364E-19    0.127655827217339919E+03    0.302123558521270752E+02
    0.139016435256783241E-18    0.125475078948716018E+03    0.297232235181849056E+02
    0.630966322526121787E-18    0.122429758300460890E+03    0.302045565682937323E+02
    0.723451607415179052E-17    0.117531025779414307E+03    0.301970066373557664E+02
    0.753179541659236844E-17    0.117430485824490376E+03    0.301968490972455683E+02
    0.106669402061508174E-16    0.116714454205289670E+03    0.301957239914222910E+02
    0.245797327490013800E-16    0.115024908258793644E+03    0.297393082253430698E+02
    0.418660089925172282E-16    0.113939804208618284E+03    0.297410442456206354E+02
    0.706311182269967413E-16    0.112873811090594074E+03    0.297427628258733243E+02
    0.880561891407826030E-16    0.112412802474190627E+03    0.301888451392155588E+02
    0.165012549465878702E-15    0.111136709664793912E+03    0.297455920434496406E+02
    0.301444805160291848E-15    0.109911578857655314E+03    0.301847458699982312E+02
    0.716860553664902296E-15    0.108158990049825022E+03    0.301818271186664191E+02
    0.855391921242093376E-15    0.107785633218894603E+03    0.297511550924660497E+02
    0.185594520358796954E-14    0.106216453943585748E+03    0.297538101424587040E+02
    0.304041221952590015E-14    0.105209255954076809E+03    0.297555319534990765E+02
    0.332120916702946294E-14    0.105012584316468832E+03    0.297558698098858727E+02
    0.559799641566111090E-14    0.103948424661976560E+03    0.297577073947026420E+02
    0.813172522341709239E-14    0.103181695952284585E+03    0.301733138243960184E+02
    0.168350260557424610E-13    0.101706318962935313E+03    0.297616330756352170E+02
    0.404020677528720329E-13    0.999354802322660305E+02    0.301675676062445675E+02
    0.815048720164616085E-13    0.985119165679779201E+02    0.301649953389998586E+02
    0.135175399410744487E-12    0.974800957835211932E+02    0.297692453861236572E+02
    0.369057029896599583E-12    0.954513397942566684E+02    0.301593491717492626E+02
    0.403793936975719650E-12    0.952514327818902160E+02    0.297733806761750657E+02
    0.766009028530123649E-12    0.939508542510563416E+02    0.301565198949941546E+02
    0.283103366728929012E-11    0.913164478087691265E+02    0.297809072696798722E+02
    0.410320306791629411E-11    0.905541957960573427E+02    0.297824008937394851E+02
    0.653873136954715223E-11    0.896022452726981271E+02    0.297842834522061004E+02
    0.977400327243571953E-11    0.887782793383036335E+02    0.297859287845944110E+02
    0.135806685295287029E-10    0.881004369058252479E+02    0.301450616294422389E+02
    0.137379058800531781E-10    0.880574138762159038E+02    0.301449746473757720E+02
    0.182661952754469719E-10    0.874676274078916123E+02    0.297885773575040673E+02
    0.380652814141649194E-10    0.859791263701782924E+02    0.301407212430232363E+02
    0.419493745137334200E-10    0.857648045605769056E+02    0.301402767034453163E+02
    0.483542625736704904E-10    0.854606228480350438E+02    0.297927114822714358E+02
    0.591971951980621964E-10    0.850359832809071179E+02    0.301387564376093842E+02
    0.613971444113769601E-10    0.849430049533929434E+02    0.297937937781702473E+02
    0.126068060550128411E-09    0.834840877571956810E+02    0.301354738240396216E+02
    0.192291851174566624E-09    0.826197030534008547E+02    0.301336175503746233E+02
    0.251449481160676680E-09    0.820632474071676086E+02    0.297999437155468634E+02
    0.495836864837264012E-09    0.806852376634456760E+02    0.301293867915338396E+02
    0.595025337762096338E-09    0.803005236273939289E+02    0.298038230427193440E+02
    0.254488059449560746E-08    0.773740535852190447E+02    0.301218785239480482E+02
    0.325839306992818933E-08    0.768597527466216377E+02    0.301206795877342515E+02
    0.341569218150419611E-08    0.767454607255253194E+02    0.301204118848979903E+02
    0.442290648084533848E-08    0.762086269379879866E+02    0.301191482068763356E+02
    0.449030944470075861E-08    0.761583778116138035E+02    0.301190293884084852E+02
    0.794222129497951692E-08    0.749978350552428026E+02    0.298160962950992356E+02
    0.879649097104507784E-08    0.747735152703145758E+02    0.301157176091548884E+02
    0.209968490910135322E-07    0.730134762812943023E+02    0.301113996812756461E+02
    0.216718459955451172E-07    0.729301930504380920E+02    0.298211631301626134E+02
    0.750093168324794670E-07    0.704269963871474545E+02    0.298275448967731407E+02
    0.826670015903401407E-07    0.702125800296863360E+02    0.298281052543286052E+02
    0.978330351331090914E-07    0.698556964425513200E+02    0.298290430141215488E+02
    0.121284397405422024E-06    0.694059446886020766E+02    0.298302340100370955E+02
    0.164826059334361225E-06    0.687724395836487616E+02    0.301004257770376640E+02
    0.248366047459603625E-06    0.679324137361120535E+02    0.298342113711988794E+02
    0.304755134036373568E-06    0.675032038177869538E+02    0.300969626637761998E+02
    0.333802949665125887E-06    0.673011193520301561E+02    0.298359525286322516E+02
    0.371634130102048888E-06    0.670664013495202909E+02    0.300957494405139947E+02
    0.443300348734065113E-06    0.666937259907996776E+02    0.300947052776821593E+02
    0.452253855341656402E-06    0.666337337495738211E+02    0.298378189082027880E+02
    0.491264724805179994E-06    0.664482547738709854E+02    0.298383424488300975E+02
    0.496531788321282920E-06    0.664069260351517414E+02    0.300938959083292126E+02
    0.544892368583938602E-06    0.662010444750098657E+02    0.298390435864758530E+02
    0.646111329375125015E-06    0.658402773967990100E+02    0.300922815164971880E+02
    0.646426820090814271E-06    0.658193010520092372E+02    0.300922213576374098E+02
    0.716751493692520875E-06    0.655927626701735562E+02    0.298407854851610779E+02
    0.786748884844650034E-06    0.653864028106091553E+02    0.298413819482008265E+02
    0.841309547392081180E-06    0.652323017219110284E+02    0.298418292283423483E+02
    0.108614484452593748E-05    0.647014413157885713E+02    0.300889727763845265E+02
    0.111181685667140516E-05    0.646347195196387503E+02    0.300887761557840960E+02
    0.114277166635957694E-05    0.645597972939072946E+02    0.298438003127035962E+02
    0.115320489884011079E-05    0.645216206200646525E+02    0.298439131602013319E+02
    0.144932304344946224E-05    0.640445173280319580E+02    0.298453323304165465E+02
    0.211477218685773115E-05    0.632688163024372159E+02    0.300846793351360056E+02
    0.281090086687528787E-05    0.626797004393701087E+02    0.298494873220214600E+02
    0.361147862394150563E-05    0.621584759304819272E+02    0.298511137005314104E+02
    0.423639121841569573E-05    0.618192869314977784E+02    0.300801707700403504E+02
    0.522755783454277434E-05    0.613788220581356612E+02    0.298535903028130249E+02
    0.572416923273840051E-05    0.611773156362413246E+02    0.300781159988757238E+02
    0.603140445525425572E-05    0.610527506998143252E+02    0.300777129161979460E+02
    0.800348203714804576E-05    0.604669570864364445E+02    0.298565578460693359E+02
    0.849290766499982953E-05    0.603282476440029853E+02    0.300753389793213870E+02
    0.124280979440508565E-04    0.595467907448556915E+02    0.298596361604344693E+02
    0.160808011113878748E-04    0.590114583239519561E+02    0.300708866179962655E+02
    0.211526754316898874E-04    0.584431776988028062E+02    0.300689055403256944E+02
    0.275182692380996424E-04    0.578970102496315064E+02    0.298653904446196776E+02
    0.298061805397549113E-04    0.577172789443520173E+02    0.300663180033662663E+02
    0.344748449788849531E-04    0.574062506356011113E+02    0.298671666855182849E+02
    0.363979901477034425E-04    0.572776833748998513E+02    0.300647179951654167E+02
    0.531109409991889343E-04    0.565019445852795528E+02    0.300618292523962261E+02
    0.775716237811520907E-04    0.557243071149090454E+02    0.298735122067463692E+02
    0.782072695351805299E-04    0.556879852816142602E+02    0.298736540396528873E+02
    0.800679718201786829E-04    0.556209586463319070E+02    0.298739163439799711E+02
    0.960378406286561102E-04    0.552372259156571914E+02    0.300569226540354428E+02
    0.116270529568301140E-03    0.548348712350659042E+02    0.298770502440079753E+02
    0.120095060601459243E-03    0.547501432879744954E+02    0.300549606722758362E+02
    0.122750067367106362E-03    0.546864098587114569E+02    0.298776545705062802E+02
    0.125338503492429998E-03    0.546246742794107689E+02    0.298779070891469871E+02
    0.128640663701399464E-03    0.545526645601161135E+02    0.298782025481536877E+02
    0.187634947618826127E-03    0.537777138753524468E+02    0.298814473843995003E+02
    0.190147466214902696E-03    0.537311106715028117E+02    0.298816464894752478E+02
    0.202374009302485469E-03    0.535864754564303141E+02    0.300500878760238450E+02
    0.226931061462507270E-03    0.533374179349729260E+02    0.300490077270487319E+02
    0.229720842962613330E-03    0.532929807986685802E+02    0.300488135213303664E+02
    0.233210122654956123E-03    0.532428307674003634E+02    0.298837615071196154E+02
    0.240546557818770162E-03    0.531608831728631159E+02    0.300482334948251051E+02
    0.258338150333844595E-03    0.529981717157615151E+02    0.298848419445708444E+02
    0.275465821194485641E-03    0.528497833698980628E+02    0.298855042907436115E+02
    0.292853915511720236E-03    0.527073626840664176E+02    0.300462101509214712E+02
    0.302794036940343581E-03    0.526206048330799163E+02    0.298865380750414857E+02
    0.331530289000000382E-03    0.524192721397226933E+02    0.300448978529526229E+02
    0.364920776091843375E-03    0.522073499332511659E+02    0.298884369318387826E+02
    0.394883086866230199E-03    0.520295310127465171E+02    0.298892684135941415E+02
    0.453170786820389848E-03    0.517341723551313137E+02    0.300416855620769354E+02
    0.504915515404999807E-03    0.514979282515873678E+02    0.300405456966329609E+02
    0.579790292175544667E-03    0.512013775438006462E+02    0.298932656704767936E+02
    0.574265200770911525E-03    0.512005278659532337E+02    0.300390854215736951E+02
    0.570409851679633847E-03    0.511940002087333994E+02    0.298933022639954729E+02
    0.582581765133312161E-03    0.511317713998583301E+02    0.298936116695404053E+02
    0.619495222033835616E-03    0.509889005128463566E+02    0.298943270734423550E+02
    0.640366407158705149E-03    0.509026294422571155E+02    0.300375927730373640E+02
    0.640400531435144976E-03    0.508825228677495431E+02    0.300374909016191047E+02
    0.920260574264925111E-03    0.501373967640177227E+02    0.300336072179606610E+02
    0.918152925137675981E-03    0.501219825659634353E+02    0.300335245129980812E+02
    0.950143088834662797E-03    0.500334853035344622E+02    0.300330477010015251E+02
    0.953041960096462034E-03    0.500073926253573973E+02    0.298994488391310504E+02
    0.944961429564714116E-03    0.500044222669208125E+02    0.298994649360372122E+02
    0.968385245080324408E-03    0.499354505125750094E+02    0.298998398046829053E+02
    0.966972113757682281E-03    0.499183711754021004E+02    0.300324223453978476E+02
    0.975138679168169147E-03    0.498815510978361374E+02    0.299001342347011878E+02
    0.966853704713422431E-03    0.498786160972420731E+02    0.299001503050781672E+02
    0.986784184869897484E-03    0.498178077740025458E+02    0.299004841409792022E+02
    0.106699702093496023E-02    0.496415035710977364E+02    0.299014617796820836E+02
    0.116816668273081545E-02    0.494403287676437841E+02    0.300297596154372499E+02
    0.121769697788988093E-02    0.493372772283082810E+02    0.300291708659901779E+02
    0.120880921923403992E-02    0.493319284143017427E+02    0.300291401570959522E+02
    0.121727456468957718E-02    0.492979711390126312E+02    0.299034104564139156E+02
    0.133531464426343144E-02    0.490928660263894869E+02    0.299046033035486047E+02
    0.137269309163025321E-02    0.490176507905760275E+02    0.300273087339608047E+02
    0.137627317747798187E-02    0.489924414318261441E+02    0.299051958597835039E+02
    0.139441748810873313E-02    0.489462464180912988E+02    0.300268849296816853E+02
    0.138826246692194829E-02    0.489350940488992023E+02    0.299055368358147895E+02
    0.141058245585778019E-02    0.488831945150211595E+02    0.300265082245193753E+02
    0.166226985630407113E-02    0.485348318283933509E+02    0.299079723127694486E+02
    0.184980437470457513E-02    0.483010401515350623E+02    0.300229120926158153E+02
    0.183949997163742728E-02    0.482922123714390921E+02    0.299094995009919558E+02
    0.183705914876098535E-02    0.482748679231711435E+02    0.300227450496010562E+02
    0.182271389812656628E-02    0.482705468452450006E+02    0.299096378826816220E+02
    0.182585980854796598E-02    0.482470979236072139E+02    0.299097880379171066E+02
    0.181532005100691488E-02    0.482386763540986863E+02    0.299098420631406583E+02
    0.186290208263046090E-02    0.481669288691999071E+02    0.300220508569407549E+02
    0.191302595561744222E-02    0.480938274149601028E+02    0.300215757763203825E+02
    0.192099942298904185E-02    0.480655087648946733E+02    0.300213906371245258E+02
    0.209808325532788746E-02    0.478691515469782374E+02    0.299122658808894606E+02
    0.225734995890551453E-02    0.477028168502993211E+02    0.300189620755812072E+02
    0.228834275075510312E-02    0.476555441998275882E+02    0.299137180458880536E+02
    0.230940684017981804E-02    0.476172185068924989E+02    0.299139828697608117E+02
    0.231864141438460972E-02    0.475892370979248795E+02    0.300181782375399280E+02
    0.241275200830729257E-02    0.474896639153722404E+02    0.299148740945830554E+02
    0.240869993469026381E-02    0.474730256202021934E+02    0.300173638152153046E+02
    0.251697690442750010E-02    0.473650828511717279E+02    0.299157597484178908E+02
    0.249623187788249436E-02    0.473616352397573692E+02    0.299157844790158620E+02
    0.251026086210589215E-02    0.473304265779886464E+02    0.299160089013807209E+02
    0.253450004129525657E-02    0.472912071412801680E+02    0.300160629446900096E+02
    0.253176419780074208E-02    0.472733671894982166E+02    0.300159334715487844E+02
    0.258360197735982115E-02    0.472128308506742300E+02    0.300154915963780766E+02
    0.259690475785179188E-02    0.471825594155340511E+02    0.299170861624800395E+02
    0.271262338469295929E-02    0.470753675211742930E+02    0.299178821117442624E+02
    0.280308739306427005E-02    0.469897570315275246E+02    0.299185273578867523E+02
    0.321619254420125750E-02    0.466948034912594352E+02    0.300115346461218095E+02
    0.320354227802620685E-02    0.466826856128105447E+02    0.299209173626566312E+02
    0.322637436054127929E-02    0.466484818961763352E+02    0.300111638693170306E+02
    0.328750157358176105E-02    0.465909441794075931E+02    0.299216562912936723E+02
    0.348565702388690382E-02    0.464538868206562583E+02    0.299227836500578235E+02
    0.354609429326163206E-02    0.463995063342416074E+02    0.299232391552545778E+02
    0.375120446176150117E-02    0.462670459752972647E+02    0.299243694394177240E+02
    0.379600350253520577E-02    0.462233023248506356E+02    0.300076058289061578E+02
    0.380783934362256132E-02    0.461970760779984602E+02    0.299249790069428521E+02
    0.377029800484160113E-02    0.461968918423012127E+02    0.299249806238829628E+02
    0.384195536569565711E-02    0.461392370381014416E+02    0.300068655195219307E+02
    0.408832531613656427E-02    0.459949290756342037E+02    0.299267930479052318E+02
    0.436623162728311427E-02    0.458433993132549986E+02    0.300041456568352984E+02
    0.449107306513282095E-02    0.457670166053114116E+02    0.299289441510727450E+02
    0.460210609473782513E-02    0.456981718409324884E+02    0.299296188098500870E+02
    0.456711221190095502E-02    0.456934377236138545E+02    0.299296656609200866E+02
    0.461661072750668439E-02    0.456518782775146832E+02    0.300022757429473828E+02
    0.460199216653285354E-02    0.456382213528789009E+02    0.299302166157724479E+02
    0.460792466334724628E-02    0.456156447834073191E+02    0.300019109718680212E+02
    0.456305172830953794E-02    0.456152166550265576E+02    0.299304486662020963E+02
    0.455254812308081812E-02    0.455998257252133072E+02    0.300017505447313191E+02
    0.466031860260999846E-02    0.455330323008087134E+02    0.300010650344812717E+02
    0.471416136732495748E-02    0.454900578608567088E+02    0.299317385369840565E+02
    0.470848212844338521E-02    0.454724687509946364E+02    0.300004316051990081E+02
    0.466997336203035535E-02    0.454688931965221883E+02    0.299319614635626721E+02
    0.467780207661886143E-02    0.454455432159967785E+02    0.299322091053453931E+02
    0.465406141803962302E-02    0.454357194084842817E+02    0.299323138344635957E+02
    0.466002411243330965E-02    0.454131586867950716E+02    0.299325555834098687E+02
    0.462951739464598135E-02    0.454062946752319405E+02    0.299326294802146577E+02
    0.460887088452840380E-02    0.453952341325777269E+02    0.299327488998645741E+02
    0.458816836035815662E-02    0.453842381429274297E+02    0.299328680469345230E+02
    0.455565290839813047E-02    0.453784622131753679E+02    0.299329308030832451E+02
    0.459000422136022091E-02    0.453434380442105152E+02    0.299333139112099076E+02
    0.467152204173374407E-02    0.452882300565641387E+02    0.299984282685392643E+02
    0.464198776957232100E-02    0.452809145854944362E+02    0.299340091578053915E+02
    0.459628487528117996E-02    0.452807032489810126E+02    0.299983437724378703E+02
    0.458749582550539887E-02    0.452645313249098180E+02    0.299981614710301940E+02
    0.462217575097674267E-02    0.452294688597167607E+02    0.299345926971853444E+02
    0.457881570366139388E-02    0.452283191623233591E+02    0.299346058612000618E+02
    0.468500717974102213E-02    0.451624650353579682E+02    0.299969860289472123E+02
    0.471185690005984995E-02    0.451310357784654741E+02    0.299357403703127929E+02
    0.467880240009313757E-02    0.451251155721947654E+02    0.299965445264327393E+02
    0.474462629403480437E-02    0.450771745894926426E+02    0.299959682351654386E+02
    0.488461243742123550E-02    0.449990200415785395E+02    0.299373512443236827E+02
    0.483827982330712648E-02    0.449980814334304426E+02    0.299949922859781992E+02
    0.497133215584331760E-02    0.449238242445322413E+02    0.299383103877063448E+02
    0.492695627200634163E-02    0.449217571150349499E+02    0.299383372211893715E+02
    0.489083499327418181E-02    0.449164738433661199E+02    0.299384059213451756E+02
    0.498158041764136354E-02    0.448597055444656192E+02    0.299932001886111728E+02
    0.494784570319386271E-02    0.448532953909820122E+02    0.299931142817644059E+02
    0.504235434991568126E-02    0.447954537198663516E+02    0.299923263457611782E+02
    0.504352478157570235E-02    0.447749895335916577E+02    0.299920418287485546E+02
    0.500361756341600582E-02    0.447708776047108685E+02    0.299403710242895116E+02
    0.497338895290258716E-02    0.447629969525182787E+02    0.299404816758459162E+02
    0.497264119971438726E-02    0.447432976767984769E+02    0.299407603786380818E+02
    0.498194236102486154E-02    0.447195602370711569E+02    0.299912549783041769E+02
    0.496448179381183113E-02    0.447065820913082277E+02    0.299412881533281237E+02
    0.491515020429589885E-02    0.447065553046913990E+02    0.299910667632772387E+02
    0.488794747776367597E-02    0.446976549783808181E+02    0.299414181778643211E+02
    0.486903632467320345E-02    0.446854078565876733E+02    0.299907576279387627E+02
    0.482099729901124766E-02    0.446852383013903420E+02    0.299907551336526055E+02
    0.479974085007437313E-02    0.446740760779501898E+02    0.299905903682206407E+02
    0.481523713573200809E-02    0.446476293449060435E+02    0.299421598285691601E+02
    0.479741560007679139E-02    0.446350452191974654E+02    0.299423500270179836E+02
    0.480109074299637107E-02    0.446135136712803870E+02    0.299896762773386030E+02
    0.475473963077295558E-02    0.446129160566014207E+02    0.299426882256595555E+02
    0.472568176355539927E-02    0.446051762534867109E+02    0.299428076678182329E+02
    0.472522815205517113E-02    0.445853682398688065E+02    0.299431161663099523E+02
    0.468164754674958283E-02    0.445838997559636283E+02    0.299431392015858791E+02
    0.465479655231937350E-02    0.445754035225684788E+02    0.299890823737909038E+02
    0.461812335355441753E-02    0.445712230876421884E+02    0.299433390192513471E+02
    0.458806380383744005E-02    0.445642837200309145E+02    0.299889061597730553E+02
    0.455617405037434756E-02    0.445582334371114328E+02    0.299888097054163758E+02
    0.452429111258968990E-02    0.445522781223707938E+02    0.299887143619135941E+02
    0.448724972357594353E-02    0.445487199710192314E+02    0.299886572035775885E+02
    0.446607274315738781E-02    0.445381810487314596E+02    0.299884870465293503E+02
    0.442785737751310009E-02    0.445353683215393588E+02    0.299439138921882986E+02
    0.441249821189686978E-02    0.445223178976802387E+02    0.299441268545000909E+02
    0.445468984065721437E-02    0.444832850557357773E+02    0.299447764529606388E+02
    0.442337807332522561E-02    0.444773925833930122E+02    0.299448762385109930E+02
    0.440527334488281797E-02    0.444655953101576671E+02    0.299872778692347843E+02
    0.437262296294967014E-02    0.444604738329233768E+02    0.299451653810511864E+02
    0.433915408848834817E-02    0.444558410944707632E+02    0.299452452513913059E+02
    0.432943622119793051E-02    0.444403252705659142E+02    0.299868403066774292E+02
    0.431552767121193281E-02    0.444267607223084937E+02    0.299866015639949062E+02
    0.427369205600357932E-02    0.444262437241994519E+02    0.299865924093404175E+02
    0.425249788964557601E-02    0.444161868336758587E+02    0.299459418008891909E+02
    0.421266148167410460E-02    0.444150106739825929E+02    0.299459628272958369E+02
    0.420687072999289310E-02    0.443977617781763598E+02    0.299860815656456552E+02
    0.417768282037432170E-02    0.443916864444560417E+02    0.299859708942638044E+02
    0.418249391656452113E-02    0.443693845329665066E+02    0.299467960915410032E+02
    0.417501846274918528E-02    0.443529623707104079E+02    0.299471049148009953E+02
    0.416167170934822819E-02    0.443393662382062246E+02    0.299473644293085215E+02
    0.414053588368723698E-02    0.443295494917978630E+02    0.299475540532421860E+02
    0.410473756742884850E-02    0.443269163099672667E+02    0.299847500596717680E+02
    0.409164644363832659E-02    0.443133050467100276E+02    0.299844831546666732E+02
    0.406574343110017045E-02    0.443060067074118678E+02    0.299843384251118934E+02
    0.404081863318322531E-02    0.442983053248831951E+02    0.299481708640758697E+02
    0.405738651094854179E-02    0.442701218320790844E+02    0.299487459653654540E+02
    0.402522590909928143E-02    0.442660378601676641E+02    0.299488308828258454E+02
    0.398891906196475760E-02    0.442641593669067177E+02    0.299834852237715950E+02
    0.395547591163039093E-02    0.442609980804894860E+02    0.299834190549697190E+02
    0.391671110508369676E-02    0.442606953360542263E+02    0.299489426008346911E+02
    0.388572696400160244E-02    0.442565797576555582E+02    0.299833261473908479E+02
    0.385148679363761601E-02    0.442542814238933531E+02    0.299832776189197148E+02
    0.384136561700940344E-02    0.442395440661112076E+02    0.299493921945075314E+02
    0.382471185018480771E-02    0.442282336694156655E+02    0.299496376235150166E+02
    0.379269132972973001E-02    0.442250481707906786E+02    0.299497074070306013E+02
    0.378999199993929796E-02    0.442064721152109215E+02    0.299501203853047215E+02
    0.376710524797365439E-02    0.441985861961532507E+02    0.299502989504830310E+02
    0.373077485686800023E-02    0.441979680347127584E+02    0.299820422729403582E+02
    0.370543355883574867E-02    0.441915993880663720E+02    0.299818964544685294E+02
    0.367477894569072068E-02    0.441882139716808169E+02    0.299818183875517370E+02
    0.364017767451013229E-02    0.441871349474552346E+02    0.299505618822553146E+02
    0.360768818158738180E-02    0.441850655831400729E+02    0.299817454351222104E+02
    0.359072226417859151E-02    0.441744931916109991E+02    0.299814979167912341E+02
    0.357311247154127156E-02    0.441643258182732339E+02    0.299510992572221468E+02
    0.354128580961442533E-02    0.441622201632250651E+02    0.299511498345230613E+02
    0.351389085663985799E-02    0.441577520723198731E+02    0.299810975809115838E+02
    0.349054855380233776E-02    0.441510821265212812E+02    0.299514202505265992E+02
    0.345739290008962707E-02    0.441501703157990235E+02    0.299514426077799669E+02
    0.344575839626124099E-02    0.441369118831470573E+02    0.299805836864192941E+02
    0.341677748205489358E-02    0.441338042314022161E+02    0.299518498294466227E+02
    0.338910982019049014E-02    0.441300653377366814E+02    0.299804108101757905E+02
    0.335883840008244531E-02    0.441280095318452794E+02    0.299519968163660124E+02
    0.334601042928845804E-02    0.441156624927233594E+02    0.299800401000277326E+02
    0.331915241436799100E-02    0.441117810248122666E+02    0.299799384879605171E+02
    0.329907803835873328E-02    0.441039138374824589E+02    0.299797301978689745E+02
    0.327288312263605699E-02    0.440998573610684943E+02    0.299796215385007194E+02
    0.324468726350596315E-02    0.440971619904690399E+02    0.299528064554380009E+02
    0.321814780852273897E-02    0.440935879731025153E+02    0.299529034525981501E+02
    0.318676326146024062E-02    0.440931884315082101E+02    0.299529143400524376E+02
    0.315893600658996880E-02    0.440907294034771624E+02    0.299529815460036275E+02
    0.313840272628528255E-02    0.440837719625288642E+02    0.299791817294342593E+02
    0.311294092340216617E-02    0.440800641039373673E+02    0.299790782223516530E+02
    0.308331238944073698E-02    0.440791909912885558E+02    0.299533015778817955E+02
    0.305615562620386878E-02    0.440768843421020620E+02    0.299789887913213811E+02
    0.302807564789141833E-02    0.440753452956187814E+02    0.299789452805569603E+02
    0.301023706360366771E-02    0.440671622630636506E+02    0.299787113996701180E+02
    0.329278053875512854E-02    0.438877018857087862E+02    0.299714044281010743E+02
    0.311256966060417242E-02    0.440002693135902732E+02    0.299557506879114257E+02
    0.332522035657985835E-02    0.438680947093700695E+02    0.299625526874139645E+02
    0.316151455995132081E-02    0.439690641907063196E+02    0.299568956373416349E+02
    0.324463717950100117E-02    0.439171595288763257E+02    0.299731505494317396E+02
    0.318334889523698992E-02    0.439552990897676210E+02    0.299574482962415765E+02
    0.335353162641134194E-02    0.438511385837453389E+02    0.299671150216579960E+02
    0.332121328224125505E-02    0.438705062732504061E+02    0.299700356681143063E+02
    0.325111985242672536E-02    0.439131675845680292E+02    0.299729403843702755E+02
    0.335512280162117123E-02    0.438501898538581543E+02    0.299657387995161635E+02
    0.306746172169238560E-02    0.440294657607866640E+02    0.299775721613360986E+02
    0.307634949796892340E-02    0.440236792662746055E+02    0.299549682658878389E+02
    0.335434254319566310E-02    0.438506550226243235E+02    0.299654503454394927E+02
    0.318781877028608170E-02    0.439524927748080216E+02    0.299575653187876121E+02
    0.317723872587324973E-02    0.439591416097404419E+02    0.299572905633011288E+02
    0.331357667574840899E-02    0.438751102531282910E+02    0.299619099110351286E+02
    0.316079989638776322E-02    0.439695163438357142E+02    0.299568780408390509E+02
    0.333005170735720590E-02    0.438651909352916363E+02    0.299628549237482602E+02
    0.330545342166533749E-02    0.438800192854437938E+02    0.299708427955085490E+02
    0.331130565106021102E-02    0.438764814622548016E+02    0.299617952789105360E+02
    0.335550676262248715E-02    0.438499609865078952E+02    0.299660130676378813E+02
    0.335168125118922135E-02    0.438522424265630804E+02    0.299648827022329769E+02
    0.310466463768410174E-02    0.440053551937747045E+02    0.299555757935930274E+02
    0.325663017470456629E-02    0.439097806544789862E+02    0.299595984963577280E+02
    0.334868732443984515E-02    0.438540297473140797E+02    0.299644544619994448E+02
    0.324928364270875899E-02    0.439142974896689466E+02    0.299730005277058851E+02
    0.332890566675258549E-02    0.438658793557463937E+02    0.299627808373486317E+02
    0.311129838156680655E-02    0.440010863483001415E+02    0.299766329114365213E+02
    0.314145912922639357E-02    0.439817918328625410E+02    0.299564124224233197E+02
    0.335399554546551414E-02    0.438508619279566858E+02    0.299653538820447451E+02
    0.334832010678669635E-02    0.438542490796993434E+02    0.299644090388378785E+02
    0.318761681674443716E-02    0.439526194820981857E+02    0.299747953048653848E+02
    0.311277415988667552E-02    0.440001379156861674E+02    0.299557552453415354E+02
    0.335241606541514811E-02    0.438518039996165996E+02    0.299673437795767867E+02
    0.304742429438321265E-02    0.440425731181273648E+02    0.299543745462782987E+02
    0.305887583641923245E-02    0.440350716490113712E+02    0.299777486807227689E+02
    0.304229831947716838E-02    0.440459400866687645E+02    0.299542718506255703E+02
    0.334931795344769719E-02    0.438536531402595529E+02    0.299645353843833817E+02
    0.325060817768195974E-02    0.439134823776467016E+02    0.299729571940016584E+02
    0.335443126561633422E-02    0.438506021232878993E+02    0.299654771371456476E+02
    0.321255957878982404E-02    0.439370306065527103E+02    0.299582409703264787E+02
    0.324724051615088612E-02    0.439155554710604008E+02    0.299730668706965560E+02
    0.331987701527523479E-02    0.438713111212040872E+02    0.299622449308735561E+02
    0.335549208876730325E-02    0.438499697326606039E+02    0.299659948605744972E+02
    0.333853296211540727E-02    0.438601036433090243E+02    0.299688908955795696E+02
    0.332703760376350287E-02    0.438670019993520981E+02    0.299696919363335468E+02
    0.324857042751863128E-02    0.439147365362743614E+02    0.299730237550299243E+02
    0.301472709676031030E-02    0.440641479766816460E+02    0.299786241401993507E+02
    0.317442383596640764E-02    0.439609143047246107E+02    0.299751365743505893E+02
    0.327700661322851425E-02    0.438973058229277342E+02    0.299720312163472649E+02
    0.334941596632278883E-02    0.438535946140507065E+02    0.299678069849190649E+02
    0.335556307930968793E-02    0.438499274200640698E+02    0.299662307088630584E+02
    0.335541023510797787E-02    0.438500185211277085E+02    0.299659155572906215E+02
    0.332333156865149059E-02    0.438692310698891319E+02    0.299699142457608403E+02
    0.332279675022320370E-02    0.438695529525876111E+02    0.299624100417093508E+02
    0.320349239332354046E-02    0.439426834232953780E+02    0.299743678133225231E+02
    0.321118264867097927E-02    0.439378880071713454E+02    0.299741533004044065E+02
    0.325524785241789252E-02    0.439106297627096183E+02    0.299595519961006680E+02
    0.335202519740035844E-02    0.438520371990734361E+02    0.299674139732973401E+02
    0.323992946409799127E-02    0.439200634800507572E+02    0.299590557668648536E+02
    0.329324063814847613E-02    0.438874224457363056E+02    0.299609702442936623E+02
    0.322502567109911494E-02    0.439292847780114499E+02    0.299737532441465788E+02
    0.332483699919427925E-02    0.438683252982901308E+02    0.299698255458873106E+02
    0.320731964785206901E-02    0.439402954231739358E+02    0.299580936030709069E+02
    0.318316283269163593E-02    0.439554159905468040E+02    0.299749118502113170E+02
    0.318245792332861287E-02    0.439558589383081753E+02    0.299574251379140222E+02
    0.313395018642217277E-02    0.439865781000270957E+02    0.299761185222638744E+02
    0.335364408251874252E-02    0.438510715175986974E+02    0.299652665207236915E+02
    0.310457086075615219E-02    0.440054156050301515E+02    0.299767815722463133E+02
    0.310169402552899591E-02    0.440072697543363205E+02    0.299768446075622990E+02
    0.335395369371856416E-02    0.438508868844645292E+02    0.299653429999407344E+02
    0.335062061836372558E-02    0.438528754227217163E+02    0.299676386950646609E+02
    0.307028861840650830E-02    0.440276234591240794E+02    0.299548417552668838E+02
    0.325841477989634006E-02    0.439086849719479488E+02    0.299596589900803494E+02
    0.333446406170849865E-02    0.438625426678712316E+02    0.299631568167127753E+02
    0.330738640547098041E-02    0.438788500547282680E+02    0.299707512766071247E+02
    0.325845744805292742E-02    0.439086587826012220E+02    0.299596604428913516E+02
    0.309452324171218028E-02    0.440118988928631651E+02    0.299770003814754205E+02
    0.335450306444691222E-02    0.438505593153979802E+02    0.299654995923808443E+02
    0.325973218852114660E-02    0.439078765160176872E+02    0.299726513175819562E+02
    0.326484770284576030E-02    0.439047403659770765E+02    0.299724737189325552E+02
    0.334998680069666403E-02    0.438532537870276968E+02    0.299646257971954668E+02
    0.327587292708928944E-02    0.438979978461175762E+02    0.299602814983987038E+02
    0.324617876377616054E-02    0.439162095193135187E+02    0.299592541932510379E+02
    0.324634032572527174E-02    0.439161099820171756E+02    0.299592593934550067E+02
    0.335213535058992993E-02    0.438519714767872273E+02    0.299649607052348799E+02
    0.335435416536141676E-02    0.438506480930126443E+02    0.299654537986071148E+02
    0.334094024746247427E-02    0.438586620413288841E+02    0.299636638508279525E+02
    0.335500863207026639E-02    0.438502579118698605E+02    0.299656859131175608E+02
    0.333240086182472108E-02    0.438637805510281993E+02    0.299693431889087805E+02
    0.327042197503461893E-02    0.439013285566315332E+02    0.299600806683976515E+02
    0.334703638307848762E-02    0.438550160134546232E+02    0.299642586430060618E+02
    0.322875229054199551E-02    0.439269750488083588E+02    0.299736421901777703E+02
    0.309387044933763684E-02    0.440123208391125829E+02    0.299770144689250486E+02
    0.324209947730768775E-02    0.439187243849554534E+02    0.299732312265864422E+02
    0.310033452938005211E-02    0.440081465617606469E+02    0.299768742869254012E+02
    0.323901806369155222E-02    0.439206261642883078E+02    0.299590272569512450E+02
    0.335539589094422004E-02    0.438500270710178413E+02    0.299659040164481638E+02
    0.329034745401432429E-02    0.438891802618571774E+02    0.299608495896553393E+02
    0.330648658632567592E-02    0.438793942557747414E+02    0.299707940984303249E+02
