    0.202744483947753906E+02   -0.114817335300287232E+06   -0.460515351937698814E+01    1
    0.203554809093475342E+02   -0.113111226381814529E+06   -0.461515351937698259E+01    1
    0.205070233345031738E+02   -0.109954842938810078E+06   -0.462515351937698149E+01    1
    0.206734526157379150E+02   -0.106539868724938642E+06   -0.463515351937698661E+01    1
    0.207795310020446777E+02   -0.104391358585912007E+06   -0.464515351937698728E+01    1
    0.210023367404937744E+02   -0.999499356117924326E+05   -0.465515351937698174E+01    1
    0.211369514465332031E+02   -0.973133214691091271E+05   -0.466515351937698153E+01    1
    0.211693108081817627E+02   -0.966847748698686337E+05   -0.467515351937698398E+01    1
    0.213732028007507324E+02   -0.927712448361550923E+05   -0.468515351937698377E+01    1
    0.215352749824523926E+02   -0.897181068422737590E+05   -0.469515351937698444E+01    1
    0.215968155860900879E+02   -0.885721829376872774E+05   -0.470515351937698423E+01    1
    0.216459488868713379E+02   -0.876625803037273290E+05   -0.471515351937698135E+01    1
    0.216906356811523438E+02   -0.868393739701895247E+05   -0.472515351937698025E+01    1
    0.218950450420379639E+02   -0.831233384737691667E+05   -0.473515351937698448E+01    1
    0.219625973701477051E+02   -0.819131502441441844E+05   -0.474515351937698782E+01    1
    0.221685564517974854E+02   -0.782782268105891708E+05   -0.475515351937698494E+01    1
    0.399693059921264648E+02   -0.759190570912717812E+05   -0.476515351937698117E+01    1
    0.224319016933441162E+02   -0.737507312064856524E+05   -0.477515351937698451E+01    1
    0.397807431221008301E+02   -0.727135024139566522E+05   -0.478515351937698341E+01    1
    0.225725185871124268E+02   -0.713884679300830176E+05   -0.479515351937697876E+01    1
    0.396929407119750977E+02   -0.712444725943794765E+05   -0.480515351937698032E+01    1
    0.227899813652038574E+02   -0.678109967064587399E+05   -0.481515351937698277E+01    1
    0.228386831283569336E+02   -0.670224156011787563E+05   -0.482515351937698345E+01    1
    0.228526961803436279E+02   -0.667963705310398655E+05   -0.483515351937698323E+01    1
    0.229008328914642334E+02   -0.660227856245308940E+05   -0.484515351937698480E+01    1
    0.230617475509643555E+02   -0.634695167264364718E+05   -0.485515351937698814E+01    1
    0.231113350391387939E+02   -0.626928549090092420E+05   -0.486515351937698437E+01    1
    0.231239366531372070E+02   -0.624962450296481766E+05   -0.487515351937698149E+01    1
    0.390319693088531494E+02   -0.606671393694789076E+05   -0.488515351937698572E+01    1
    0.389880681037902832E+02   -0.599947030148824342E+05   -0.489515351937698817E+01    1
    0.389488661289215088E+02   -0.593974140110365261E+05   -0.490515351937698973E+01    1
    0.388515710830688477E+02   -0.579279262887507502E+05   -0.491515351937698775E+01    1
    0.387605702877044678E+02   -0.565701715987446223E+05   -0.492515351937698220E+01    1
    0.387086451053619385E+02   -0.558026541633777451E+05   -0.493515351937698199E+01    1
    0.235728526115417480E+02   -0.556938153992098160E+05   -0.494515351937698799E+01    1
    0.236848342418670654E+02   -0.540580556004194441E+05   -0.495515351937699045E+01    1
    0.385709929466247559E+02   -0.537933725307252389E+05   -0.496515351937698846E+01    1
    0.384674942493438721E+02   -0.523069012529151223E+05   -0.497515351937698824E+01    1
    0.240320491790771484E+02   -0.491412472020406713E+05   -0.498515351937698359E+01    1
    0.381101334095001221E+02   -0.473346126573842412E+05   -0.499515351937698426E+01    1
    0.242000591754913330E+02   -0.468463122519152748E+05   -0.500515351937698583E+01    1
    0.380687391757965088E+02   -0.467747133374078985E+05   -0.501515351937698384E+01    1
    0.380215787887573242E+02   -0.461408834148407477E+05   -0.502515351937698451E+01    1
    0.243647015094757080E+02   -0.446506547752139013E+05   -0.503515351937698608E+01    1
    0.244464325904846191E+02   -0.435802832592887862E+05   -0.504515351937698409E+01    1
    0.376575672626495361E+02   -0.413942068337538149E+05   -0.505515351937698298E+01    1
    0.375558173656463623E+02   -0.401134979146567712E+05   -0.506515351937698455E+01    1
    0.374725985527038574E+02   -0.390810102459182526E+05   -0.507515351937697989E+01    1
    0.373877453804016113E+02   -0.380421182214543151E+05   -0.508515351937698501E+01    1
    0.250633144378662109E+02   -0.359206608654118972E+05   -0.509515351937699013E+01    1
    0.371759223937988281E+02   -0.355098140189458791E+05   -0.510515351937699080E+01    1
    0.252004241943359375E+02   -0.343187770620842857E+05   -0.511515351937698348E+01    1
    0.370536851882934570E+02   -0.340882133922414068E+05   -0.512515351937698238E+01    1
    0.252855408191680908E+02   -0.333427405275704077E+05   -0.513515351937698394E+01    1
    0.369725835323333740E+02   -0.331610550497993099E+05   -0.514515351937697751E+01    1
    0.253881001472473145E+02   -0.321854112899777028E+05   -0.515515351937698085E+01    1
    0.255558288097381592E+02   -0.303367798362021895E+05   -0.516515351937698330E+01    1
    0.366675806045532227E+02   -0.297888010817175746E+05   -0.517515351937698220E+01    1
    0.256460082530975342E+02   -0.293654862208700215E+05   -0.518515351937698643E+01    1
    0.366258990764617920E+02   -0.293420074887803858E+05   -0.519515351937698533E+01    1
    0.366147029399871826E+02   -0.292225695052788651E+05   -0.520515351937697623E+01    1
    0.365411543846130371E+02   -0.284440323612934917E+05   -0.521515351937698224E+01    1
    0.364947295188903809E+02   -0.279580269830247125E+05   -0.522515351937697670E+01    1
    0.364716780185699463E+02   -0.277182669504054720E+05   -0.523515351937698092E+01    1
    0.364714288711547852E+02   -0.277156812004174717E+05   -0.524515351937698071E+01    1
    0.258791160583496094E+02   -0.269280655173186533E+05   -0.525515351937698583E+01    1
    0.258896934986114502E+02   -0.268199730948179895E+05   -0.526515351937698739E+01    1
    0.259238457679748535E+02   -0.264724520267803236E+05   -0.527515351937698007E+01    1
    0.259658086299896240E+02   -0.260485602182707262E+05   -0.528515351937697542E+01    1
    0.259712553024291992E+02   -0.259937913334670448E+05   -0.529515351937697609E+01    1
    0.259766912460327148E+02   -0.259391878781500127E+05   -0.530515351937697677E+01    1
    0.362195348739624023E+02   -0.251632094391020364E+05   -0.531515351937698188E+01    1
    0.361637246608734131E+02   -0.246143831977030568E+05   -0.532515351937698078E+01    1
    0.263535404205322266E+02   -0.222939191385373306E+05   -0.533515351937697613E+01    1
    0.359104406833648682E+02   -0.221997964150653461E+05   -0.534515351937697680E+01    1
    0.264133334159851074E+02   -0.217409374312119071E+05   -0.535515351937698103E+01    1
    0.264617824554443359E+02   -0.212979690585262470E+05   -0.536515351937698171E+01    1
    0.357616949081420898E+02   -0.208399563137273726E+05   -0.537515351937698238E+01    1
    0.357399702072143555E+02   -0.206449507332965368E+05   -0.538515351937698128E+01    1
    0.265640640258789062E+02   -0.203778082116150435E+05   -0.539515351937698018E+01    1
    0.355572187900543213E+02   -0.190408852150704406E+05   -0.540515351937698263E+01    1
    0.267269301414489746E+02   -0.189546148860303620E+05   -0.541515351937698153E+01    1
    0.355330634117126465E+02   -0.188337277902318674E+05   -0.542515351937697865E+01    1
    0.267466604709625244E+02   -0.187857074388335168E+05   -0.543515351937697933E+01    1
    0.355087912082672119E+02   -0.186267118957376988E+05   -0.544515351937698178E+01    1
    0.267728388309478760E+02   -0.185627687571397400E+05   -0.545515351937698245E+01    1
    0.354995906352996826E+02   -0.185485404442892468E+05   -0.546515351937698401E+01    1
    0.267767536640167236E+02   -0.185295440760973652E+05   -0.547515351937698025E+01    1
    0.354104423522949219E+02   -0.177996326620932305E+05   -0.548515351937698004E+01    1
    0.269136559963226318E+02   -0.173864248083774510E+05   -0.549515351937697805E+01    1
    0.353450369834899902E+02   -0.172600152207450956E+05   -0.550515351937697694E+01    1
    0.269619047641754150E+02   -0.169922429387087104E+05   -0.551515351937698295E+01    1
    0.269913935661315918E+02   -0.167535558296734052E+05   -0.552515351937698185E+01    1
    0.351884138584136963E+02   -0.160016465891756779E+05   -0.553515351937698163E+01    1
    0.271556186676025391E+02   -0.154552375833150309E+05   -0.554515351937698142E+01    1
    0.272121524810791016E+02   -0.150204372822951991E+05   -0.555515351937698032E+01    1
    0.272431921958923340E+02   -0.147843557427049946E+05   -0.556515351937698544E+01    1
    0.272642469406127930E+02   -0.146252847440308287E+05   -0.557515351937698611E+01    1
    0.349858534336090088E+02   -0.144449751481576404E+05   -0.558515351937698146E+01    1
    0.273475575447082520E+02   -0.140043215331000774E+05   -0.559515351937697680E+01    1
    0.348814165592193604E+02   -0.136735690869215923E+05   -0.560515351937697748E+01    1
    0.274988877773284912E+02   -0.129109088578690826E+05   -0.561515351937697904E+01    1
    0.347726154327392578E+02   -0.128924957713585391E+05   -0.562515351937698060E+01    1
    0.275474810600280762E+02   -0.125692560943470453E+05   -0.563515351937698039E+01    1
    0.347171437740325928E+02   -0.125031340909074625E+05   -0.564515351937698284E+01    1
    0.275954926013946533E+02   -0.122362052854119502E+05   -0.565515351937698085E+01    1
    0.346677851676940918E+02   -0.121617139344328898E+05   -0.566515351937697975E+01    1
    0.346274518966674805E+02   -0.118862422728322454E+05   -0.567515351937697954E+01    1
    0.276558077335357666E+02   -0.118241615820012466E+05   -0.568515351937697666E+01    1
    0.277107989788055420E+02   -0.114546562155708616E+05   -0.569515351937697734E+01    1
    0.345231246948242188E+02   -0.111883802681030993E+05   -0.570515351937697890E+01    1
    0.344674885272979736E+02   -0.108248780232121535E+05   -0.571515351937697780E+01    1
    0.278652393817901611E+02   -0.104483809421445894E+05   -0.572515351937697403E+01    1
    0.343990898132324219E+02   -0.103862436530649684E+05   -0.573515351937697382E+01    1
    0.278891456127166748E+02   -0.102967644420206125E+05   -0.574515351937697805E+01    1
    0.343829452991485596E+02   -0.102840381693628078E+05   -0.575515351937698227E+01    1
    0.278931438922882080E+02   -0.102715153515622223E+05   -0.576515351937698384E+01    1
    0.279056954383850098E+02   -0.101924545470978210E+05   -0.577515351937697918E+01    1
    0.279084622859954834E+02   -0.101750677083686169E+05   -0.578515351937698075E+01    1
    0.342898678779602051E+02   -0.970468553673390124E+04   -0.579515351937698409E+01    1
    0.342712032794952393E+02   -0.959053811358215171E+04   -0.580515351937698565E+01    1
    0.342506408691406250E+02   -0.946556883908781674E+04   -0.581515351937698366E+01    1
    0.341903460025787354E+02   -0.910386567731675495E+04   -0.582515351937698256E+01    1
    0.281159707813206836E+02   -0.891353209548366794E+04   -0.583515351937698412E+01    1
    0.281897044181823730E+02   -0.848544497560883974E+04   -0.584515351937698391E+01    1
    0.281917011737823486E+02   -0.847399918979116410E+04   -0.585515351937697837E+01    1
    0.340479195117950439E+02   -0.827754916179611610E+04   -0.586515351937697371E+01    1
    0.339983963966369629E+02   -0.799947766077445885E+04   -0.587515351937697705E+01    1
    0.282848989963531494E+02   -0.794840167701571136E+04   -0.588515351937697684E+01    1
    0.339793336391448975E+02   -0.789371240504752859E+04   -0.589515351937697751E+01    1
    0.339670407772064209E+02   -0.782588328415523210E+04   -0.590515351937697286E+01    1
    0.339116430282592773E+02   -0.752385930065858702E+04   -0.591515351937697531E+01    1
    0.339094364643096924E+02   -0.751195294036975974E+04   -0.592515351937697687E+01    1
    0.338715113356301813E+02   -0.730879393645525306E+04   -0.593515351937697400E+01    1
    0.338312287373216236E+02   -0.709607093314569465E+04   -0.594515351937698000E+01    1
    0.337994074821472168E+02   -0.693026224696579447E+04   -0.595515351937698156E+01    1
    0.337823581695556641E+02   -0.684223515544454312E+04   -0.596515351937697336E+01    1
    0.285357797145843506E+02   -0.661750864667146834E+04   -0.597515351937696959E+01    1
    0.287032341957092285E+02   -0.579732609070485978E+04   -0.598515351937697559E+01    1
    0.287164962291717529E+02   -0.573470078941738211E+04   -0.599515351937697627E+01    1
    0.335501608693523323E+02   -0.569967817285845376E+04   -0.600515351937697517E+01    1
    0.335477677489882922E+02   -0.568844862453077349E+04   -0.601515351937697851E+01    1
    0.334938740730285645E+02   -0.543850722989575934E+04   -0.602515351937697829E+01    1
    0.334529340267181396E+02   -0.525241731309789247E+04   -0.603515351937697453E+01    1
    0.288215486044036382E+02   -0.525071845183031110E+04   -0.604515351937697520E+01    1
    0.334508608823397822E+02   -0.524308073409591543E+04   -0.605515351937697410E+01    1
    0.334444570541381836E+02   -0.521429336492656512E+04   -0.606515351937697478E+01    1
    0.334432590007781982E+02   -0.520891657009587107E+04   -0.607515351937697723E+01    1
    0.289026660274989631E+02   -0.489169608503584459E+04   -0.608515351937697790E+01    1
    0.290076672685280457E+02   -0.444597530299739446E+04   -0.609515351937697769E+01    1
    0.332419729232788086E+02   -0.434520325869238695E+04   -0.610515351937697481E+01    1
    0.290758562088012695E+02   -0.416800738962577543E+04   -0.611515351937697282E+01    1
    0.331442546844482422E+02   -0.395431915925269413E+04   -0.612515351937697528E+01    1
    0.291508460044860840E+02   -0.387276070414400237E+04   -0.613515351937697417E+01    1
    0.291744351009902942E+02   -0.378214874747469003E+04   -0.614515351937697485E+01    1
    0.292352773522849816E+02   -0.355343464276881150E+04   -0.615515351937697819E+01    1
    0.330054986476898193E+02   -0.343119766541149193E+04   -0.616515351937697620E+01    1
    0.329373783038607542E+02   -0.318808708532222499E+04   -0.617515351937697776E+01    1
    0.329003671298038682E+02   -0.305978519680143472E+04   -0.618515351937698288E+01    1
    0.328816890716552734E+02   -0.299604820317773328E+04   -0.619515351937698000E+01    1
    0.293939983844757080E+02   -0.299068126694810826E+04   -0.620515351937697535E+01    1
    0.293984499279263787E+02   -0.297560468109123440E+04   -0.621515351937697247E+01    1
    0.328745796747704446E+02   -0.297196644134691860E+04   -0.622515351937697314E+01    1
    0.294097924232482910E+02   -0.293736393116549834E+04   -0.623515351937697559E+01    1
    0.328304409980773926E+02   -0.282465527806019463E+04   -0.624515351937698071E+01    1
    0.294512905883903215E+02   -0.279958766025950445E+04   -0.625515351937697694E+01    1
    0.328171997443765306E+02   -0.278120218176426761E+04   -0.626515351937697407E+01    1
    0.328122144104767344E+02   -0.276493047541679243E+04   -0.627515351937697385E+01    1
    0.328056359766242593E+02   -0.274353302556528934E+04   -0.628515351937697986E+01    1
    0.328044152259826660E+02   -0.273957159266413692E+04   -0.629515351937697432E+01    1
    0.294708371162414551E+02   -0.273585278543953791E+04   -0.630515351937697766E+01    1
    0.294791010386073786E+02   -0.270913038368653497E+04   -0.631515351937697567E+01    1
    0.327664840221405029E+02   -0.261792644945967504E+04   -0.632515351937697190E+01    1
    0.295167243480682373E+02   -0.258915022402117484E+04   -0.633515351937697790E+01    1
    0.295267164860232754E+02   -0.255774826916673601E+04   -0.634515351937697858E+01    1
    0.327404212951660156E+02   -0.253596586682969883E+04   -0.635515351937697659E+01    1
    0.327341997623443604E+02   -0.251659613050890493E+04   -0.636515351937697371E+01    1
    0.327073849756943957E+02   -0.243397436095963121E+04   -0.637515351937697350E+01    1
    0.296002770294113517E+02   -0.233255079904066724E+04   -0.638515351937697861E+01    1
    0.326703453063964844E+02   -0.232214838919985141E+04   -0.639515351937698195E+01    1
    0.296185413165987299E+02   -0.227826813625042541E+04   -0.640515351937697730E+01    1
    0.326528048515319824E+02   -0.227012351892248398E+04   -0.641515351937697620E+01    1
    0.326504325866699219E+02   -0.226313334896219249E+04   -0.642515351937697776E+01    1
    0.326442672685667858E+02   -0.224501768463664621E+04   -0.643515351937697222E+01    1
    0.296416275854278055E+02   -0.221058285423793177E+04   -0.644515351937697556E+01    1
    0.326306390762329102E+02   -0.220523612582434635E+04   -0.645515351937697535E+01    1
    0.325942776336741957E+02   -0.210086294999881557E+04   -0.646515351937697513E+01    1
    0.325910269238085419E+02   -0.209165725715432427E+04   -0.647515351937697048E+01    1
    0.325905263423919678E+02   -0.209024148615162630E+04   -0.648515351937697559E+01    1
    0.325530933743668314E+02   -0.198575286146859480E+04   -0.649515351937697538E+01    1
    0.325527575330322492E+02   -0.198482774860326253E+04   -0.650515351937697694E+01    1
    0.325480055809020996E+02   -0.197176147847532502E+04   -0.651515351937697318E+01    1
    0.325448310375213623E+02   -0.196305702947790542E+04   -0.652515351937697652E+01    1
    0.325447952880985909E+02   -0.196295911787812111E+04   -0.653515351937697631E+01    1
    0.325437343120574951E+02   -0.196005441652841455E+04   -0.654515351937697609E+01    1
    0.325436130089669149E+02   -0.195972245687717532E+04   -0.655515351937696966E+01    1
    0.297332543341286026E+02   -0.195217222897106376E+04   -0.656515351937697567E+01    1
    0.297346241133308631E+02   -0.194843301982365165E+04   -0.657515351937698256E+01    1
    0.325272834300994873E+02   -0.191529603286925567E+04   -0.658515351937698501E+01    1
    0.297520375251770020E+02   -0.190121623794330571E+04   -0.659515351937696881E+01    1
    0.297617827161253174E+02   -0.187504943270482659E+04   -0.660515351937696948E+01    1
    0.297725645287488092E+02   -0.184631448527696125E+04   -0.661515351937697371E+01    1
    0.297996342182159424E+02   -0.177516692481997006E+04   -0.662515351937697705E+01    1
    0.324741194021360400E+02   -0.177425134505435949E+04   -0.663515351937697861E+01    1
    0.298188078403472900E+02   -0.172563518509714777E+04   -0.664515351937698107E+01    1
    0.324097394943237305E+02   -0.161081215926479126E+04   -0.665515351937697286E+01    1
    0.324012260849760310E+02   -0.158980311005996236E+04   -0.666515351937697353E+01    1
    0.298838925361633301E+02   -0.156283467265949753E+04   -0.667515351937697510E+01    1
    0.298906343186083632E+02   -0.154644206958999439E+04   -0.668515351937697488E+01    1
    0.323770645992300814E+02   -0.153094633716507724E+04   -0.669515351937697734E+01    1
    0.299004018306732178E+02   -0.152284928572332205E+04   -0.670515351937697446E+01    1
    0.299060602058219160E+02   -0.150926676012359167E+04   -0.671515351937697247E+01    1
    0.299128099635192690E+02   -0.149314591924300771E+04   -0.672515351937697314E+01    1
    0.299324470475147848E+02   -0.144674957031805616E+04   -0.673515351937697382E+01    1
    0.323415935039520264E+02   -0.144659725648698668E+04   -0.674515351937697183E+01    1
    0.323185602281872448E+02   -0.139313573763326895E+04   -0.675515351937697428E+01    1
    0.322888910770416260E+02   -0.132579302675105441E+04   -0.676515351937697584E+01    1
    0.299966942474815497E+02   -0.130019586383756359E+04   -0.677515351937697829E+01    1
    0.322568846486909280E+02   -0.125506543575498881E+04   -0.678515351937697098E+01    1
    0.300307124008107138E+02   -0.122584911495601000E+04   -0.679515351937697432E+01    1
    0.300464630126953125E+02   -0.119218865461945097E+04   -0.680515351937697410E+01    1
    0.322259128093719482E+02   -0.118852149533474176E+04   -0.681515351937697567E+01    1
    0.300521170106524238E+02   -0.118022328261717621E+04   -0.682515351937697723E+01    1
    0.322158155315098327E+02   -0.116723057706330542E+04   -0.683515351937697613E+01    1
    0.300892755337290367E+02   -0.110313342635543995E+04   -0.684515351937697059E+01    1
    0.321792535400579283E+02   -0.109179618084003437E+04   -0.685515351937697126E+01    1
    0.321539196512752028E+02   -0.104105286417935167E+04   -0.686515351937697371E+01    1
    0.301477863018195151E+02   -0.987190963141250904E+03   -0.687515351937697083E+01    1
    0.301538361178882539E+02   -0.975582844365968072E+03   -0.688515351937697062E+01    1
    0.321192681789398193E+02   -0.973668561451642518E+03   -0.689515351937697307E+01    1
    0.321056711673736572E+02   -0.947865566676162416E+03   -0.690515351937697019E+01    1
    0.301717307900388434E+02   -0.941664148686270210E+03   -0.691515351937697176E+01    1
    0.320858128363232566E+02   -0.910826761719968090E+03   -0.692515351937697421E+01    1
    0.301888891080208559E+02   -0.909726253112652103E+03   -0.693515351937697400E+01    1
    0.320807574469941414E+02   -0.901520210342914879E+03   -0.694515351937697556E+01    1
    0.301942560046113329E+02   -0.899854096316945061E+03   -0.695515351937697623E+01    1
    0.302016615867614746E+02   -0.886323883418928403E+03   -0.696515351937697869E+01    1
    0.320651197433471680E+02   -0.873047276556412271E+03   -0.697515351937697670E+01    1
    0.302125763893127441E+02   -0.866576739974880979E+03   -0.698515351937697471E+01    1
    0.302355473427997588E+02   -0.825774702949219773E+03   -0.699515351937697627E+01    1
    0.302481713296612433E+02   -0.803788522182174574E+03   -0.700515351937697339E+01    1
    0.302628008273832556E+02   -0.778697349410793777E+03   -0.701515351937697229E+01    1
    0.320003453738412347E+02   -0.760173686413480368E+03   -0.702515351937697385E+01    1
    0.319985353946685791E+02   -0.757136912514399455E+03   -0.703515351937696920E+01    1
    0.302837298378332349E+02   -0.743525763539335458E+03   -0.704515351937696899E+01    1
    0.319497299194335938E+02   -0.677654356817695543E+03   -0.705515351937697233E+01    1
    0.319455350858889950E+02   -0.671039097961533002E+03   -0.706515351937697300E+01    1
    0.319428431987762451E+02   -0.666812021225647641E+03   -0.707515351937697190E+01    1
    0.303322429884066977E+02   -0.665275619722968145E+03   -0.708515351937697524E+01    1
    0.319394687865128901E+02   -0.661533086240048192E+03   -0.709515351937697947E+01    1
    0.303383509326737695E+02   -0.655748238268472164E+03   -0.710515351937697481E+01    1
    0.303441871530702301E+02   -0.646712511064215164E+03   -0.711515351937697194E+01    1
    0.303519799622762072E+02   -0.634750878098523458E+03   -0.712515351937697261E+01    1
    0.303584878751527150E+02   -0.624852039550057498E+03   -0.713515351937696796E+01    1
    0.319139698226157478E+02   -0.622358660636252921E+03   -0.714515351937696508E+01    1
    0.303628592376168172E+02   -0.618249255542410992E+03   -0.715515351937696753E+01    1
    0.318991792201995850E+02   -0.600215320400904147E+03   -0.716515351937696821E+01    1
    0.303800912695757503E+02   -0.592583028326555905E+03   -0.717515351937696444E+01    1
    0.318792957814002662E+02   -0.571118041299057722E+03   -0.718515351937696511E+01    1
    0.303957526964655358E+02   -0.569757263112444434E+03   -0.719515351937696845E+01    1
    0.303961551189422607E+02   -0.569177040368020357E+03   -0.720515351937697446E+01    1
    0.318760244541300004E+02   -0.566404488455220758E+03   -0.721515351937697869E+01    1
    0.318682875226043372E+02   -0.555339436761437923E+03   -0.722515351937697670E+01    1
    0.304161810874938965E+02   -0.540701055498400592E+03   -0.723515351937696849E+01    1
    0.318518865090048209E+02   -0.532268462948044430E+03   -0.724515351937696384E+01    1
    0.318432896549761715E+02   -0.520384491802049183E+03   -0.725515351937697073E+01    1
    0.304594343526354052E+02   -0.481859428739690543E+03   -0.726515351937697051E+01    1
    0.304630180727348119E+02   -0.477147424102596744E+03   -0.727515351937696853E+01    1
    0.318080463354984104E+02   -0.473168426024345536E+03   -0.728515351937696742E+01    1
    0.318065612458051064E+02   -0.471231885730972579E+03   -0.729515351937696988E+01    1
    0.304753077030181885E+02   -0.461178338269512153E+03   -0.730515351937697766E+01    1
    0.304762614131025487E+02   -0.459951378299905798E+03   -0.731515351937697655E+01    1
    0.317971912756071262E+02   -0.459112490866069834E+03   -0.732515351937697723E+01    1
    0.317928331556974371E+02   -0.453533769497025446E+03   -0.733515351937697524E+01    1
    0.304916191101074219E+02   -0.440437190984933238E+03   -0.734515351937696614E+01    1
    0.317788308892846914E+02   -0.435859899380408422E+03   -0.735515351937696948E+01    1
    0.305033651571919684E+02   -0.425821820245267020E+03   -0.736515351937697105E+01    1
    0.317653298377990723E+02   -0.419179879653786884E+03   -0.737515351937696906E+01    1
    0.317629647742600127E+02   -0.416294438649510937E+03   -0.738515351937697240E+01    1
    0.317626008383529168E+02   -0.415851393201669680E+03   -0.739515351937697218E+01    1
    0.317463075548738800E+02   -0.396280411455435853E+03   -0.740515351937697464E+01    1
    0.317443856537485196E+02   -0.394005938249463895E+03   -0.741515351937697265E+01    1
    0.305387674782061680E+02   -0.383395118653793986E+03   -0.742515351937696799E+01    1
    0.317347949009452677E+02   -0.382763172720930925E+03   -0.743515351937697044E+01    1
    0.305525541305541992E+02   -0.367532655820448326E+03   -0.744515351937697023E+01    1
    0.305554431786373897E+02   -0.364255477990366103E+03   -0.745515351937696646E+01    1
    0.317169614472734480E+02   -0.362333643155496475E+03   -0.746515351937696536E+01    1
    0.305580034965489560E+02   -0.361364765727946576E+03   -0.747515351937696515E+01    1
    0.305725564282360445E+02   -0.345176125884187400E+03   -0.748515351937696671E+01    1
    0.316996478736727099E+02   -0.343091619810006193E+03   -0.749515351937696561E+01    1
    0.316970910582718872E+02   -0.340299437937871630E+03   -0.750515351937696362E+01    1
    0.316853965845301211E+02   -0.327690556491906136E+03   -0.751515351937696874E+01    1
    0.305930030345916748E+02   -0.323127508407446840E+03   -0.752515351937696853E+01    1
    0.316777022065767149E+02   -0.319539665645096704E+03   -0.753515351937696742E+01    1
    0.316725075244903564E+02   -0.314101910219045010E+03   -0.754515351937696721E+01    1
    0.306087829753264629E+02   -0.306667276061218502E+03   -0.755515351937696877E+01    1
    0.306167637258034695E+02   -0.298526929104529756E+03   -0.756515351937697211E+01    1
    0.316484237976219980E+02   -0.289577166535547235E+03   -0.757515351937696835E+01    1
    0.306261351853634523E+02   -0.289126248244265810E+03   -0.758515351937696991E+01    1
    0.316453947078987348E+02   -0.286572498807543354E+03   -0.759515351937697325E+01    1
    0.306363821029663086E+02   -0.279042931758025134E+03   -0.760515351937697126E+01    1
    0.306580806604105689E+02   -0.258365100802243205E+03   -0.761515351937696572E+01    1
    0.316091372001565141E+02   -0.251992951404350833E+03   -0.762515351937696639E+01    1
    0.316068815601740418E+02   -0.249926205669829642E+03   -0.763515351937696973E+01    1
    0.306715096371564826E+02   -0.246026717138117590E+03   -0.764515351937696952E+01    1
    0.316017971063076430E+02   -0.245303843467211863E+03   -0.765515351937697019E+01    1
    0.315951791242597295E+02   -0.239362662084055955E+03   -0.766515351937697087E+01    1
    0.315876513990801939E+02   -0.232708358706005640E+03   -0.767515351937697066E+01    1
    0.315851941434155314E+02   -0.230560079174766287E+03   -0.768515351937697044E+01    1
    0.315834355548894301E+02   -0.229029828137653141E+03   -0.769515351937697201E+01    1
    0.306908860079619430E+02   -0.228842273215246337E+03   -0.770515351937697446E+01    1
    0.306947028636932373E+02   -0.225543308257525837E+03   -0.771515351937697069E+01    1
    0.306982841368002859E+02   -0.222473733895785045E+03   -0.772515351937696959E+01    1
    0.306986327111546551E+02   -0.222176297003907280E+03   -0.773515351937697382E+01    1
    0.315708664983566294E+02   -0.218267934471845081E+03   -0.774515351937697538E+01    1
    0.315669780357991598E+02   -0.215000801420156250E+03   -0.775515351937697517E+01    1
    0.315639876172040985E+02   -0.212508226134961035E+03   -0.776515351937697407E+01    1
    0.307172831618676767E+02   -0.206606641951816158E+03   -0.777515351937697297E+01    1
    0.307206286800168300E+02   -0.203885340466896594E+03   -0.778515351937696565E+01    1
    0.315528135711885511E+02   -0.203348392627633302E+03   -0.779515351937696011E+01    1
    0.315507692415439038E+02   -0.201698856656900318E+03   -0.780515351937696522E+01    1
    0.307308569410442445E+02   -0.195700553080960077E+03   -0.781515351937697123E+01    1
    0.307318606532690382E+02   -0.194908336106956938E+03   -0.782515351937697279E+01    1
    0.307325244714223551E+02   -0.194385469878135723E+03   -0.783515351937697524E+01    1
    0.315386801441080351E+02   -0.192110569141671675E+03   -0.784515351937695993E+01    1
    0.307467040379993506E+02   -0.183421463440923276E+03   -0.785515351937696593E+01    1
    0.315179694688093868E+02   -0.176345007782412040E+03   -0.786515351937697016E+01    1
    0.307561454799646938E+02   -0.176338038856408900E+03   -0.787515351937697172E+01    1
    0.315123209883319362E+02   -0.172190055738750630E+03   -0.788515351937697417E+01    1
    0.315102425140658227E+02   -0.170676778717304586E+03   -0.789515351937696952E+01    1
    0.307728990402286939E+02   -0.164195616552441720E+03   -0.790515351937697019E+01    1
    0.307826616339709460E+02   -0.157371829173414142E+03   -0.791515351937696643E+01    1
    0.314890360832214355E+02   -0.155717329168710023E+03   -0.792515351937696444E+01    1
    0.307865280953721800E+02   -0.154720538712992948E+03   -0.793515351937696778E+01    1
    0.314838767051696777E+02   -0.152210124380031687E+03   -0.794515351937696490E+01    1
    0.308060275569766304E+02   -0.141792678436249815E+03   -0.795515351937696735E+01    1
    0.308088065202530359E+02   -0.140010490646639113E+03   -0.796515351937696447E+01    1
    0.314634478421455022E+02   -0.138831639318364040E+03   -0.797515351937695893E+01    1
    0.314633654432232106E+02   -0.138779321856048227E+03   -0.798515351937696582E+01    1
    0.314623434301803648E+02   -0.138131514152878083E+03   -0.799515351937696650E+01    1
    0.308120763591434041E+02   -0.137932737369370358E+03   -0.800515351937696096E+01    1
    0.314597981804115214E+02   -0.136527028053209818E+03   -0.801515351937696785E+01    1
    0.314584095488811712E+02   -0.135656970123036899E+03   -0.802515351937697652E+01    1
    0.308214570979472526E+02   -0.132087375123594541E+03   -0.803515351937696920E+01    1
    0.308242837477603970E+02   -0.130359588280133238E+03   -0.804515351937696543E+01    1
    0.308248526588104603E+02   -0.130013721128893650E+03   -0.805515351937697233E+01    1
    0.314491120471910293E+02   -0.129928195906999377E+03   -0.806515351937697034E+01    1
    0.314487477125128301E+02   -0.129707130708174589E+03   -0.807515351937696657E+01    1
    0.314420789527479272E+02   -0.125706391246705664E+03   -0.808515351937696636E+01    1
    0.308329463005065918E+02   -0.125161426552382949E+03   -0.809515351937696259E+01    1
    0.314379094142363371E+02   -0.123248950784571406E+03   -0.810515351937696593E+01    1
    0.308401877722238638E+02   -0.120928048331296282E+03   -0.811515351937696572E+01    1
    0.314333855704730780E+02   -0.120620946356706014E+03   -0.812515351937696728E+01    1
    0.314290613673562049E+02   -0.118146136338213992E+03   -0.813515351937696707E+01    1
    0.308553779658026066E+02   -0.112379292158278957E+03   -0.814515351937696508E+01    1
    0.308561076844919846E+02   -0.111979920786398637E+03   -0.815515351937696664E+01    1
    0.308606223062266096E+02   -0.109532122305715021E+03   -0.816515351937696643E+01    1
    0.308678043662957151E+02   -0.105719774211834689E+03   -0.817515351937696622E+01    1
    0.308864131309748657E+02   -0.963088180015508328E+02   -0.818515351937696600E+01    1
    0.313871559538719751E+02   -0.960475064962088396E+02   -0.819515351937696224E+01    1
    0.308890037673476883E+02   -0.950520870381434690E+02   -0.820515351937696558E+01    1
    0.308892520613023507E+02   -0.949323240590766488E+02   -0.821515351937696714E+01    1
    0.308896839618682861E+02   -0.947242853959584181E+02   -0.822515351937696693E+01    1
    0.313830439099541252E+02   -0.940631103557026620E+02   -0.823515351937696671E+01    1
    0.308935477654117747E+02   -0.928793070203784623E+02   -0.824515351937696295E+01    1
    0.313784438456281478E+02   -0.918821892574879797E+02   -0.825515351937696096E+01    1
    0.308965718541852041E+02   -0.914555573262537393E+02   -0.826515351937696252E+01    1
    0.313772532979622198E+02   -0.913244489065363041E+02   -0.827515351937696408E+01    1
    0.308992397135191403E+02   -0.902142931687277212E+02   -0.828515351937696565E+01    1
    0.313742065429687500E+02   -0.899096824882294783E+02   -0.829515351937696543E+01    1
    0.309008683527023180E+02   -0.894633496273385873E+02   -0.830515351937696344E+01    1
    0.313644441150930540E+02   -0.854981233061095907E+02   -0.831515351937696146E+01    1
    0.313597217952463758E+02   -0.834306850752529527E+02   -0.832515351937696302E+01    1
    0.313573892680587214E+02   -0.824255088076451443E+02   -0.833515351937696813E+01    1
    0.313570459286840588E+02   -0.822784442844361337E+02   -0.834515351937696437E+01    1
    0.313557022935684273E+02   -0.817051222876205969E+02   -0.835515351937696593E+01    1
    0.309225077708164768E+02   -0.799754984996068998E+02   -0.836515351937696927E+01    1
    0.313507695350521409E+02   -0.796304569521615520E+02   -0.837515351937696906E+01    1
    0.313470112870768460E+02   -0.780815514230858128E+02   -0.838515351937696174E+01    1
    0.313452897961287675E+02   -0.773812411227828676E+02   -0.839515351937695975E+01    1
    0.313447238804454962E+02   -0.771522832840189636E+02   -0.840515351937696487E+01    1
    0.313416076395299150E+02   -0.759026782818838512E+02   -0.841515351937696821E+01    1
    0.309403443336486816E+02   -0.728399545094359269E+02   -0.842515351937696266E+01    1
    0.313334567005527020E+02   -0.727235082081042634E+02   -0.843515351937695534E+01    1
    0.309421335329393301E+02   -0.721583405581393151E+02   -0.844515351937695691E+01    1
    0.313262035257826241E+02   -0.700031850510504796E+02   -0.845515351937696202E+01    1
    0.313228738307952881E+02   -0.687886516889481783E+02   -0.846515351937696536E+01    1
    0.313183932382546857E+02   -0.671883605845359426E+02   -0.847515351937696160E+01    1
    0.313163864612579346E+02   -0.664842830094062549E+02   -0.848515351937696316E+01    1
    0.309578254266413921E+02   -0.664471911846947023E+02   -0.849515351937696295E+01    1
    0.309592737553454533E+02   -0.659442126281283834E+02   -0.850515351937696629E+01    1
    0.313127207899668818E+02   -0.652184094338250731E+02   -0.851515351937696785E+01    1
    0.313057755284114023E+02   -0.628916767572046922E+02   -0.852515351937696408E+01    1
    0.313048005753890166E+02   -0.625725691664517782E+02   -0.853515351937696032E+01    1
    0.313047444111584987E+02   -0.625542426333663144E+02   -0.854515351937695655E+01    1
    0.313046429297792486E+02   -0.625211445602518125E+02   -0.855515351937696344E+01    1
    0.313003704034558119E+02   -0.611458424427552458E+02   -0.856515351937696323E+01    1
    0.309748179634866112E+02   -0.608029290863984286E+02   -0.857515351937696124E+01    1
    0.309777915143524396E+02   -0.598729837685936417E+02   -0.858515351937696103E+01    1
    0.312962516194494711E+02   -0.598536496877323785E+02   -0.859515351937696259E+01    1
    0.312950961572980404E+02   -0.594970728769633723E+02   -0.860515351937696771E+01    1
    0.309801583807879659E+02   -0.591450680899188228E+02   -0.861515351937696039E+01    1
    0.309803959891128819E+02   -0.590725950529175279E+02   -0.862515351937695662E+01    1
    0.309818432245125095E+02   -0.586335449897718064E+02   -0.863515351937696352E+01    1
    0.312899565696716309E+02   -0.579424635252581197E+02   -0.864515351937696508E+01    1
    0.309850401592899622E+02   -0.576781285903272760E+02   -0.865515351937695954E+01    1
    0.312885791469582770E+02   -0.575345563842405809E+02   -0.866515351937696288E+01    1
    0.312833959168251106E+02   -0.560326843474940119E+02   -0.867515351937696266E+01    1
    0.312823152542114258E+02   -0.557261406430094510E+02   -0.868515351937696423E+01    1
    0.312816960300808233E+02   -0.555515137765547635E+02   -0.869515351937696934E+01    1
    0.312800603067682026E+02   -0.550938128485470955E+02   -0.870515351937696735E+01    1
    0.312796786729068899E+02   -0.549877746552783648E+02   -0.871515351937696181E+01    1
    0.312795957725739697E+02   -0.549647779927810163E+02   -0.872515351937695982E+01    1
    0.309946920335277589E+02   -0.549142655173447025E+02   -0.873515351937696316E+01    1
    0.309970835573745909E+02   -0.542574580997237632E+02   -0.874515351937695762E+01    1
    0.312769038683144345E+02   -0.542253062247265873E+02   -0.875515351937695741E+01    1
    0.312741369098609638E+02   -0.534799099354997836E+02   -0.876515351937696252E+01    1
    0.312738235041111245E+02   -0.533964200621111615E+02   -0.877515351937696231E+01    1
    0.310008655143035270E+02   -0.532414944209709304E+02   -0.878515351937696209E+01    1
    0.310020203272045336E+02   -0.529368177235619441E+02   -0.879515351937696188E+01    1
    0.310025285546768536E+02   -0.528035531897788886E+02   -0.880515351937695812E+01    1
    0.310035793222900367E+02   -0.525296203693377919E+02   -0.881515351937695790E+01    1
    0.310039800549216835E+02   -0.524257160678902139E+02   -0.882515351937695769E+01    1
    0.312690819075715893E+02   -0.521565961106563094E+02   -0.883515351937695925E+01    1
    0.310050571989530042E+02   -0.521479763864513899E+02   -0.884515351937695904E+01    1
    0.310050895746971307E+02   -0.521396633012281896E+02   -0.885515351937696238E+01    1
    0.310058499121832725E+02   -0.519450185695325644E+02   -0.886515351937696394E+01    1
    0.310076395689526407E+02   -0.514913096635099663E+02   -0.887515351937696018E+01    1
    0.312643605016520354E+02   -0.509655132613226272E+02   -0.888515351937696174E+01    1
    0.310102230977472715E+02   -0.508473309890068208E+02   -0.889515351937696330E+01    1
    0.312638083748524807E+02   -0.508290589719206167E+02   -0.890515351937696309E+01    1
    0.312637608731504208E+02   -0.508173469649410166E+02   -0.891515351937696288E+01    1
    0.312634687079892259E+02   -0.507454073364959442E+02   -0.892515351937696089E+01    1
    0.310111532069570828E+02   -0.506186680337062711E+02   -0.893515351937696423E+01    1
    0.310119854451926713E+02   -0.504154929374851761E+02   -0.894515351937696579E+01    1
    0.312615964586157773E+02   -0.502883465943097079E+02   -0.895515351937696202E+01    1
    0.312591182690744418E+02   -0.496938489481892915E+02   -0.896515351937696181E+01    1
    0.310222769304772115E+02   -0.480143844256226160E+02   -0.897515351937695982E+01    1
    0.312517674514759207E+02   -0.480007304276984570E+02   -0.898515351937695428E+01    1
    0.312515217691593641E+02   -0.479459577523316725E+02   -0.899515351937695407E+01    1
    0.310230476282118488E+02   -0.478428661562701123E+02   -0.900515351937695741E+01    1
    0.310235894588231815E+02   -0.477229739102047361E+02   -0.901515351937696252E+01    1
    0.310238065870329827E+02   -0.476750896982314387E+02   -0.902515351937696408E+01    1
    0.310257587399187216E+02   -0.472486924997286692E+02   -0.903515351937696032E+01    1
    0.310287605969404581E+02   -0.466074808003314658E+02   -0.904515351937695833E+01    1
    0.312413346767425537E+02   -0.457782213428712765E+02   -0.905515351937695989E+01    1
    0.312401303957327059E+02   -0.455353041754245567E+02   -0.906515351937695790E+01    1
    0.310342783214442264E+02   -0.454745954594331465E+02   -0.907515351937695591E+01    1
    0.310346517205010954E+02   -0.454000699250015529E+02   -0.908515351937695925E+01    1
    0.312389551241162238E+02   -0.453009589772596826E+02   -0.909515351937696437E+01    1
    0.312387280121541053E+02   -0.452559834403471299E+02   -0.910515351937696060E+01    1
    0.310362780609393170E+02   -0.450786374615413123E+02   -0.911515351937695506E+01    1
    0.310370159072545704E+02   -0.449345052552508122E+02   -0.912515351937696195E+01    1
    0.310382841406899104E+02   -0.446892411672083227E+02   -0.913515351937696529E+01    1
    0.312350070553091470E+02   -0.445334037064218293E+02   -0.914515351937696153E+01    1
    0.310403022103453985E+02   -0.443054173450286370E+02   -0.915515351937696131E+01    1
    0.310419234763163239E+02   -0.440028026372196024E+02   -0.916515351937695577E+01    1
    0.312306175368079550E+02   -0.437156260661089959E+02   -0.917515351937695733E+01    1
    0.310434907509335893E+02   -0.437151267951641671E+02   -0.918515351937696067E+01    1
    0.312303777997771554E+02   -0.436720420669354894E+02   -0.919515351937696046E+01    1
    0.310438559979129636E+02   -0.436487717308769305E+02   -0.920515351937696202E+01    1
    0.310442182626749563E+02   -0.435832148244035906E+02   -0.921515351937696536E+01    1
    0.312286192057893572E+02   -0.433557496258492634E+02   -0.922515351937696337E+01    1
    0.310462662093946307E+02   -0.432174115826658607E+02   -0.923515351937695961E+01    1
    0.310469765531491504E+02   -0.430924362936410148E+02   -0.924515351937695584E+01    1
    0.310478064378793555E+02   -0.429476727969334178E+02   -0.925515351937695918E+01    1
    0.310501295796507613E+02   -0.425495538206256541E+02   -0.926515351937696607E+01    1
    0.310518171285820692E+02   -0.422669408634971333E+02   -0.927515351937695876E+01    1
    0.312196615653863958E+02   -0.418380480572011848E+02   -0.928515351937695499E+01    1
    0.312174621003751156E+02   -0.414892618391761019E+02   -0.929515351937696188E+01    1
    0.310583784014099109E+02   -0.412207764032890438E+02   -0.930515351937696522E+01    1
    0.312156275490637505E+02   -0.412055418439648307E+02   -0.931515351937695790E+01    1
    0.310585940336324455E+02   -0.411878163624769726E+02   -0.932515351937696657E+01    1
    0.312144954238205230E+02   -0.410337217454701459E+02   -0.933515351937696458E+01    1
    0.312143625911404925E+02   -0.410137254797035311E+02   -0.934515351937696082E+01    1
    0.310607706867794775E+02   -0.408601736510146054E+02   -0.935515351937695883E+01    1
    0.312112296837439409E+02   -0.405520588068377421E+02   -0.936515351937696394E+01    1
    0.310647478247935069E+02   -0.402853191323027175E+02   -0.937515351937696728E+01    1
    0.312085829150155760E+02   -0.401769105374578999E+02   -0.938515351937696352E+01    1
    0.310658573947697434E+02   -0.401304324924699429E+02   -0.939515351937695797E+01    1
    0.310659512539394456E+02   -0.401174404177067672E+02   -0.940515351937695776E+01    1
    0.312079366645851302E+02   -0.400873823047904807E+02   -0.941515351937695755E+01    1
    0.312073510428005889E+02   -0.400069550159981375E+02   -0.942515351937696089E+01    1
    0.310669180772912696E+02   -0.399846093775537597E+02   -0.943515351937695712E+01    1
    0.310672061697466368E+02   -0.399453802836934670E+02   -0.944515351937694980E+01    1
    0.312057395135686022E+02   -0.397890774422148539E+02   -0.945515351937695137E+01    1
    0.310686466361349289E+02   -0.397516563634833346E+02   -0.946515351937695826E+01    1
    0.312050096794189642E+02   -0.396920666604743033E+02   -0.947515351937695982E+01    1
    0.310691198352647646E+02   -0.396888981385374180E+02   -0.948515351937695605E+01    1
    0.310701231337553558E+02   -0.395572762902333324E+02   -0.949515351937695584E+01    1
    0.310706901550292969E+02   -0.394837554184540025E+02   -0.950515351937695741E+01    1
    0.310714449253309795E+02   -0.393868611864873657E+02   -0.951515351937695897E+01    1
    0.310720387760391716E+02   -0.393114041988697380E+02   -0.952515351937695876E+01    1
    0.312005099441093847E+02   -0.391168449916279428E+02   -0.953515351937695854E+01    1
    0.310738217620829005E+02   -0.390889734702967644E+02   -0.954515351937695833E+01    1
    0.311984554659938489E+02   -0.388673104007584769E+02   -0.955515351937695989E+01    1
    0.310761675533542316E+02   -0.388057532114493569E+02   -0.956515351937696323E+01    1
    0.311974820851185086E+02   -0.387519516404201454E+02   -0.957515351937696302E+01    1
    0.310767295283873253E+02   -0.387394924622527768E+02   -0.958515351937695215E+01    1
    0.311970824332775507E+02   -0.387051212960631403E+02   -0.959515351937695371E+01    1
    0.311970400313848621E+02   -0.387001709667069846E+02   -0.960515351937695527E+01    1
    0.311967845838902278E+02   -0.386704220360806872E+02   -0.961515351937695861E+01    1
    0.311954753123224364E+02   -0.385199395933090400E+02   -0.962515351937695662E+01    1
    0.310793500708596682E+02   -0.384386251076487042E+02   -0.963515351937695286E+01    1
    0.311942137913615376E+02   -0.383781001857642821E+02   -0.964515351937695797E+01    1
    0.310803365707397461E+02   -0.383288253975788820E+02   -0.965515351937696309E+01    1
    0.311937380849314039E+02   -0.383254179208727521E+02   -0.966515351937695755E+01    1
    0.311928049740833764E+02   -0.382233590288782850E+02   -0.967515351937695556E+01    1
    0.311925962983014848E+02   -0.382007669124508098E+02   -0.968515351937696067E+01    1
    0.310823849793662284E+02   -0.381068801951515184E+02   -0.969515351937696224E+01    1
    0.311900398086711235E+02   -0.379308671743490180E+02   -0.970515351937696025E+01    1
    0.311899878910554840E+02   -0.379255177392657430E+02   -0.971515351937696003E+01    1
    0.310842024262945671E+02   -0.379167943170998925E+02   -0.972515351937696160E+01    1
    0.310846861486992303E+02   -0.378672848365735035E+02   -0.973515351937696316E+01    1
    0.310864696119462316E+02   -0.376886788627505496E+02   -0.974515351937696295E+01    1
    0.311865700742251306E+02   -0.375848920626399234E+02   -0.975515351937696273E+01    1
    0.310887066927120443E+02   -0.374733943871934017E+02   -0.976515351937695542E+01    1
    0.311853307281119356E+02   -0.374669912553524682E+02   -0.977515351937695698E+01    1
    0.311851456935936646E+02   -0.374496450317836960E+02   -0.978515351937696209E+01    1
    0.311848644275458540E+02   -0.374234050809520511E+02   -0.979515351937696011E+01    1
    0.311844424489549823E+02   -0.373843264072254016E+02   -0.980515351937695812E+01    1
    0.310897368312303257E+02   -0.373775334758009663E+02   -0.981515351937695613E+01    1
    0.310901322755129996E+02   -0.373412832647415627E+02   -0.982515351937695769E+01    1
    0.310908319070218937E+02   -0.372778936193707011E+02   -0.983515351937696103E+01    1
    0.310915033416125297E+02   -0.372179542428954875E+02   -0.984515351937696082E+01    1
    0.310927295084986675E+02   -0.371107569734059837E+02   -0.985515351937696060E+01    1
    0.310935724874309685E+02   -0.370387565306728774E+02   -0.986515351937695506E+01    1
    0.311804734984775500E+02   -0.370337217697661885E+02   -0.987515351937695307E+01    1
    0.311801215332390775E+02   -0.370041096519546358E+02   -0.988515351937695641E+01    1
    0.310944868829773746E+02   -0.369622194232445551E+02   -0.989515351937695975E+01    1
    0.311794110517198639E+02   -0.369450685411193547E+02   -0.990515351937695954E+01    1
    0.311788752567623924E+02   -0.369011934674961424E+02   -0.991515351937695577E+01    1
    0.310954226649463124E+02   -0.368855764238319352E+02   -0.992515351937695911E+01    1
    0.311785200723778502E+02   -0.368724160394626281E+02   -0.993515351937696067E+01    1
    0.310961956124712415E+02   -0.368235547755423767E+02   -0.994515351937695513E+01    1
    0.311767608221152273E+02   -0.367334981528784823E+02   -0.995515351937695492E+01    1
    0.310973543786502091E+02   -0.367327523030311909E+02   -0.996515351937695826E+01    1
    0.310977117611483251E+02   -0.367052744169343725E+02   -0.997515351937695982E+01    1
    0.311763568055580578E+02   -0.367024454756663587E+02   -0.998515351937696138E+01    1
    0.310978745959461023E+02   -0.366928370228983809E+02   -0.999515351937695584E+01    1
    0.311762030557430911E+02   -0.366907116989480073E+02   -0.100051535193769503E+02    1
    0.311759955793647734E+02   -0.366749505583808215E+02   -0.100151535193769536E+02    1
    0.311756500638003864E+02   -0.366488890025867704E+02   -0.100251535193769570E+02    1
    0.310985863785992969E+02   -0.366390763288707149E+02   -0.100351535193769603E+02    1
    0.311751008542266170E+02   -0.366079412172960019E+02   -0.100451535193769637E+02    1
    0.311748737918624634E+02   -0.365911834378660430E+02   -0.100551535193769475E+02    1
    0.310993582236165125E+02   -0.365818930845538475E+02   -0.100651535193769543E+02    1
    0.311745904209780491E+02   -0.365704106486561216E+02   -0.100751535193769577E+02    1
    0.311743968509626370E+02   -0.365563106097094632E+02   -0.100851535193769539E+02    1
    0.310999126956789276E+02   -0.365415296015543021E+02   -0.100951535193769484E+02    1
    0.310999302737957919E+02   -0.365402597623537702E+02   -0.101051535193769499E+02    1
    0.311729661682722750E+02   -0.364543572270234364E+02   -0.101151535193769551E+02    1
    0.311025734794113617E+02   -0.363561566146135036E+02   -0.101251535193769566E+02    1
    0.311714685258799200E+02   -0.363518982857236992E+02   -0.101351535193769582E+02    1
    0.311030825553571724E+02   -0.363222597680812882E+02   -0.101451535193769562E+02    1
    0.311031222477474074E+02   -0.363196380369731884E+02   -0.101551535193769507E+02    1
    0.311045827360992533E+02   -0.362253023052423586E+02   -0.101651535193769487E+02    1
    0.311686946405800569E+02   -0.361736531006894566E+02   -0.101751535193769485E+02    1
    0.311684549694089910E+02   -0.361589548252373874E+02   -0.101851535193769500E+02    1
    0.311059267314708023E+02   -0.361421576230223351E+02   -0.101951535193769534E+02    1
    0.311680113021880274E+02   -0.361320410335835973E+02   -0.102051535193769531E+02    1
    0.311672012005329648E+02   -0.360838865690573840E+02   -0.102151535193769565E+02    1
    0.311073340127049818E+02   -0.360588641932345340E+02   -0.102251535193769545E+02    1
    0.311666745712429289E+02   -0.360532671963144722E+02   -0.102351535193769507E+02    1
    0.311080471184031566E+02   -0.360181281378077500E+02   -0.102451535193769541E+02    1
    0.311658135513803067E+02   -0.360043678772325109E+02   -0.102551535193769521E+02    1
    0.311655327684031285E+02   -0.359887334255665721E+02   -0.102651535193769536E+02    1
    0.311652441030552936E+02   -0.359728199732503313E+02   -0.102751535193769570E+02    1
    0.311088710334509351E+02   -0.359722939953862237E+02   -0.102851535193769532E+02    1
    0.311651736757959412E+02   -0.359689620825425607E+02   -0.102951535193769512E+02    1
    0.311645433511068930E+02   -0.359348635913619319E+02   -0.103051535193769492E+02    1
    0.311644238504725735E+02   -0.359284861642476798E+02   -0.103151535193769526E+02    1
    0.311100854184006437E+02   -0.359071459895128200E+02   -0.103251535193769541E+02    1
    0.311103958902211808E+02   -0.358909506638945714E+02   -0.103351535193769539E+02    1
    0.311107878987619060E+02   -0.358707699674178997E+02   -0.103451535193769555E+02    1
    0.311631279410967927E+02   -0.358611112510035639E+02   -0.103551535193769570E+02    1
    0.311113958532365160E+02   -0.358400636937771750E+02   -0.103651535193769533E+02    1
    0.311624471203378768E+02   -0.358270242138901622E+02   -0.103751535193769513E+02    1
    0.311622329324832990E+02   -0.358164868280678874E+02   -0.103851535193769564E+02    1
    0.311125484364911635E+02   -0.357838234652380436E+02   -0.103951535193769562E+02    1
    0.311610489612139752E+02   -0.357598493614125275E+02   -0.104051535193769507E+02    1
    0.311609359501547694E+02   -0.357545858482185537E+02   -0.104151535193769558E+02    1
    0.311608946628453154E+02   -0.357526690803771174E+02   -0.104251535193769538E+02    1
    0.311606080119414806E+02   -0.357394527241871955E+02   -0.104351535193769482E+02    1
    0.311136422269413195E+02   -0.357328421633834665E+02   -0.104451535193769534E+02    1
    0.311143912826459399E+02   -0.356992716571547390E+02   -0.104551535193769531E+02    1
    0.311592750094444568E+02   -0.356800933673892047E+02   -0.104651535193769529E+02    1
    0.311150284818268652E+02   -0.356715734963608071E+02   -0.104751535193769580E+02    1
    0.311590563128570821E+02   -0.356706847922619872E+02   -0.104851535193769543E+02    1
    0.311153854289744487E+02   -0.356564026929792632E+02   -0.104951535193769523E+02    1
    0.311587153411821376E+02   -0.356562014373178471E+02   -0.105051535193769539E+02    1
    0.311154486212216348E+02   -0.356537427515562300E+02   -0.105151535193769536E+02    1
    0.311585045278178647E+02   -0.356473599343650704E+02   -0.105251535193769499E+02    1
    0.311156140354820536E+02   -0.356468167796028652E+02   -0.105351535193769514E+02    1
    0.311157988015197162E+02   -0.356391434787999799E+02   -0.105451535193769512E+02    1
    0.311161059971914042E+02   -0.356265327089855219E+02   -0.105551535193769528E+02    1
    0.311579080672119382E+02   -0.356228127951496631E+02   -0.105651535193769543E+02    1
    0.311163602806829367E+02   -0.356162329368180437E+02   -0.105751535193769524E+02    1
    0.311569908374523905E+02   -0.355864150912447741E+02   -0.105851535193769575E+02    1
    0.311171869210452456E+02   -0.355836190027905346E+02   -0.105951535193769573E+02    1
    0.311174613246862641E+02   -0.355730866935873067E+02   -0.106051535193769570E+02    1
    0.311178833780862050E+02   -0.355571731468727421E+02   -0.106151535193769551E+02    1
    0.311182332038879395E+02   -0.355442456139639162E+02   -0.106251535193769495E+02    1
    0.311555624782490099E+02   -0.355329937266932347E+02   -0.106351535193769458E+02    1
    0.311554681030595120E+02   -0.355296038402980017E+02   -0.106451535193769526E+02    1
    0.311552879510662635E+02   -0.355231810246037654E+02   -0.106551535193769560E+02    1
    0.311552708769079878E+02   -0.355225755689679019E+02   -0.106651535193769540E+02    1
    0.311192518341758131E+02   -0.355079589275011429E+02   -0.106751535193769556E+02    1
    0.311547577202206156E+02   -0.355046435331461794E+02   -0.106851535193769500E+02    1
    0.311544164922018396E+02   -0.354930030682815385E+02   -0.106951535193769480E+02    1
    0.311539778105783043E+02   -0.354783709376363490E+02   -0.107051535193769549E+02    1
    0.311202099725907857E+02   -0.354756695720272432E+02   -0.107151535193769494E+02    1
    0.311202968744731265E+02   -0.354728293126273897E+02   -0.107251535193769456E+02    1
    0.311536426698025934E+02   -0.354674446649924420E+02   -0.107351535193769543E+02    1
    0.311536255438177179E+02   -0.354668921915531072E+02   -0.107451535193769505E+02    1
    0.311206880303050220E+02   -0.354602268648147145E+02   -0.107551535193769414E+02    1
    0.311533815062224662E+02   -0.354590816908131501E+02   -0.107651535193769483E+02    1
    0.311207775835382954E+02   -0.354573834718836096E+02   -0.107751535193769499E+02    1
    0.311208807238051506E+02   -0.354541280119449524E+02   -0.107851535193769426E+02    1
    0.311528993147519273E+02   -0.354439896427042669E+02   -0.107951535193769441E+02    1
    0.311216540163893285E+02   -0.354303795289338552E+02   -0.108051535193769528E+02    1
    0.311522325570208523E+02   -0.354238660833643451E+02   -0.108151535193769561E+02    1
    0.311221201447016185E+02   -0.354166263186510051E+02   -0.108251535193769524E+02    1
    0.311516133998417786E+02   -0.354059536631919300E+02   -0.108351535193769521E+02    1
    0.311513222744327649E+02   -0.353977890976832015E+02   -0.108451535193769519E+02    1
    0.311512884853199736E+02   -0.353968521669556466E+02   -0.108551535193769482E+02    1
    0.311512021255357290E+02   -0.353944676092795589E+02   -0.108651535193769480E+02    1
    0.311229127992528518E+02   -0.353942094874805093E+02   -0.108751535193769477E+02    1
    0.311510999322458701E+02   -0.353916646024432922E+02   -0.108851535193769493E+02    1
    0.311232503580305533E+02   -0.353850342081476157E+02   -0.108951535193769473E+02    1
    0.311507155452593310E+02   -0.353813033913791344E+02   -0.109051535193769453E+02    1
    0.311506704578036704E+02   -0.353801068884586059E+02   -0.109151535193769469E+02    1
    0.311506298248522135E+02   -0.353790319846059873E+02   -0.109251535193769485E+02    1
    0.311234802889249735E+02   -0.353789113215800128E+02   -0.109351535193769500E+02    1
    0.311235308983784336E+02   -0.353775774412078050E+02   -0.109451535193769498E+02    1
    0.311505584086385845E+02   -0.353771505246828468E+02   -0.109551535193769460E+02    1
    0.311503168363217533E+02   -0.353708598526358173E+02   -0.109651535193769440E+02    1
    0.311503073088223452E+02   -0.353706140786560610E+02   -0.109751535193769456E+02    1
    0.311238512477123379E+02   -0.353692498021275981E+02   -0.109851535193769454E+02    1
    0.311238730249583924E+02   -0.353686909394980020E+02   -0.109951535193769434E+02    1
    0.311238906812993328E+02   -0.353682385076507799E+02   -0.110051535193769485E+02    1
    0.311502089379875926E+02   -0.353680868026444912E+02   -0.110151535193769536E+02    1
    0.311500789321562017E+02   -0.353647756635777881E+02   -0.110251535193769499E+02    1
    0.311500653497665994E+02   -0.353644316286990659E+02   -0.110351535193769461E+02    1
    0.311500168237637958E+02   -0.353632054220140049E+02   -0.110451535193769441E+02    1
    0.311500014686964022E+02   -0.353628183680086465E+02   -0.110551535193769439E+02    1
    0.311241314133026172E+02   -0.353621304202153652E+02   -0.110651535193769455E+02    1
    0.311241631961984950E+02   -0.353613324189402292E+02   -0.110751535193769488E+02    1
    0.311243039182070689E+02   -0.353578228010341391E+02   -0.110851535193769504E+02    1
    0.311244046692217715E+02   -0.353553337288193816E+02   -0.110951535193769502E+02    1
    0.311245525977490516E+02   -0.353517149123234162E+02   -0.111051535193769553E+02    1
    0.311494424307480600E+02   -0.353490391023567625E+02   -0.111151535193769551E+02    1
    0.311247913388440622E+02   -0.353459643222908966E+02   -0.111251535193769460E+02    1
    0.311249489883240287E+02   -0.353422277859064167E+02   -0.111351535193769493E+02    1
    0.311488507549314697E+02   -0.353351176769793796E+02   -0.111451535193769491E+02    1
    0.311484455702119831E+02   -0.353259770750902291E+02   -0.111551535193769507E+02    1
    0.311257238097544189E+02   -0.353245661388886347E+02   -0.111651535193769469E+02    1
    0.311482738284615230E+02   -0.353221991195783431E+02   -0.111751535193769467E+02    1
    0.311479440760155413E+02   -0.353151061272776872E+02   -0.111851535193769482E+02    1
    0.311478341568236381E+02   -0.353127887716901014E+02   -0.111951535193769498E+02    1
    0.311264171097889601E+02   -0.353097528532120037E+02   -0.112051535193769514E+02    1
    0.311476375988803014E+02   -0.353087034667142845E+02   -0.112151535193769529E+02    1
    0.311265680976628012E+02   -0.353066507996031689E+02   -0.112251535193769527E+02    1
    0.311474480678678667E+02   -0.353048353936988093E+02   -0.112351535193769525E+02    1
    0.311473496583113203E+02   -0.353028545512965266E+02   -0.112451535193769505E+02    1
    0.311268584723845656E+02   -0.353008097056982706E+02   -0.112551535193769485E+02    1
    0.311270298743166123E+02   -0.352974388275152435E+02   -0.112651535193769465E+02    1
    0.311470714578308652E+02   -0.352973566962039413E+02   -0.112751535193769428E+02    1
    0.311469805053793287E+02   -0.352955919359786634E+02   -0.112851535193769514E+02    1
    0.311273112106259831E+02   -0.352920298258546410E+02   -0.112951535193769441E+02    1
    0.311467620767928395E+02   -0.352914194795090665E+02   -0.113051535193769475E+02    1
    0.311274308287954682E+02   -0.352897766893110472E+02   -0.113151535193769508E+02    1
    0.311275035559473281E+02   -0.352884204030826396E+02   -0.113251535193769524E+02    1
    0.311276750080823774E+02   -0.352852637226556070E+02   -0.113351535193769486E+02    1
    0.311463177481196212E+02   -0.352832183056283384E+02   -0.113451535193769519E+02    1
    0.311278071120459856E+02   -0.352828705073380107E+02   -0.113551535193769464E+02    1
    0.311278799552458096E+02   -0.352815653913133644E+02   -0.113651535193769444E+02    1
    0.311278883744614099E+02   -0.352814152115591071E+02   -0.113751535193769477E+02    1
    0.311279171061460787E+02   -0.352809037416556066E+02   -0.113851535193769493E+02    1
