    0.311984554659938489E+02   -0.388673104007584769E+02
    0.311954753123224364E+02   -0.385199395933090400E+02
    0.311900398086711235E+02   -0.379308671743490180E+02
    0.311865700742251306E+02   -0.375848920626399234E+02
    0.310897368312303257E+02   -0.373775334758009663E+02
    0.310901322755129996E+02   -0.373412832647415627E+02
    0.310927295084986675E+02   -0.371107569734059837E+02
    0.310935724874309685E+02   -0.370387565306728774E+02
    0.311801215332390775E+02   -0.370041096519546358E+02
    0.310944868829773746E+02   -0.369622194232445551E+02
    0.311794110517198639E+02   -0.369450685411193547E+02
    0.311788752567623924E+02   -0.369011934674961424E+02
    0.310954226649463124E+02   -0.368855764238319352E+02
    0.311785200723778502E+02   -0.368724160394626281E+02
    0.310961956124712415E+02   -0.368235547755423767E+02
    0.310973543786502091E+02   -0.367327523030311909E+02
    0.310977117611483251E+02   -0.367052744169343725E+02
    0.310978745959461023E+02   -0.366928370228983809E+02
    0.311759955793647734E+02   -0.366749505583808215E+02
    0.311756500638003864E+02   -0.366488890025867704E+02
    0.310985863785992969E+02   -0.366390763288707149E+02
    0.311751008542266170E+02   -0.366079412172960019E+02
    0.311748737918624634E+02   -0.365911834378660430E+02
    0.310993582236165125E+02   -0.365818930845538475E+02
    0.311745904209780491E+02   -0.365704106486561216E+02
    0.311743968509626370E+02   -0.365563106097094632E+02
    0.310999126956789276E+02   -0.365415296015543021E+02
    0.310999302737957919E+02   -0.365402597623537702E+02
    0.311729661682722750E+02   -0.364543572270234364E+02
    0.311025734794113617E+02   -0.363561566146135036E+02
    0.311714685258799200E+02   -0.363518982857236992E+02
    0.311714685258799200E+02   -0.363518982857236992E+02
    0.311030825553571724E+02   -0.363222597680812882E+02
    0.311031222477474074E+02   -0.363196380369731884E+02
    0.311045827360992533E+02   -0.362253023052423586E+02
    0.311686946405800569E+02   -0.361736531006894566E+02
    0.311684549694089910E+02   -0.361589548252373874E+02
    0.311059267314708023E+02   -0.361421576230223351E+02
    0.311680113021880274E+02   -0.361320410335835973E+02
    0.311672012005329648E+02   -0.360838865690573840E+02
    0.311672012005329648E+02   -0.360838865690573840E+02
    0.311073340127049818E+02   -0.360588641932345340E+02
    0.311666745712429289E+02   -0.360532671963144722E+02
    0.311666745712429289E+02   -0.360532671963144722E+02
    0.311080471184031566E+02   -0.360181281378077500E+02
    0.311658135513803067E+02   -0.360043678772325109E+02
    0.311655327684031285E+02   -0.359887334255665721E+02
    0.311652441030552936E+02   -0.359728199732503313E+02
    0.311088710334509351E+02   -0.359722939953862237E+02
    0.311088710334509351E+02   -0.359722939953862237E+02
    0.311651736757959412E+02   -0.359689620825425607E+02
    0.311651736757959412E+02   -0.359689620825425607E+02
    0.311645433511068930E+02   -0.359348635913619319E+02
    0.311645433511068930E+02   -0.359348635913619319E+02
    0.311644238504725735E+02   -0.359284861642476798E+02
    0.311644238504725735E+02   -0.359284861642476798E+02
    0.311100854184006437E+02   -0.359071459895128200E+02
    0.311103958902211808E+02   -0.358909506638945714E+02
    0.311107878987619060E+02   -0.358707699674178997E+02
    0.311107878987619060E+02   -0.358707699674178997E+02
    0.311631279410967927E+02   -0.358611112510035639E+02
    0.311113958532365160E+02   -0.358400636937771750E+02
    0.311113958532365160E+02   -0.358400636937771750E+02
    0.311624471203378768E+02   -0.358270242138901622E+02
    0.311624471203378768E+02   -0.358270242138901622E+02
    0.311622329324832990E+02   -0.358164868280678874E+02
    0.311622329324832990E+02   -0.358164868280678874E+02
    0.311125484364911635E+02   -0.357838234652380436E+02
    0.311610489612139752E+02   -0.357598493614125275E+02
    0.311609359501547694E+02   -0.357545858482185537E+02
    0.311608946628453154E+02   -0.357526690803771174E+02
    0.311608946628453154E+02   -0.357526690803771174E+02
    0.311606080119414806E+02   -0.357394527241871955E+02
    0.311136422269413195E+02   -0.357328421633834665E+02
    0.311143912826459399E+02   -0.356992716571547390E+02
    0.311592750094444568E+02   -0.356800933673892047E+02
    0.311592750094444568E+02   -0.356800933673892047E+02
    0.311150284818268652E+02   -0.356715734963608071E+02
    0.311150284818268652E+02   -0.356715734963608071E+02
    0.311590563128570821E+02   -0.356706847922619872E+02
    0.311153854289744487E+02   -0.356564026929792632E+02
    0.311587153411821376E+02   -0.356562014373178471E+02
    0.311154486212216348E+02   -0.356537427515562300E+02
    0.311154486212216348E+02   -0.356537427515562300E+02
    0.311585045278178647E+02   -0.356473599343650704E+02
    0.311585045278178647E+02   -0.356473599343650704E+02
    0.311156140354820536E+02   -0.356468167796028652E+02
    0.311156140354820536E+02   -0.356468167796028652E+02
    0.311157988015197162E+02   -0.356391434787999799E+02
    0.311161059971914042E+02   -0.356265327089855219E+02
    0.311161059971914042E+02   -0.356265327089855219E+02
    0.311579080672119382E+02   -0.356228127951496631E+02
    0.311579080672119382E+02   -0.356228127951496631E+02
    0.311163602806829367E+02   -0.356162329368180437E+02
    0.311569908374523905E+02   -0.355864150912447741E+02
    0.311171869210452456E+02   -0.355836190027905346E+02
    0.311171869210452456E+02   -0.355836190027905346E+02
    0.311174613246862641E+02   -0.355730866935873067E+02
    0.311178833780862050E+02   -0.355571731468727421E+02
    0.311182332038879395E+02   -0.355442456139639162E+02
    0.311555624782490099E+02   -0.355329937266932347E+02
    0.311555624782490099E+02   -0.355329937266932347E+02
    0.311554681030595120E+02   -0.355296038402980017E+02
    0.311554681030595120E+02   -0.355296038402980017E+02
    0.311552879510662635E+02   -0.355231810246037654E+02
    0.311552708769079878E+02   -0.355225755689679019E+02
    0.311192518341758131E+02   -0.355079589275011429E+02
    0.311192518341758131E+02   -0.355079589275011429E+02
    0.311547577202206156E+02   -0.355046435331461794E+02
    0.311544164922018396E+02   -0.354930030682815385E+02
    0.311539778105783043E+02   -0.354783709376363490E+02
    0.311539778105783043E+02   -0.354783709376363490E+02
    0.311202099725907857E+02   -0.354756695720272432E+02
    0.311202968744731265E+02   -0.354728293126273897E+02
    0.311536426698025934E+02   -0.354674446649924420E+02
    0.311536255438177179E+02   -0.354668921915531072E+02
    0.311536255438177179E+02   -0.354668921915531072E+02
    0.311206880303050220E+02   -0.354602268648147145E+02
    0.311533815062224662E+02   -0.354590816908131501E+02
    0.311207775835382954E+02   -0.354573834718836096E+02
    0.311208807238051506E+02   -0.354541280119449524E+02
    0.311528993147519273E+02   -0.354439896427042669E+02
    0.311216540163893285E+02   -0.354303795289338552E+02
    0.311522325570208523E+02   -0.354238660833643451E+02
    0.311221201447016185E+02   -0.354166263186510051E+02
    0.311516133998417786E+02   -0.354059536631919300E+02
    0.311513222744327649E+02   -0.353977890976832015E+02
    0.311512884853199736E+02   -0.353968521669556466E+02
    0.311512021255357290E+02   -0.353944676092795589E+02
    0.311229127992528518E+02   -0.353942094874805093E+02
    0.311229127992528518E+02   -0.353942094874805093E+02
    0.311510999322458701E+02   -0.353916646024432922E+02
    0.311232503580305533E+02   -0.353850342081476157E+02
    0.311507155452593310E+02   -0.353813033913791344E+02
    0.311507155452593310E+02   -0.353813033913791344E+02
    0.311506704578036704E+02   -0.353801068884586059E+02
    0.311506298248522135E+02   -0.353790319846059873E+02
    0.311234802889249735E+02   -0.353789113215800128E+02
    0.311235308983784336E+02   -0.353775774412078050E+02
    0.311505584086385845E+02   -0.353771505246828468E+02
    0.311505584086385845E+02   -0.353771505246828468E+02
    0.311503168363217533E+02   -0.353708598526358173E+02
    0.311503073088223452E+02   -0.353706140786560610E+02
    0.311238512477123379E+02   -0.353692498021275981E+02
    0.311238730249583924E+02   -0.353686909394980020E+02
    0.311238906812993328E+02   -0.353682385076507799E+02
    0.311502089379875926E+02   -0.353680868026444912E+02
    0.311500789321562017E+02   -0.353647756635777881E+02
    0.311500789321562017E+02   -0.353647756635777881E+02
    0.311500653497665994E+02   -0.353644316286990659E+02
    0.311500168237637958E+02   -0.353632054220140049E+02
    0.311500014686964022E+02   -0.353628183680086465E+02
    0.311241314133026172E+02   -0.353621304202153652E+02
    0.311241631961984950E+02   -0.353613324189402292E+02
    0.311243039182070689E+02   -0.353578228010341391E+02
    0.311244046692217715E+02   -0.353553337288193816E+02
    0.311245525977490516E+02   -0.353517149123234162E+02
    0.311494424307480600E+02   -0.353490391023567625E+02
    0.311247913388440622E+02   -0.353459643222908966E+02
    0.311249489883240287E+02   -0.353422277859064167E+02
    0.311488507549314697E+02   -0.353351176769793796E+02
    0.311484455702119831E+02   -0.353259770750902291E+02
    0.311257238097544189E+02   -0.353245661388886347E+02
    0.311482738284615230E+02   -0.353221991195783431E+02
    0.311479440760155413E+02   -0.353151061272776872E+02
    0.311478341568236381E+02   -0.353127887716901014E+02
    0.311264171097889601E+02   -0.353097528532120037E+02
    0.311476375988803014E+02   -0.353087034667142845E+02
    0.311265680976628012E+02   -0.353066507996031689E+02
    0.311474480678678667E+02   -0.353048353936988093E+02
    0.311473496583113203E+02   -0.353028545512965266E+02
    0.311268584723845656E+02   -0.353008097056982706E+02
    0.311270298743166123E+02   -0.352974388275152435E+02
    0.311470714578308652E+02   -0.352973566962039413E+02
    0.311469805053793287E+02   -0.352955919359786634E+02
    0.311273112106259831E+02   -0.352920298258546410E+02
    0.311467620767928395E+02   -0.352914194795090665E+02
    0.311275035559473281E+02   -0.352884204030826396E+02
    0.311463177481196212E+02   -0.352832183056283384E+02
    0.311278071120459856E+02   -0.352828705073380107E+02
    0.311278799552458096E+02   -0.352815653913133644E+02
    0.311278883744614099E+02   -0.352814152115591071E+02
    0.311279171061460787E+02   -0.352809037416556066E+02
    0.311341772058926836E+02   -0.352077603293893944E+02
    0.311362617128924128E+02   -0.352003254082604471E+02
    0.311314989402624747E+02   -0.352297215575600333E+02
    0.311457698535969314E+02   -0.352736343962412064E+02
    0.311298016071846710E+02   -0.352508638924840056E+02
    0.311336499751421414E+02   -0.352109803124928646E+02
    0.311342137104427259E+02   -0.352075574016645589E+02
    0.311364164910417074E+02   -0.352001105046219038E+02
    0.311331616169991889E+02   -0.352144453485475708E+02
    0.311377019082225388E+02   -0.352001265777214911E+02
    0.311406491957016271E+02   -0.352122986284433495E+02
    0.311386532656492996E+02   -0.352022084830496595E+02
    0.311321406739758899E+02   -0.352231881599991468E+02
    0.311329797509036865E+02   -0.352158543097170096E+02
    0.311341985414264748E+02   -0.352076414109581322E+02
    0.311299978155220813E+02   -0.352481333699506436E+02
    0.311289022436841414E+02   -0.352643383139229840E+02
    0.311300665174358642E+02   -0.352471949876520014E+02
    0.311420613827740738E+02   -0.352241195456137461E+02
    0.311367602018480980E+02   -0.351997999442002865E+02
    0.311418217270868816E+02   -0.352218401231532496E+02
    0.311374382028808121E+02   -0.351998611883219397E+02
    0.311435759502727620E+02   -0.352411094784597481E+02
    0.311355374791643804E+02   -0.352019502492996708E+02
    0.311457273963574295E+02   -0.352729161054645601E+02
    0.311401258272173145E+02   -0.352089031124094447E+02
    0.311332597755250688E+02   -0.352137116285195688E+02
    0.311328449407903278E+02   -0.352169402449844853E+02
    0.311440273660470694E+02   -0.352470366183103820E+02
    0.311326571240163794E+02   -0.352185121087854469E+02
    0.311323553906994448E+02   -0.352211810455084304E+02
    0.311350864049807683E+02   -0.352034779588898061E+02
    0.311378892713651396E+02   -0.352003973489755282E+02
    0.311378332723681659E+02   -0.352003092651193938E+02
    0.311354183967913904E+02   -0.352023151030126087E+02
    0.311361178106884182E+02   -0.352005670210878918E+02
    0.311301904720561922E+02   -0.352455251526147535E+02
    0.311440034034774627E+02   -0.352467120232017166E+02
    0.311361543132937868E+02   -0.352005019193726696E+02
    0.311347415223955437E+02   -0.352049130504009327E+02
    0.311455362636534403E+02   -0.352697259565546588E+02
    0.311298422445698151E+02   -0.352502922147542392E+02
    0.311286895023854129E+02   -0.352677557875572063E+02
    0.311357586062531624E+02   -0.352013459235441104E+02
    0.311348692589106335E+02   -0.352043545438160734E+02
    0.311434309324379583E+02   -0.352392895155478953E+02
    0.311297801624330717E+02   -0.352511668675701699E+02
    0.311362479457679200E+02   -0.352003467805749892E+02
    0.311385206149669145E+02   -0.352018125527547241E+02
    0.311339146001483442E+02   -0.352092965555830304E+02
    0.311399259911632846E+02   -0.352077471995442863E+02
    0.311373348176637066E+02   -0.351997940608618052E+02
    0.311347320672539887E+02   -0.352049556532623882E+02
    0.311297035217620177E+02   -0.352522569725356618E+02
    0.311449541552408284E+02   -0.352604479781764724E+02
    0.311295800749529441E+02   -0.352540368558678736E+02
    0.311396970606843837E+02   -0.352065184796847248E+02
    0.311365874317885947E+02   -0.351999273218537425E+02
    0.311336846441151209E+02   -0.352107519654460432E+02
    0.311320125888152930E+02   -0.352244281776660628E+02
    0.311281799185204804E+02   -0.352762997957232045E+02
    0.311340416842654975E+02   -0.352085363683959898E+02
    0.311354742223394005E+02   -0.352021406252561277E+02
    0.311441573036071624E+02   -0.352488161951257197E+02
    0.311352242494867362E+02   -0.352029691026750129E+02
    0.311364334440215593E+02   -0.352000897981004925E+02
    0.311438039205135233E+02   -0.352440532019100061E+02
    0.311349975391108131E+02   -0.352038256073711366E+02
    0.311350369377527443E+02   -0.352036695817239789E+02
    0.311346408233509422E+02   -0.352053757168292449E+02
    0.311312641792498894E+02   -0.352323117872818656E+02
    0.311287245882218002E+02   -0.352671861057006382E+02
    0.311410097568478577E+02   -0.352149479106498191E+02
    0.311454322458670916E+02   -0.352680196859437487E+02
    0.311331642741700385E+02   -0.352144252397489623E+02
    0.311305717871437615E+02   -0.352405757458054865E+02
    0.311348434956807267E+02   -0.352044646336360429E+02
    0.311424143338711588E+02   -0.352276800117456617E+02
    0.311445704724234105E+02   -0.352546930850274052E+02
    0.311454333784252242E+02   -0.352680381506732061E+02
    0.311399134567948828E+02   -0.352076772863454295E+02
    0.311357902705340415E+02   -0.352012671735795379E+02
    0.311287759337717702E+02   -0.352663567350440843E+02
    0.311318892685452937E+02   -0.352256522243886110E+02
    0.311301575903431633E+02   -0.352459652003404926E+02
    0.311371406082126008E+02   -0.351997241831489873E+02
    0.311343145201457610E+02   -0.352070104690343086E+02
    0.311335763955761919E+02   -0.352114726919281225E+02
    0.311314583520464794E+02   -0.352301617201619877E+02
    0.311348466653218026E+02   -0.352044510196614624E+02
    0.311312460203451380E+02   -0.352325166107493857E+02
