    0.564401042057707277E-98    0.479250593291489281E+03    0.305695116519927979E+02
    0.139037699095354761E-97    0.477427463012333362E+03    0.305701206744224123E+02
    0.176800758181781287E-92    0.453901055431030159E+03    0.311601924820043585E+02
    0.852307784041582567E-91    0.446130036701208269E+03    0.305807761768970252E+02
    0.416831041309239797E-89    0.438330229824219430E+03    0.305834935600046727E+02
    0.732574124174212431E-89    0.437182462691804744E+03    0.305838956167698939E+02
    0.863226468051364673E-88    0.432229067411815606E+03    0.311526492297170208E+02
    0.638969849814441431E-86    0.423600366652456557E+03    0.311495894172924110E+02
    0.252025669895368358E-80    0.397809998182303332E+03    0.305980484039054019E+02
    0.968101850735330163E-80    0.395098385477392014E+03    0.305990504122791975E+02
    0.356365751781637226E-79    0.392471974698109761E+03    0.311382620416387610E+02
    0.223729923226365155E-76    0.379567500083262701E+03    0.306048626443028873E+02
    0.566263666521102248E-73    0.363874749151076912E+03    0.311274182659208876E+02
    0.312829055460966018E-70    0.351226044431078606E+03    0.306158125400543213E+02
    0.102844522293991313E-68    0.344220581133407677E+03    0.311196936386892666E+02
    0.244343325055366670E-68    0.342469869232027634E+03    0.306192925577705743E+02
    0.553429175957574322E-68    0.340814750269931039E+03    0.306199558227796231E+02
    0.753562472548535170E-66    0.330967053623548281E+03    0.306239392355421067E+02
    0.157967217385151255E-64    0.324861562047279506E+03    0.311118447853522753E+02
    0.365271221787214248E-64    0.323165056798409751E+03    0.306271417059622166E+02
    0.451515268819866150E-64    0.322721118719930473E+03    0.306273252036264907E+02
    0.763957886084412683E-64    0.321649311771027214E+03    0.311105177348207071E+02
    0.113577315390935181E-63    0.320836199318708054E+03    0.306281058732178870E+02
    0.309502218218903035E-58    0.295785385466133448E+03    0.310995544331145055E+02
    0.940344186354121435E-58    0.293542824056658162E+03    0.310985791683197021E+02
    0.244335655716781515E-55    0.282402719590269726E+03    0.306446148536494825E+02
    0.242755137049305373E-54    0.277790528702909171E+03    0.310916082127474240E+02
    0.112086588830508713E-52    0.270105751494304002E+03    0.310881269020837436E+02
    0.494192059483975648E-52    0.267118446416589450E+03    0.310867585794312156E+02
    0.962744077524308755E-52    0.265764719626507372E+03    0.306521508652569707E+02
    0.200164229203032692E-51    0.264280848331409629E+03    0.310854508136269345E+02
    0.469974194871517473E-50    0.257948598919299798E+03    0.310825035649374435E+02
    0.805155034715839437E-49    0.252246714613478616E+03    0.310798144340515137E+02
    0.102445526781931397E-48    0.251744951702097779E+03    0.310795761468232321E+02
    0.575015732291704524E-48    0.248274819322799118E+03    0.310779207364547219E+02
    0.669926347862595958E-48    0.247949278569101580E+03    0.306605217699905808E+02
    0.764188730543411872E-46    0.238455644176349949E+03    0.310731637812306474E+02
    0.216829159711815510E-45    0.236349884044621831E+03    0.310721291172685632E+02
    0.895043357189817689E-45    0.233494359244917547E+03    0.310707175731658936E+02
    0.992055789982705642E-44    0.228663374689496663E+03    0.310683067409563556E+02
    0.240839450624907431E-43    0.226869502131690268E+03    0.306708824634552002E+02
    0.669397081504866398E-43    0.224805008336918405E+03    0.310663601127939550E+02
    0.162917416217353827E-42    0.223006106161844258E+03    0.306728406045183704E+02
    0.868324503744042412E-42    0.219639462014661888E+03    0.310637234979467465E+02
    0.174343989161967109E-38    0.204409851671121203E+03    0.310557332273743469E+02
    0.712422989692733716E-37    0.196969398435471902E+03    0.310517024468224427E+02
    0.467534166060771418E-36    0.193186627035720193E+03    0.310496186578394742E+02
    0.679982067194242760E-36    0.192417439040704267E+03    0.306890945447092243E+02
    0.150237803872202685E-35    0.190811962911036488E+03    0.310482981604128696E+02
    0.175949389983268885E-35    0.190476008913269681E+03    0.310481105572250371E+02
    0.199606594965439526E-35    0.190203704898333569E+03    0.310479583529941259E+02
    0.449984255567535878E-35    0.188557976517765496E+03    0.306912508329458085E+02
    0.277544492861542121E-34    0.184899269010885632E+03    0.306933193742986958E+02
    0.162873092482741502E-33    0.181340118687167859E+03    0.310429312825688584E+02
    0.103593434983586803E-32    0.177619943230984006E+03    0.310407774856137273E+02
    0.141473045852389682E-32    0.176976672728325696E+03    0.306978842176425530E+02
    0.145828451362149832E-31    0.172290859082471513E+03    0.307006422816621907E+02
    0.272054829293680239E-31    0.171023713714327471E+03    0.307013959112006098E+02
    0.353230779029667788E-31    0.170481477746305018E+03    0.307017194402433518E+02
    0.936415772726663329E-31    0.168511601803901698E+03    0.307029000795104103E+02
    0.105043791548709212E-30    0.168261796125714483E+03    0.307030503994067914E+02
    0.381012957290728851E-30    0.165664884010503187E+03    0.307046212194443839E+02
    0.707522455157121674E-30    0.164407012041370791E+03    0.310328990370718465E+02
    0.333583431521676463E-29    0.161285594583788509E+03    0.310309818405702735E+02
    0.188047336347872409E-28    0.157806822964456359E+03    0.307094685013629665E+02
    0.244062734818310808E-28    0.157265359800583582E+03    0.310284785988492366E+02
    0.649327630835578669E-27    0.150683165392079786E+03    0.307139935807357247E+02
    0.542087348928878207E-26    0.146419015735241658E+03    0.310215200067452272E+02
    0.264978740441222710E-25    0.143225400650897853E+03    0.310194097111219982E+02
    0.278476335909854053E-25    0.143106033675025401E+03    0.307189562745571543E+02
    0.289258538674991968E-25    0.143010058075553928E+03    0.307190201865789447E+02
    0.155065049633309023E-24    0.139631840253077826E+03    0.307212874067620128E+02
    0.738566818695641641E-24    0.136490106507312902E+03    0.310148589642038388E+02
    0.104751561956945251E-23    0.135771176535008408E+03    0.307239217435109282E+02
    0.176496934917871035E-23    0.134707752454321252E+03    0.307246558112814760E+02
    0.257516169105239514E-23    0.133932194453409295E+03    0.310130930054456257E+02
    0.317754060204860113E-22    0.128886633913022820E+03    0.310095444929361719E+02
    0.582576328810457521E-22    0.127654268862089879E+03    0.310086640647678919E+02
    0.884138714251466874E-21    0.122194791169178217E+03    0.310046949322011898E+02
    0.306051876839773431E-20    0.119691339677514179E+03    0.310028354802205683E+02
    0.219795424326914964E-19    0.115728284282377444E+03    0.307384487123677985E+02
    0.358714000921243979E-19    0.114728627898655745E+03    0.307392157756878923E+02
    0.422445975043600017E-19    0.114381555593201384E+03    0.309988033799159304E+02
    0.809269528599388716E-19    0.113061414682522496E+03    0.307405052484490859E+02
    0.860156527265691397E-19    0.112919449968736203E+03    0.309976708889007568E+02
    0.245108705132544993E-18    0.110805104931897077E+03    0.309960153204394757E+02
    0.204205969121442787E-17    0.106545080084941048E+03    0.309926122438641727E+02
    0.246251036871956896E-17    0.106150635377647262E+03    0.309922923891086839E+02
    0.347059015274215596E-17    0.105444348682384074E+03    0.307465689580369883E+02
    0.434440711574112064E-17    0.104975219392385753E+03    0.309913342807788794E+02
    0.525722380128405891E-17    0.104573791801083985E+03    0.307472811924028733E+02
    0.613423198205948171E-17    0.104245228218996743E+03    0.307475510866809181E+02
    0.852235072327331161E-17    0.103567613568505806E+03    0.307481096049105389E+02
    0.115554426059014837E-16    0.102938684892516648E+03    0.309896562245325100E+02
    0.365563540629628761E-16    0.100615287953336292E+03    0.307505737329435860E+02
    0.814362873852813952E-16    0.989933560577584331E+02    0.309863370248495151E+02
    0.246586137765158223E-15    0.967575752356367644E+02    0.309844136457619079E+02
    0.560299874825407802E-15    0.950960537247231485E+02    0.309829632357058671E+02
    0.316012738045514554E-14    0.916162627549745423E+02    0.307584224993504485E+02
    0.512124694486076043E-14    0.906306915224534890E+02    0.307593161685292316E+02
    0.237640957581787715E-13    0.875411357090217876E+02    0.309761205317130397E+02
    0.710264757733861614E-12    0.807262118316029387E+02    0.307687377360590766E+02
    0.802657883958475914E-12    0.804616302775114889E+02    0.309692849624664959E+02
    0.688585035541121401E-11    0.761430396051936924E+02    0.309648757972278652E+02
    0.823434902419023480E-11    0.757653482498859461E+02    0.309644804882012785E+02
    0.178436568882735073E-10    0.741986806937795507E+02    0.309628229335096741E+02
    0.336912970664487445E-10    0.729074977576835579E+02    0.307768520648478798E+02
    0.994928093183728059E-10    0.707218061243322325E+02    0.307792512968809753E+02
    0.110996126661881509E-09    0.704829862595933037E+02    0.309587691934098359E+02
    0.165436287587082220E-09    0.696648045682541124E+02    0.307804348420381970E+02
    0.190069864191305674E-09    0.693671934494380196E+02    0.307807709427428904E+02
    0.403904217705640865E-09    0.678396213411941744E+02    0.307825165952002955E+02
    0.448927693367710993E-09    0.676082532001164651E+02    0.307827840710365734E+02
    0.466906091973557349E-09    0.675097205719303304E+02    0.307828982326907123E+02
    0.689680565903948324E-09    0.667095197862592357E+02    0.309544555173811133E+02
    0.117998813213776032E-08    0.656154575513267702E+02    0.307851231098175049E+02
    0.129038933928742431E-08    0.654165783406836425E+02    0.309529264074367774E+02
    0.138535418949045284E-08    0.652545546343011864E+02    0.309527328162452804E+02
    0.282972877735180965E-08    0.638061045758184733E+02    0.309509818173568867E+02
    0.305191274227041501E-08    0.636349292678208016E+02    0.307875141290967775E+02
    0.313896499741592336E-08    0.635586800593067238E+02    0.307876075836426750E+02
    0.369369091890821409E-08    0.632132138988333594E+02    0.309502541828196911E+02
    0.466629187529243833E-08    0.627257368625908143E+02    0.307886355422748004E+02
    0.571183161772260953E-08    0.623013868213344892E+02    0.309491222102349859E+02
    0.801828245421972386E-08    0.616030178309292111E+02    0.309482442777559257E+02
    0.115616173887725734E-07    0.608510847811980611E+02    0.309472879826166007E+02
    0.120932957058681809E-07    0.607411638628563111E+02    0.309471472049605723E+02
    0.131936723633444146E-07    0.605469916166675759E+02    0.309468979023538253E+02
    0.558214551092727726E-07    0.576421497218556169E+02    0.309430680007937688E+02
    0.679347796658004129E-07    0.572293700684360331E+02    0.307957789874759804E+02
    0.697766274565526514E-07    0.571558681061583371E+02    0.307958792347842589E+02
    0.706056569775498718E-07    0.571122457762601101E+02    0.307959387949958980E+02
    0.125372916882693332E-06    0.559438810510582272E+02    0.307975524685474511E+02
    0.180168611305154017E-06    0.551986800293479476E+02    0.307986009719739684E+02
    0.190465674105241953E-06    0.550675223333460977E+02    0.307987871289160218E+02
    0.235485160745714140E-06    0.546231705136086632E+02    0.309388650266436578E+02
    0.251150559214939466E-06    0.544743611195382087E+02    0.309386512846550374E+02
    0.322768307003184021E-06    0.539525968130620299E+02    0.308003899342484040E+02
    0.321132619694492096E-06    0.539427579466107261E+02    0.309378822899544481E+02
    0.495438153968954729E-06    0.530555812520014953E+02    0.308017071231016359E+02
    0.776189258923724342E-06    0.521376735515351513E+02    0.308030821726656860E+02
    0.790246958882903895E-06    0.520817753075783401E+02    0.308031668354227648E+02
    0.787818506911197390E-06    0.520679308288575911E+02    0.309350987139301417E+02
    0.107255504323782227E-05    0.514308683694570163E+02    0.309341257242034260E+02
    0.118991079280898381E-05    0.512031990746208763E+02    0.308045120841011162E+02
    0.159430755164014292E-05    0.505980767450570070E+02    0.309328313831126280E+02
    0.158189579190698501E-05    0.505937077630601948E+02    0.308054620114275153E+02
    0.174571009746168522E-05    0.503766329441506286E+02    0.308058037754992782E+02
    0.240149563945119048E-05    0.497187723024745409E+02    0.308068509666675538E+02
    0.287436009210225809E-05    0.493392956095650064E+02    0.308074631077256775E+02
    0.311044093861947073E-05    0.491614267611002020E+02    0.309305344025279680E+02
    0.369699152613801163E-05    0.487959169794748391E+02    0.308083503732993833E+02
    0.408249614890718784E-05    0.485775385501062331E+02    0.309295759088083777E+02
    0.541385323551388201E-05    0.479930335902017760E+02    0.308096856061399542E+02
    0.573608148093330301E-05    0.478574031384356218E+02    0.309283723969755968E+02
    0.590686574450341410E-05    0.477787250354686179E+02    0.309282394226045199E+02
    0.629841027831230097E-05    0.476303612256369675E+02    0.309279878544036180E+02
    0.825855739445796640E-05    0.470684559097987005E+02    0.309270251668635225E+02
    0.892108776500871046E-05    0.468941199833819837E+02    0.308115633214174593E+02
    0.956741597180675875E-05    0.467342294439770072E+02    0.309264448807998811E+02
    0.111105708946741032E-04    0.464151617792145714E+02    0.308124011577997727E+02
    0.141163467663648614E-04    0.459162888132061582E+02    0.308132871914194126E+02
    0.140942812541334092E-04    0.458994174945974933E+02    0.309249691329082665E+02
    0.178624256992348717E-04    0.454055569878910106E+02    0.308142090896624268E+02
    0.178431526547785869E-04    0.453877160954833272E+02    0.308142415732505768E+02
    0.187337605221022799E-04    0.452703012119107839E+02    0.308144558363163767E+02
    0.238602314566636923E-04    0.447665295207211571E+02    0.308153848291589441E+02
    0.346056382951527946E-04    0.440029225046057135E+02    0.309214621146103354E+02
    0.344962342288153762E-04    0.439892554246122245E+02    0.308168505470881584E+02
    0.356022580302145950E-04    0.439061376278726385E+02    0.308170097224698267E+02
    0.407268081265386447E-04    0.436171826513072602E+02    0.308175669102427392E+02
    0.508216470447496010E-04    0.431543109816997656E+02    0.309198143090714694E+02
    0.581848261992946045E-04    0.428637065501571115E+02    0.308190489692056779E+02
    0.598346463768627973E-04    0.427877860271224435E+02    0.308192007409469042E+02
    0.595517287420319828E-04    0.427772651042500485E+02    0.309190647252222810E+02
    0.649315205899945531E-04    0.425842893848781898E+02    0.309186766926517365E+02
    0.657802074470002079E-04    0.425383177663867968E+02    0.309185838044703445E+02
    0.724994712222194325E-04    0.423237972185009141E+02    0.308201385085938782E+02
    0.785419845594738445E-04    0.421436891212606213E+02    0.308205073963913065E+02
    0.850624664785130095E-04    0.419641839825338536E+02    0.308208778543907798E+02
    0.909783498240556777E-04    0.418097126268168324E+02    0.309170875950370920E+02
    0.917967678745350074E-04    0.417718015778592999E+02    0.309170084636565861E+02
    0.109839844161485603E-03    0.413929090698331947E+02    0.309162102962655041E+02
    0.109588680957802009E-03    0.413774875686994790E+02    0.308221090120394123E+02
    0.116439483026746938E-03    0.412362123971111174E+02    0.308224103171465487E+02
    0.125385357279780271E-03    0.410681720486415998E+02    0.308227712549460158E+02
    0.129000566860370782E-03    0.409913221579588196E+02    0.309153492726376129E+02
    0.147222667665945826E-03    0.407070633817257104E+02    0.308235565567644159E+02
    0.157376610908849284E-03    0.405536722983382916E+02    0.309143922749195532E+02
    0.164388585756825110E-03    0.404464896541783006E+02    0.308241317350388719E+02
    0.169190889979093214E-03    0.403689005472127818E+02    0.308243044271481388E+02
    0.172022653731593382E-03    0.403157034034305966E+02    0.309138633200331086E+02
    0.170607698302232825E-03    0.403122222373836792E+02    0.308244309991205583E+02
    0.184853541525864989E-03    0.401318280669628820E+02    0.308248362556722810E+02
    0.190638438792209869E-03    0.400501984682780261E+02    0.308250208602701932E+02
    0.193689341312024252E-03    0.399984446709650143E+02    0.309131482326547982E+02
    0.195495924849502494E-03    0.399598766862985570E+02    0.308252260264740059E+02
    0.208596995866700539E-03    0.398101474730818623E+02    0.309127182700364855E+02
    0.234743070048991251E-03    0.395539725610066313E+02    0.308261601265425718E+02
    0.272391412972398765E-03    0.392364756548311604E+02    0.309113813619128877E+02
    0.276637248468613293E-03    0.391855416039303890E+02    0.308270259227915631E+02
    0.287422448800432921E-03    0.390890495941011409E+02    0.308272556317547455E+02
    0.319586815387656550E-03    0.388568978360742321E+02    0.309104730117929485E+02
    0.369271503202872229E-03    0.385478914461478226E+02    0.308285680045810793E+02
    0.369019425627907104E-03    0.385292571819298502E+02    0.309096725830896304E+02
    0.375730706879361803E-03    0.384732103918269246E+02    0.308287524632287244E+02
    0.395073261896795012E-03    0.383528133134766449E+02    0.309092349096012988E+02
    0.440717995714499976E-03    0.381141453443925755E+02    0.309086351703411992E+02
    0.465181568736950388E-03    0.379861001556443796E+02    0.309083096257035947E+02
    0.484166331910412687E-03    0.378860987378944500E+02    0.308302330488796983E+02
    0.528730505610386500E-03    0.376899980334780338E+02    0.308307402931716013E+02
    0.747002657425570771E-03    0.369788182700148553E+02    0.309056475828246313E+02
    0.772068682234638352E-03    0.368928087298104259E+02    0.308328753110819598E+02
    0.861117710187279863E-03    0.366544933383455458E+02    0.308335384111537394E+02
    0.899495003972382583E-03    0.365472887569003859E+02    0.309044457710967180E+02
    0.101618905850900778E-02    0.362833263711215039E+02    0.309036900321457324E+02
    0.101909176429339698E-02    0.362576215902972763E+02    0.309036155526802574E+02
    0.103786218444431536E-02    0.362011191859432984E+02    0.308348352658678699E+02
    0.103532774261051773E-02    0.361860091249947473E+02    0.308348793326589430E+02
    0.115664133251606105E-02    0.359444043925776242E+02    0.309026947285834233E+02
    0.120268216142410634E-02    0.358463368029979463E+02    0.309024011801804335E+02
    0.120403544169179035E-02    0.358240876310825413E+02    0.308359523150116352E+02
    0.120156649301957660E-02    0.358081929645601775E+02    0.308360002339237624E+02
    0.119238711049192013E-02    0.358035306511413296E+02    0.308360143029171176E+02
    0.119528563965796541E-02    0.357786748255853198E+02    0.309021971259135846E+02
    0.121507936476770236E-02    0.357258264063201381E+02    0.308362496690591783E+02
    0.132202667932328037E-02    0.355371133527172915E+02    0.309014581174929042E+02
    0.136515834884030711E-02    0.354529043404612594E+02    0.308370900425813943E+02
    0.137754651322982268E-02    0.354148371414616747E+02    0.309010775194647245E+02
    0.145079232155383934E-02    0.352912255255264142E+02    0.308375984371545968E+02
    0.148196904813805048E-02    0.352287019143138735E+02    0.308377972517395555E+02
    0.152087210464486064E-02    0.351568773504701397E+02    0.309002593252313247E+02
    0.152438428595988505E-02    0.351322640339912837E+02    0.308381064050293539E+02
    0.151658770731879795E-02    0.351225194335694013E+02    0.308381378150098016E+02
    0.156924467162159451E-02    0.350342563917992962E+02    0.308384237779965531E+02
    0.185031709653718469E-02    0.346847311413595918E+02    0.308987031753177419E+02
    0.195976977011586527E-02    0.345497911929987396E+02    0.308400433954048516E+02
    0.195596126603755482E-02    0.345336816596769438E+02    0.308400988027271694E+02
    0.203107129080872017E-02    0.344383184305996650E+02    0.308404289858066747E+02
    0.201342301577966173E-02    0.344357726641355200E+02    0.308404378522468861E+02
    0.227878064280963907E-02    0.341681642089885074E+02    0.308969008591097030E+02
    0.257668564739103965E-02    0.339024373166488786E+02    0.308423600037105814E+02
    0.264180071752519435E-02    0.338325236480069620E+02    0.308956642348822399E+02
    0.262263910256439791E-02    0.338270829935296504E+02    0.308956437142157903E+02
    0.269621574258645594E-02    0.337517467711056085E+02    0.308953579153695017E+02
    0.268676048771814523E-02    0.337387728207762478E+02    0.308429781530930143E+02
    0.287762443569769544E-02    0.335815149871176928E+02    0.308947003489902912E+02
    0.309523851981857896E-02    0.334157152585427539E+02    0.308442433195525822E+02
    0.307039858833801959E-02    0.334118304242187705E+02    0.308442589248411565E+02
    0.304209227361156151E-02    0.334103541440660692E+02    0.308940216772218612E+02
    0.314206234030413138E-02    0.333256864360333012E+02    0.308446075133022184E+02
    0.315878560662983350E-02    0.332950698931582991E+02    0.308935539302789373E+02
    0.317854668445628243E-02    0.332625970475090753E+02    0.308448659844742643E+02
    0.321048089928040788E-02    0.332226037196693937E+02    0.308450312681592465E+02
    0.319326241993536609E-02    0.332133590044969438E+02    0.308932168987902145E+02
    0.320161570007807981E-02    0.331881340199158714E+02    0.308931118964206277E+02
    0.318362954246796453E-02    0.331794013742603084E+02    0.308452110965476365E+02
    0.322464915980936887E-02    0.331337968838836332E+02    0.308928841332240367E+02
    0.320062452488325318E-02    0.331287532876521240E+02    0.308454236535887105E+02
    0.330396466683095715E-02    0.330451988741452283E+02    0.308457785360064065E+02
    0.335613276792212471E-02    0.329938664988678241E+02    0.308459992594259553E+02
    0.335753254344534156E-02    0.329730325129727433E+02    0.308921970887024528E+02
    0.341967255342430151E-02    0.329163555934756005E+02    0.308463365952694026E+02
    0.344865493927517348E-02    0.328794766325328709E+02    0.308464988607363253E+02
    0.342162835166904969E-02    0.328752120692686347E+02    0.308465176996534538E+02
    0.351360788257984403E-02    0.328021584045539214E+02    0.308468428890669344E+02
    0.359249581401071150E-02    0.327377508496953666E+02    0.308471335763314443E+02
    0.356575491241555281E-02    0.327326936210569031E+02    0.308911299712257019E+02
    0.366740426405602615E-02    0.326564769435833071E+02    0.308475059580512578E+02
    0.383827440645269835E-02    0.325453994126683099E+02    0.308902610232699573E+02
    0.390234436899976117E-02    0.324922902116483883E+02    0.308900080394148979E+02
    0.387330285074096716E-02    0.324872300115027599E+02    0.308483027597262875E+02
    0.417751884742963413E-02    0.323160102109713776E+02    0.308491411218772171E+02
    0.427865114208254415E-02    0.322481695848248719E+02    0.308888033513150972E+02
    0.432588142538823696E-02    0.322062133624364151E+02    0.308496977435972752E+02
    0.431561772597139747E-02    0.321909642530230471E+02    0.308885102197679480E+02
    0.428644126923998902E-02    0.321845315018100493E+02    0.308498095557293368E+02
    0.430514273096529575E-02    0.321558246131797461E+02    0.308883279367216446E+02
    0.433522141513741511E-02    0.321218998270626201E+02    0.308881502971315953E+02
    0.448695796818259721E-02    0.320330952782624152E+02    0.308506093029510602E+02
    0.446632642161993217E-02    0.320223127149851692E+02    0.308876189681048139E+02
    0.443055328326590666E-02    0.320183962554299271E+02    0.308506887749018084E+02
    0.453455780312523888E-02    0.319519900547653961E+02    0.308510521583500363E+02
    0.458089603942603285E-02    0.319116559556578707E+02    0.308512764792287513E+02
    0.454519365576145067E-02    0.319073045267312807E+02    0.308513008485431719E+02
    0.456825903373353145E-02    0.318771808434218542E+02    0.308868160630685082E+02
    0.470566252201746072E-02    0.317979120463209917E+02    0.308863617269136057E+02
    0.469952428819747116E-02    0.317805226205989371E+02    0.308862604450339759E+02
    0.466272415817332777E-02    0.317762454759628774E+02    0.308520510932733316E+02
    0.470674311314484180E-02    0.317374528263621478E+02    0.308522795616406356E+02
    0.466926901821650923E-02    0.317334401326701716E+02    0.308859831636148670E+02
    0.466316371743680236E-02    0.317160569430233217E+02    0.308858796282279613E+02
    0.471485568942468011E-02    0.316740085793909891E+02    0.308526600382372891E+02
    0.498336791406456259E-02    0.315432332963881272E+02    0.308534734206271715E+02
    0.498402900869083024E-02    0.315229679935684040E+02    0.308846832608300303E+02
    0.514227953565488290E-02    0.314404522560680348E+02    0.308841429242754018E+02
    0.509636940711208960E-02    0.314383883867028864E+02    0.308541573750808631E+02
    0.508713620675938904E-02    0.314220151153493497E+02    0.308542670244720050E+02
    0.504719882391769809E-02    0.314177783951161693E+02    0.308839910057746607E+02
    0.510562141706905146E-02    0.313747608545269401E+02    0.308836984241100971E+02
    0.518805875561152621E-02    0.313227260138686532E+02    0.308549500810827055E+02
    0.514469292890411267E-02    0.313195138290228314E+02    0.308833138057801619E+02
    0.514624334366495413E-02    0.312989111958973290E+02    0.308831676745322916E+02
    0.513118747794777570E-02    0.312847709780739507E+02    0.308552200421500693E+02
    0.510022413244351578E-02    0.312768762246263563E+02    0.308830096797161531E+02
    0.505553320941391684E-02    0.312744785402414927E+02    0.308829923791409122E+02
    0.503869429411736743E-02    0.312611512374480824E+02    0.308553907159783130E+02
    0.500125330465887950E-02    0.312560681133201363E+02    0.308828588109891129E+02
    0.499628392534766982E-02    0.312380563548664902E+02    0.308555596705940580E+02
    0.497628005329371799E-02    0.312260799279119112E+02    0.308556481190709100E+02
    0.493762443550575282E-02    0.312216765331566499E+02    0.308556807851889445E+02
    0.489885918047557826E-02    0.312174404818342381E+02    0.308825742499481066E+02
    0.495432478981166699E-02    0.311749234171458554E+02    0.308560326369716513E+02
    0.500250187225007806E-02    0.311355688737543446E+02    0.308563362998837434E+02
    0.496259341618306236E-02    0.311315882567196773E+02    0.308563674165909632E+02
    0.496780393338868993E-02    0.311094894413348051E+02    0.308817449733015437E+02
    0.493158044253620871E-02    0.311041261707109697E+02    0.308565841897284443E+02
    0.488756481134308956E-02    0.311020568255186376E+02    0.308566006759816389E+02
    0.484141758430218193E-02    0.311010300629045346E+02    0.308816776706734792E+02
    0.486001734411339609E-02    0.310733611839241775E+02    0.308814549682793213E+02
    0.482615201394157207E-02    0.310673462659142885E+02    0.308814060199957652E+02
    0.480565884398526620E-02    0.310558568985179733E+02    0.308569745603831898E+02
    0.480155940938682517E-02    0.310375637130147943E+02    0.308571258168962927E+02
    0.476038917245540094E-02    0.310347863495905720E+02    0.308571489482029193E+02
    0.473342189308447597E-02    0.310261484260901526E+02    0.308810653587113322E+02
    0.471435083989548212E-02    0.310142227435534039E+02    0.308573216205112573E+02
    0.473403697584980510E-02    0.309858885537105770E+02    0.308575637597303540E+02
    0.470708100706793402E-02    0.309773092528604721E+02    0.308576380820776563E+02
    0.466551388965953575E-02    0.309750492236566757E+02    0.308806287941046804E+02
    0.463510069782013465E-02    0.309681293486127629E+02    0.308805683919485965E+02
    0.461106965861699577E-02    0.309585254769064733E+02    0.308804840286756956E+02
    0.457234384187551936E-02    0.309553932990029850E+02    0.308804563786465991E+02
    0.456725305278220511E-02    0.309376213139486893E+02    0.308802981947015169E+02
    0.452936512536104841E-02    0.309342816357390049E+02    0.308802682180278936E+02
    0.450884119460862997E-02    0.309233648388893876E+02    0.308581168736228193E+02
    0.446910674020712523E-02    0.309210680887307632E+02    0.308801488137543529E+02
    0.443257571590088568E-02    0.309174835156197432E+02    0.308801161976957701E+02
    0.439515684703861535E-02    0.309144387610141109E+02    0.308581981177033420E+02
    0.438664922213818139E-02    0.308983138762216001E+02    0.308583464340745373E+02
    0.434646503873633780E-02    0.308967194373100646E+02    0.308799253242779734E+02
    0.430623525599936868E-02    0.308953171334051717E+02    0.308583742231411833E+02
    0.426916619814229469E-02    0.308926081203974583E+02    0.308583994059193074E+02
    0.425512130364581829E-02    0.308791986570037125E+02    0.308797615960846237E+02
    0.422668904285890181E-02    0.308726072884739722E+02    0.308796993436984977E+02
    0.419500953993839128E-02    0.308676539691559420E+02    0.308796523192355536E+02
    0.420633298456969586E-02    0.308422627110540333E+02    0.308588786501507215E+02
    0.418078745143787064E-02    0.308344459686198817E+02    0.308793314545384376E+02
    0.414128394790804454E-02    0.308334334530293503E+02    0.308589650223800405E+02
    0.415609392628658782E-02    0.308062938509378839E+02    0.308592352287021825E+02
    0.411870489561432396E-02    0.308043676607919252E+02    0.308592546867715711E+02
    0.411901624815091006E-02    0.307842164769723610E+02    0.308788259398825460E+02
    0.408771752246593536E-02    0.307794716946057711E+02    0.308787768167859866E+02
    0.405329564549538907E-02    0.307763846175507823E+02    0.308787447210873616E+02
    0.401863662730586341E-02    0.307735598018893199E+02    0.308595712770399047E+02
    0.398664082020055207E-02    0.307695472440193321E+02    0.308786732495102711E+02
    0.395360519563468793E-02    0.307661894564231133E+02    0.308786379533261197E+02
    0.396593561625417299E-02    0.307399616051494640E+02    0.308599289332514104E+02
    0.396375842445739670E-02    0.307210598527440375E+02    0.308601363846249335E+02
    0.393145694747119943E-02    0.307174250337771291E+02    0.308601768278747812E+02
    0.389797646413785840E-02    0.307145300709628479E+02    0.308780773648124729E+02
    0.393616028585918806E-02    0.306750337944431308E+02    0.308606627285629713E+02
    0.391204084470137079E-02    0.306673268112461912E+02    0.308607540911285696E+02
    0.388361700534398460E-02    0.306619113227072617E+02    0.308608188889547534E+02
    0.385236886527919216E-02    0.306580686996924570E+02    0.308774213601758127E+02
    0.381439381030857557E-02    0.306578816857702812E+02    0.308774191009244916E+02
    0.377723409928134050E-02    0.306574611531773265E+02    0.308774140183597012E+02
    0.376879295685435137E-02    0.306419356380340773E+02    0.308772241394289040E+02
    0.373418041861428227E-02    0.306403884737542285E+02    0.308610815624296819E+02
    0.369830315426377104E-02    0.306396969822272673E+02    0.308610901437239313E+02
    0.367255982770169249E-02    0.306336673579073917E+02    0.308611653614952814E+02
    0.364376774004244487E-02    0.306294087177772951E+02    0.308770676178496686E+02
    0.361414954783688142E-02    0.306257320543176270E+02    0.308770210883121905E+02
    0.358171576158890139E-02    0.306237612999986233E+02    0.308612905006208464E+02
    0.356639217471257410E-02    0.306123362182771075E+02    0.308768491827786740E+02
    0.355386348146759885E-02    0.305993745645276718E+02    0.308616074177518520E+02
    0.351917203974506151E-02    0.305989937053097414E+02    0.308766740618464297E+02
    0.348935258005650221E-02    0.305960127735142393E+02    0.308616521572605507E+02
    0.346257139098919871E-02    0.305914222179572270E+02    0.308617136845632984E+02
    0.343299030462126085E-02    0.305885818166301888E+02    0.308765345238045867E+02
    0.340354635794066314E-02    0.305858093282709618E+02    0.308764969210875790E+02
    0.339340110927014577E-02    0.305717798061972381E+02    0.308763036141825324E+02
    0.336455982619173052E-02    0.305688509070560670E+02    0.308620239389349109E+02
    0.333564975237067790E-02    0.305661102198553358E+02    0.308762239982210573E+02
    0.331016387611749417E-02    0.305614498021025298E+02    0.308621286578182428E+02
    0.327898642061580413E-02    0.305603764841611287E+02    0.308621439743669654E+02
    0.324701231768575668E-02    0.305599746238866494E+02    0.308761368171555617E+02
    0.321974155262468855E-02    0.305568430108814368E+02    0.308621946365460360E+02
    0.319707413337514930E-02    0.305509730807760320E+02    0.308622796248941356E+02
    0.316929354451956496E-02    0.305484277843624348E+02    0.308623168060808162E+02
    0.314916346362316933E-02    0.305411714963022938E+02    0.308624239337460793E+02
    0.313680298532060219E-02    0.305290369498225509E+02    0.308756795316269290E+02
    0.310832372539223160E-02    0.305272780255707694E+02    0.308756525681515654E+02
    0.308194079915849808E-02    0.305243261409632858E+02    0.308626794704236644E+02
    0.306287486880771169E-02    0.305167372481892514E+02    0.308627979520495792E+02
    0.303397934227424585E-02    0.305156950529108322E+02    0.308628143965483588E+02
    0.326164153247528307E-02    0.303709506515788306E+02    0.308658103582036958E+02
    0.333043833740986938E-02    0.303292040076386265E+02    0.308674820351401600E+02
    0.328091145216545532E-02    0.303591693329056191E+02    0.308721016839080029E+02
    0.332481155090225524E-02    0.303325858718467281E+02    0.308709969140081881E+02
    0.324583054532252748E-02    0.303806693368538916E+02    0.308655305331128105E+02
    0.335347792061066723E-02    0.303154158789047159E+02    0.308690951993703067E+02
    0.321548045372567221E-02    0.303994582883940652E+02    0.308650433518734815E+02
    0.335288492502297183E-02    0.303157695702291399E+02    0.308694135312608893E+02
    0.321025754819954066E-02    0.304027095299944889E+02    0.308733217238491839E+02
    0.335318018664842923E-02    0.303155934540592327E+02    0.308693377473002570E+02
    0.311300136923916941E-02    0.304642372013994454E+02    0.308636876331341057E+02
    0.332025590464584720E-02    0.303353281446682530E+02    0.308711393665601719E+02
    0.326810919233210765E-02    0.303669886859574873E+02    0.308723551143262611E+02
    0.325480517173218917E-02    0.303751470264201799E+02    0.308656867540518185E+02
    0.335189163375636950E-02    0.303163621574780429E+02    0.308695809311238314E+02
    0.316602739977543375E-02    0.304304566324012598E+02    0.308643465572392763E+02
    0.314392287262170141E-02    0.304444691786949093E+02    0.308742236896405089E+02
    0.319374497025377803E-02    0.304130234638152324E+02    0.308735616497752758E+02
    0.332929883224977220E-02    0.303298884221385947E+02    0.308708451967373634E+02
    0.334713338565372030E-02    0.303192033165357024E+02    0.308682716418347169E+02
    0.326547338403232901E-02    0.303686023846668682E+02    0.308724049651029802E+02
    0.331052591502362884E-02    0.303411977370454764E+02    0.308714144403609225E+02
    0.323628124658729933E-02    0.303865620495684610E+02    0.308653709620777192E+02
    0.314826196746146713E-02    0.304417107756041823E+02    0.308641174283517259E+02
    0.327665589190101946E-02    0.303617651497008154E+02    0.308721881558587086E+02
    0.318908881897403320E-02    0.304159413853901341E+02    0.308646593365957784E+02
    0.327407343038655513E-02    0.303633420499335642E+02    0.308722395067171078E+02
    0.333886420838304171E-02    0.303241504804379858E+02    0.308678207408472254E+02
    0.333096370573194092E-02    0.303288885375200188E+02    0.308675011333701121E+02
    0.330075939395762380E-02    0.303471067412490179E+02    0.308716611877816050E+02
    0.335137071668104589E-02    0.303166730013920329E+02    0.308686395682701047E+02
    0.309661045814504108E-02    0.304747956386208649E+02    0.308634974329963079E+02
    0.328802627948677388E-02    0.303548369245960110E+02    0.308663350966331365E+02
    0.313908380448257342E-02    0.304475499133460978E+02    0.308742839660524417E+02
    0.308503274167901912E-02    0.304822873230350737E+02    0.308749202606282367E+02
    0.330030484517035341E-02    0.303473821809487561E+02    0.308666144324789791E+02
    0.334968758658692710E-02    0.303176776965033632E+02    0.308684690018141339E+02
    0.307849666464151154E-02    0.304865291001446863E+02    0.308749932187868303E+02
    0.317869235533966036E-02    0.304224720575896939E+02    0.308737705403130427E+02
    0.335330940100015545E-02    0.303155163858106071E+02    0.308689935672350231E+02
    0.317505093745986929E-02    0.304247645129884532E+02    0.308738198158263160E+02
    0.334881154766445387E-02    0.303182008220035186E+02    0.308698910975640786E+02
    0.331426567850726496E-02    0.303389396953678805E+02    0.308713127507905796E+02
    0.328869447414700377E-02    0.303544305246969977E+02    0.308663496048832542E+02
    0.317713313294603217E-02    0.304234533447114295E+02    0.308644948381405229E+02
    0.323205395072653171E-02    0.303891761976196477E+02    0.308653022947548230E+02
    0.331425068285416506E-02    0.303389487445440693E+02    0.308669733669868407E+02
    0.309054927229003790E-02    0.304787141977388032E+02    0.308634284543064368E+02
    0.335224447224267931E-02    0.303161516375953575E+02    0.308687566807108027E+02
    0.335242448289727133E-02    0.303160442433864326E+02    0.308687855352033331E+02
    0.306585625837183873E-02    0.304947580702318533E+02    0.308631543125922860E+02
    0.329116968150055395E-02    0.303529258082397817E+02    0.308718825435131592E+02
    0.327879085856071619E-02    0.303604624365119520E+02    0.308721450712088874E+02
    0.312219935363210492E-02    0.304583365149749028E+02    0.308744896598622702E+02
    0.322437979111921342E-02    0.303939306261652753E+02    0.308731060786061278E+02
    0.325317283924992902E-02    0.303761503073247781E+02    0.308726286831665391E+02
    0.326797712108780085E-02    0.303670695118450276E+02    0.308659289052009633E+02
    0.332008364480087864E-02    0.303354319103529555E+02    0.308671419770386137E+02
    0.304646204607110635E-02    0.305074499991664894E+02    0.308629460308221013E+02
    0.318537757760551299E-02    0.304182702026162097E+02    0.308646077015311562E+02
    0.326302692130677526E-02    0.303701013279007839E+02    0.308724505977533425E+02
    0.328955990647170418E-02    0.303539042864096835E+02    0.308719180308076631E+02
    0.335347601490992636E-02    0.303154170154568661E+02    0.308690928905621043E+02
    0.326407785425127713E-02    0.303694572855636480E+02    0.308724310686377450E+02
    0.323768666619194626E-02    0.303856936982601731E+02    0.308653940498113286E+02
    0.314814984628857507E-02    0.304417820042189682E+02    0.308741705233840626E+02
    0.328919706012144319E-02    0.303541249033757623E+02    0.308663605652251718E+02
    0.326587823894480909E-02    0.303683544391043796E+02    0.308723973551637698E+02
    0.327143400912160986E-02    0.303649550166484552E+02    0.308722911655480914E+02
    0.329478632407282377E-02    0.303507292293784907E+02    0.308718011531509582E+02
    0.311598826244197406E-02    0.304623191417407533E+02    0.308745636333784503E+02
    0.327142169116962332E-02    0.303649625472757840E+02    0.308722914047450274E+02
    0.307364027377514263E-02    0.304896866318600566E+02    0.308632395921354217E+02
    0.334751291123321559E-02    0.303189765529021500E+02    0.308682980559432245E+02
    0.333026529877598768E-02    0.303293079237672352E+02    0.308674757920596896E+02
    0.333859527479767959E-02    0.303243115797819449E+02    0.308678086163202217E+02
    0.334942467151174350E-02    0.303178346815277600E+02    0.308684461100928615E+02
    0.324420550561273485E-02    0.303816708966178126E+02    0.308655029180645144E+02
    0.335138038564261999E-02    0.303166672312469458E+02    0.308696458197843278E+02
    0.317166699187561773E-02    0.304268972347779467E+02    0.308738651962279498E+02
    0.332680473776535406E-02    0.303313872537447509E+02    0.308673554465862523E+02
    0.330694079658098777E-02    0.303433648012406607E+02    0.308667786107427489E+02
    0.331322517283500146E-02    0.303395676891013473E+02    0.308669450304297968E+02
    0.333313215107623132E-02    0.303275869683544990E+02    0.308675823979822717E+02
    0.309278980582092201E-02    0.304772647972769235E+02    0.308634538707524015E+02
    0.313160959433665502E-02    0.304523176244811005E+02    0.308639106542397030E+02
    0.310752621463026473E-02    0.304677579034292769E+02    0.308636234826726437E+02
    0.335171865801243323E-02    0.303164653709623835E+02    0.308696039087013361E+02
    0.327220424439736294E-02    0.303644841866609347E+02    0.308660103606036884E+02
    0.320767175008398802E-02    0.304043211390573482E+02    0.308649264212411332E+02
    0.311748283023995923E-02    0.304613600819781212E+02    0.308745459123387782E+02
    0.334007610158380472E-02    0.303234246807405405E+02    0.308704097307436598E+02
    0.306113998732885110E-02    0.304978370810785044E+02    0.308751834104116796E+02
    0.320090612755785219E-02    0.304085439948414589E+02    0.308648274490461034E+02
    0.315075098299240569E-02    0.304401302005648446E+02    0.308641489735499164E+02
    0.318574126217939946E-02    0.304180418693620851E+02    0.308736737966459032E+02
    0.335091770271099326E-02    0.303169433651498395E+02    0.308696980473571401E+02
    0.317858965306543886E-02    0.304225366778309230E+02    0.308645145983253819E+02
    0.315607483917062235E-02    0.304367536320069760E+02    0.308740694948753287E+02
    0.324417706074074316E-02    0.303816884324962615E+02    0.308727840983822510E+02
