    0.308328753110819598E+02   -0.184464043649052130E+02
    0.308360143029171176E+02   -0.179017653255706648E+02
    0.308375984371545968E+02   -0.176456127627632071E+02
    0.308987031753177419E+02   -0.173423655706797959E+02
    0.308400433954048516E+02   -0.172748955964993698E+02
    0.308404289858066747E+02   -0.172191592152998325E+02
    0.308404378522468861E+02   -0.172178863320677600E+02
    0.308969008591097030E+02   -0.170840821044942537E+02
    0.308423600037105814E+02   -0.169512186583244393E+02
    0.308956642348822399E+02   -0.169162618240034810E+02
    0.308956437142157903E+02   -0.169135414967648252E+02
    0.308953579153695017E+02   -0.168758733855528043E+02
    0.308429781530930143E+02   -0.168693864103881239E+02
    0.308442433195525822E+02   -0.167078576292713770E+02
    0.308442589248411565E+02   -0.167059152121093852E+02
    0.308940216772218612E+02   -0.167051770720330346E+02
    0.308446075133022184E+02   -0.166628432180166506E+02
    0.308935539302789373E+02   -0.166475349465791496E+02
    0.308448659844742643E+02   -0.166312985237545377E+02
    0.308450312681592465E+02   -0.166113018598346969E+02
    0.308932168987902145E+02   -0.166066795022484719E+02
    0.308931118964206277E+02   -0.165940670099579357E+02
    0.308452110965476365E+02   -0.165897006871301542E+02
    0.308928841332240367E+02   -0.165668984419418166E+02
    0.308454236535887105E+02   -0.165643766438260620E+02
    0.308457785360064065E+02   -0.165225994370726141E+02
    0.308459992594259553E+02   -0.164969332494339120E+02
    0.308921970887024528E+02   -0.164865162564863716E+02
    0.308463365952694026E+02   -0.164581777967378002E+02
    0.308464988607363253E+02   -0.164397383162664354E+02
    0.308465176996534538E+02   -0.164376060346343174E+02
    0.308468428890669344E+02   -0.164010792022769607E+02
    0.308471335763314443E+02   -0.163688754248476833E+02
    0.308911299712257019E+02   -0.163663468105284515E+02
    0.308475059580512578E+02   -0.163282384717916536E+02
    0.308902610232699573E+02   -0.162726997063341550E+02
    0.308900080394148979E+02   -0.162461451058241941E+02
    0.308483027597262875E+02   -0.162436150057513800E+02
    0.308491411218772171E+02   -0.161580051054856888E+02
    0.308888033513150972E+02   -0.161240847924124360E+02
    0.308496977435972752E+02   -0.161031066812182075E+02
    0.308885102197679480E+02   -0.160954821265115235E+02
    0.308498095557293368E+02   -0.160922657509050246E+02
    0.308883279367216446E+02   -0.160779123065898730E+02
    0.308883279367216446E+02   -0.160779123065898730E+02
    0.308881502971315953E+02   -0.160609499135313101E+02
    0.308881502971315953E+02   -0.160609499135313101E+02
    0.308506093029510602E+02   -0.160165476391312076E+02
    0.308876189681048139E+02   -0.160111563574925846E+02
    0.308876189681048139E+02   -0.160111563574925846E+02
    0.308506887749018084E+02   -0.160091981277149635E+02
    0.308510521583500363E+02   -0.159759950273826981E+02
    0.308512764792287513E+02   -0.159558279778289354E+02
    0.308513008485431719E+02   -0.159536522633656404E+02
    0.308513008485431719E+02   -0.159536522633656404E+02
    0.308868160630685082E+02   -0.159385904217109271E+02
    0.308863617269136057E+02   -0.158989560231604958E+02
    0.308862604450339759E+02   -0.158902613102994685E+02
    0.308862604450339759E+02   -0.158902613102994685E+02
    0.308520510932733316E+02   -0.158881227379814387E+02
    0.308522795616406356E+02   -0.158687264131810739E+02
    0.308859831636148670E+02   -0.158667200663350858E+02
    0.308858796282279613E+02   -0.158580284715116608E+02
    0.308858796282279613E+02   -0.158580284715116608E+02
    0.308526600382372891E+02   -0.158370042896954946E+02
    0.308526600382372891E+02   -0.158370042896954946E+02
    0.308534734206271715E+02   -0.157716166481940636E+02
    0.308846832608300303E+02   -0.157614839967842020E+02
    0.308841429242754018E+02   -0.157202261280340174E+02
    0.308841429242754018E+02   -0.157202261280340174E+02
    0.308541573750808631E+02   -0.157191941933514432E+02
    0.308542670244720050E+02   -0.157110075576746748E+02
    0.308542670244720050E+02   -0.157110075576746748E+02
    0.308839910057746607E+02   -0.157088891975580847E+02
    0.308836984241100971E+02   -0.156873804272634700E+02
    0.308549500810827055E+02   -0.156613630069343266E+02
    0.308549500810827055E+02   -0.156613630069343266E+02
    0.308833138057801619E+02   -0.156597569145114157E+02
    0.308833138057801619E+02   -0.156597569145114157E+02
    0.308831676745322916E+02   -0.156494555979486645E+02
    0.308552200421500693E+02   -0.156423854890369753E+02
    0.308830096797161531E+02   -0.156384381123131782E+02
    0.308829923791409122E+02   -0.156372392701207463E+02
    0.308829923791409122E+02   -0.156372392701207463E+02
    0.308553907159783130E+02   -0.156305756187240412E+02
    0.308828588109891129E+02   -0.156280340566600682E+02
    0.308828588109891129E+02   -0.156280340566600682E+02
    0.308555596705940580E+02   -0.156190281774332451E+02
    0.308555596705940580E+02   -0.156190281774332451E+02
    0.308556481190709100E+02   -0.156130399639559556E+02
    0.308556481190709100E+02   -0.156130399639559556E+02
    0.308556807851889445E+02   -0.156108382665783250E+02
    0.308556807851889445E+02   -0.156108382665783250E+02
    0.308825742499481066E+02   -0.156087202409171191E+02
    0.308560326369716513E+02   -0.155874617085729277E+02
    0.308563362998837434E+02   -0.155677844368771723E+02
    0.308563362998837434E+02   -0.155677844368771723E+02
    0.308563674165909632E+02   -0.155657941283598387E+02
    0.308563674165909632E+02   -0.155657941283598387E+02
    0.308817449733015437E+02   -0.155547447206674025E+02
    0.308565841897284443E+02   -0.155520630853554849E+02
    0.308566006759816389E+02   -0.155510284127593188E+02
    0.308816776706734792E+02   -0.155505150314522673E+02
    0.308816776706734792E+02   -0.155505150314522673E+02
    0.308814549682793213E+02   -0.155366805919620887E+02
    0.308814060199957652E+02   -0.155336731329571442E+02
    0.308814060199957652E+02   -0.155336731329571442E+02
    0.308569745603831898E+02   -0.155279284492589866E+02
    0.308569745603831898E+02   -0.155279284492589866E+02
    0.308571258168962927E+02   -0.155187818565073972E+02
    0.308571489482029193E+02   -0.155173931747952860E+02
    0.308571489482029193E+02   -0.155173931747952860E+02
    0.308810653587113322E+02   -0.155130742130450763E+02
    0.308573216205112573E+02   -0.155071113717767020E+02
    0.308573216205112573E+02   -0.155071113717767020E+02
    0.308575637597303540E+02   -0.154929442768552885E+02
    0.308576380820776563E+02   -0.154886546264302360E+02
    0.308806287941046804E+02   -0.154875246118283378E+02
    0.308805683919485965E+02   -0.154840646743063814E+02
    0.308804840286756956E+02   -0.154792627384532366E+02
    0.308804563786465991E+02   -0.154776966495014925E+02
    0.308804563786465991E+02   -0.154776966495014925E+02
    0.308802981947015169E+02   -0.154688106569743447E+02
    0.308802682180278936E+02   -0.154671408178695025E+02
    0.308581168736228193E+02   -0.154616824194446938E+02
    0.308581168736228193E+02   -0.154616824194446938E+02
    0.308801488137543529E+02   -0.154605340443653816E+02
    0.308801161976957701E+02   -0.154587417578098716E+02
    0.308581981177033420E+02   -0.154572193805070555E+02
    0.308583464340745373E+02   -0.154491569381108000E+02
    0.308799253242779734E+02   -0.154483597186550323E+02
    0.308583742231411833E+02   -0.154476585667025859E+02
    0.308583994059193074E+02   -0.154463040601987291E+02
    0.308797615960846237E+02   -0.154395993285018562E+02
    0.308796993436984977E+02   -0.154363036442369861E+02
    0.308796993436984977E+02   -0.154363036442369861E+02
    0.308796523192355536E+02   -0.154338269845779710E+02
    0.308796523192355536E+02   -0.154338269845779710E+02
    0.308588786501507215E+02   -0.154211313555270166E+02
    0.308588786501507215E+02   -0.154211313555270166E+02
    0.308793314545384376E+02   -0.154172229843099409E+02
    0.308589650223800405E+02   -0.154167167265146752E+02
    0.308592352287021825E+02   -0.154031469254689419E+02
    0.308592546867715711E+02   -0.154021838303959626E+02
    0.308788259398825460E+02   -0.153921082384861805E+02
    0.308788259398825460E+02   -0.153921082384861805E+02
    0.308787768167859866E+02   -0.153897358473028856E+02
    0.308787447210873616E+02   -0.153881923087753911E+02
    0.308787447210873616E+02   -0.153881923087753911E+02
    0.308595712770399047E+02   -0.153867799009446600E+02
    0.308786732495102711E+02   -0.153847736220096660E+02
    0.308786379533261197E+02   -0.153830947282115567E+02
    0.308599289332514104E+02   -0.153699808025747320E+02
    0.308601363846249335E+02   -0.153605299263720187E+02
    0.308601768278747812E+02   -0.153587125168885645E+02
    0.308780773648124729E+02   -0.153572650354814240E+02
    0.308606627285629713E+02   -0.153375168972215654E+02
    0.308607540911285696E+02   -0.153336634056230956E+02
    0.308608188889547534E+02   -0.153309556613536309E+02
    0.308774213601758127E+02   -0.153290343498462285E+02
    0.308774191009244916E+02   -0.153289408428851406E+02
    0.308774140183597012E+02   -0.153287305765886632E+02
    0.308772241394289040E+02   -0.153209678190170386E+02
    0.308610815624296819E+02   -0.153201942368771142E+02
    0.308610901437239313E+02   -0.153198484911136337E+02
    0.308611653614952814E+02   -0.153168336789536959E+02
    0.308770676178496686E+02   -0.153147043588886476E+02
    0.308770210883121905E+02   -0.153128660271588135E+02
    0.308612905006208464E+02   -0.153118806499993116E+02
    0.308768491827786740E+02   -0.153061681091385537E+02
    0.308616074177518520E+02   -0.152996872822638359E+02
    0.308766740618464297E+02   -0.152994968526548707E+02
    0.308616521572605507E+02   -0.152980063867571197E+02
    0.308617136845632984E+02   -0.152957111089786135E+02
    0.308765345238045867E+02   -0.152942909083150944E+02
    0.308764969210875790E+02   -0.152929046641354809E+02
    0.308763036141825324E+02   -0.152858899030986191E+02
    0.308620239389349109E+02   -0.152844254535280335E+02
    0.308762239982210573E+02   -0.152830551099276679E+02
    0.308621286578182428E+02   -0.152807249010512649E+02
    0.308621439743669654E+02   -0.152801882420805644E+02
    0.308761368171555617E+02   -0.152799873119433247E+02
    0.308621946365460360E+02   -0.152784215054407184E+02
    0.308622796248941356E+02   -0.152754865403880160E+02
    0.308623168060808162E+02   -0.152742138921812174E+02
    0.308624239337460793E+02   -0.152705857481511469E+02
    0.308756795316269290E+02   -0.152645184749112754E+02
    0.308756525681515654E+02   -0.152636390127853847E+02
    0.308627979520495792E+02   -0.152583686240946257E+02
    0.308628143965483588E+02   -0.152578475264554161E+02
    0.308658103582036958E+02   -0.151854753257894153E+02
    0.308674820351401600E+02   -0.151646020038193132E+02
    0.308721016839080029E+02   -0.151795846664528096E+02
    0.308709969140081881E+02   -0.151662929359233640E+02
    0.308690951993703067E+02   -0.151577079394523579E+02
    0.308650433518734815E+02   -0.151997291441970326E+02
    0.308694135312608893E+02   -0.151578847851145699E+02
    0.308733217238491839E+02   -0.152013547649972445E+02
    0.308693377473002570E+02   -0.151577967270296163E+02
    0.308636876331341057E+02   -0.152321186006997227E+02
    0.308711393665601719E+02   -0.151676640723341265E+02
    0.308723551143262611E+02   -0.151834943429787437E+02
    0.308656867540518185E+02   -0.151875735132100900E+02
    0.308643465572392763E+02   -0.152152283162006299E+02
    0.308742236896405089E+02   -0.152222345893474547E+02
    0.308735616497752758E+02   -0.152065117319076162E+02
    0.308708451967373634E+02   -0.151649442110692974E+02
    0.308682716418347169E+02   -0.151596016582678512E+02
    0.308714144403609225E+02   -0.151705988685227382E+02
    0.308653709620777192E+02   -0.151932810247842305E+02
    0.308641174283517259E+02   -0.152208553878020911E+02
    0.308721881558587086E+02   -0.151808825748504077E+02
    0.308646593365957784E+02   -0.152079706926950671E+02
    0.308722395067171078E+02   -0.151816710249667821E+02
    0.308678207408472254E+02   -0.151620752402189929E+02
    0.308675011333701121E+02   -0.151644442687600094E+02
    0.308716611877816050E+02   -0.151735533706245089E+02
    0.308686395682701047E+02   -0.151583365006960165E+02
    0.308634974329963079E+02   -0.152373978193104325E+02
    0.308663350966331365E+02   -0.151774184622980055E+02
    0.308749202606282367E+02   -0.152411436615175369E+02
    0.308666144324789791E+02   -0.151736910904743780E+02
    0.308684690018141339E+02   -0.151588388482516816E+02
    0.308749932187868303E+02   -0.152432645500723432E+02
    0.308737705403130427E+02   -0.152112360287948469E+02
    0.308689935672350231E+02   -0.151577581929053036E+02
    0.308698910975640786E+02   -0.151591004110017593E+02
    0.308713127507905796E+02   -0.151694698476839402E+02
    0.308663496048832542E+02   -0.151772152623484988E+02
    0.308644948381405229E+02   -0.152117266723557147E+02
    0.308653022947548230E+02   -0.151945880988098239E+02
    0.308669733669868407E+02   -0.151694743722720347E+02
    0.308634284543064368E+02   -0.152393570988694016E+02
    0.308687566807108027E+02   -0.151580758187976787E+02
    0.308687855352033331E+02   -0.151580221216932163E+02
    0.308631543125922860E+02   -0.152473790351159266E+02
    0.308718825435131592E+02   -0.151764629041198909E+02
    0.308721450712088874E+02   -0.151802312182559760E+02
    0.308744896598622702E+02   -0.152291682574874514E+02
    0.308731060786061278E+02   -0.151969653130826376E+02
    0.308726286831665391E+02   -0.151880751536623890E+02
    0.308659289052009633E+02   -0.151835347559225138E+02
    0.308671419770386137E+02   -0.151677159551764777E+02
    0.308629460308221013E+02   -0.152537249995832447E+02
    0.308646077015311562E+02   -0.152091351013081049E+02
    0.308724505977533425E+02   -0.151850506639503919E+02
    0.308719180308076631E+02   -0.151769521432048418E+02
    0.308690928905621043E+02   -0.151577085077284330E+02
    0.308724310686377450E+02   -0.151847286427818240E+02
    0.308653940498113286E+02   -0.151928468491300865E+02
    0.308663605652251718E+02   -0.151770624516878812E+02
    0.308723973551637698E+02   -0.151841772195521898E+02
    0.308722911655480914E+02   -0.151824775083242276E+02
    0.308718011531509582E+02   -0.151753646146892454E+02
    0.308722914047450274E+02   -0.151824812736378920E+02
    0.308632395921354217E+02   -0.152448433159300283E+02
    0.308682980559432245E+02   -0.151594882764510750E+02
    0.308674757920596896E+02   -0.151646539618836176E+02
    0.308678086163202217E+02   -0.151621557898909725E+02
    0.308684461100928615E+02   -0.151589173407638800E+02
    0.308655029180645144E+02   -0.151908354483089063E+02
    0.308696458197843278E+02   -0.151583336156234729E+02
    0.308738651962279498E+02   -0.152134486173889734E+02
    0.308673554465862523E+02   -0.151656936268723754E+02
    0.308667786107427489E+02   -0.151716824006203304E+02
    0.308669450304297968E+02   -0.151697838445506736E+02
    0.308636234826726437E+02   -0.152338789517146385E+02
    0.308696039087013361E+02   -0.151582326854811917E+02
    0.308660103606036884E+02   -0.151822420933304674E+02
    0.308649264212411332E+02   -0.152021605695286741E+02
    0.308745459123387782E+02   -0.152306800409890606E+02
    0.308704097307436598E+02   -0.151617123403702703E+02
    0.308751834104116796E+02   -0.152489185405392522E+02
    0.308648274490461034E+02   -0.152042719974207294E+02
    0.308736737966459032E+02   -0.152090209346810425E+02
    0.308696980473571401E+02   -0.151584716825749197E+02
    0.308645145983253819E+02   -0.152112683389154615E+02
    0.308727840983822510E+02   -0.151908442162481307E+02
