    0.309903863870830065E+02   -0.108285174218507745E+02
    0.308443282601109416E+02   -0.974246642710674493E+01
    0.308443991105735336E+02   -0.973376253380575562E+01
    0.309788674529153738E+02   -0.935981212570577981E+01
    0.308528754002979255E+02   -0.875711598323207774E+01
    0.308556502763753038E+02   -0.846525442413163631E+01
    0.309697482929969432E+02   -0.836504523548721401E+01
    0.308575586309676098E+02   -0.827250957483347449E+01
    0.309687868446273242E+02   -0.826881477998967540E+01
    0.309664924029734756E+02   -0.804583320085193954E+01
    0.309663833510438238E+02   -0.803546907939058741E+01
    0.308600601417694662E+02   -0.802970039625962961E+01
    0.309628133282012641E+02   -0.770790141754339242E+01
    0.309618693308180184E+02   -0.762508775631280145E+01
    0.309611639372944047E+02   -0.756424431952143816E+01
    0.308663766034081313E+02   -0.746630029625876723E+01
    0.308674192428588867E+02   -0.738014909959104060E+01
    0.309588766438798260E+02   -0.737306361096412921E+01
    0.308680258298926979E+02   -0.733092082940811096E+01
    0.309579828907559254E+02   -0.730089757835678732E+01
    0.308686937220407458E+02   -0.727747692791505774E+01
    0.309572934609421502E+02   -0.724620370676230596E+01
    0.308695070086428345E+02   -0.721347379317840787E+01
    0.309563624463358948E+02   -0.717369080400798609E+01
    0.309559892047610354E+02   -0.714505499210531170E+01
    0.309552698577326026E+02   -0.709056671538353545E+01
    0.308712244910974896E+02   -0.708219227330424062E+01
    0.308716127124152671E+02   -0.705324682655296264E+01
    0.309544000902213448E+02   -0.702591805150583504E+01
    0.308719865249077117E+02   -0.702562990716234292E+01
    0.308720154653083867E+02   -0.702350221936846708E+01
    0.308722320238727725E+02   -0.700762835837160747E+01
    0.308725936430966286E+02   -0.698130806287065564E+01
    0.309535397974473341E+02   -0.696330189918853559E+01
    0.308732438111993766E+02   -0.693457293851274326E+01
    0.309505032685414427E+02   -0.675284909647365961E+01
    0.308767446396970442E+02   -0.669589661796914726E+01
    0.308775887702311138E+02   -0.664161945403920662E+01
    0.308784637661887658E+02   -0.658670008931301609E+01
    0.308784840705185637E+02   -0.658544190555582798E+01
    0.308784840705185637E+02   -0.658544190555582798E+01
    0.308788680061830689E+02   -0.656178934943283565E+01
    0.308788680061830689E+02   -0.656178934943283565E+01
    0.309469120873018433E+02   -0.652519616918670842E+01
    0.308798742340894492E+02   -0.650104851713441434E+01
    0.308801816675248908E+02   -0.648285075591257431E+01
    0.308811864334633484E+02   -0.642455276048617918E+01
    0.309449969734047627E+02   -0.641320377738929537E+01
    0.309449969734047627E+02   -0.641320377738929537E+01
    0.309440568610523385E+02   -0.636062322067502972E+01
    0.309439256248716212E+02   -0.635340864736480615E+01
    0.309439256248716212E+02   -0.635340864736480615E+01
    0.308828263340692430E+02   -0.633327381191905303E+01
    0.308828263340692430E+02   -0.633327381191905303E+01
    0.308828717428828483E+02   -0.633081459610983188E+01
    0.308828717428828483E+02   -0.633081459610983188E+01
    0.308829776678887953E+02   -0.632509229643055715E+01
    0.308831568211699050E+02   -0.631545962493562207E+01
    0.309430008000919941E+02   -0.630343897976563650E+01
    0.309429570183080855E+02   -0.630111123031451825E+01
    0.309429570183080855E+02   -0.630111123031451825E+01
    0.309427875793874634E+02   -0.629213490015525689E+01
    0.309427875793874634E+02   -0.629213490015525689E+01
    0.309423956778030593E+02   -0.627156953966672681E+01
    0.308840648317493418E+02   -0.626751890095977160E+01
    0.309421397096096662E+02   -0.625828539308965226E+01
    0.309421397096096662E+02   -0.625828539308965226E+01
    0.309419923631789118E+02   -0.625069149511205158E+01
    0.309418026198127230E+02   -0.624096963686813400E+01
    0.308854264398410763E+02   -0.619838727227145991E+01
    0.308854264398410763E+02   -0.619838727227145991E+01
    0.308861587151018142E+02   -0.616257653265686400E+01
    0.308865297944135300E+02   -0.614479489044999205E+01
    0.309397419140121244E+02   -0.613952419074418465E+01
    0.308868213493189394E+02   -0.613099636908071854E+01
    0.308868213493189394E+02   -0.613099636908071854E+01
    0.308870942083209243E+02   -0.611822011551600475E+01
    0.308870942083209243E+02   -0.611822011551600475E+01
    0.309390182280558648E+02   -0.610569650415105336E+01
    0.309390182280558648E+02   -0.610569650415105336E+01
    0.308875501218344866E+02   -0.609716910097964249E+01
    0.308875501218344866E+02   -0.609716910097964249E+01
    0.308876104727870882E+02   -0.609441030630109903E+01
    0.308879008506621489E+02   -0.608122728854561956E+01
    0.309379333916736243E+02   -0.605673826528078596E+01
    0.309379040895735713E+02   -0.605544500809061681E+01
    0.309379040895735713E+02   -0.605544500809061681E+01
    0.309377133163733831E+02   -0.604706264279497319E+01
    0.309372870890976870E+02   -0.602856937892362055E+01
    0.309371896357955194E+02   -0.602438659381099129E+01
    0.309371896357955194E+02   -0.602438659381099129E+01
    0.308894270189022926E+02   -0.601441412830519084E+01
    0.309367011237989544E+02   -0.600367467207559358E+01
    0.309363866269650991E+02   -0.599056602120187343E+01
    0.309363866269650991E+02   -0.599056602120187343E+01
    0.308900321521596801E+02   -0.598907337558830744E+01
    0.309363283447529582E+02   -0.598815612968433797E+01
    0.309362636099383970E+02   -0.598548653860000357E+01
    0.308902555337024829E+02   -0.597988414687470637E+01
    0.309360719826052772E+02   -0.597762788437720971E+01
    0.309353532497177710E+02   -0.594873651091284295E+01
    0.309353532497177710E+02   -0.594873651091284295E+01
    0.308911282367771491E+02   -0.594483749696910913E+01
    0.308915449337106196E+02   -0.592858297292597314E+01
    0.308920582198035234E+02   -0.590898669933368215E+01
    0.309342178816169415E+02   -0.590497603956830464E+01
    0.308923471643232617E+02   -0.589816222170701643E+01
    0.309337899599654200E+02   -0.588907967338325022E+01
    0.309333501694948474E+02   -0.587308297063662543E+01
    0.308930472710767603E+02   -0.587255269115646961E+01
    0.308931012868415280E+02   -0.587061317637711610E+01
    0.308931012868415280E+02   -0.587061317637711610E+01
    0.309330701541752049E+02   -0.586307772027955565E+01
    0.309330701541752049E+02   -0.586307772027955565E+01
    0.309330152988826512E+02   -0.586113407488672422E+01
    0.309328026940069165E+02   -0.585365175681288719E+01
    0.309327608143606909E+02   -0.585218737518412890E+01
    0.308937115415209362E+02   -0.584906286359038408E+01
    0.308941457701015025E+02   -0.583413343286066599E+01
    0.309320521992361073E+02   -0.582788424450860987E+01
    0.309320521992361073E+02   -0.582788424450860987E+01
    0.309320423731730756E+02   -0.582755354350101751E+01
    0.309318882613043371E+02   -0.582238937963295022E+01
    0.309315499045610309E+02   -0.581120002622415210E+01
    0.309315268077246408E+02   -0.581044367140661500E+01
    0.309314848051415403E+02   -0.580907064810929441E+01
    0.309310099225787738E+02   -0.579376625980772797E+01
    0.309309762541419566E+02   -0.579269648284594041E+01
    0.309309762541419566E+02   -0.579269648284594041E+01
    0.308957000799434596E+02   -0.578345227658545102E+01
    0.308957000799434596E+02   -0.578345227658545102E+01
    0.309306372407332617E+02   -0.578203746482795466E+01
    0.308958411486706268E+02   -0.577906590873638493E+01
    0.308958411486706268E+02   -0.577906590873638493E+01
    0.308965863096101572E+02   -0.575648534803977885E+01
    0.309297489127164980E+02   -0.575508029676145938E+01
    0.309297489127164980E+02   -0.575508029676145938E+01
    0.308966356498695909E+02   -0.575502517790376800E+01
    0.308969591871340334E+02   -0.574555811564299734E+01
    0.308969591871340334E+02   -0.574555811564299734E+01
    0.309293690388287388E+02   -0.574398259613192064E+01
    0.309293643307126018E+02   -0.574384666832117929E+01
    0.308974563462335965E+02   -0.573137481367903501E+01
    0.309288903204849142E+02   -0.573036404981122516E+01
    0.308976865273960080E+02   -0.572495745666238509E+01
    0.309283248941318369E+02   -0.571480572352054406E+01
    0.309276927340571319E+02   -0.569808678011736891E+01
    0.309274614772073484E+02   -0.569214884885843908E+01
    0.308990056158932731E+02   -0.569000561349858813E+01
    0.308990496775155066E+02   -0.568889171631501522E+01
    0.309272098417469579E+02   -0.568579610311202099E+01
    0.309271744304356986E+02   -0.568491118657381911E+01
    0.308994012430472047E+02   -0.568012811322769018E+01
    0.308994940117350225E+02   -0.567785242063280648E+01
    0.309268675210585045E+02   -0.567733538713679131E+01
    0.309268675210585045E+02   -0.567733538713679131E+01
    0.308996988367927656E+02   -0.567288229088312512E+01
    0.308997699477074512E+02   -0.567117427873839475E+01
    0.308999484646248561E+02   -0.566692625270566808E+01
    0.309001026200723672E+02   -0.566330370442909015E+01
    0.309001612616252324E+02   -0.566193680428267498E+01
    0.309260626488262638E+02   -0.565826638485780542E+01
    0.309260626488262638E+02   -0.565826638485780542E+01
    0.309256050560646543E+02   -0.564794067115753951E+01
    0.309008126376512138E+02   -0.564716635384021526E+01
    0.309254571164598566E+02   -0.564468231750339289E+01
    0.309254442750921612E+02   -0.564440133035009062E+01
    0.309253150060942872E+02   -0.564158913768735282E+01
    0.309011974423675611E+02   -0.563879645124556284E+01
    0.309015523636777161E+02   -0.563131084840388496E+01
    0.309246457382801978E+02   -0.562750644782867493E+01
    0.309018494689723013E+02   -0.562521751972503914E+01
    0.309018569840750317E+02   -0.562506543559536798E+01
    0.309243449965688058E+02   -0.562143860424180186E+01
    0.309243154603243156E+02   -0.562085137911281496E+01
    0.309241996366810383E+02   -0.561856365541346214E+01
    0.309241894930019789E+02   -0.561836443997744617E+01
    0.309025817126952944E+02   -0.561087260345546923E+01
    0.309237837042833092E+02   -0.561054563261330941E+01
    0.309026076069186928E+02   -0.561038284615640759E+01
    0.309235542187758305E+02   -0.560625397118766688E+01
    0.309235252887952150E+02   -0.560571961676821751E+01
    0.309030605662976967E+02   -0.560200924896563013E+01
    0.309031119064115209E+02   -0.560108325999044609E+01
    0.309230820698576565E+02   -0.559771984841937442E+01
    0.309034932290936197E+02   -0.559435282337949058E+01
    0.309227070608737122E+02   -0.559122505647576862E+01
    0.309037155814739819E+02   -0.559054804127928051E+01
    0.309226556406598583E+02   -0.559035407678621432E+01
    0.309226401432633082E+02   -0.559009250011908421E+01
    0.309037507354430581E+02   -0.558995458291654135E+01
    0.309040388246709696E+02   -0.558517425661105449E+01
    0.309172086430346660E+02   -0.552481866564071389E+01
    0.309138255804323379E+02   -0.551077490756696342E+01
    0.309076555592010003E+02   -0.553776464323750339E+01
    0.309219584433573083E+02   -0.557901041562266276E+01
    0.309211629740614384E+02   -0.556712748633348475E+01
    0.309212850121229224E+02   -0.556887717864604426E+01
    0.309137239076643269E+02   -0.551066903694881560E+01
    0.309079533431226920E+02   -0.553490146883348544E+01
    0.309163969631772417E+02   -0.551958658116962031E+01
    0.309105535936867426E+02   -0.551662528354853166E+01
    0.309051274442003887E+02   -0.556844806636947887E+01
    0.309180822758652774E+02   -0.553176407422790728E+01
    0.309222776952705800E+02   -0.558409708245984415E+01
    0.309166069415865294E+02   -0.552082734657751129E+01
    0.309084524127775246E+02   -0.553045785370298404E+01
    0.309139051916303629E+02   -0.551087068560794435E+01
    0.309191386635524168E+02   -0.554198193596216004E+01
    0.309112749151657518E+02   -0.551369359575467932E+01
    0.309117375415442446E+02   -0.551230214078067426E+01
    0.309080154204031778E+02   -0.553432453588031859E+01
    0.309135031008668051E+02   -0.551050266013745116E+01
    0.309104478635557030E+02   -0.551713304414129002E+01
    0.309058376888890933E+02   -0.555867565792468454E+01
    0.309083258450939660E+02   -0.553154271122682495E+01
    0.309123204935065345E+02   -0.551109273929310994E+01
    0.309158600827432295E+02   -0.551677199122105932E+01
    0.309204552194791091E+02   -0.555750433893642626E+01
    0.309149642995006353E+02   -0.551322117234307196E+01
    0.309139690401526188E+02   -0.551095567446012602E+01
    0.309153089905556300E+02   -0.551441797796850874E+01
    0.309179990729461025E+02   -0.553104391627612113E+01
    0.309049148890967835E+02   -0.557154770534779686E+01
    0.309174191828112797E+02   -0.552636787256636541E+01
    0.309180668041086193E+02   -0.553162922414889380E+01
    0.309087833018396587E+02   -0.552775676951796324E+01
    0.309122415371139176E+02   -0.551122103012300624E+01
    0.309128867545224253E+02   -0.551049872288513409E+01
    0.309050723763819590E+02   -0.556924336722033608E+01
    0.309108911288703752E+02   -0.551513782192582092E+01
    0.309092891177099816E+02   -0.552400543456903481E+01
    0.309215496251316182E+02   -0.557276231397097099E+01
    0.309101050235231476E+02   -0.551891675230403678E+01
    0.309086186147160014E+02   -0.552907670161593234E+01
    0.309130431815678683E+02   -0.551043551678364185E+01
    0.309217389360464239E+02   -0.557561852877584485E+01
    0.309069383867184513E+02   -0.554530981754186314E+01
    0.309070964849447734E+02   -0.554356762826466198E+01
    0.309165190181666780E+02   -0.552029822865194930E+01
    0.309046489320608977E+02   -0.557553966649676358E+01
    0.309064736764774715E+02   -0.555068906225741543E+01
    0.309157503224173098E+02   -0.551625991508671465E+01
    0.309122115221548839E+02   -0.551127271833103993E+01
    0.309130673457685248E+02   -0.551042964742500452E+01
    0.309088294964488028E+02   -0.552739522336789868E+01
    0.309127618992823443E+02   -0.551058051406611860E+01
    0.309209665350352729E+02   -0.556436691958090623E+01
    0.309164798023400991E+02   -0.552006667971194620E+01
    0.309093654195364387E+02   -0.552347918846378416E+01
    0.309207065205505174E+02   -0.556081884248688674E+01
    0.309194682289204081E+02   -0.554557727364218866E+01
    0.309194347043635744E+02   -0.554520268603666189E+01
    0.309065474875478969E+02   -0.554980891436892687E+01
    0.309127965645928278E+02   -0.551055501506193757E+01
    0.309185264839537766E+02   -0.553581797158173394E+01
    0.309198752006239488E+02   -0.555028457059357905E+01
    0.309131077434458703E+02   -0.551042216265030937E+01
    0.309218633260538169E+02   -0.557753007810027146E+01
    0.309114766581558200E+02   -0.551303983719170976E+01
    0.309141592901362294E+02   -0.551125205889253778E+01
    0.309076208291732684E+02   -0.553810887641874494E+01
    0.309180360346726957E+02   -0.553136231100363851E+01
    0.309141673925022573E+02   -0.551126611556957258E+01
    0.309182617006753730E+02   -0.553335912845362188E+01
    0.309121778762533168E+02   -0.551133257085450268E+01
    0.309054375586406636E+02   -0.556407039635835510E+01
    0.309099661543247812E+02   -0.551969895211691775E+01
    0.309042676004359862E+02   -0.558148365864584761E+01
    0.309064879692645071E+02   -0.555051787110413297E+01
    0.309222552797087502E+02   -0.558373399542073479E+01
    0.309208930160542224E+02   -0.556335146616985465E+01
    0.309165632934061883E+02   -0.552056294975154227E+01
    0.309112965836015050E+02   -0.551361989583877232E+01
    0.309049509442865329E+02   -0.557101624211406232E+01
    0.309138072661932739E+02   -0.551075447473425850E+01
    0.309129303618533413E+02   -0.551047671226958435E+01
    0.309211984961386364E+02   -0.556763403318690120E+01
    0.309195745658416286E+02   -0.554677870503074466E+01
    0.309078128310214559E+02   -0.553623276257639496E+01
    0.309171534967098083E+02   -0.552442596016016552E+01
    0.309214503284344104E+02   -0.557128975747897126E+01
    0.309075736862925154E+02   -0.553857958648333160E+01
    0.309108704838142749E+02   -0.551522296274904988E+01
