    0.111924573260546453E-98    0.463131741594650919E+03    0.314164816626496268E+02
    0.122796761319143615E-95    0.449110820135987126E+03    0.304177665484556883E+02
    0.107792439582837373E-94    0.444746296188933343E+03    0.314061421071060956E+02
    0.159047589483146207E-94    0.443948304308758566E+03    0.304206942779885559E+02
    0.107197417984601083E-93    0.440112196722732051E+03    0.304228811056393695E+02
    0.638467284515924012E-93    0.436523400175242500E+03    0.304249358177185059E+02
    0.869780382516768346E-93    0.435885059555710143E+03    0.314010805007968656E+02
    0.225721547431698714E-91    0.429352596378292219E+03    0.304290674745767760E+02
    0.103134113325010619E-86    0.407873289320806066E+03    0.313847227458855826E+02
    0.495662556673401451E-86    0.404713559013762733E+03    0.304435408641196332E+02
    0.865185792002796113E-84    0.394369120828982034E+03    0.304497520659187870E+02
    0.523186206437397875E-83    0.390749964315710201E+03    0.304519448979443581E+02
    0.477705156816212138E-81    0.381701511384776666E+03    0.313689092136623273E+02
    0.116937492243167592E-79    0.375285879368260680E+03    0.313649482849219474E+02
    0.143610358138507228E-79    0.374854950871869960E+03    0.313646809897914203E+02
    0.493841765692309777E-78    0.367759557950648457E+03    0.313602569008500751E+02
    0.771074696937283147E-78    0.366848417753559659E+03    0.304666970827577828E+02
    0.241245990037874050E-77    0.364547183834734199E+03    0.304681432247161865E+02
    0.460433864517386641E-71    0.335603458498361647E+03    0.313396321139260934E+02
    0.149860811889139725E-69    0.328618042698637623E+03    0.304913643056016532E+02
    0.791073205184878608E-69    0.325270675561527128E+03    0.313327895462796882E+02
    0.424794045895151048E-68    0.321889077490643672E+03    0.313305258215075355E+02
    0.138430115708241350E-67    0.319506384974685261E+03    0.304974593111219789E+02
    0.606756143403849872E-67    0.316530862272496847E+03    0.304994691581334010E+02
    0.308623180734023119E-66    0.313257703920013796E+03    0.313246913129126696E+02
    0.969597338909622895E-66    0.310948184284243041E+03    0.305032666220732338E+02
    0.664465771942689148E-65    0.307078809105160019E+03    0.305059194337830348E+02
    0.244197208637255865E-64    0.304455653391902786E+03    0.313186549782266326E+02
    0.265881564113003364E-64    0.304265503729973545E+03    0.313185235840281209E+02
    0.342652091287068060E-60    0.285317493667313443E+03    0.313052096477310080E+02
    0.267523219098079319E-59    0.281187341998029581E+03    0.313022470959446792E+02
    0.271121570390610706E-55    0.262719939340915801E+03    0.305376680246338559E+02
    0.148950375742751040E-53    0.254687507204440493E+03    0.305437086154603747E+02
    0.228789832664956453E-53    0.253809125966242362E+03    0.305443751811981201E+02
    0.202457218584390440E-52    0.249428506226030862E+03    0.305477175944611581E+02
    0.878887150760848151E-52    0.246472250410422532E+03    0.312763920968689320E+02
    0.888778224109192353E-50    0.237219527574612130E+03    0.305571986203435344E+02
    0.196839029273023695E-49    0.235609280295155855E+03    0.312679147060218163E+02
    0.213933039019300219E-49    0.235422726735462419E+03    0.312677673505964435E+02
    0.953109054521109145E-49    0.232414594204074120E+03    0.312653827667236328E+02
    0.620765809775570564E-46    0.219436634520270161E+03    0.312549042701721191E+02
    0.143094118398403026E-45    0.217746366951310222E+03    0.312535157907444585E+02
    0.555367250749313290E-45    0.215014112904122470E+03    0.305751233906795861E+02
    0.373261335150556523E-44    0.211183644324585089E+03    0.305783124551292360E+02
    0.496134809506851596E-44    0.210594506567766985E+03    0.312475770558014503E+02
    0.162979769510722135E-43    0.208195779588745893E+03    0.312455614473468231E+02
    0.869886337958446031E-43    0.204826306633913845E+03    0.305836733818027007E+02
    0.864352304099420051E-43    0.204819070857957456E+03    0.305836795331780422E+02
    0.373816064176068833E-42    0.201870333823259728E+03    0.305861959855938963E+02
    0.711819020390780089E-41    0.195957043987601253E+03    0.312350810322150352E+02
    0.280568292312531937E-39    0.188588716680770403E+03    0.305977792925868606E+02
    0.865070150187345501E-39    0.186316729799887213E+03    0.312265790547924524E+02
    0.149974819372774798E-38    0.185196245999838851E+03    0.312255758688088250E+02
    0.158032203303118798E-38    0.185071583156885254E+03    0.312254640570666417E+02
    0.190175329072107904E-37    0.180076117769669992E+03    0.312209501318075766E+02
    0.181555297129502920E-36    0.175543719896808227E+03    0.306095861239627602E+02
    0.371409533926949304E-36    0.174092229808517800E+03    0.312154543399810791E+02
    0.989366170219474910E-35    0.167507541248204944E+03    0.306170938027812021E+02
    0.373897581560523347E-34    0.164828536246564909E+03    0.312067434029950554E+02
    0.652940238908145537E-34    0.163693528859525401E+03    0.312056582795180475E+02
    0.480553955529352167E-32    0.155076280677242835E+03    0.306290980930468315E+02
    0.981783979056360001E-31    0.149022246909112880E+03    0.311912509198543972E+02
    0.795410138564504754E-30    0.144818103571865805E+03    0.306394000084773559E+02
    0.483476568076721220E-29    0.141188643443080139E+03    0.311832436487412537E+02
    0.430215968362929656E-27    0.132191734103066011E+03    0.306526388456630485E+02
    0.124706780117185504E-26    0.130043208141020472E+03    0.306549591534929853E+02
    0.417719812162928395E-26    0.127605516782416046E+03    0.306576172543727026E+02
    0.455413911251333227E-26    0.127412725185320056E+03    0.306578286583179747E+02
    0.107427623536863612E-25    0.125676333697514934E+03    0.306597406291249968E+02
    0.248022920426138326E-23    0.114772585702394750E+03    0.306720932407360074E+02
    0.350463918476617658E-23    0.114061112511989307E+03    0.311534613746415516E+02
    0.591377303358593286E-23    0.112994719570601475E+03    0.306741678675150276E+02
    0.138832385973458365E-22    0.111267923143951947E+03    0.306762002857205367E+02
    0.297966335043980684E-22    0.109720496821396210E+03    0.306780365107976039E+02
    0.423348705344241193E-21    0.104392895252429554E+03    0.306844711303710938E+02
    0.437099771365120155E-21    0.104308964698759922E+03    0.306845739498316341E+02
    0.225060013342671483E-19    0.964062130991638924E+02    0.306944716798255897E+02
    0.140879752687598812E-18    0.927179636809819669E+02    0.311271350395356450E+02
    0.252832612585021161E-18    0.915283217795275306E+02    0.311255716448141690E+02
    0.510630964667660948E-18    0.901024828050739188E+02    0.311236825479469914E+02
    0.641205990251137490E-18    0.896270755725045234E+02    0.311230488997820132E+02
    0.104455975919420661E-17    0.886310755132563628E+02    0.311217151350853705E+02
    0.112125604486935852E-17    0.884693674892968147E+02    0.311214977826404322E+02
    0.642601090300489515E-17    0.849575586256373469E+02    0.307096624002092966E+02
    0.692539735222071044E-17    0.847878756808064935E+02    0.307098960812909496E+02
    0.116548069032492932E-16    0.837268291311597466E+02    0.307113634508925202E+02
    0.258733416431435165E-16    0.821118402235344007E+02    0.307136175995374288E+02
    0.574086089502759663E-16    0.804978779928421062E+02    0.311104866542412815E+02
    0.139185597915935002E-15    0.787066499818250520E+02    0.311079267546032661E+02
    0.144364907335491264E-15    0.786135781945628054E+02    0.307185898749009816E+02
    0.480675321428786851E-15    0.761878824709029061E+02    0.307221136017792986E+02
    0.638538000955457761E-15    0.755999041610549796E+02    0.311034051303148047E+02
    0.661800189178443661E-15    0.755083391777413908E+02    0.307231124645081124E+02
    0.105521468773599384E-14    0.745552674990408946E+02    0.311018604006297750E+02
    0.295291404858032741E-14    0.724771709907338106E+02    0.310987492372287271E+02
    0.329114882190875078E-14    0.722402826028277758E+02    0.307279914293485632E+02
    0.170860033928504366E-13    0.689262367558522868E+02    0.310933087324873121E+02
    0.796799228483491294E-13    0.658267206924465142E+02    0.310884218452290995E+02
    0.145875014185511743E-12    0.645972556067588357E+02    0.307399374807125234E+02
    0.177295839034671368E-12    0.641871164938544609E+02    0.310857807947609359E+02
    0.552758927295724725E-12    0.618929120418599865E+02    0.310820159866707044E+02
    0.591937474868602235E-12    0.617359539574005538E+02    0.307446273533376484E+02
    0.677807867041954630E-12    0.614450282507886243E+02    0.310812711676705860E+02
    0.848188827598020593E-12    0.609765494123449088E+02    0.310804885514730529E+02
    0.196355645591655851E-11    0.592777307298615170E+02    0.310776193521928619E+02
    0.282344471154266953E-11    0.585313300876837417E+02    0.307500399237598963E+02
    0.428088927937988573E-11    0.576789238973617842E+02    0.310748725646048669E+02
    0.723807878662445790E-11    0.566085338040571884E+02    0.310730072281191809E+02
    0.230974437610341717E-10    0.542678015210785532E+02    0.310688502352878118E+02
    0.261212535399015311E-10    0.540017468348361191E+02    0.310683706910856117E+02
    0.262911241757457784E-10    0.539687826276740026E+02    0.310683111722832024E+02
    0.333724593984085382E-10    0.534717834426390013E+02    0.310674110273280135E+02
    0.363582300280834057E-10    0.532804042464389980E+02    0.310670630047657177E+02
    0.391948250928829373E-10    0.531101559742060232E+02    0.310667527458198656E+02
    0.786073811544106394E-10    0.516983142188105376E+02    0.310641552503325435E+02
    0.783808010737315666E-10    0.516840873982892148E+02    0.307622538489568456E+02
    0.112994001910158245E-09    0.509325759507716995E+02    0.310627275803106357E+02
    0.358124511728908169E-09    0.486054839763798014E+02    0.307680800108062549E+02
    0.505716113175909326E-09    0.478952944831152720E+02    0.307694575416393690E+02
    0.606386481635438379E-09    0.475122103419723416E+02    0.310561765903085032E+02
    0.136847234960827007E-08    0.458643447777230193E+02    0.310529108561276423E+02
    0.174596790300323439E-08    0.453571167183547530E+02    0.307744925401301970E+02
    0.175067652634121745E-08    0.453317302671106717E+02    0.310518388744782357E+02
    0.173705429632994876E-08    0.453273533756282490E+02    0.307745526665411724E+02
    0.241549127562886271E-08    0.446479294801772113E+02    0.310504503299519925E+02
    0.358581173548828929E-08    0.438377651186504380E+02    0.307775959114917370E+02
    0.452184042318017194E-08    0.433538966980492333E+02    0.310477834319981554E+02
    0.139668510129078730E-07    0.410783613921568147E+02    0.307834218221699025E+02
    0.152499008881157943E-07    0.408825888587476243E+02    0.310425375734481790E+02
    0.155485727441175392E-07    0.408237971675952380E+02    0.310424101825866572E+02
    0.170878829211366563E-07    0.406149956440741775E+02    0.310419567291603471E+02
    0.175797739452668882E-07    0.405382367994456203E+02    0.310417896303495766E+02
    0.181152411524117645E-07    0.404582275934047146E+02    0.310416152242964465E+02
    0.202088705112499203E-07    0.402194915820598453E+02    0.307852892892910006E+02
    0.221382031613914952E-07    0.400171253346024542E+02    0.310406494140625000E+02
    0.416124715878130095E-07    0.387349350262907137E+02    0.307885831857272656E+02
    0.511944170988915455E-07    0.383004738964067570E+02    0.307895637560564133E+02
    0.137165137079007784E-06    0.363093637063733468E+02    0.310322217471017012E+02
    0.145823262871582151E-06    0.361669441462316854E+02    0.307944966003229332E+02
    0.370983440649217020E-06    0.342794200120471189E+02    0.307990382373343863E+02
    0.371577486454842911E-06    0.342562200271802979E+02    0.310272875131256143E+02
    0.419076297824146466E-06    0.339956288697512292E+02    0.310266458994270167E+02
    0.668283453940951462E-06    0.330423100349720968E+02    0.310242671135892145E+02
    0.120568216626205024E-05    0.318421332688848437E+02    0.310211978789520586E+02
    0.129913951111804934E-05    0.316728200470064962E+02    0.308056248548702953E+02
    0.213173026628121934E-05    0.306623563454759918E+02    0.308082893711706518E+02
    0.218686103114879401E-05    0.305912899155003686E+02    0.308084793198848388E+02
    0.249900814529923168E-05    0.303044364860261197E+02    0.308092495595292419E+02
    0.277127940064529073E-05    0.300776061264561534E+02    0.310165200030844623E+02
    0.295352432418387424E-05    0.299302260216758178E+02    0.310161196691776517E+02
    0.345334133884590540E-05    0.295975397758497145E+02    0.308111724912848253E+02
    0.357015397313254873E-05    0.295110068593870629E+02    0.308114103777235648E+02
    0.369476107449684688E-05    0.294223925276314162E+02    0.308116545637550345E+02
    0.453645449404653513E-05    0.289919327915555236E+02    0.310135335029319918E+02
    0.469690805853221715E-05    0.289024154438790646E+02    0.308130994177975772E+02
    0.476902125049099133E-05    0.288519421180282905E+02    0.308132407795129950E+02
    0.487251214226632890E-05    0.287890050197766172E+02    0.310129653680506756E+02
    0.575995686966356396E-05    0.284343643350197723E+02    0.308144180588718619E+02
    0.727353043452688496E-05    0.279477407275170577E+02    0.308158079546011621E+02
    0.118815609788507561E-04    0.269462489069100108E+02    0.308187327527101402E+02
    0.186550724699760110E-04    0.260239881257406651E+02    0.310048740488662986E+02
    0.191095493059064652E-04    0.259558479610231956E+02    0.308217170841423460E+02
    0.197564058685754682E-04    0.258692687355005724E+02    0.310044000868619918E+02
    0.208630528507914719E-04    0.257402647318176534E+02    0.310040030093564312E+02
    0.232371461176658434E-04    0.255047200605711453E+02    0.308231092157308524E+02
    0.264219959965536918E-04    0.252278306186945862E+02    0.308239744237695135E+02
    0.309163478904376355E-04    0.248936541046783368E+02    0.310013527510617237E+02
    0.324043185980954257E-04    0.247796409006068004E+02    0.310009897282692464E+02
    0.331303768245483541E-04    0.247153231278366654E+02    0.310007842740353645E+02
    0.345503361719440955E-04    0.246113897482096604E+02    0.308259314466169059E+02
    0.366917075815740266E-04    0.244711227524202499E+02    0.309999997818507609E+02
    0.378995752429285245E-04    0.243863444991380796E+02    0.308266569282494416E+02
    0.406337305821919949E-04    0.242270272601693719E+02    0.308271742206135393E+02
    0.479951931370650064E-04    0.238740225827371901E+02    0.308283316364292084E+02
    0.486619432185080594E-04    0.238264297662161866E+02    0.308284888914787913E+02
    0.576798701830966081E-04    0.234664078238993170E+02    0.308296880602262746E+02
    0.690470732210612855E-04    0.230866473233967220E+02    0.308309719268871518E+02
    0.996135949477642413E-04    0.223336270070973022E+02    0.308335788892932925E+02
    0.100536831912448042E-03    0.222951760144674296E+02    0.308337143016132487E+02
    0.105893665749114268E-03    0.221713534339544651E+02    0.308341519422697914E+02
    0.111337287401021555E-03    0.220510958700561197E+02    0.308345793148124159E+02
    0.111379848230984426E-03    0.220303314774940446E+02    0.308346533429619498E+02
    0.114042705717701769E-03    0.219630783289602682E+02    0.308348935909039525E+02
    0.122837927774155560E-03    0.217944926563241879E+02    0.308354990935236088E+02
    0.122140140501255561E-03    0.217858861523202165E+02    0.309908525655810223E+02
    0.122771564929518266E-03    0.217555734426654901E+02    0.309907431475790567E+02
    0.122750240536145610E-03    0.217359208561001083E+02    0.309906721262310469E+02
    0.123542916009133837E-03    0.217030471210595906E+02    0.308358295174193806E+02
    0.125160226994458441E-03    0.216570348437015490E+02    0.309903863870830065E+02
    0.126323868691860378E-03    0.216185263173651663E+02    0.308361361799142912E+02
    0.230348838068461726E-03    0.203970346142302432E+02    0.308407127857208252E+02
    0.229417124297437403E-03    0.203851406083464823E+02    0.309856239264389970E+02
    0.231137168491411571E-03    0.203502016340006904E+02    0.309854886743326503E+02
    0.264507943339066997E-03    0.200604817438178848E+02    0.309843572385516595E+02
    0.302521042861567092E-03    0.197719226321076071E+02    0.309832121656380721E+02
    0.322066508419438958E-03    0.196267081643624799E+02    0.309826287771591780E+02
    0.342285685875060475E-03    0.194849328542134899E+02    0.308443282601109416E+02
    0.341842334482042294E-03    0.194675250676115112E+02    0.308443991105735336E+02
    0.345512818095383939E-03    0.194261648232662658E+02    0.309818149554358975E+02
    0.345256865118683291E-03    0.194076469554132558E+02    0.308446433763079852E+02
    0.347643520549891459E-03    0.193738691315343132E+02    0.309816011436550340E+02
    0.363486021262525102E-03    0.192647426279978689E+02    0.308452298855594336E+02
    0.405236447705619601E-03    0.190272828720791836E+02    0.308462158271187832E+02
    0.467921257510239580E-03    0.187196242514115596E+02    0.309788674529153738E+02
    0.522603718263584091E-03    0.184785773725811886E+02    0.309778311270916618E+02
    0.681790584413072124E-03    0.179267792091426799E+02    0.309753938301851335E+02
    0.728536006223347364E-03    0.177741502094359731E+02    0.309747026182306939E+02
    0.722050986761565484E-03    0.177720327982025097E+02    0.308516897229444282E+02
    0.720104205530039225E-03    0.177574324456869093E+02    0.309746264358258898E+02
    0.733106707266000510E-03    0.177016417738268359E+02    0.308520111847205385E+02
    0.795879431704225740E-03    0.175173288952405883E+02    0.309735216787838965E+02
    0.789181372656062711E-03    0.175142319664641555E+02    0.308528754002979255E+02
    0.804938827817702892E-03    0.174546917400828718E+02    0.308531525659902783E+02
    0.840452077589925366E-03    0.173483444392212363E+02    0.309727318638375166E+02
    0.885421594998859270E-03    0.172240964883570840E+02    0.308542383048621005E+02
    0.913328230089051145E-03    0.171420336621587452E+02    0.309717531501637673E+02
    0.100511549084289086E-02    0.169305088482632726E+02    0.308556502763753038E+02
    0.108700240933309877E-02    0.167538661013349603E+02    0.308565167639204674E+02
    0.107892871203693554E-02    0.167487765195126030E+02    0.308565419263363125E+02
    0.107822011484881141E-02    0.167300904709744280E+02    0.309697482929969432E+02
    0.117098737183175968E-02    0.165450191496669490E+02    0.308575586309676098E+02
    0.116122374199340473E-02    0.165417649525159867E+02    0.309688076779206689E+02
    0.115204899910240446E-02    0.165376295599793508E+02    0.309687868446273242E+02
    0.129773550768683805E-02    0.162794720938004005E+02    0.309674704700936694E+02
    0.141131751294746840E-02    0.160916664017038791E+02    0.309664924029734756E+02
    0.141183149751344180E-02    0.160709381587811748E+02    0.309663833510438238E+02
    0.140587021201995458E-02    0.160594007925192592E+02    0.308600601417694662E+02
    0.143925862487876604E-02    0.159924574762515324E+02    0.309659684201318584E+02
    0.152941512798858447E-02    0.158509429645391755E+02    0.308611708346313378E+02
    0.157496122888067282E-02    0.157722524398219814E+02    0.308615963249798710E+02
    0.162448964866268716E-02    0.156903263424190467E+02    0.308620430712232761E+02
    0.181865579552460471E-02    0.154445184419616517E+02    0.308634075245310235E+02
    0.182659843366020781E-02    0.154158028350867848E+02    0.309628133282012641E+02
    0.181459579898801487E-02    0.154089882653371220E+02    0.308636078545141181E+02
    0.191310303494665406E-02    0.152832606517868701E+02    0.309620593579861207E+02
    0.191659942845378759E-02    0.152596087811656123E+02    0.308644591103327066E+02
    0.190650003560124156E-02    0.152501755126256029E+02    0.309618693308180184E+02
    0.200593955258963766E-02    0.151284886390428763E+02    0.309611639372944047E+02
    0.219033955344092755E-02    0.149326005925175345E+02    0.308663766034081313E+02
    0.220979206291848154E-02    0.148949169067521066E+02    0.309597800554019500E+02
    0.234013302421943927E-02    0.147602981991820812E+02    0.308674192428588867E+02
    0.233332260924260827E-02    0.147461272219282584E+02    0.309588766438798260E+02
    0.237752582065496338E-02    0.146885929990015196E+02    0.309585224846151377E+02
    0.238556512484754081E-02    0.146618416588162219E+02    0.308680258298926979E+02
    0.243381332515122360E-02    0.146017951567135746E+02    0.309579828907559254E+02
    0.246669684860189101E-02    0.145549538558301155E+02    0.308686937220407458E+02
    0.251973356696660314E-02    0.144924074135246119E+02    0.309572934609421502E+02
    0.257766276192916048E-02    0.144269475863568157E+02    0.308695070086428345E+02
    0.265558792615891827E-02    0.143473816080159722E+02    0.309563624463358948E+02
    0.270554097536730969E-02    0.142901099842106234E+02    0.309559892047610354E+02
    0.282862339350718099E-02    0.141811334307670709E+02    0.309552698577326026E+02
    0.282402903755273483E-02    0.141643845466084812E+02    0.308712244910974896E+02
    0.287804155943670878E-02    0.141064936531059253E+02    0.308716127124152671E+02
    0.292834911950874428E-02    0.140518361030116701E+02    0.309544000902213448E+02
    0.290004707070866136E-02    0.140512598143246858E+02    0.308719865249077117E+02
    0.287730662215254307E-02    0.140470044387369342E+02    0.308720154653083867E+02
    0.286950494574797661E-02    0.140324347063593891E+02    0.308721147070764985E+02
    0.286545891452812075E-02    0.140152567167432149E+02    0.308722320238727725E+02
    0.291260774567650730E-02    0.139626161257413113E+02    0.308725936430966286E+02
    0.293602015676934806E-02    0.139266037983770712E+02    0.309535397974473341E+02
    0.299152693241983274E-02    0.138691458770254865E+02    0.308732438111993766E+02
    0.350472015336486791E-02    0.135324924002483673E+02    0.308756788018378714E+02
    0.351664629669516801E-02    0.135056981929473192E+02    0.309505032685414427E+02
    0.368569922761369413E-02    0.133917932359382945E+02    0.308767446396970442E+02
    0.385255830051838086E-02    0.132832389080784132E+02    0.308775887702311138E+02
    0.402955837662124887E-02    0.131734001786260322E+02    0.308784637661887658E+02
    0.399448623819668135E-02    0.131708838111116560E+02    0.308784840705185637E+02
    0.404939515640937407E-02    0.131235786988656713E+02    0.308788680061830689E+02
    0.415852608963166153E-02    0.130503923383734168E+02    0.309469120873018433E+02
    0.421777761649825677E-02    0.130020970342688287E+02    0.308798742340894492E+02
    0.425249606261819246E-02    0.129657015118251486E+02    0.308801816675248908E+02
    0.446292381352969558E-02    0.128491055209723584E+02    0.308811864334633484E+02
    0.446894828485819469E-02    0.128264075547785907E+02    0.309449969734047627E+02
    0.466334804438986623E-02    0.127212464413500594E+02    0.309440568610523385E+02
    0.465037670402874970E-02    0.127068172947296123E+02    0.309439256248716212E+02
    0.469774714703715107E-02    0.126665476238381061E+02    0.308828263340692430E+02
    0.466245567952131706E-02    0.126616291922196638E+02    0.308828717428828483E+02
    0.464255368908949619E-02    0.126501845928611143E+02    0.308829776678887953E+02
    0.464084865995527830E-02    0.126309192498712441E+02    0.308831568211699050E+02
    0.465023564907783484E-02    0.126068779595312730E+02    0.309430008000919941E+02
    0.461469439112455453E-02    0.126022224606290365E+02    0.309429570183080855E+02
    0.460997288469629576E-02    0.125842698003105138E+02    0.309427875793874634E+02
    0.465893711697194530E-02    0.125431390793334536E+02    0.309423956778030593E+02
    0.463130170485974522E-02    0.125350378019195432E+02    0.308840648317493418E+02
    0.462775320867278312E-02    0.125165707861793045E+02    0.309421397096096662E+02
    0.461663174736898392E-02    0.125013829902241032E+02    0.309419923631789118E+02
    0.461534784786886941E-02    0.124819392737362680E+02    0.309418026198127230E+02
    0.476820347048021332E-02    0.123967745445429198E+02    0.308854264398410763E+02
    0.489287635710624908E-02    0.123251530653137280E+02    0.308861587151018142E+02
    0.493109949679827048E-02    0.122895897808999841E+02    0.308865297944135300E+02
    0.490783390484654265E-02    0.122790483814883693E+02    0.309397419140121244E+02
    0.490061401388004921E-02    0.122619927381614371E+02    0.308868213493189394E+02
    0.491423826444159842E-02    0.122364402310320095E+02    0.308870942083209243E+02
    0.492665555359174823E-02    0.122113930083021067E+02    0.309390182280558648E+02
    0.491940591545514307E-02    0.121943382019592850E+02    0.308875501218344866E+02
    0.488391215107247811E-02    0.121888206126021981E+02    0.308876104727870882E+02
    0.489948249736388373E-02    0.121624545770912391E+02    0.308879008506621489E+02
    0.497098798465306357E-02    0.121134765305615719E+02    0.309379333916736243E+02
    0.492789474387380667E-02    0.121108900161812336E+02    0.309379040895735713E+02
    0.491992965435621502E-02    0.120941252855899464E+02    0.309377133163733831E+02
    0.496189386945623985E-02    0.120571387578472411E+02    0.309372870890976870E+02
    0.493311325922763527E-02    0.120487731876219826E+02    0.309371896357955194E+02
    0.493297743031924016E-02    0.120288282566103817E+02    0.308894270189022926E+02
    0.493662650020803596E-02    0.120073493441511872E+02    0.309367011237989544E+02
    0.495199662629134015E-02    0.119811320424037469E+02    0.309363866269650991E+02
    0.491004692954842732E-02    0.119781467511766149E+02    0.308900321521596801E+02
    0.486565209955020471E-02    0.119763122593686759E+02    0.309363283447529582E+02
    0.483011528882664864E-02    0.119709730772000071E+02    0.309362636099383970E+02
    0.480892097017653931E-02    0.119597682937494127E+02    0.308902555337024829E+02
    0.477182576166099159E-02    0.119552557687544194E+02    0.309360719826052772E+02
    0.486282898572753045E-02    0.118974730218256859E+02    0.309353532497177710E+02
    0.483325125230641642E-02    0.118896749939382183E+02    0.308911282367771491E+02
    0.486357567202139011E-02    0.118571659458519463E+02    0.308915449337106196E+02
    0.491047253247089890E-02    0.118179733986673643E+02    0.308920582198035234E+02
    0.488114994090530635E-02    0.118099520791366093E+02    0.309342178816169415E+02
    0.486562245797754912E-02    0.117963244434140329E+02    0.308923471643232617E+02
    0.486116053161142567E-02    0.117781593467665004E+02    0.309337899599654200E+02
    0.489039904604393443E-02    0.117461659412732509E+02    0.309333501694948474E+02
    0.484430691807683205E-02    0.117451053823129392E+02    0.308930472710767603E+02
    0.480541640253638082E-02    0.117412263527542322E+02    0.308931012868415280E+02
    0.479358782485452776E-02    0.117261554405591113E+02    0.309330701541752049E+02
    0.475512412812686882E-02    0.117222681497734484E+02    0.309330152988826512E+02
    0.474316729611865516E-02    0.117073035136257744E+02    0.309328026940069165E+02
    0.470285372559409425E-02    0.117043747503682578E+02    0.309327608143606909E+02
    0.467063021246292166E-02    0.116981257271807682E+02    0.308937115415209362E+02
    0.469371060040976989E-02    0.116682668657213320E+02    0.308941457701015025E+02
    0.467613835171662093E-02    0.116557684890172197E+02    0.309320521992361073E+02
    0.463114126757844559E-02    0.116551070870020350E+02    0.309320423731730756E+02
    0.460879989046224584E-02    0.116447787592659004E+02    0.309318882613043371E+02
    0.461428464333063244E-02    0.116224000524483042E+02    0.309315499045610309E+02
    0.457182836102739635E-02    0.116208873428132300E+02    0.309315268077246408E+02
    0.453255694462877546E-02    0.116181412962185888E+02    0.309314848051415403E+02
    0.455666326478102336E-02    0.115875325196154559E+02    0.309310099225787738E+02
    0.451615240026860629E-02    0.115853929656918808E+02    0.309309762541419566E+02
    0.451274041010062653E-02    0.115669045531709020E+02    0.308957000799434596E+02
    0.447416351608248726E-02    0.115640749296559093E+02    0.309306372407332617E+02
    0.444282735997814614E-02    0.115581318174727699E+02    0.308958411486706268E+02
    0.449907368253983555E-02    0.115129706960795577E+02    0.308965863096101572E+02
    0.446057008021864473E-02    0.115101605935229188E+02    0.309297489127164980E+02
    0.441643008821989910E-02    0.115100503558075360E+02    0.308966356498695909E+02
    0.441407703302489768E-02    0.114911162312859947E+02    0.308969591871340334E+02
    0.437704692589879502E-02    0.114879651922638413E+02    0.309293690388287388E+02
    0.433408366376513993E-02    0.114876933366423586E+02    0.309293643307126018E+02
    0.434481014027261660E-02    0.114627496273580700E+02    0.308974563462335965E+02
    0.430592863530923804E-02    0.114607280996224503E+02    0.309288903204849142E+02
    0.428619510996754507E-02    0.114499149133247702E+02    0.308976865273960080E+02
    0.428684551716104062E-02    0.114296114470410881E+02    0.309283248941318369E+02
    0.431574556975545306E-02    0.113961735602347378E+02    0.309276927340571319E+02
    0.429825027218942810E-02    0.113842976977168782E+02    0.309274614772073484E+02
    0.426461224749380158E-02    0.113800112269971763E+02    0.308990056158932731E+02
    0.422688433988159442E-02    0.113777834326300304E+02    0.308990496775155066E+02
    0.419780081294810706E-02    0.113715922062240420E+02    0.309272098417469579E+02
    0.415971136614603099E-02    0.113698223731476382E+02    0.309271744304356986E+02
    0.413806696476488184E-02    0.113602562264553804E+02    0.308994012430472047E+02
    0.410622639495427776E-02    0.113557048412656130E+02    0.308994940117350225E+02
    0.406747123496158276E-02    0.113546707742735826E+02    0.309268675210585045E+02
    0.404497182225727319E-02    0.113457645817662502E+02    0.308996988367927656E+02
    0.401156964165629189E-02    0.113423485574767895E+02    0.308997699477074512E+02
    0.398856143225622024E-02    0.113338525054113362E+02    0.308999484646248561E+02
    0.396320551329002336E-02    0.113266074088581803E+02    0.309001026200723672E+02
    0.392913802993464720E-02    0.113238736085653500E+02    0.309001612616252324E+02
    0.390434677607165437E-02    0.113165327697156108E+02    0.309260626488262638E+02
    0.390561868243461969E-02    0.112958813423150790E+02    0.309256050560646543E+02
    0.386975238372740333E-02    0.112943327076804305E+02    0.309008126376512138E+02
    0.384077649270102295E-02    0.112893646350067858E+02    0.309254571164598566E+02
    0.380362874873931348E-02    0.112888026607001812E+02    0.309254442750921612E+02
    0.377638701954729518E-02    0.112831782753747056E+02    0.309253150060942872E+02
    0.374926726187422643E-02    0.112775929024911257E+02    0.309011974423675611E+02
    0.373985195679382406E-02    0.112626216968077699E+02    0.309015523636777161E+02
    0.371675296210933950E-02    0.112550128956573499E+02    0.309246457382801978E+02
    0.368820302955502307E-02    0.112504350394500783E+02    0.309018494689723013E+02
    0.365206017440410395E-02    0.112501308711907360E+02    0.309018569840750317E+02
    0.362885899006669919E-02    0.112428772084836037E+02    0.309243449965688058E+02
    0.359486161319642504E-02    0.112417027582256299E+02    0.309243154603243156E+02
    0.356724368261949164E-02    0.112371273108269243E+02    0.309241996366810383E+02
    0.353245266392663041E-02    0.112367288799548923E+02    0.309241894930019789E+02
    0.352360379700847066E-02    0.112217452069109385E+02    0.309025817126952944E+02
    0.348968419188465341E-02    0.112210912652266188E+02    0.309237837042833092E+02
    0.345552372069351556E-02    0.112207656923128152E+02    0.309026076069186928E+02
    0.343529534863776286E-02    0.112125079423753338E+02    0.309235542187758305E+02
    0.340293147452971033E-02    0.112114392335364350E+02    0.309235252887952150E+02
    0.338159545535526547E-02    0.112040184979312603E+02    0.309030605662976967E+02
    0.335104961713744015E-02    0.112021665199808922E+02    0.309031119064115209E+02
    0.332888371436725668E-02    0.111954396968387488E+02    0.309230820698576565E+02
    0.330687637978115297E-02    0.111887056467589812E+02    0.309034932290936197E+02
    0.328422866380338307E-02    0.111824501129515372E+02    0.309227070608737122E+02
    0.325295291218138851E-02    0.111815874062266172E+02    0.309037010676119515E+02
    0.322137676202583628E-02    0.111810960825585610E+02    0.309037155814739819E+02
    0.318994220320698713E-02    0.111807081535724286E+02    0.309226556406598583E+02
    0.315902796789712878E-02    0.111801850002381684E+02    0.309226401432633082E+02
    0.312802649334098211E-02    0.111799091658330827E+02    0.309037507354430581E+02
    0.309798618132287387E-02    0.111792091876654140E+02    0.309037715288182362E+02
    0.308077940545160509E-02    0.111703485132221090E+02    0.309040388246709696E+02
    0.327239307034912731E-02    0.110496373312814278E+02    0.309172086430346660E+02
    0.331867398528585232E-02    0.110215498151339268E+02    0.309138255804323379E+02
    0.323030178724398927E-02    0.110755292864750068E+02    0.309076555592010003E+02
    0.309977582099502927E-02    0.111580208312453255E+02    0.309219584433573083E+02
    0.313682995771645892E-02    0.111342549726669695E+02    0.309211629740614384E+02
    0.313134626923641064E-02    0.111377543572920885E+02    0.309212850121229224E+02
    0.331902535395158047E-02    0.110213380738976312E+02    0.309137239076643269E+02
    0.323956395791604509E-02    0.110698029376669709E+02    0.309079533431226920E+02
    0.328955937593605708E-02    0.110391731623392406E+02    0.309163969631772417E+02
    0.329931517807799867E-02    0.110332505670970633E+02    0.309105535936867426E+02
    0.313269025670286040E-02    0.111368961327389577E+02    0.309051274442003887E+02
    0.324974370899996619E-02    0.110635281484558146E+02    0.309180822758652774E+02
    0.326511579539542256E-02    0.110540899618530801E+02    0.309175079792345073E+02
    0.308404832829277907E-02    0.111681941649196883E+02    0.309222776952705800E+02
    0.328548033554461197E-02    0.110416546931550226E+02    0.309166069415865294E+02
    0.331955037753395472E-02    0.110210217267745705E+02    0.309135175102748292E+02
    0.325399136451686409E-02    0.110609157074059681E+02    0.309084524127775246E+02
    0.331835614441421253E-02    0.110217413712158887E+02    0.309139051916303629E+02
    0.321670734503802470E-02    0.110839638719243201E+02    0.309191386635524168E+02
    0.330900193244544833E-02    0.110273871915093586E+02    0.309112749151657518E+02
    0.331360946448662529E-02    0.110246042815613485E+02    0.309117375415442446E+02
    0.324143350836804183E-02    0.110686490717606372E+02    0.309080154204031778E+02
    0.331957760874673075E-02    0.110210053202749023E+02    0.309135031008668051E+02
    0.312835634657053540E-02    0.111396649419168003E+02    0.309213508718483183E+02
    0.329764034109157871E-02    0.110342660882825800E+02    0.309104478635557030E+02
    0.316345425979447023E-02    0.111173513158493691E+02    0.309058376888890933E+02
    0.325046316164729655E-02    0.110630854224536499E+02    0.309083258450939660E+02
    0.331761937300808964E-02    0.110221854785862199E+02    0.309123204935065345E+02
    0.329883117873136468E-02    0.110335439824421186E+02    0.309158600827432295E+02
    0.316716184479591632E-02    0.111150086778728525E+02    0.309204552194791091E+02
    0.331056555174349260E-02    0.110264423446861439E+02    0.309149642995006353E+02
    0.331807413311845231E-02    0.110219113489202520E+02    0.309139690401526188E+02
    0.331542778723480482E-02    0.110235070949113236E+02    0.309144156206787670E+02
    0.330660581825608681E-02    0.110288359559370175E+02    0.309153089905556300E+02
    0.325208488067878698E-02    0.110620878325522423E+02    0.309179990729461025E+02
    0.312299508141022182E-02    0.111430954106955937E+02    0.309049148890967835E+02
    0.326732738125455526E-02    0.110527357451327308E+02    0.309174191828112797E+02
    0.325018196674478274E-02    0.110632584482977876E+02    0.309180668041086193E+02
    0.326279255015039966E-02    0.110555135390359265E+02    0.309087833018396587E+02
    0.331719378016586243E-02    0.110224420602460125E+02    0.309122415371139176E+02
    0.331959067878710105E-02    0.110209974457702682E+02    0.309128867545224253E+02
    0.313019981593233186E-02    0.111384867344406722E+02    0.309050723763819590E+02
    0.330422643453384115E-02    0.110302756438516418E+02    0.309108911288703752E+02
    0.327505536445609965E-02    0.110480108691380696E+02    0.309092891177099816E+02
    0.311920416735870631E-02    0.111455246279419420E+02    0.309215496251316182E+02
    0.329176355589038501E-02    0.110378335046080736E+02    0.309101050235231476E+02
    0.325848872653675256E-02    0.110581534032318647E+02    0.309086186147160014E+02
    0.331980050380349234E-02    0.110208710335672837E+02    0.309130431815678683E+02
    0.311030776130784845E-02    0.111512370575516897E+02    0.309217389360464239E+02
    0.320602031636317347E-02    0.110906196350837263E+02    0.309069383867184513E+02
    0.321161067890165684E-02    0.110871352565293240E+02    0.309070964849447734E+02
    0.328721920207637871E-02    0.110405964573038986E+02    0.309165190181666780E+02
    0.311055305693871097E-02    0.111510793329935272E+02    0.309046489320608977E+02
    0.318882065059849888E-02    0.111013781245148309E+02    0.309064736764774715E+02
    0.330052086403606485E-02    0.110325198301734293E+02    0.309157503224173098E+02
    0.331702232479480800E-02    0.110225454366620799E+02    0.309122115221548839E+02
    0.331981998896043904E-02    0.110208592948500090E+02    0.309130673457685248E+02
    0.326397241351003868E-02    0.110547904467357974E+02    0.309088294964488028E+02
    0.320162170318523832E-02    0.110933654900209628E+02    0.309195661377417004E+02
    0.331931917664848690E-02    0.110211610281322372E+02    0.309127618992823443E+02
    0.314550134967753409E-02    0.111287338391618125E+02    0.309209665350352729E+02
    0.328798044232696566E-02    0.110401333594238924E+02    0.309164798023400991E+02
    0.327677930315435888E-02    0.110469583769275683E+02    0.309093654195364387E+02
    0.315668165352660148E-02    0.111216376849737735E+02    0.309207065205505174E+02
    0.320516296132931358E-02    0.110911545472843773E+02    0.309194682289204081E+02
    0.330854711166077373E-02    0.110276621094781468E+02    0.309112351421840259E+02
    0.320636380054402544E-02    0.110904053720733238E+02    0.309194347043635744E+02
    0.319162851984973461E-02    0.110996178287378537E+02    0.309065474875478969E+02
    0.331940381706116901E-02    0.110211100301238751E+02    0.309127965645928278E+02
    0.323659624881000385E-02    0.110716359431634679E+02    0.309185264839537766E+02
    0.319011076287137492E-02    0.111005691411871581E+02    0.309198752006239488E+02
    0.331984483715807611E-02    0.110208443253006187E+02    0.309131077434458703E+02
    0.310436793355351728E-02    0.111550601562005429E+02    0.309218633260538169E+02
    0.331116592808192861E-02    0.110260796743834195E+02    0.309114766581558200E+02
    0.331709085332142391E-02    0.110225041177850756E+02    0.309141592901362294E+02
    0.322919000155113753E-02    0.110762177528374899E+02    0.309076208291732684E+02
    0.325104959882222509E-02    0.110627246220072770E+02    0.309180360346726957E+02
    0.331704422637430288E-02    0.110225322311391452E+02    0.309141673925022573E+02
    0.324456432336301618E-02    0.110667182569072438E+02    0.309182617006753730E+02
    0.331682379857949029E-02    0.110226651417090054E+02    0.309121778762533168E+02
    0.314643420217366110E-02    0.111281407927167102E+02    0.309054375586406636E+02
    0.328918974580103083E-02    0.110393979042338355E+02    0.309099661543247812E+02
    0.309211879481872259E-02    0.111629673172916952E+02    0.309042676004359862E+02
    0.318936659521240487E-02    0.111010357422082659E+02    0.309064879692645071E+02
    0.308516830958180735E-02    0.111674679908414696E+02    0.309222552797087502E+02
    0.314869708203659388E-02    0.111267029323397093E+02    0.309208930160542224E+02
    0.328634912096410596E-02    0.110411258995030845E+02    0.309165632934061883E+02
    0.318055567556669617E-02    0.111065685728397057E+02    0.309201220873175124E+02
    0.330924581459654792E-02    0.110272397916775446E+02    0.309112965836015050E+02
    0.312465527960319785E-02    0.111420324842281246E+02    0.309049509442865329E+02
    0.331874179588897760E-02    0.110215089494685170E+02    0.309138072661932739E+02
    0.331966374582543401E-02    0.110209534245391687E+02    0.309129303618533413E+02
    0.313524140874288718E-02    0.111352680663738024E+02    0.309211984961386364E+02
    0.327899873445507443E-02    0.110456041935657883E+02    0.309094658910426539E+02
    0.320131449024203818E-02    0.110935574100614893E+02    0.309195745658416286E+02
    0.323525401622488289E-02    0.110724655251527899E+02    0.309078128310214559E+02
    0.327367840940569503E-02    0.110488519203203310E+02    0.309171534967098083E+02
    0.312380075524227837E-02    0.111425795149579425E+02    0.309214503284344104E+02
    0.322767034700334899E-02    0.110771591729666632E+02    0.309075736862925154E+02
    0.330394512195083829E-02    0.110304459254980998E+02    0.309108704838142749E+02
