    0.200652551651000977E+02   -0.144392209970690863E+06   -0.460515351937698814E+01    1
    0.200906157493591309E+02   -0.143713516141058470E+06   -0.461515351937698259E+01    1
    0.203710556030273438E+02   -0.136315048671995872E+06   -0.462515351937698149E+01    1
    0.207608234882354736E+02   -0.126357024463395064E+06   -0.463515351937698661E+01    1
    0.208584940433502197E+02   -0.123920854620108104E+06   -0.464515351937698728E+01    1
    0.209157311916351318E+02   -0.122504224983124601E+06   -0.465515351937698174E+01    1
    0.209535884857177734E+02   -0.121571724942972141E+06   -0.466515351937698153E+01    1
    0.211872982978820801E+02   -0.115893879203277422E+06   -0.467515351937698398E+01    1
    0.213730084896087646E+02   -0.111478973008552130E+06   -0.468515351937698377E+01    1
    0.399249970912933350E+02   -0.102526977661108394E+06   -0.469515351937698444E+01    1
    0.217751324176788330E+02   -0.102213060302635684E+06   -0.470515351937698423E+01    1
    0.398642945289611816E+02   -0.101161064456565335E+06   -0.471515351937698135E+01    1
    0.395082879066467285E+02   -0.933346938321662456E+05   -0.472515351937698025E+01    1
    0.222012245655059814E+02   -0.928335042191491812E+05   -0.473515351937698448E+01    1
    0.393788623809814453E+02   -0.905675247904123971E+05   -0.474515351937698782E+01    1
    0.393676185607910156E+02   -0.903290934285039548E+05   -0.475515351937698494E+01    1
    0.223894214630126953E+02   -0.888344278938481002E+05   -0.476515351937698117E+01    1
    0.389103591442108154E+02   -0.808989374377211643E+05   -0.477515351937698451E+01    1
    0.228170871734619141E+02   -0.800741562477609405E+05   -0.478515351937698341E+01    1
    0.388336849212646484E+02   -0.793685552394783008E+05   -0.479515351937697876E+01    1
    0.229010355472564697E+02   -0.784079490943385608E+05   -0.480515351937698032E+01    1
    0.229553210735321045E+02   -0.773398175149168819E+05   -0.481515351937698277E+01    1
    0.230401492118835449E+02   -0.756853922037878656E+05   -0.482515351937698345E+01    1
    0.386456871032714844E+02   -0.756780531672691868E+05   -0.483515351937698323E+01    1
    0.230667972564697266E+02   -0.751693608588292263E+05   -0.484515351937698480E+01    1
    0.386050558090209961E+02   -0.748919848348528467E+05   -0.485515351937698814E+01    1
    0.384325253963470459E+02   -0.715998593195756839E+05   -0.486515351937698437E+01    1
    0.383632302284240723E+02   -0.702984380384792166E+05   -0.487515351937698149E+01    1
    0.383422398567199707E+02   -0.699065768831381574E+05   -0.488515351937698572E+01    1
    0.233807504177093506E+02   -0.692226678191121755E+05   -0.489515351937698817E+01    1
    0.234673237800598145E+02   -0.676259526707603072E+05   -0.490515351937698973E+01    1
    0.236429333686828613E+02   -0.644443275881729787E+05   -0.491515351937698775E+01    1
    0.380285894870758057E+02   -0.641816223595862248E+05   -0.492515351937698220E+01    1
    0.379502022266387939E+02   -0.627890437792257289E+05   -0.493515351937698199E+01    1
    0.238186860084533691E+02   -0.613368682244629963E+05   -0.494515351937698799E+01    1
    0.377361011505126953E+02   -0.590632971255597804E+05   -0.495515351937699045E+01    1
    0.239824271202087402E+02   -0.585108791586703737E+05   -0.496515351937698846E+01    1
    0.374251735210418701E+02   -0.538555042169070803E+05   -0.497515351937698824E+01    1
    0.374230289459228516E+02   -0.538204188171382484E+05   -0.498515351937698359E+01    1
    0.242845821380615234E+02   -0.534709980209514979E+05   -0.499515351937698426E+01    1
    0.373803114891052246E+02   -0.531239402537128190E+05   -0.500515351937698583E+01    1
    0.373593020439147949E+02   -0.527830599760609402E+05   -0.501515351937698384E+01    1
    0.243956506252288818E+02   -0.516754472725438318E+05   -0.502515351937698451E+01    1
    0.371432220935821533E+02   -0.493408200367058889E+05   -0.503515351937698608E+01    1
    0.371177363395690918E+02   -0.489424741714920237E+05   -0.504515351937698409E+01    1
    0.371122300624847412E+02   -0.488566224131946947E+05   -0.505515351937698298E+01    1
    0.370464026927947998E+02   -0.478361040007179690E+05   -0.506515351937698455E+01    1
    0.368682956695556641E+02   -0.451289227324873646E+05   -0.507515351937697989E+01    1
    0.368263185024261475E+02   -0.445023637843409888E+05   -0.508515351937698501E+01    1
    0.249736785888671875E+02   -0.428260552611192543E+05   -0.509515351937699013E+01    1
    0.251265668869018555E+02   -0.406242936374490600E+05   -0.510515351937699080E+01    1
    0.364741635322570801E+02   -0.394185536317702499E+05   -0.511515351937698348E+01    1
    0.364562726020812988E+02   -0.391685041297251373E+05   -0.512515351937698238E+01    1
    0.253050076961517334E+02   -0.381280355918846471E+05   -0.513515351937698394E+01    1
    0.362353873252868652E+02   -0.361468964954962212E+05   -0.514515351937697751E+01    1
    0.255354034900665283E+02   -0.350220462595741119E+05   -0.515515351937698085E+01    1
    0.255532336235046387E+02   -0.347871777027627031E+05   -0.516515351937698330E+01    1
    0.361146545410156250E+02   -0.345465943130439555E+05   -0.517515351937698220E+01    1
    0.256537282466888428E+02   -0.334781862050559357E+05   -0.518515351937698643E+01    1
    0.257514846324920654E+02   -0.322289508877102271E+05   -0.519515351937698533E+01    1
    0.257930827140808105E+02   -0.317045716492674401E+05   -0.520515351937697623E+01    1
    0.258487093448638916E+02   -0.310100729839026571E+05   -0.521515351937698224E+01    1
    0.358283591270446777E+02   -0.308966190718219877E+05   -0.522515351937697670E+01    1
    0.258791685104370117E+02   -0.306330494194529892E+05   -0.523515351937698092E+01    1
    0.357654380798339844E+02   -0.301217517900008970E+05   -0.524515351937698071E+01    1
    0.355498099327087402E+02   -0.275409668006539177E+05   -0.525515351937698583E+01    1
    0.262035298347473145E+02   -0.267611592807448724E+05   -0.526515351937698739E+01    1
    0.262133765220642090E+02   -0.266477101540654949E+05   -0.527515351937698007E+01    1
    0.262360394001007080E+02   -0.263875143881779331E+05   -0.528515351937697542E+01    1
    0.353909075260162354E+02   -0.257130886227568117E+05   -0.529515351937697609E+01    1
    0.353717386722564697E+02   -0.254968292383920052E+05   -0.530515351937697677E+01    1
    0.352137565612792969E+02   -0.237492917788648410E+05   -0.531515351937698188E+01    1
    0.264725470542907715E+02   -0.237483253477215658E+05   -0.532515351937698078E+01    1
    0.265121912956237793E+02   -0.233195431596818817E+05   -0.533515351937697613E+01    1
    0.266327059268951416E+02   -0.220400784201683746E+05   -0.534515351937697680E+01    1
    0.267012715339660645E+02   -0.213282540904027082E+05   -0.535515351937698103E+01    1
    0.349795043468475342E+02   -0.212722907849886033E+05   -0.536515351937698171E+01    1
    0.349693083763122559E+02   -0.211675757889630549E+05   -0.537515351937698238E+01    1
    0.267450618743896484E+02   -0.208797535640230562E+05   -0.538515351937698128E+01    1
    0.349387788772583008E+02   -0.208555761418579532E+05   -0.539515351937698018E+01    1
    0.349103319644927979E+02   -0.205669450608308434E+05   -0.540515351937698263E+01    1
    0.348974442481994629E+02   -0.204368444938702305E+05   -0.541515351937698153E+01    1
    0.348563754558563232E+02   -0.200250123477253146E+05   -0.542515351937697865E+01    1
    0.268307507038116455E+02   -0.200159195947412518E+05   -0.543515351937697933E+01    1
    0.268793964385986328E+02   -0.195336417936205507E+05   -0.544515351937698178E+01    1
    0.270451891422271729E+02   -0.179341501299875599E+05   -0.545515351937698245E+01    1
    0.270637643337249756E+02   -0.177592020260854151E+05   -0.546515351937698401E+01    1
    0.345178937911987305E+02   -0.167904517756163841E+05   -0.547515351937698025E+01    1
    0.271806252002716064E+02   -0.166782354998595256E+05   -0.548515351937698004E+01    1
    0.343809628486633301E+02   -0.155628439317723987E+05   -0.549515351937697805E+01    1
    0.273085486888885498E+02   -0.155338616099496612E+05   -0.550515351937697694E+01    1
    0.273285627365112305E+02   -0.153585008242918611E+05   -0.551515351937698295E+01    1
    0.343193995952606201E+02   -0.150261086346665470E+05   -0.552515351937698185E+01    1
    0.274143517017364502E+02   -0.146181099513100198E+05   -0.553515351937698163E+01    1
    0.342204642295837402E+02   -0.141832842066314079E+05   -0.554515351937698142E+01    1
    0.341418492794036865E+02   -0.135309178079988978E+05   -0.555515351937698032E+01    1
    0.275486850738525391E+02   -0.134955172822540044E+05   -0.556515351937698544E+01    1
    0.341297459602355957E+02   -0.134318462377739997E+05   -0.557515351937698611E+01    1
    0.340648543834686279E+02   -0.129068873535990479E+05   -0.558515351937698146E+01    1
    0.276227068901062012E+02   -0.128961044713909941E+05   -0.559515351937697680E+01    1
    0.276232111454010010E+02   -0.128920678313823300E+05   -0.560515351937697748E+01    1
    0.276273000240325928E+02   -0.128593590827340104E+05   -0.561515351937697904E+01    1
    0.339953160285949707E+02   -0.123559564449296649E+05   -0.562515351937698060E+01    1
    0.277082872390747070E+02   -0.122200707471903315E+05   -0.563515351937698039E+01    1
    0.277099335193634033E+02   -0.122072446057012567E+05   -0.564515351937698284E+01    1
    0.339724481105804443E+02   -0.121774075801132385E+05   -0.565515351937698085E+01    1
    0.277216422557830811E+02   -0.121162164061442345E+05   -0.566515351937697975E+01    1
    0.339513731002807617E+02   -0.120140085574058503E+05   -0.567515351937697954E+01    1
    0.339219641685485840E+02   -0.117878402991730327E+05   -0.568515351937697666E+01    1
    0.339011406898498535E+02   -0.116289983097665900E+05   -0.569515351937697734E+01    1
    0.338650596141815186E+02   -0.113563230647104701E+05   -0.570515351937697890E+01    1
    0.338385105133056641E+02   -0.111577505356610054E+05   -0.571515351937697780E+01    1
    0.278522753715515137E+02   -0.111237371932993883E+05   -0.572515351937697403E+01    1
    0.338296616077423096E+02   -0.110919549794822397E+05   -0.573515351937697382E+01    1
    0.338085985183715820E+02   -0.109361246487977442E+05   -0.574515351937697805E+01    1
    0.337536025047302246E+02   -0.105344488444548533E+05   -0.575515351937698227E+01    1
    0.279444777965545654E+02   -0.104487716343117518E+05   -0.576515351937698384E+01    1
    0.337293219566345215E+02   -0.103595029614105006E+05   -0.577515351937697918E+01    1
    0.337202501296997070E+02   -0.102945148386231085E+05   -0.578515351937698075E+01    1
    0.337069821357727051E+02   -0.101998349312196897E+05   -0.579515351937698409E+01    1
    0.280367052555084229E+02   -0.979476526034825838E+04   -0.580515351937698565E+01    1
    0.280373108240003646E+02   -0.979054090947844452E+04   -0.581515351937698366E+01    1
    0.336271321773529053E+02   -0.963927074462578275E+04   -0.582515351937698256E+01    1
    0.336011481285095215E+02   -0.946027522049231447E+04   -0.583515351937698412E+01    1
    0.335313248634338379E+02   -0.898760083036303513E+04   -0.584515351937698391E+01    1
    0.335174238681793213E+02   -0.889494353025718738E+04   -0.585515351937697837E+01    1
    0.334966766834259033E+02   -0.875754636550506439E+04   -0.586515351937697371E+01    1
    0.334930884838104248E+02   -0.873389223513145771E+04   -0.587515351937697705E+01    1
    0.281990873813629150E+02   -0.869466558510860523E+04   -0.588515351937697684E+01    1
    0.282354462146759033E+02   -0.845732502362272862E+04   -0.589515351937697751E+01    1
    0.334399652481079102E+02   -0.838743794348678603E+04   -0.590515351937697286E+01    1
    0.334345579147338867E+02   -0.835256628368625206E+04   -0.591515351937697531E+01    1
    0.334226334095001221E+02   -0.827592255442012720E+04   -0.592515351937697687E+01    1
    0.282774150371551514E+02   -0.818745004880418128E+04   -0.593515351937697400E+01    1
    0.282805180549621582E+02   -0.816767034367719498E+04   -0.594515351937698000E+01    1
    0.283876740932464600E+02   -0.749930651673287321E+04   -0.595515351937698156E+01    1
    0.332296979427337646E+02   -0.708497490383313288E+04   -0.596515351937697336E+01    1
    0.285035526752471924E+02   -0.680866231512612103E+04   -0.597515351937696959E+01    1
    0.285335087776184082E+02   -0.663555203976528355E+04   -0.598515351937697559E+01    1
    0.331296491622924805E+02   -0.650383115495232505E+04   -0.599515351937697627E+01    1
    0.330917584896087646E+02   -0.629023581666447171E+04   -0.600515351937697517E+01    1
    0.286147487163543701E+02   -0.617731133676317859E+04   -0.601515351937697851E+01    1
    0.286335794660162009E+02   -0.607343718709034783E+04   -0.602515351937697829E+01    1
    0.286540889739990234E+02   -0.596130557010488701E+04   -0.603515351937697453E+01    1
    0.330065928983430936E+02   -0.582317136985330035E+04   -0.604515351937697520E+01    1
    0.329784202575683594E+02   -0.567263607848384709E+04   -0.605515351937697410E+01    1
    0.329702010253640410E+02   -0.562908992393800509E+04   -0.606515351937697478E+01    1
    0.287300037877514818E+02   -0.555535521491968302E+04   -0.607515351937697723E+01    1
    0.287371599674224854E+02   -0.551782684641672313E+04   -0.608515351937697790E+01    1
    0.329192924499511719E+02   -0.536311369468148405E+04   -0.609515351937697769E+01    1
    0.287763500213623047E+02   -0.531456437937582723E+04   -0.610515351937697481E+01    1
    0.287817013263702393E+02   -0.528710566129702511E+04   -0.611515351937697282E+01    1
    0.328627574443817139E+02   -0.507529195191506733E+04   -0.612515351937697528E+01    1
    0.288399337714403288E+02   -0.499290453030529261E+04   -0.613515351937697417E+01    1
    0.328410768508911133E+02   -0.496702306649126876E+04   -0.614515351937697485E+01    1
    0.288611567020416260E+02   -0.488777834711997093E+04   -0.615515351937697819E+01    1
    0.327917206287384033E+02   -0.472490521422182246E+04   -0.616515351937697620E+01    1
    0.289238984345986267E+02   -0.458354003715523959E+04   -0.617515351937697776E+01    1
    0.327570188045501709E+02   -0.455830050821589975E+04   -0.618515351937698288E+01    1
    0.289299788920495971E+02   -0.455457569514793067E+04   -0.619515351937698000E+01    1
    0.289485270562846253E+02   -0.446678907401501510E+04   -0.620515351937697535E+01    1
    0.327328397450009305E+02   -0.444398558306174891E+04   -0.621515351937697247E+01    1
    0.290051913261413574E+02   -0.420390010477652413E+04   -0.622515351937697314E+01    1
    0.290138256549835205E+02   -0.416454268768496695E+04   -0.623515351937697559E+01    1
    0.290444526536959415E+02   -0.402643184258496876E+04   -0.624515351937698071E+01    1
    0.326414442062377930E+02   -0.402501092933655400E+04   -0.625515351937697694E+01    1
    0.290464174747467041E+02   -0.401765118180311492E+04   -0.626515351937697407E+01    1
    0.326352953910827637E+02   -0.399756909954156163E+04   -0.627515351937697385E+01    1
    0.290654303146961048E+02   -0.393317976047560796E+04   -0.628515351937697986E+01    1
    0.290744757652282715E+02   -0.389330754120355778E+04   -0.629515351937697432E+01    1
    0.290914463996887207E+02   -0.381905000902093570E+04   -0.630515351937697766E+01    1
    0.290928471088409424E+02   -0.381295298349834320E+04   -0.631515351937697567E+01    1
    0.325642716884613037E+02   -0.368740701548338302E+04   -0.632515351937697190E+01    1
    0.325400841236114502E+02   -0.358464187480885585E+04   -0.633515351937697790E+01    1
    0.291466147897351995E+02   -0.358259932166826638E+04   -0.634515351937697858E+01    1
    0.324897142874641105E+02   -0.337530466780673851E+04   -0.635515351937697659E+01    1
    0.324603822771506856E+02   -0.325630658982443128E+04   -0.636515351937697371E+01    1
    0.292347532169070554E+02   -0.322053953396762472E+04   -0.637515351937697350E+01    1
    0.292370343208312988E+02   -0.321142546440720616E+04   -0.638515351937697861E+01    1
    0.324109510556279048E+02   -0.306060667252250141E+04   -0.639515351937698195E+01    1
    0.324083411693572998E+02   -0.305044286549543540E+04   -0.640515351937697730E+01    1
    0.323589420318603516E+02   -0.286125886395659654E+04   -0.641515351937697620E+01    1
    0.323529599785370721E+02   -0.283876116968033148E+04   -0.642515351937697776E+01    1
    0.323509001731872559E+02   -0.283103510959656569E+04   -0.643515351937697222E+01    1
    0.293553373853861288E+02   -0.275648146304900638E+04   -0.644515351937697556E+01    1
    0.293851131906379450E+02   -0.264745669746933754E+04   -0.645515351937697535E+01    1
    0.293887515637533276E+02   -0.263428582727078538E+04   -0.646515351937697513E+01    1
    0.322921133041381836E+02   -0.261497938013389012E+04   -0.647515351937697048E+01    1
    0.294031623915377338E+02   -0.258244209465700169E+04   -0.648515351937697559E+01    1
    0.294128477573394775E+02   -0.254788855410906126E+04   -0.649515351937697538E+01    1
    0.322513933766870906E+02   -0.247036039646202289E+04   -0.650515351937697694E+01    1
    0.322512710094451904E+02   -0.246993201481528376E+04   -0.651515351937697318E+01    1
    0.322461805258345322E+02   -0.245214429968702052E+04   -0.652515351937697652E+01    1
    0.322428011894226074E+02   -0.244037143606947029E+04   -0.653515351937697631E+01    1
    0.295052254099187081E+02   -0.223004098750635012E+04   -0.654515351937697609E+01    1
    0.321744721579782862E+02   -0.220841844425888667E+04   -0.655515351937696966E+01    1
    0.295194851788313244E+02   -0.218286692197137654E+04   -0.656515351937697567E+01    1
    0.295284321375235379E+02   -0.215352673642101126E+04   -0.657515351937698256E+01    1
    0.321385029663094315E+02   -0.209097877209986609E+04   -0.658515351937698501E+01    1
    0.295544713473310416E+02   -0.206926749067630908E+04   -0.659515351937696881E+01    1
    0.295663533015039768E+02   -0.203137920493061551E+04   -0.660515351937696948E+01    1
    0.295749293876268489E+02   -0.200425050418526484E+04   -0.661515351937697371E+01    1
    0.295853862127898459E+02   -0.197141985113243891E+04   -0.662515351937697705E+01    1
    0.321007227897644043E+02   -0.197108948812038261E+04   -0.663515351937697861E+01    1
    0.320867077935286176E+02   -0.192751745236889224E+04   -0.664515351937698107E+01    1
    0.296240627765655518E+02   -0.185235146001878047E+04   -0.665515351937697286E+01    1
    0.296264922734239526E+02   -0.184499622388573721E+04   -0.666515351937697353E+01    1
    0.320542266903092781E+02   -0.182841226601204357E+04   -0.667515351937697510E+01    1
    0.319898902915983783E+02   -0.163985371235144794E+04   -0.668515351937697488E+01    1
    0.297053164074132781E+02   -0.161431925091719540E+04   -0.669515351937697734E+01    1
    0.319785213676070121E+02   -0.160760323301988979E+04   -0.670515351937697446E+01    1
    0.297105113174039843E+02   -0.159965899370534203E+04   -0.671515351937697247E+01    1
    0.319696146104265395E+02   -0.158256170722451702E+04   -0.672515351937697314E+01    1
    0.319538533687591553E+02   -0.153873192931202652E+04   -0.673515351937697382E+01    1
    0.297353446483612061E+02   -0.153050516700674712E+04   -0.674515351937697183E+01    1
    0.319441688060760498E+02   -0.151210684298347110E+04   -0.675515351937697428E+01    1
    0.297908687591552734E+02   -0.138143206143309567E+04   -0.676515351937697584E+01    1
    0.297922252886855183E+02   -0.137788591131838962E+04   -0.677515351937697829E+01    1
    0.298189640045166016E+02   -0.130892108608865237E+04   -0.678515351937697098E+01    1
    0.318341033270321638E+02   -0.122589445958923784E+04   -0.679515351937697432E+01    1
    0.318297376105848500E+02   -0.121516288546333385E+04   -0.680515351937697410E+01    1
    0.298575508083705401E+02   -0.121253070641599902E+04   -0.681515351937697567E+01    1
    0.298616778850555420E+02   -0.120244032729536207E+04   -0.682515351937697723E+01    1
    0.318119490146636963E+02   -0.117192574689395451E+04   -0.683515351937697613E+01    1
    0.318052065372467041E+02   -0.115574300300620075E+04   -0.684515351937697059E+01    1
    0.318028688430786133E+02   -0.115015864458805527E+04   -0.685515351937697126E+01    1
    0.317917278159316439E+02   -0.112373125759190089E+04   -0.686515351937697371E+01    1
    0.298968794679926262E+02   -0.111809603352892145E+04   -0.687515351937697083E+01    1
    0.317889254722552934E+02   -0.111713244770022789E+04   -0.688515351937697062E+01    1
    0.317830228052738448E+02   -0.110329702902955160E+04   -0.689515351937697307E+01    1
    0.317799855982276078E+02   -0.109621178804169836E+04   -0.690515351937697019E+01    1
    0.317795634269714355E+02   -0.109522875607337164E+04   -0.691515351937697176E+01    1
    0.299099268727986285E+02   -0.108761645439045242E+04   -0.692515351937697421E+01    1
    0.299269735813140869E+02   -0.104843189884578351E+04   -0.693515351937697400E+01    1
    0.299283890848095560E+02   -0.104521062335933038E+04   -0.694515351937697556E+01    1
    0.317519414424896240E+02   -0.103187341474839877E+04   -0.695515351937697623E+01    1
    0.299346786010856789E+02   -0.103095774395595799E+04   -0.696515351937697869E+01    1
    0.317502360193655520E+02   -0.102802392846866314E+04   -0.697515351937697670E+01    1
    0.299472239411429726E+02   -0.100282203985211265E+04   -0.698515351937697471E+01    1
    0.299504674439093463E+02   -0.995611420777258900E+03   -0.699515351937697627E+01    1
    0.299546039104461670E+02   -0.986453601632917753E+03   -0.700515351937697339E+01    1
    0.317289578914642334E+02   -0.980602748161656450E+03   -0.701515351937697229E+01    1
    0.299610022822160857E+02   -0.972371882052488672E+03   -0.702515351937697385E+01    1
    0.317197990417480469E+02   -0.960537517554690226E+03   -0.703515351937696920E+01    1
    0.299997523720446679E+02   -0.889264175975085323E+03   -0.704515351937696899E+01    1
    0.300119218329429174E+02   -0.863934439704023930E+03   -0.705515351937697233E+01    1
    0.316629519773320460E+02   -0.840660785657009114E+03   -0.706515351937697300E+01    1
    0.316623332490638312E+02   -0.839400232134945895E+03   -0.707515351937697190E+01    1
    0.300377789512786109E+02   -0.811337133834111683E+03   -0.708515351937697524E+01    1
    0.316437169029887215E+02   -0.801917690278507848E+03   -0.709515351937697947E+01    1
    0.316293609142303467E+02   -0.773601405792243895E+03   -0.710515351937697481E+01    1
    0.300571463856916239E+02   -0.773029535312449639E+03   -0.711515351937697194E+01    1
    0.300693636696901727E+02   -0.749344136145673247E+03   -0.712515351937697261E+01    1
    0.316001098508550555E+02   -0.717491008639256961E+03   -0.713515351937696796E+01    1
    0.300929688652766032E+02   -0.704632283777949851E+03   -0.714515351937696508E+01    1
    0.301144214324551029E+02   -0.665199308017566977E+03   -0.715515351937696753E+01    1
    0.315621230942704294E+02   -0.647798253835266678E+03   -0.716515351937696821E+01    1
    0.301250926914839923E+02   -0.646010058548181860E+03   -0.717515351937696444E+01    1
    0.301331615447998047E+02   -0.631688454050181235E+03   -0.718515351937696511E+01    1
    0.301343798637390137E+02   -0.629540094035975017E+03   -0.719515351937696845E+01    1
    0.301433016640395444E+02   -0.613920014176915402E+03   -0.720515351937697446E+01    1
    0.301438902366273638E+02   -0.612896512647889949E+03   -0.721515351937697869E+01    1
    0.301558520085115020E+02   -0.592282125214715506E+03   -0.722515351937697670E+01    1
    0.315265105776530419E+02   -0.585719336305320780E+03   -0.723515351937696849E+01    1
    0.301691639423370361E+02   -0.569759118649551056E+03   -0.724515351937696384E+01    1
    0.301902242885965464E+02   -0.535026037917433655E+03   -0.725515351937697073E+01    1
    0.302034556865692139E+02   -0.513768565543934528E+03   -0.726515351937697051E+01    1
    0.314814248277941608E+02   -0.511649278485568175E+03   -0.727515351937696853E+01    1
    0.314693696483118011E+02   -0.492700395835758457E+03   -0.728515351937696742E+01    1
    0.314530265331268311E+02   -0.467588426713777778E+03   -0.729515351937696988E+01    1
    0.302370444399660130E+02   -0.461759853111458824E+03   -0.730515351937697766E+01    1
    0.302413505212523219E+02   -0.455295158449068424E+03   -0.731515351937697655E+01    1
    0.302424149511560536E+02   -0.453704241585430509E+03   -0.732515351937697723E+01    1
    0.314420366287231445E+02   -0.451075294014355791E+03   -0.733515351937697524E+01    1
    0.314420306682586670E+02   -0.451066419447266242E+03   -0.734515351937696614E+01    1
    0.314404180056195521E+02   -0.448668562052000766E+03   -0.735515351937696948E+01    1
    0.314398654633867061E+02   -0.447848477725063901E+03   -0.736515351937697105E+01    1
    0.302467016974784073E+02   -0.447325703126422411E+03   -0.737515351937696906E+01    1
    0.314337508900219760E+02   -0.438823887241387411E+03   -0.738515351937697240E+01    1
    0.302547492990740743E+02   -0.435474515354577989E+03   -0.739515351937697218E+01    1
    0.302559894011445856E+02   -0.433662612666133725E+03   -0.740515351937697464E+01    1
    0.314299955932905846E+02   -0.433327458629029138E+03   -0.741515351937697265E+01    1
    0.302625520632183118E+02   -0.424137611485675052E+03   -0.742515351937696799E+01    1
    0.302632182938125673E+02   -0.423176635448607044E+03   -0.743515351937697044E+01    1
    0.314217577995865653E+02   -0.421393039062517119E+03   -0.744515351937697023E+01    1
    0.314196123652561070E+02   -0.418312552226115656E+03   -0.745515351937696646E+01    1
    0.314178635171598941E+02   -0.415809962572481879E+03   -0.746515351937696536E+01    1
    0.302723497393212000E+02   -0.410116575040171028E+03   -0.747515351937696515E+01    1
    0.302758678702295292E+02   -0.405140157443798444E+03   -0.748515351937696671E+01    1
    0.302917842164459614E+02   -0.383010874244690513E+03   -0.749515351937696561E+01    1
    0.302953211419342132E+02   -0.378178834705272607E+03   -0.750515351937696362E+01    1
    0.313888515649173137E+02   -0.375403330072207950E+03   -0.751515351937696874E+01    1
    0.302996209777899033E+02   -0.372346414719452127E+03   -0.752515351937696853E+01    1
    0.313777296620635795E+02   -0.360468031375297983E+03   -0.753515351937696742E+01    1
    0.313690961569060889E+02   -0.349086334261122431E+03   -0.754515351937696721E+01    1
    0.313657298724249145E+02   -0.344698713767785193E+03   -0.755515351937696877E+01    1
    0.313563644886016846E+02   -0.332640066746372440E+03   -0.756515351937697211E+01    1
    0.313537101790830945E+02   -0.329262096474297266E+03   -0.757515351937696835E+01    1
    0.303341502137223245E+02   -0.327176483313178380E+03   -0.758515351937696991E+01    1
    0.313284669450894881E+02   -0.298011979804786563E+03   -0.759515351937697325E+01    1
    0.303618767229437267E+02   -0.293051187997237719E+03   -0.760515351937697126E+01    1
    0.303623497486114502E+02   -0.292485576624881105E+03   -0.761515351937696572E+01    1
    0.313226783275604248E+02   -0.291069180376640816E+03   -0.762515351937696639E+01    1
    0.313221229016576217E+02   -0.290407388932313722E+03   -0.763515351937696973E+01    1
    0.313212542986233018E+02   -0.289373983560692125E+03   -0.764515351937696952E+01    1
    0.313171498512375379E+02   -0.284516159794999965E+03   -0.765515351937697019E+01    1
    0.303725624084472656E+02   -0.280409629802677387E+03   -0.766515351937697087E+01    1
    0.312993987130704738E+02   -0.263989006223528463E+03   -0.767515351937697066E+01    1
    0.303885168469452793E+02   -0.262063244432597969E+03   -0.768515351937697044E+01    1
    0.312934381945885427E+02   -0.257272025690261557E+03   -0.769515351937697201E+01    1
    0.303944152450935334E+02   -0.255440753083490392E+03   -0.770515351937697446E+01    1
    0.312876518090259346E+02   -0.250835765546225900E+03   -0.771515351937697069E+01    1
    0.304026981536408236E+02   -0.246287029818603997E+03   -0.772515351937696959E+01    1
    0.304036732583069416E+02   -0.245220629597667624E+03   -0.773515351937697382E+01    1
    0.312804882169161189E+02   -0.242982932542091305E+03   -0.774515351937697538E+01    1
    0.304069479930911157E+02   -0.241656591788355485E+03   -0.775515351937697517E+01    1
    0.312777841766986313E+02   -0.240051890397805607E+03   -0.776515351937697407E+01    1
    0.312748038768768311E+02   -0.236842454233940515E+03   -0.777515351937697297E+01    1
    0.312741036231645104E+02   -0.236091566012496486E+03   -0.778515351937696565E+01    1
    0.304206186225847048E+02   -0.227066185538851244E+03   -0.779515351937696011E+01    1
    0.304208981132555607E+02   -0.226772736677078711E+03   -0.780515351937696522E+01    1
    0.312606969577879568E+02   -0.221950561195532032E+03   -0.781515351937697123E+01    1
    0.304303497554773443E+02   -0.216963388205671635E+03   -0.782515351937697279E+01    1
    0.312427996546964302E+02   -0.203769334580022615E+03   -0.783515351937697524E+01    1
    0.312235461470242548E+02   -0.185099470547834130E+03   -0.784515351937695993E+01    1
    0.304705520132982421E+02   -0.177720870974512763E+03   -0.785515351937696593E+01    1
    0.312149129331628536E+02   -0.177027210350249305E+03   -0.786515351937697016E+01    1
    0.312110630703618952E+02   -0.173487232343127801E+03   -0.787515351937697172E+01    1
    0.312079390132176790E+02   -0.170641718817899175E+03   -0.788515351937697417E+01    1
    0.304789520155571516E+02   -0.170028857670151893E+03   -0.789515351937696952E+01    1
    0.304812765121459961E+02   -0.167931266118928022E+03   -0.790515351937697019E+01    1
    0.304818473815249114E+02   -0.167418176472643410E+03   -0.791515351937696643E+01    1
    0.312029268762333913E+02   -0.166127156595516027E+03   -0.792515351937696444E+01    1
    0.312028466829006881E+02   -0.166055431970096805E+03   -0.793515351937696778E+01    1
    0.304866751315478979E+02   -0.163111456288459266E+03   -0.794515351937696490E+01    1
    0.311961303572033799E+02   -0.160105113705503157E+03   -0.795515351937696735E+01    1
    0.311877457476197151E+02   -0.152834162238468366E+03   -0.796515351937696447E+01    1
    0.311855570132263438E+02   -0.150964904585865554E+03   -0.797515351937695893E+01    1
    0.305068059239200942E+02   -0.145777774779354985E+03   -0.798515351937696582E+01    1
    0.311791254448107331E+02   -0.145541027852543607E+03   -0.799515351937696650E+01    1
    0.311748335676253987E+02   -0.141978804168281727E+03   -0.800515351937696096E+01    1
    0.311717426223728360E+02   -0.139441709017619758E+03   -0.801515351937696785E+01    1
    0.305151687544749137E+02   -0.138873119553402859E+03   -0.802515351937697652E+01    1
    0.311677646636962891E+02   -0.136211492000130335E+03   -0.803515351937696920E+01    1
    0.305201106384421159E+02   -0.134874647789342163E+03   -0.804515351937696543E+01    1
    0.311659917880533541E+02   -0.134784538722892734E+03   -0.805515351937697233E+01    1
    0.305351245468246617E+02   -0.123099328789213160E+03   -0.806515351937697034E+01    1
    0.311483183676857500E+02   -0.120986734977651480E+03   -0.807515351937696657E+01    1
    0.305406383930331629E+02   -0.118915540901382883E+03   -0.808515351937696636E+01    1
    0.311434439318348986E+02   -0.117317830948143481E+03   -0.809515351937696259E+01    1
    0.311414682865142822E+02   -0.115847618336219881E+03   -0.810515351937696593E+01    1
    0.305500427964763510E+02   -0.111954068355784983E+03   -0.811515351937696572E+01    1
    0.305517905553413165E+02   -0.110684542594647368E+03   -0.812515351937696728E+01    1
    0.311341332560006876E+02   -0.110474009277205141E+03   -0.813515351937696707E+01    1
    0.311330938768663366E+02   -0.109723384101544156E+03   -0.814515351937696508E+01    1
    0.305542707443237305E+02   -0.108896033000828197E+03   -0.815515351937696664E+01    1
    0.311286158232973342E+02   -0.106520106727316715E+03   -0.816515351937696643E+01    1
    0.305610713795972586E+02   -0.104070421864652587E+03   -0.817515351937696622E+01    1
    0.305615303512725092E+02   -0.103748885187047108E+03   -0.818515351937696600E+01    1
    0.305688739486751508E+02   -0.986754842419231721E+02   -0.819515351937696224E+01    1
    0.305690483170156568E+02   -0.985566494679949017E+02   -0.820515351937696558E+01    1
    0.305694664709792399E+02   -0.982719789146202345E+02   -0.821515351937696714E+01    1
    0.305700363285124155E+02   -0.978847315437481598E+02   -0.822515351937696693E+01    1
    0.305746111154801845E+02   -0.948051838816699046E+02   -0.823515351937696671E+01    1
    0.311096965488703283E+02   -0.935368363750930314E+02   -0.824515351937696295E+01    1
    0.305788743022478897E+02   -0.919822247923547138E+02   -0.825515351937696096E+01    1
    0.305829314652239717E+02   -0.893376479547557381E+02   -0.826515351937696252E+01    1
    0.311019885540008545E+02   -0.885023706860109201E+02   -0.827515351937696408E+01    1
    0.310999487807419008E+02   -0.871948101747290565E+02   -0.828515351937696565E+01    1
    0.310915817303960083E+02   -0.819394924247814203E+02   -0.829515351937696543E+01    1
    0.305946918061809683E+02   -0.819031335986591387E+02   -0.830515351937696344E+01    1
    0.305972941954790585E+02   -0.803044449982479165E+02   -0.831515351937696146E+01    1
    0.310854089514687679E+02   -0.781739483531075336E+02   -0.832515351937696302E+01    1
    0.306030852135133280E+02   -0.768073483933351753E+02   -0.833515351937696813E+01    1
    0.306033565489551300E+02   -0.766455381819660886E+02   -0.834515351937696437E+01    1
    0.306107713409704090E+02   -0.722945841720366644E+02   -0.835515351937696593E+01    1
    0.306142872576524852E+02   -0.702792355358835152E+02   -0.836515351937696927E+01    1
    0.306169969570181593E+02   -0.687469849310612204E+02   -0.837515351937696906E+01    1
    0.310689488061083452E+02   -0.685959233630271399E+02   -0.838515351937696174E+01    1
    0.306189061146515229E+02   -0.676783764878992145E+02   -0.839515351937695975E+01    1
    0.310662841796875000E+02   -0.671087415321483576E+02   -0.840515351937696487E+01    1
    0.310651340270362581E+02   -0.664722717707016670E+02   -0.841515351937696821E+01    1
    0.306215299339257783E+02   -0.662245357469474953E+02   -0.842515351937696266E+01    1
    0.310621222531495498E+02   -0.648212012885907001E+02   -0.843515351937695534E+01    1
    0.310616706970142999E+02   -0.645755996901069409E+02   -0.844515351937695691E+01    1
    0.306266532878446966E+02   -0.634350552496690128E+02   -0.845515351937696202E+01    1
    0.306275181162347181E+02   -0.629706246156043790E+02   -0.846515351937696536E+01    1
    0.306295090080981396E+02   -0.619085416029579889E+02   -0.847515351937696160E+01    1
    0.306320119773401061E+02   -0.605872611941612789E+02   -0.848515351937696316E+01    1
    0.310540919779861113E+02   -0.605291774642323261E+02   -0.849515351937696295E+01    1
    0.306329217757407690E+02   -0.601108514496291590E+02   -0.850515351937696629E+01    1
    0.306335755815116251E+02   -0.597697611935141140E+02   -0.851515351937696785E+01    1
    0.310510878579118206E+02   -0.589647375492222707E+02   -0.852515351937696408E+01    1
    0.310487051976260950E+02   -0.577398854681991835E+02   -0.853515351937696032E+01    1
    0.306379705588771358E+02   -0.575044837556996242E+02   -0.854515351937695655E+01    1
    0.306416484526961099E+02   -0.556457139724863410E+02   -0.855515351937696344E+01    1
    0.310433654469843354E+02   -0.550461397011072009E+02   -0.856515351937696323E+01    1
    0.306447097684703209E+02   -0.541242001092052334E+02   -0.857515351937696124E+01    1
    0.310405458064323980E+02   -0.536523113537577387E+02   -0.858515351937696103E+01    1
    0.306475502763961387E+02   -0.527332681409239257E+02   -0.859515351937696259E+01    1
    0.306498515966680074E+02   -0.516210722321087943E+02   -0.860515351937696771E+01    1
    0.306502910446373917E+02   -0.514101902478107249E+02   -0.861515351937696039E+01    1
    0.306524081707660798E+02   -0.504009529752101244E+02   -0.862515351937695662E+01    1
    0.310335888427255355E+02   -0.502978285453899261E+02   -0.863515351937696352E+01    1
    0.310318095877399180E+02   -0.494592348254760239E+02   -0.864515351937696508E+01    1
    0.310305652376143648E+02   -0.488774276513307626E+02   -0.865515351937695954E+01    1
    0.306569178720248345E+02   -0.482883179013664332E+02   -0.866515351937696288E+01    1
    0.306575622725099350E+02   -0.479905674441076400E+02   -0.867515351937696266E+01    1
    0.306589742579823010E+02   -0.473417572306989172E+02   -0.868515351937696423E+01    1
    0.310261632884186369E+02   -0.468501503169672588E+02   -0.869515351937696934E+01    1
    0.310258910713079032E+02   -0.467263647741898822E+02   -0.870515351937696735E+01    1
    0.310248648181452573E+02   -0.462613520510910590E+02   -0.871515351937696181E+01    1
    0.310237479077768334E+02   -0.457582363545333948E+02   -0.872515351937695982E+01    1
    0.306655591275172945E+02   -0.443814492856973288E+02   -0.873515351937696316E+01    1
    0.310204081692742406E+02   -0.442723414631907275E+02   -0.874515351937695762E+01    1
    0.310188579178530972E+02   -0.435920362759203712E+02   -0.875515351937695741E+01    1
    0.310153513360367370E+02   -0.420752648223942458E+02   -0.876515351937696252E+01    1
    0.310146620341670634E+02   -0.417807023799785355E+02   -0.877515351937696231E+01    1
    0.306723672025239722E+02   -0.414341316237250297E+02   -0.878515351937696209E+01    1
    0.310133838653564453E+02   -0.412376225938664902E+02   -0.879515351937696188E+01    1
    0.310131341394632827E+02   -0.411319910893727823E+02   -0.880515351937695812E+01    1
    0.310124182419375352E+02   -0.408300329968442384E+02   -0.881515351937695790E+01    1
    0.306754645312835663E+02   -0.401313865517517527E+02   -0.882515351937695769E+01    1
    0.306759069523092620E+02   -0.399472496194095186E+02   -0.883515351937695925E+01    1
    0.310096734943913717E+02   -0.396841337285697691E+02   -0.884515351937695904E+01    1
    0.306771758619723371E+02   -0.394218248430617635E+02   -0.885515351937696238E+01    1
    0.310067396593054347E+02   -0.384800007302494222E+02   -0.886515351937696394E+01    1
    0.309959896882996944E+02   -0.342507363697865443E+02   -0.887515351937696018E+01    1
    0.306947570992097383E+02   -0.325537942786308179E+02   -0.888515351937696174E+01    1
    0.309912813225966133E+02   -0.324888347611967703E+02   -0.889515351937696330E+01    1
    0.309910953590200222E+02   -0.324203772781854767E+02   -0.890515351937696309E+01    1
    0.309907784742270351E+02   -0.323039227373042053E+02   -0.891515351937696288E+01    1
    0.309895598751469272E+02   -0.318584157478851324E+02   -0.892515351937696089E+01    1
    0.306981445280096281E+02   -0.313187991922137385E+02   -0.893515351937696423E+01    1
    0.306982737030090469E+02   -0.312722689630264057E+02   -0.894515351937696579E+01    1
    0.309861372896376253E+02   -0.306268990637141272E+02   -0.895515351937696202E+01    1
    0.307007690100346906E+02   -0.303815725652225588E+02   -0.896515351937696181E+01    1
    0.309847184887340603E+02   -0.301249232826542439E+02   -0.897515351937695982E+01    1
    0.309844910849393429E+02   -0.300449324885847489E+02   -0.898515351937695428E+01    1
    0.307033590740798488E+02   -0.294734245953160396E+02   -0.899515351937695407E+01    1
    0.307040865403608620E+02   -0.292213546248601403E+02   -0.900515351937695741E+01    1
    0.307043016087243394E+02   -0.291470845417942428E+02   -0.901515351937696252E+01    1
    0.307046272146015653E+02   -0.290348610915287750E+02   -0.902515351937696408E+01    1
    0.309812792579146503E+02   -0.289288812249670997E+02   -0.903515351937696032E+01    1
    0.309812249355702676E+02   -0.289102257372314497E+02   -0.904515351937695833E+01    1
    0.307058934831643455E+02   -0.286009339910354718E+02   -0.905515351937695989E+01    1
    0.309802206159836899E+02   -0.285666418572486336E+02   -0.906515351937695790E+01    1
    0.309783186489434001E+02   -0.279228380523687818E+02   -0.907515351937695591E+01    1
    0.307086615963788070E+02   -0.276662332890941443E+02   -0.908515351937695925E+01    1
    0.309764837723675441E+02   -0.273102666109266714E+02   -0.909515351937696437E+01    1
    0.309747242253061010E+02   -0.267307051317617912E+02   -0.910515351937696060E+01    1
    0.309732596394341542E+02   -0.262541676520032503E+02   -0.911515351937695506E+01    1
    0.309703007151506959E+02   -0.253076811423193746E+02   -0.912515351937696195E+01    1
    0.309687025823232034E+02   -0.248055304211433096E+02   -0.913515351937696529E+01    1
    0.307184149209492645E+02   -0.245246562524744114E+02   -0.914515351937696153E+01    1
    0.309676684163911276E+02   -0.244839679126200984E+02   -0.915515351937696131E+01    1
    0.309676050780744916E+02   -0.244643599650422274E+02   -0.916515351937695577E+01    1
    0.309652738942405072E+02   -0.237496225594396471E+02   -0.917515351937695733E+01    1
    0.309643878835457436E+02   -0.234815161045906109E+02   -0.918515351937696067E+01    1
    0.309627926069217487E+02   -0.230037062166960915E+02   -0.919515351937696046E+01    1
    0.309623278845747194E+02   -0.228657046630172474E+02   -0.920515351937696202E+01    1
    0.307272762179129550E+02   -0.218754331092001415E+02   -0.921515351937696536E+01    1
    0.307278249725467916E+02   -0.217177928447680202E+02   -0.922515351937696337E+01    1
    0.309571049391028197E+02   -0.213516500829035607E+02   -0.923515351937695961E+01    1
    0.309568322385281967E+02   -0.212744610326397705E+02   -0.924515351937695584E+01    1
    0.309558004350692570E+02   -0.209840777415782895E+02   -0.925515351937695918E+01    1
    0.309550305691902352E+02   -0.207691363313422244E+02   -0.926515351937696607E+01    1
    0.309541940689086914E+02   -0.205372612635459717E+02   -0.927515351937695876E+01    1
    0.307351356846156847E+02   -0.196890704131817706E+02   -0.928515351937695499E+01    1
    0.307372746263035310E+02   -0.191206375501943349E+02   -0.929515351937696188E+01    1
    0.307388392407467492E+02   -0.187120372092537899E+02   -0.930515351937696522E+01    1
    0.309468556440569742E+02   -0.185776421744637865E+02   -0.931515351937695790E+01    1
    0.307403233849191722E+02   -0.183300759719691406E+02   -0.932515351937696657E+01    1
    0.307420974972880430E+02   -0.178806732045356611E+02   -0.933515351937696458E+01    1
    0.309438395500183105E+02   -0.178110568248084320E+02   -0.934515351937696082E+01    1
    0.307425443885431164E+02   -0.177687043003027725E+02   -0.935515351937695883E+01    1
    0.307438032351954043E+02   -0.174559684271989113E+02   -0.936515351937696394E+01    1
    0.309423859537028214E+02   -0.174496793981058147E+02   -0.937515351937696728E+01    1
    0.309396309361061945E+02   -0.167791687552403346E+02   -0.938515351937696352E+01    1
    0.307493606166315914E+02   -0.161224300157507514E+02   -0.939515351937695797E+01    1
    0.309365099214125827E+02   -0.160423776886313689E+02   -0.940515351937695776E+01    1
    0.307507206903344681E+02   -0.158077636351998905E+02   -0.941515351937695755E+01    1
    0.309342867532279335E+02   -0.155323128753505451E+02   -0.942515351937696089E+01    1
    0.307542470533722359E+02   -0.150133231870253923E+02   -0.943515351937695712E+01    1
    0.307553101159164868E+02   -0.147798943130404101E+02   -0.944515351937694980E+01    1
    0.309308064529637576E+02   -0.147584952191974512E+02   -0.945515351937695137E+01    1
    0.307555157836543387E+02   -0.147350578205046236E+02   -0.946515351937695826E+01    1
    0.309295216103382984E+02   -0.144804305545753156E+02   -0.947515351937695982E+01    1
    0.309287860153538894E+02   -0.143230809915185429E+02   -0.948515351937695605E+01    1
    0.309276841866525487E+02   -0.140899075936477232E+02   -0.949515351937695584E+01    1
    0.309228176267196631E+02   -0.130961296745489086E+02   -0.950515351937695741E+01    1
    0.309223230080192906E+02   -0.129984219100099008E+02   -0.951515351937695897E+01    1
    0.309217335977493164E+02   -0.128827830541670654E+02   -0.952515351937695876E+01    1
    0.309215556600346630E+02   -0.128480424292860853E+02   -0.953515351937695854E+01    1
    0.309193543113787008E+02   -0.124247605811827349E+02   -0.954515351937695833E+01    1
    0.309161271307902936E+02   -0.118260042767827045E+02   -0.955515351937695989E+01    1
    0.309153302526484310E+02   -0.116821409968332226E+02   -0.956515351937696323E+01    1
    0.307720066756601049E+02   -0.114822123381621601E+02   -0.957515351937696302E+01    1
    0.307720294883768588E+02   -0.114781807642176759E+02   -0.958515351937695215E+01    1
    0.309139733033360429E+02   -0.114407988246694909E+02   -0.959515351937695371E+01    1
    0.309134470002858706E+02   -0.113484244310766105E+02   -0.960515351937695527E+01    1
    0.309134054918764605E+02   -0.113411683535580554E+02   -0.961515351937695861E+01    1
    0.307744682065005755E+02   -0.110546602458650831E+02   -0.962515351937695662E+01    1
    0.309110171993686897E+02   -0.109308844725118046E+02   -0.963515351937695286E+01    1
    0.307758824314703041E+02   -0.108158314578041299E+02   -0.964515351937695797E+01    1
    0.307766060490753830E+02   -0.106955526073731040E+02   -0.965515351937696309E+01    1
    0.307766668222141178E+02   -0.106855102217963029E+02   -0.966515351937695755E+01    1
    0.309089339611314600E+02   -0.105845844254786563E+02   -0.967515351937695556E+01    1
    0.307773116282482135E+02   -0.105795255174945417E+02   -0.968515351937696067E+01    1
    0.307779172748526868E+02   -0.104809186713472293E+02   -0.969515351937696224E+01    1
    0.307790982671351294E+02   -0.102912610424728115E+02   -0.970515351937696025E+01    1
    0.307796966586713658E+02   -0.101964877768575306E+02   -0.971515351937696003E+01    1
    0.307797869896393550E+02   -0.101822584854144225E+02   -0.972515351937696160E+01    1
    0.309057944936940068E+02   -0.100830862154940402E+02   -0.973515351937696316E+01    1
    0.309051976328737936E+02   -0.999051565555286736E+01   -0.974515351937696295E+01    1
    0.307814252800153056E+02   -0.992770859942341488E+01   -0.975515351937696273E+01    1
    0.309045996197783275E+02   -0.989865455338026834E+01   -0.976515351937695542E+01    1
    0.309037515056944265E+02   -0.976989979801471264E+01   -0.977515351937695698E+01    1
    0.307824916414418723E+02   -0.976560727508835491E+01   -0.978515351937696209E+01    1
    0.309029533737351407E+02   -0.965036615615901638E+01   -0.979515351937696011E+01    1
    0.309027602377729593E+02   -0.962167877546071537E+01   -0.980515351937695812E+01    1
    0.309027383320116869E+02   -0.961843086632744715E+01   -0.981515351937695613E+01    1
    0.307834941793482102E+02   -0.961578611119675131E+01   -0.982515351937695769E+01    1
    0.309020854954011206E+02   -0.952218404108804783E+01   -0.983515351937696103E+01    1
    0.307854514342580288E+02   -0.933049089105872298E+01   -0.984515351937696082E+01    1
    0.307861671813896898E+02   -0.922853954725350079E+01   -0.985515351937696060E+01    1
    0.307862158849158476E+02   -0.922164847294127199E+01   -0.986515351937695506E+01    1
    0.308997791079567250E+02   -0.919063991109145739E+01   -0.987515351937695307E+01    1
    0.307868054556692030E+02   -0.913869769962483858E+01   -0.988515351937695641E+01    1
    0.308991274137273670E+02   -0.909935477197355524E+01   -0.989515351937695975E+01    1
    0.308988229277525051E+02   -0.905706621870708339E+01   -0.990515351937695954E+01    1
    0.307893114618911952E+02   -0.879575286073713691E+01   -0.991515351937695577E+01    1
    0.308966015204110178E+02   -0.875552032463619767E+01   -0.992515351937695911E+01    1
    0.307901573707389886E+02   -0.868351530796519455E+01   -0.993515351937696067E+01    1
    0.308950034198595134E+02   -0.854617256789275892E+01   -0.994515351937695513E+01    1
    0.307913996310473053E+02   -0.852191308286533911E+01   -0.995515351937695492E+01    1
    0.308946550405375184E+02   -0.850137850170509424E+01   -0.996515351937695826E+01    1
    0.308929775623276335E+02   -0.828991504158330805E+01   -0.997515351937695982E+01    1
    0.308929074538401629E+02   -0.828122943294352432E+01   -0.998515351937696138E+01    1
    0.307935597609755689E+02   -0.825004312702145981E+01   -0.999515351937695584E+01    1
    0.307936723039728442E+02   -0.823619659453833286E+01   -0.100051535193769503E+02    1
    0.308919385800323418E+02   -0.816244871479197265E+01   -0.100151535193769536E+02    1
    0.307954489140146315E+02   -0.802178625405187340E+01   -0.100251535193769570E+02    1
    0.307959419852215497E+02   -0.796367094714626855E+01   -0.100351535193769603E+02    1
    0.307961313160053152E+02   -0.794151627065154564E+01   -0.100451535193769637E+02    1
    0.307967832615315373E+02   -0.786591013257106919E+01   -0.100551535193769475E+02    1
    0.307973567629131857E+02   -0.780027472361244190E+01   -0.100651535193769543E+02    1
    0.308886289174450290E+02   -0.777429626368452809E+01   -0.100751535193769577E+02    1
    0.308868737782910046E+02   -0.757950545138073650E+01   -0.100851535193769539E+02    1
    0.307995683970123721E+02   -0.755481661221178413E+01   -0.100951535193769484E+02    1
    0.308859380407696307E+02   -0.747878414900887201E+01   -0.101051535193769499E+02    1
    0.308858593126950183E+02   -0.747040925683302781E+01   -0.101151535193769551E+02    1
    0.308006371436689790E+02   -0.744055956638327043E+01   -0.101251535193769566E+02    1
    0.308007983190674395E+02   -0.742357510518120289E+01   -0.101351535193769582E+02    1
    0.308854053098668544E+02   -0.742241422011875862E+01   -0.101451535193769562E+02    1
    0.308849472121262707E+02   -0.737450564387481400E+01   -0.101551535193769507E+02    1
    0.308015085406156075E+02   -0.734950211054546987E+01   -0.101651535193769487E+02    1
    0.308025884963059795E+02   -0.723927053112201246E+01   -0.101751535193769485E+02    1
    0.308028188237276979E+02   -0.721613602777329710E+01   -0.101851535193769500E+02    1
    0.308825208971120908E+02   -0.712945681402180309E+01   -0.101951535193769534E+02    1
    0.308041785354632864E+02   -0.708225143226870202E+01   -0.102051535193769531E+02    1
    0.308047723499246082E+02   -0.702522313345804417E+01   -0.102151535193769565E+02    1
    0.308047886322579956E+02   -0.702367177068545523E+01   -0.102251535193769545E+02    1
    0.308812138362757409E+02   -0.700351393509850784E+01   -0.102351535193769507E+02    1
    0.308804423666119625E+02   -0.693117151169941437E+01   -0.102451535193769541E+02    1
    0.308803913452159513E+02   -0.692643928325963021E+01   -0.102551535193769521E+02    1
    0.308065927028656006E+02   -0.685586391056267974E+01   -0.102651535193769536E+02    1
    0.308793143297918000E+02   -0.682805634120826976E+01   -0.102751535193769570E+02    1
    0.308074683278403256E+02   -0.677733310554903579E+01   -0.102851535193769532E+02    1
    0.308077305464086990E+02   -0.675418677942737844E+01   -0.102951535193769512E+02    1
    0.308077516011714536E+02   -0.675233566542444485E+01   -0.103051535193769492E+02    1
    0.308080191188802033E+02   -0.672891172774489643E+01   -0.103151535193769526E+02    1
    0.308082669379124034E+02   -0.670737135371971949E+01   -0.103251535193769541E+02    1
    0.308779179950954799E+02   -0.670479708199412183E+01   -0.103351535193769539E+02    1
    0.308084767145801237E+02   -0.668925693050997339E+01   -0.103451535193769555E+02    1
    0.308770082890933466E+02   -0.662710175328141737E+01   -0.103551535193769570E+02    1
    0.308769292645199442E+02   -0.662044961452908076E+01   -0.103651535193769533E+02    1
    0.308100618341714139E+02   -0.655591671248823804E+01   -0.103751535193769513E+02    1
    0.308102477375646799E+02   -0.654068776125916429E+01   -0.103851535193769564E+02    1
    0.308103251823280182E+02   -0.653436894284103698E+01   -0.103951535193769562E+02    1
    0.308756420917980705E+02   -0.651428367304333111E+01   -0.104051535193769507E+02    1
    0.308752702077328429E+02   -0.648437758300304701E+01   -0.104151535193769558E+02    1
    0.308109626123038609E+02   -0.648292661032037287E+01   -0.104251535193769538E+02    1
    0.308750349423922756E+02   -0.646563561575671031E+01   -0.104351535193769482E+02    1
    0.308742274817549429E+02   -0.640235733375310190E+01   -0.104451535193769534E+02    1
    0.308740775749543914E+02   -0.639078797206314242E+01   -0.104551535193769531E+02    1
    0.308738768292538026E+02   -0.637538251077747464E+01   -0.104651535193769529E+02    1
    0.308124614744745529E+02   -0.636594438410005736E+01   -0.104751535193769580E+02    1
    0.308736352652422141E+02   -0.635697741170945818E+01   -0.104851535193769543E+02    1
    0.308734166871007929E+02   -0.634044865324702656E+01   -0.104951535193769523E+02    1
    0.308128249582298643E+02   -0.633841685148705114E+01   -0.105051535193769539E+02    1
    0.308731833165129679E+02   -0.632293239702586618E+01   -0.105151535193769536E+02    1
    0.308726808907512194E+02   -0.628568099027941063E+01   -0.105251535193769499E+02    1
    0.308722366114340936E+02   -0.625326354025067399E+01   -0.105351535193769514E+02    1
    0.308142513709498367E+02   -0.623356454119399128E+01   -0.105451535193769512E+02    1
    0.308146885233696217E+02   -0.620244308223553453E+01   -0.105551535193769528E+02    1
    0.308712300157755628E+02   -0.618163120807078581E+01   -0.105651535193769543E+02    1
    0.308155403906397822E+02   -0.614316240674934733E+01   -0.105751535193769524E+02    1
    0.308156800590317985E+02   -0.613361514462599278E+01   -0.105851535193769575E+02    1
    0.308156882667847007E+02   -0.613305559884954121E+01   -0.105951535193769573E+02    1
    0.308157721458311578E+02   -0.612734692749339604E+01   -0.106051535193769570E+02    1
    0.308704212830090015E+02   -0.612590422243438582E+01   -0.106151535193769551E+02    1
    0.308699679651594820E+02   -0.609537877353636937E+01   -0.106251535193769495E+02    1
    0.308699488016757790E+02   -0.609409960017626862E+01   -0.106351535193769458E+02    1
    0.308694635544444473E+02   -0.606201330974768737E+01   -0.106451535193769526E+02    1
    0.308169261035795792E+02   -0.605058592652933669E+01   -0.106551535193769560E+02    1
    0.308172157540586866E+02   -0.603183818540877059E+01   -0.106651535193769540E+02    1
    0.308688224776557831E+02   -0.602052051451516945E+01   -0.106751535193769556E+02    1
    0.308681617305428091E+02   -0.597882376606802435E+01   -0.106851535193769500E+02    1
    0.308180583665427434E+02   -0.597848563604070815E+01   -0.106951535193769480E+02    1
    0.308678299318550273E+02   -0.595829480272947709E+01   -0.107051535193769549E+02    1
    0.308671250812602125E+02   -0.591559269067503379E+01   -0.107151535193769494E+02    1
    0.308662424686984487E+02   -0.586386274392261431E+01   -0.107251535193769456E+02    1
    0.308199978629023974E+02   -0.586238755392438460E+01   -0.107351535193769543E+02    1
    0.308659800637991850E+02   -0.584885664861930099E+01   -0.107451535193769505E+02    1
    0.308657226167110181E+02   -0.583430042792775261E+01   -0.107551535193769414E+02    1
    0.308656992657809930E+02   -0.583298830170139571E+01   -0.107651535193769483E+02    1
    0.308206499035079204E+02   -0.582545683006201376E+01   -0.107751535193769499E+02    1
    0.308654037190891657E+02   -0.581649820853059385E+01   -0.107851535193769426E+02    1
    0.308211105930002418E+02   -0.580000116157860646E+01   -0.107951535193769441E+02    1
    0.308211685794932393E+02   -0.579683446792710910E+01   -0.108051535193769528E+02    1
    0.308649499366447522E+02   -0.579160196951066641E+01   -0.108151535193769561E+02    1
    0.308215168977061964E+02   -0.577798841283301901E+01   -0.108251535193769524E+02    1
    0.308215412458929379E+02   -0.577668231182503877E+01   -0.108351535193769521E+02    1
    0.308643678934323731E+02   -0.576041824061452346E+01   -0.108451535193769519E+02    1
    0.308642922930110899E+02   -0.575642964741991037E+01   -0.108551535193769482E+02    1
    0.308642295011746448E+02   -0.575312762212026474E+01   -0.108651535193769480E+02    1
    0.308637960728535035E+02   -0.573060232386662172E+01   -0.108751535193769477E+02    1
    0.308224310029850983E+02   -0.572996434665016174E+01   -0.108851535193769493E+02    1
    0.308225125800254034E+02   -0.572577951964240484E+01   -0.108951535193769473E+02    1
    0.308635250899436286E+02   -0.571675658828654143E+01   -0.109051535193769453E+02    1
    0.308227511844757167E+02   -0.571363429068173989E+01   -0.109151535193769469E+02    1
    0.308230239177026490E+02   -0.569992521373801342E+01   -0.109251535193769485E+02    1
    0.308236799203089973E+02   -0.566770819153449423E+01   -0.109351535193769500E+02    1
    0.308239332332180780E+02   -0.565555402045835987E+01   -0.109451535193769498E+02    1
    0.308246194155888702E+02   -0.562343170557738414E+01   -0.109551535193769460E+02    1
    0.308615276144786890E+02   -0.562032875590143099E+01   -0.109651535193769440E+02    1
    0.308613980552688645E+02   -0.561441684047877487E+01   -0.109751535193769456E+02    1
    0.308613233709390471E+02   -0.561102788047085532E+01   -0.109851535193769454E+02    1
    0.308251040659312885E+02   -0.560144904842216018E+01   -0.109951535193769434E+02    1
    0.308610516490329694E+02   -0.559881491897622396E+01   -0.110051535193769485E+02    1
    0.308253163391126819E+02   -0.559200469498395325E+01   -0.110151535193769536E+02    1
    0.308608212309058132E+02   -0.558860223505967468E+01   -0.110251535193769499E+02    1
    0.308254129209748911E+02   -0.558774470032061821E+01   -0.110351535193769461E+02    1
    0.308255147746223201E+02   -0.558327730215039431E+01   -0.110451535193769441E+02    1
    0.308258058916283275E+02   -0.557065082977702986E+01   -0.110551535193769439E+02    1
    0.308603852056989467E+02   -0.556963774466405948E+01   -0.110651535193769455E+02    1
    0.308603818343838014E+02   -0.556949295388464805E+01   -0.110751535193769488E+02    1
    0.308602869193787761E+02   -0.556542815285402792E+01   -0.110851535193769504E+02    1
    0.308595034802976045E+02   -0.553273216944715784E+01   -0.110951535193769502E+02    1
    0.308594077480326874E+02   -0.552884150220774373E+01   -0.111051535193769553E+02    1
    0.308268315040368392E+02   -0.552784604105581945E+01   -0.111151535193769551E+02    1
    0.308268444945456466E+02   -0.552732064158713499E+01   -0.111251535193769460E+02    1
    0.308590425254312919E+02   -0.551420770056192833E+01   -0.111351535193769493E+02    1
    0.308589483831051510E+02   -0.551048934320187112E+01   -0.111451535193769491E+02    1
    0.308588000793091268E+02   -0.550467645210939160E+01   -0.111551535193769507E+02    1
    0.308275566864144679E+02   -0.549915809241303499E+01   -0.111651535193769469E+02    1
    0.308277402181165598E+02   -0.549210494695616536E+01   -0.111751535193769467E+02    1
    0.308582839144351873E+02   -0.548487125006630194E+01   -0.111851535193769482E+02    1
    0.308280384199176822E+02   -0.548082357436689360E+01   -0.111951535193769498E+02    1
    0.308280980984587387E+02   -0.547859240267840342E+01   -0.112051535193769514E+02    1
    0.308282565446934278E+02   -0.547271161140328743E+01   -0.112151535193769529E+02    1
    0.308577832204726050E+02   -0.546629250962218460E+01   -0.112251535193769527E+02    1
    0.308286095375805758E+02   -0.545983454871951679E+01   -0.112351535193769525E+02    1
    0.308287174084333486E+02   -0.545596124917076786E+01   -0.112451535193769505E+02    1
    0.308573908185719006E+02   -0.545216765732775688E+01   -0.112551535193769485E+02    1
    0.308573175381239224E+02   -0.544957228016924500E+01   -0.112651535193769465E+02    1
    0.308289165007095036E+02   -0.544888844156152974E+01   -0.112751535193769428E+02    1
    0.308289882055129780E+02   -0.544636524426811430E+01   -0.112851535193769514E+02    1
    0.308570784772578577E+02   -0.544119826141183349E+01   -0.112951535193769441E+02    1
    0.308294074261388893E+02   -0.543186923689631485E+01   -0.113051535193769475E+02    1
    0.308565753084183996E+02   -0.542403706476502823E+01   -0.113151535193769508E+02    1
    0.308563108028196211E+02   -0.541526816564897207E+01   -0.113251535193769524E+02    1
    0.308562315044649011E+02   -0.541267315118078329E+01   -0.113351535193769486E+02    1
    0.308302395998687935E+02   -0.540438835351389191E+01   -0.113451535193769519E+02    1
    0.308558089474290114E+02   -0.539910869028336649E+01   -0.113551535193769464E+02    1
    0.308556916450641125E+02   -0.539542189271246997E+01   -0.113651535193769444E+02    1
    0.308556259311620558E+02   -0.539337146254653454E+01   -0.113751535193769477E+02    1
    0.308307783907596686E+02   -0.538751399793256258E+01   -0.113851535193769493E+02    1
    0.308309826159000337E+02   -0.538130649729190136E+01   -0.113951535193769544E+02    1
    0.308311451616275818E+02   -0.537643996092744381E+01   -0.114051535193769453E+02    1
    0.308312635244091311E+02   -0.537293756742004192E+01   -0.114151535193769433E+02    1
    0.308549112575900608E+02   -0.537176518286781945E+01   -0.114251535193769502E+02    1
    0.308548938213402693E+02   -0.537125391055284584E+01   -0.114351535193769465E+02    1
    0.308315023864956110E+02   -0.536597562021381069E+01   -0.114451535193769427E+02    1
    0.308316084145939229E+02   -0.536293074623772359E+01   -0.114551535193769425E+02    1
    0.308319550508940630E+02   -0.535317121452855638E+01   -0.114651535193769476E+02    1
    0.308321619437665362E+02   -0.534748850111628826E+01   -0.114751535193769509E+02    1
    0.308322695946642575E+02   -0.534457374913406014E+01   -0.114851535193769489E+02    1
    0.308323371326812605E+02   -0.534275979893668218E+01   -0.114951535193769505E+02    1
    0.308537434515243092E+02   -0.533919216003118891E+01   -0.115051535193769467E+02    1
    0.308537155877302993E+02   -0.533845638029615355E+01   -0.115151535193769430E+02    1
    0.308326931621109210E+02   -0.533338493025694227E+01   -0.115251535193769428E+02    1
    0.308532446583228044E+02   -0.532631284775723124E+01   -0.115351535193769426E+02    1
    0.308532212864017126E+02   -0.532572453196146522E+01   -0.115451535193769423E+02    1
    0.308330606952140940E+02   -0.532403769930018100E+01   -0.115551535193769439E+02    1
    0.308531458203327915E+02   -0.532383417845637030E+01   -0.115651535193769455E+02    1
    0.308529583647745653E+02   -0.531919985597712319E+01   -0.115751535193769453E+02    1
    0.308528089989721899E+02   -0.531556973157484958E+01   -0.115851535193769433E+02    1
    0.308335283038507058E+02   -0.531263071963441913E+01   -0.115951535193769448E+02    1
    0.308526171589972797E+02   -0.531098869407182939E+01   -0.116051535193769446E+02    1
    0.308524938319821338E+02   -0.530809202278890435E+01   -0.116151535193769408E+02    1
    0.308523639777081868E+02   -0.530508290603539034E+01   -0.116251535193769424E+02    1
    0.308522547160791163E+02   -0.530258345752376492E+01   -0.116351535193769458E+02    1
    0.308339780866609274E+02   -0.530217147475472661E+01   -0.116451535193769455E+02    1
    0.308340957505875011E+02   -0.529951831022165631E+01   -0.116551535193769418E+02    1
    0.308521091621567898E+02   -0.529929989466331719E+01   -0.116651535193769451E+02    1
    0.308517927236588427E+02   -0.529234304643263531E+01   -0.116751535193769502E+02    1
    0.308517397084572025E+02   -0.529120186176498919E+01   -0.116851535193769465E+02    1
    0.308344943390235890E+02   -0.529078644335208459E+01   -0.116951535193769445E+02    1
    0.308345149290709273E+02   -0.529034610573235575E+01   -0.117051535193769460E+02    1
    0.308345339411765913E+02   -0.528994044975037969E+01   -0.117151535193769476E+02    1
    0.308514304277799774E+02   -0.528468368301453406E+01   -0.117251535193769456E+02    1
    0.308348779220413540E+02   -0.528275622782562593E+01   -0.117351535193769418E+02    1
    0.308348887165898375E+02   -0.528253553814423604E+01   -0.117451535193769399E+02    1
    0.308511843253950246E+02   -0.527966689653713850E+01   -0.117551535193769414E+02    1
    0.308511245509696650E+02   -0.527847112359871495E+01   -0.117651535193769430E+02    1
