    0.776921330708522705E-97    0.454132371077702487E+03    0.304206186225847048E+02
    0.103151921395379517E-96    0.453545473354157423E+03    0.304208981132555607E+02
    0.126875737438138146E-94    0.443901122391064064E+03    0.312606969577879568E+02
    0.184050645307434624E-92    0.433926776411343269E+03    0.304303497554773443E+02
    0.978811545094379302E-87    0.407538669160045231E+03    0.312427996546964302E+02
    0.124329751455599863E-78    0.370198941095668260E+03    0.312235461470242548E+02
    0.197113876737096481E-75    0.355441741949025527E+03    0.304705520132982421E+02
    0.390505572949445393E-75    0.354054420700498611E+03    0.312149129331628536E+02
    0.133253064596395554E-73    0.346974464686255601E+03    0.312110630703618952E+02
    0.227051870064005305E-72    0.341283437635798350E+03    0.312079390132176790E+02
    0.414900877212280393E-72    0.340057715340303787E+03    0.304789520155571516E+02
    0.334636912192740454E-71    0.335862532237856044E+03    0.304812765121459961E+02
    0.553430260059826406E-71    0.334836352945286819E+03    0.304818473815249114E+02
    0.199252034868555866E-70    0.332254313191032054E+03    0.312029268762333913E+02
    0.211938291755838569E-70    0.332110863940193610E+03    0.312028466829006881E+02
    0.398491331161482572E-69    0.326222912576918532E+03    0.304866751315478979E+02
    0.797469216794371675E-68    0.320210227411006315E+03    0.311961303572033799E+02
    0.113528547979353025E-64    0.305668324476936732E+03    0.311877457476197151E+02
    0.728736331897132898E-64    0.301929809171731108E+03    0.311855570132263438E+02
    0.129112808855575180E-61    0.291555549558709970E+03    0.305068059239200942E+02
    0.161973612519726702E-61    0.291082055705087214E+03    0.311791254448107331E+02
    0.565139174607661782E-60    0.283957608336563453E+03    0.311748335676253987E+02
    0.707389960967872865E-59    0.278883418035239515E+03    0.311717426223728360E+02
    0.123666256403632667E-58    0.277746239106805717E+03    0.305151687544749137E+02
    0.175322812360631985E-57    0.272422984000260669E+03    0.311677646636962891E+02
    0.660814475182685290E-57    0.269749295578684325E+03    0.305201106384421159E+02
    0.715929854767090170E-57    0.269569077445785467E+03    0.311659917880533541E+02
    0.842072961135691452E-52    0.246198657578426321E+03    0.305351245468246617E+02
    0.689437040494501337E-51    0.241973469955302960E+03    0.311483183676857500E+02
    0.541576518310467926E-50    0.237831081802765766E+03    0.305406383930331629E+02
    0.264968042601064969E-49    0.234635661896286962E+03    0.311434439318348986E+02
    0.114118427133701720E-48    0.231695236672439762E+03    0.311414682865142822E+02
    0.554574765134239391E-47    0.223908136711569966E+03    0.305500427964763510E+02
    0.195418282413039776E-46    0.221369085189294736E+03    0.305517905553413165E+02
    0.238811757653696039E-46    0.220948018554410282E+03    0.311341332560006876E+02
    0.500847063683004761E-46    0.219446768203088311E+03    0.311330938768663366E+02
    0.113416490556984400E-45    0.217792066001656394E+03    0.305542707443237305E+02
    0.120832825228525253E-44    0.213040213454633431E+03    0.311286158232973342E+02
    0.138588311457700964E-43    0.208140843729305175E+03    0.305610713795972586E+02
    0.189245370163346341E-43    0.207497770374094216E+03    0.305615303512725092E+02
    0.299248755896388967E-41    0.197350968483846344E+03    0.305688739486751508E+02
    0.333655812768321066E-41    0.197113298935989803E+03    0.305690483170156568E+02
    0.439123420795529901E-41    0.196543957829240469E+03    0.305694664709792399E+02
    0.640358313927300424E-41    0.195769463087496320E+03    0.305700363285124155E+02
    0.137882980948241072E-39    0.189610367763339809E+03    0.305746111154801845E+02
    0.485293017289229392E-39    0.187073672750186063E+03    0.311096965488703283E+02
    0.227415640267037633E-38    0.183964449584709428E+03    0.305788743022478897E+02
    0.316958579789382263E-37    0.178675295909511476E+03    0.305829314652239717E+02
    0.723462252291517257E-37    0.177004741372021840E+03    0.311019885540008545E+02
    0.264812966298412950E-36    0.174389620349458113E+03    0.310999487807419008E+02
    0.502286841143660873E-34    0.163878984849562841E+03    0.310915817303960083E+02
    0.515702567301617024E-34    0.163806267197318277E+03    0.305946918061809683E+02
    0.252556171850064904E-33    0.160608889996495833E+03    0.305972941954790585E+02
    0.210512543178420084E-32    0.156347896706215067E+03    0.310854089514687679E+02
    0.817413591460336939E-32    0.153614696786670351E+03    0.306030852135133280E+02
    0.951419814097331461E-32    0.153291076363932177E+03    0.306033565489551300E+02
    0.730507307071082935E-30    0.144589168344073329E+03    0.306107713409704090E+02
    0.542670747123243499E-29    0.140558471071767030E+03    0.306142872576524852E+02
    0.248680338096133869E-28    0.137493969862122441E+03    0.306169969570181593E+02
    0.286354300481682441E-28    0.137191846726054280E+03    0.310689488061083452E+02
    0.709653435693622397E-28    0.135356752975798429E+03    0.306189061146515229E+02
    0.124191731707760912E-27    0.134217483064296715E+03    0.310662841796875000E+02
    0.232361966518498328E-27    0.132944543541403334E+03    0.310651340270362581E+02
    0.294721953120621620E-27    0.132449071493894991E+03    0.306215299339257783E+02
    0.118721658058257518E-26    0.129642402577181400E+03    0.310621222531495498E+02
    0.150262436784438780E-26    0.129151199380213882E+03    0.310616706970142999E+02
    0.465414210507462974E-26    0.126870110499338026E+03    0.306266532878446966E+02
    0.733155937812419684E-26    0.125941249231208758E+03    0.306275181162347181E+02
    0.209947256171749574E-25    0.123817083205915978E+03    0.306295090080981396E+02
    0.779097927241675077E-25    0.121174522388322558E+03    0.306320119773401061E+02
    0.817475127154941050E-25    0.121058354928464652E+03    0.310540919779861113E+02
    0.122972579351669711E-24    0.120221702899258318E+03    0.306329217757407690E+02
    0.171237529582420450E-24    0.119539522387028228E+03    0.306335755815116251E+02
    0.379204371611596885E-24    0.117929475098444541E+03    0.310510878579118206E+02
    0.127784121186237855E-23    0.115479770936398367E+03    0.310487051976260950E+02
    0.160091255473065563E-23    0.115008967511399248E+03    0.306379705588771358E+02
    0.101689971503496684E-22    0.111291427944972682E+03    0.306416484526961099E+02
    0.183369448312365420E-22    0.110092279402214402E+03    0.310433654469843354E+02
    0.456433288687254127E-22    0.108248400218410467E+03    0.306447097684703209E+02
    0.724391004669042242E-22    0.107304622707515477E+03    0.310405458064323980E+02
    0.179789986516472070E-21    0.105466536281847851E+03    0.306475502763961387E+02
    0.541306324128425443E-21    0.103242144464217589E+03    0.306498515966680074E+02
    0.661736421127397301E-21    0.102820380495621450E+03    0.306502910446373917E+02
    0.179741462843623695E-20    0.100801905950420249E+03    0.306524081707660798E+02
    0.197283924188012017E-20    0.100595657090779852E+03    0.310335888427255355E+02
    0.451799117437648536E-20    0.989184696509520478E+02    0.310318095877399180E+02
    0.800346552698792269E-20    0.977548553026615252E+02    0.310305652376143648E+02
    0.142817769967467549E-19    0.965766358027328664E+02    0.306569178720248345E+02
    0.190436715822739920E-19    0.959811348882152799E+02    0.306575622725099350E+02
    0.360730142963621034E-19    0.946835144613978343E+02    0.306589742579823010E+02
    0.583904280482242072E-19    0.937003006339345177E+02    0.310261632884186369E+02
    0.654271634755122268E-19    0.934527295483797644E+02    0.310258910713079032E+02
    0.103125865669750339E-18    0.925227041021821179E+02    0.310248648181452573E+02
    0.168859318872355607E-18    0.915164727090667895E+02    0.310237479077768334E+02
    0.662389005122721271E-18    0.887628985713946577E+02    0.306655591275172945E+02
    0.731400234909631095E-18    0.885446829263814550E+02    0.310204081692742406E+02
    0.142976591516229015E-17    0.871840725518407424E+02    0.310188579178530972E+02
    0.645130340513182898E-17    0.841505296447884916E+02    0.310153513360367370E+02
    0.857494544663518433E-17    0.835614047599570711E+02    0.310146620341670634E+02
    0.120061064042130656E-16    0.828682632474500593E+02    0.306723672025239722E+02
    0.144677844739148767E-16    0.824752451877329804E+02    0.310133838653564453E+02
    0.159196774849675355E-16    0.822639821787455645E+02    0.310131341394632827E+02
    0.213171947915128668E-16    0.816600659936884767E+02    0.310124182419375352E+02
    0.424429346409056294E-16    0.802627731035035055E+02    0.306754645312835663E+02
    0.505163674500947178E-16    0.798944992388190371E+02    0.306759069523092620E+02
    0.650667250458871644E-16    0.793682674571395381E+02    0.310096734943913717E+02
    0.837404528210127442E-16    0.788436496861235270E+02    0.306771758619723371E+02
    0.212628450960760425E-15    0.769600014604988445E+02    0.310067396593054347E+02
    0.144552166367552436E-13    0.685014727395730887E+02    0.309959896882996944E+02
    0.781005776799761574E-13    0.651075885572616357E+02    0.306947570992097383E+02
    0.825130919392132741E-13    0.649776695223935405E+02    0.309912813225966133E+02
    0.874803725016286530E-13    0.648407545563709533E+02    0.309910953590200222E+02
    0.973068117856018911E-13    0.646078454746084105E+02    0.309907784742270351E+02
    0.150411667389446438E-12    0.637168314957702648E+02    0.309895598751469272E+02
    0.255441275031806770E-12    0.626375983844274771E+02    0.306981445280096281E+02
    0.264945135603603796E-12    0.625445379260528114E+02    0.306982737030090469E+02
    0.500142305238645934E-12    0.612537981274282544E+02    0.309861372896376253E+02
    0.632840975407364353E-12    0.607631451304451176E+02    0.307007690100346906E+02
    0.809865714589643525E-12    0.602498465653084878E+02    0.309847184887340603E+02
    0.868579608494373238E-12    0.600898649771694977E+02    0.309844910849393429E+02
    0.152289306464703931E-11    0.589468491906320793E+02    0.307033590740798488E+02
    0.193998807912893362E-11    0.584427092497202807E+02    0.307040865403608620E+02
    0.206876520785113342E-11    0.582941690835884856E+02    0.307043016087243394E+02
    0.229142836113447579E-11    0.580697221830575501E+02    0.307046272146015653E+02
    0.252225975573920735E-11    0.578577624499341994E+02    0.309812792579146503E+02
    0.254418589796126590E-11    0.578204514744628995E+02    0.309812249355702676E+02
    0.343186025344026277E-11    0.572018679820709437E+02    0.307058934831643455E+02
    0.351624829485489086E-11    0.571332837144972672E+02    0.309802206159836899E+02
    0.662730609270973064E-11    0.558456761047375636E+02    0.309783186489434001E+02
    0.848078625320004767E-11    0.553324665781882885E+02    0.307086615963788070E+02
    0.119863660601264029E-10    0.546205332218533428E+02    0.309764837723675441E+02
    0.211858037168883343E-10    0.534614102635235824E+02    0.309747242253061010E+02
    0.337799962759138897E-10    0.525083353040065006E+02    0.309732596394341542E+02
    0.861728627499418950E-10    0.506153622846387492E+02    0.309703007151506959E+02
    0.140964210510795697E-09    0.496110608422866193E+02    0.309687025823232034E+02
    0.184819597500049946E-09    0.490493125049488228E+02    0.307184149209492645E+02
    0.190579330416919234E-09    0.489679358252401968E+02    0.309676684163911276E+02
    0.192419231314856524E-09    0.489287199300844549E+02    0.309676050780744916E+02
    0.389324775482780633E-09    0.474992451188792941E+02    0.309652738942405072E+02
    0.503971817347699349E-09    0.469630322091812218E+02    0.309643878835457436E+02
    0.804587912525308176E-09    0.460074124333921830E+02    0.309627926069217487E+02
    0.914458228687697333E-09    0.457314093260344947E+02    0.309623278845747194E+02
    0.243719567534625500E-08    0.437508662184002830E+02    0.307272762179129550E+02
    0.282494340109601784E-08    0.434355856895360404E+02    0.307278249725467916E+02
    0.403348630974748802E-08    0.427033001658071214E+02    0.309571049391028197E+02
    0.431380412101634264E-08    0.425489220652795410E+02    0.309568322385281967E+02
    0.570991097556582678E-08    0.419681554831565791E+02    0.309558004350692570E+02
    0.700864819414242930E-08    0.415382726626844487E+02    0.309550305691902352E+02
    0.874970434459482782E-08    0.410745225270919434E+02    0.309541940689086914E+02
    0.202308923608143200E-07    0.393781408263635413E+02    0.307351356846156847E+02
    0.353622060445504676E-07    0.382412751003886697E+02    0.307372746263035310E+02
    0.526804260789638220E-07    0.374240744185075798E+02    0.307388392407467492E+02
    0.596586409967773570E-07    0.371552843489275730E+02    0.309468556440569742E+02
    0.756566394830078471E-07    0.366601519439382812E+02    0.307403233849191722E+02
    0.117402472731349435E-06    0.357613464090713222E+02    0.307420974972880430E+02
    0.124614422411642715E-06    0.356221136496168640E+02    0.309438395500183105E+02
    0.128711938669256092E-06    0.355374086006055450E+02    0.307425443885431164E+02
    0.174218933526998252E-06    0.349119368543978226E+02    0.307438032351954043E+02
    0.173573610261757431E-06    0.348993587962116294E+02    0.309423859537028214E+02
    0.336000423008111760E-06    0.335583375104806692E+02    0.309396309361061945E+02
    0.641526927110018222E-06    0.322448600315015028E+02    0.307493606166315914E+02
    0.688078882064169812E-06    0.320847553772627379E+02    0.309365099214125827E+02
    0.861364309780849226E-06    0.316155272703997809E+02    0.307507206903344681E+02
    0.112323511799607275E-05    0.310646257507010901E+02    0.309342867532279335E+02
    0.186862470449640538E-05    0.300266463740507845E+02    0.307542470533722359E+02
    0.233644742694558827E-05    0.295597886260808203E+02    0.307553101159164868E+02
    0.236323318707814163E-05    0.295169904383949024E+02    0.309308064529637576E+02
    0.239520320953536215E-05    0.294701156410092473E+02    0.307555157836543387E+02
    0.305902225561902418E-05    0.289608611091506312E+02    0.309295216103382984E+02
    0.354466942172711728E-05    0.286461619830370857E+02    0.309287860153538894E+02
    0.443096902435314824E-05    0.281798151872954463E+02    0.309276841866525487E+02
    0.118508100112459217E-04    0.261922593490978173E+02    0.309228176267196631E+02
    0.129371625185600330E-04    0.259968438200198015E+02    0.309223230080192906E+02
    0.143786266132861512E-04    0.257655661083341307E+02    0.309217335977493164E+02
    0.147387999051750548E-04    0.256960848585721706E+02    0.309215556600346630E+02
    0.222816910923693215E-04    0.248495211623654697E+02    0.309193543113787008E+02
    0.401459522006708468E-04    0.236520085535654090E+02    0.309161271307902936E+02
    0.458963181081386014E-04    0.233642819936664452E+02    0.309153302526484310E+02
    0.554961448962583949E-04    0.229644246763243203E+02    0.307720066756601049E+02
    0.551659067404009618E-04    0.229563615284353517E+02    0.307720294883768588E+02
    0.566973272119651947E-04    0.228815976493389819E+02    0.309139733033360429E+02
    0.615654886342255678E-04    0.226968488621532209E+02    0.309134470002858706E+02
    0.613967892607287738E-04    0.226823367071161108E+02    0.309134054918764605E+02
    0.809527498521985699E-04    0.221093204917301662E+02    0.307744682065005755E+02
    0.907076250650160065E-04    0.218617689450236092E+02    0.309110171993686897E+02
    0.100755262969105875E-03    0.216316629156082598E+02    0.307758824314703041E+02
    0.112502257465170306E-03    0.213911052147462080E+02    0.307766060490753830E+02
    0.112507026039303877E-03    0.213710204435926059E+02    0.307766668222141178E+02
    0.123216315051119681E-03    0.211691688509573126E+02    0.309089339611314600E+02
    0.122608993551913365E-03    0.211590510349890835E+02    0.307773116282482135E+02
    0.133968838423134456E-03    0.209618373426944586E+02    0.307779172748526868E+02
    0.160334916033624022E-03    0.205825220849456230E+02    0.307790982671351294E+02
    0.174519785351070404E-03    0.203929755537150612E+02    0.307796966586713658E+02
    0.175259443398117874E-03    0.203645169708288449E+02    0.307797869896393550E+02
    0.191605712474863225E-03    0.201661724309880803E+02    0.309057944936940068E+02
    0.208098232452068728E-03    0.199810313111057347E+02    0.309051976328737936E+02
    0.219382612780181558E-03    0.198554171988468298E+02    0.307814252800153056E+02
    0.223602817492260590E-03    0.197973091067605367E+02    0.309045996197783275E+02
    0.251797727653332935E-03    0.195397995960294253E+02    0.309037515056944265E+02
    0.250364691296759681E-03    0.195312145501767098E+02    0.307824916414418723E+02
    0.278149778173518566E-03    0.193007323123180328E+02    0.309029533737351407E+02
    0.283396540403156355E-03    0.192433575509214307E+02    0.309027602377729593E+02
    0.281489466823488178E-03    0.192368617326548943E+02    0.309027383320116869E+02
    0.279426638470546063E-03    0.192315722223935026E+02    0.307834941793482102E+02
    0.303791573896845281E-03    0.190443680821760957E+02    0.309020854954011206E+02
    0.364320875024525556E-03    0.186609817821174460E+02    0.307854514342580288E+02
    0.399409157124053932E-03    0.184570790945070016E+02    0.307861671813896898E+02
    0.398169351965196655E-03    0.184432969458825440E+02    0.307862158849158476E+02
    0.406622803941559684E-03    0.183812798221829148E+02    0.308997791079567250E+02
    0.424040171797124635E-03    0.182773953992496772E+02    0.307868054556692030E+02
    0.436667101443955841E-03    0.181987095439471105E+02    0.308991274137273670E+02
    0.450996543983808848E-03    0.181141324374141668E+02    0.308988229277525051E+02
    0.579852078785390488E-03    0.175915057214742738E+02    0.307893114618911952E+02
    0.597650162688205056E-03    0.175110406492723953E+02    0.308966015204110178E+02
    0.635880458415888057E-03    0.173670306159303891E+02    0.307901573707389886E+02
    0.722236990902658011E-03    0.170923451357855178E+02    0.308950034198595134E+02
    0.732609495995839729E-03    0.170438261657306782E+02    0.307913996310473053E+02
    0.740368024864550994E-03    0.170027570034101885E+02    0.308946550405375184E+02
    0.905611905223635484E-03    0.165798300831666161E+02    0.308929775623276335E+02
    0.904422358695796042E-03    0.165624588658870486E+02    0.308929074538401629E+02
    0.923788147865557512E-03    0.165000862540429196E+02    0.307935597609755689E+02
    0.927348371852764549E-03    0.164723931890766657E+02    0.307936723039728442E+02
    0.988389825726574680E-03    0.163248974295839453E+02    0.308919385800323418E+02
    0.112635230441021552E-02    0.160435725081037468E+02    0.307954489140146315E+02
    0.118187205549723684E-02    0.159273418942925371E+02    0.307959419852215497E+02
    0.119632498539904157E-02    0.158830325413030913E+02    0.307961313160053152E+02
    0.127744307653818211E-02    0.157318202651421384E+02    0.307967832615315373E+02
    0.135052835854000209E-02    0.156005494472248838E+02    0.307973567629131857E+02
    0.137228104621588305E-02    0.155485925273690562E+02    0.308886289174450290E+02
    0.165080849489696469E-02    0.151590109027614730E+02    0.308868737782910046E+02
    0.167523592143954615E-02    0.151096332244235683E+02    0.307995683970123721E+02
    0.178958986371380540E-02    0.149575682980177440E+02    0.308859380407696307E+02
    0.178668394907608948E-02    0.149408185136660556E+02    0.308858593126950183E+02
    0.182250339879662685E-02    0.148811191327665409E+02    0.308006371436689790E+02
    0.183527716006798790E-02    0.148471502103624058E+02    0.308007983190674395E+02
    0.181912641859257760E-02    0.148448284402375172E+02    0.308854053098668544E+02
    0.188941068262881329E-02    0.147490112877496280E+02    0.308849472121262707E+02
    0.191797224517665718E-02    0.146990042210909397E+02    0.308015085406156075E+02
    0.212017807981569042E-02    0.144785410622440249E+02    0.308025884963059795E+02
    0.214820925067628820E-02    0.144322720555465942E+02    0.308028188237276979E+02
    0.231941222472895146E-02    0.142589136280436062E+02    0.308825208971120908E+02
    0.240733224939644738E-02    0.141645028645374040E+02    0.308041785354632864E+02
    0.252324931770400111E-02    0.140504462669160883E+02    0.308047723499246082E+02
    0.250202110060844789E-02    0.140473435413709105E+02    0.308047886322579956E+02
    0.252756573905786684E-02    0.140070278701970157E+02    0.308812138362757409E+02
    0.269015578477268700E-02    0.138623430233988287E+02    0.308804423666119625E+02
    0.267602191831086593E-02    0.138528785665192604E+02    0.308803913452159513E+02
    0.284313326294748179E-02    0.137117278211253595E+02    0.308065927028656006E+02
    0.289421603582597263E-02    0.136561126824165395E+02    0.308793143297918000E+02
    0.301451064631288882E-02    0.135546662110980716E+02    0.308074683278403256E+02
    0.305440202437901737E-02    0.135083735588547569E+02    0.308077305464086990E+02
    0.302961318836620199E-02    0.135046713308488897E+02    0.308077516011714536E+02
    0.307055672389385317E-02    0.134578234554897929E+02    0.308080191188802033E+02
    0.310619735450557571E-02    0.134147427074394390E+02    0.308082669379124034E+02
    0.308321700549541583E-02    0.134095941639882437E+02    0.308779179950954799E+02
    0.310034589928573487E-02    0.133785138610199468E+02    0.308084767145801237E+02
    0.326633598534949903E-02    0.132542035065628347E+02    0.308770082890933466E+02
    0.325541903010461396E-02    0.132408992290581615E+02    0.308769292645199442E+02
    0.343787622302823941E-02    0.131118334249764761E+02    0.308100618341714139E+02
    0.345589979124303259E-02    0.130813755225183286E+02    0.308102477375646799E+02
    0.344320138349485296E-02    0.130687378856820740E+02    0.308103251823280182E+02
    0.347810269717264021E-02    0.130285673460866622E+02    0.308756420917980705E+02
    0.354803182123510433E-02    0.129687551660060940E+02    0.308752702077328429E+02
    0.351782888707763940E-02    0.129658532206407457E+02    0.308109626123038609E+02
    0.354357108745589726E-02    0.129312712315134206E+02    0.308750349423922756E+02
    0.373748633468330748E-02    0.128047146675062038E+02    0.308742274817549429E+02
    0.374335640748260992E-02    0.127815759441262848E+02    0.308740775749543914E+02
    0.376364576288137865E-02    0.127507650215549493E+02    0.308738768292538026E+02
    0.376153166471485416E-02    0.127318887682001147E+02    0.308124614744745529E+02
    0.375764790501245454E-02    0.127139548234189164E+02    0.308736352652422141E+02
    0.378226093942265074E-02    0.126808973064940531E+02    0.308734166871007929E+02
    0.375224288817917022E-02    0.126768337029741023E+02    0.308128249582298643E+02
    0.377287842904368374E-02    0.126458647940517324E+02    0.308731833165129679E+02
    0.387710843043980380E-02    0.125713619805588213E+02    0.308726808907512194E+02
    0.396500484068792146E-02    0.125065270805013480E+02    0.308722366114340936E+02
    0.400364851845899650E-02    0.124671290823879826E+02    0.308142513709498367E+02
    0.408911078303232992E-02    0.124048861644710691E+02    0.308146885233696217E+02
    0.413356159956996747E-02    0.123632624161415716E+02    0.308712300157755628E+02
    0.425293022232592095E-02    0.122863248134986947E+02    0.308155403906397822E+02
    0.425100519552668032E-02    0.122672302892519856E+02    0.308156800590317985E+02
    0.421106261029504172E-02    0.122661111976990824E+02    0.308156882667847007E+02
    0.419303027570425146E-02    0.122546938549867921E+02    0.308157721458311578E+02
    0.415730236409845438E-02    0.122518084448687716E+02    0.308704212830090015E+02
    0.424351460711641648E-02    0.121907575470727387E+02    0.308699679651594820E+02
    0.420666854944479716E-02    0.121881992003525372E+02    0.308699488016757790E+02
    0.430061186362726711E-02    0.121240266194953747E+02    0.308694635544444473E+02
    0.430675486799770961E-02    0.121011718530586734E+02    0.308169261035795792E+02
    0.434459450904484124E-02    0.120636763708175412E+02    0.308172157540586866E+02
    0.435032302809645888E-02    0.120410410290303389E+02    0.308688224776557831E+02
    0.449042274607697450E-02    0.119576475321360487E+02    0.308681617305428091E+02
    0.444724578635380917E-02    0.119569712720814163E+02    0.308180583665427434E+02
    0.449279864341010048E-02    0.119165896054589542E+02    0.308678299318550273E+02
    0.464215141366529534E-02    0.118311853813500676E+02    0.308671250812602125E+02
    0.483996685356734291E-02    0.117277254878452286E+02    0.308662424686984487E+02
    0.479888242301633461E-02    0.117247751078487692E+02    0.308199978629023974E+02
    0.481585677219669491E-02    0.116977132972386020E+02    0.308659800637991850E+02
    0.483784894101218794E-02    0.116686008558555052E+02    0.308657226167110181E+02
    0.479600037084850026E-02    0.116659766034027914E+02    0.308656992657809930E+02
    0.478417590843042626E-02    0.116509136601240275E+02    0.308206499035079204E+02
    0.477919636389475839E-02    0.116329964170611877E+02    0.308654037190891657E+02
    0.481034811467706373E-02    0.116000023231572129E+02    0.308211105930002418E+02
    0.477758958437205037E-02    0.115936689358542182E+02    0.308211685794932393E+02
    0.475486662736900739E-02    0.115832039390213328E+02    0.308649499366447522E+02
    0.477207968887797054E-02    0.115559768256660380E+02    0.308215168977061964E+02
    0.473077153472642800E-02    0.115533646236500775E+02    0.308215412458929379E+02
    0.476049843300105531E-02    0.115208364812290469E+02    0.308643678934323731E+02
    0.473196698331935627E-02    0.115128592948398207E+02    0.308642922930110899E+02
    0.470037829639159254E-02    0.115062552442405295E+02    0.308642295011746448E+02
    0.475962218562162725E-02    0.114612046477332434E+02    0.308637960728535035E+02
    0.471527042929818091E-02    0.114599286933003235E+02    0.308224310029850983E+02
    0.468792988808120273E-02    0.114515590392848097E+02    0.308225125800254034E+02
    0.468335169574995470E-02    0.114335131765730829E+02    0.308635250899436286E+02
    0.465125151086935584E-02    0.114272685813634798E+02    0.308227511844757167E+02
    0.466853539441988447E-02    0.113998504274760268E+02    0.308230239177026490E+02
    0.477341711462390527E-02    0.113354163830689885E+02    0.308236799203089973E+02
    0.478371095507256275E-02    0.113111080409167197E+02    0.308239332332180780E+02
    0.489071696140575603E-02    0.112468634111547683E+02    0.308246194155888702E+02
    0.485710149743088810E-02    0.112406575118028620E+02    0.308615276144786890E+02
    0.483728578745519153E-02    0.112288336809575497E+02    0.308613980552688645E+02
    0.480541177394021735E-02    0.112220557609417106E+02    0.308613233709390471E+02
    0.480338831464623747E-02    0.112028980968443204E+02    0.308251040659312885E+02
    0.476813716518373950E-02    0.111976298379524479E+02    0.308610516490329694E+02
    0.475295210699502521E-02    0.111840093899679065E+02    0.308253163391126819E+02
    0.472169753002270060E-02    0.111772044701193494E+02    0.308608212309058132E+02
    0.467872630515796684E-02    0.111754894006412364E+02    0.308254129209748911E+02
    0.465291225073005427E-02    0.111665546043007886E+02    0.308255147746223201E+02
    0.466514905899722328E-02    0.111413016595540597E+02    0.308258058916283275E+02
    0.462341158792768658E-02    0.111392754893281190E+02    0.308603852056989467E+02
    0.457807068841908915E-02    0.111389859077692961E+02    0.308603818343838014E+02
    0.455097940359804401E-02    0.111308563057080558E+02    0.308602869193787761E+02
    0.465544939684101738E-02    0.110654643388943157E+02    0.308595034802976045E+02
    0.462709441054226164E-02    0.110576830044154875E+02    0.308594077480326874E+02
    0.458561658377745936E-02    0.110556920821116389E+02    0.308268315040368392E+02
    0.454237487091082703E-02    0.110546412831742700E+02    0.308268444945456466E+02
    0.455653704757227971E-02    0.110284154011238567E+02    0.308590425254312919E+02
    0.452800422049846017E-02    0.110209786864037422E+02    0.308589483831051510E+02
    0.450908461056849681E-02    0.110093529042187832E+02    0.308588000793091268E+02
    0.448892173038126317E-02    0.109983161848260700E+02    0.308275566864144679E+02
    0.447571300264466843E-02    0.109842098939123307E+02    0.308277402181165598E+02
    0.446334893311196423E-02    0.109697425001326039E+02    0.308582839144351873E+02
    0.443686054474156082E-02    0.109616471487337872E+02    0.308280384199176822E+02
    0.440252488354874339E-02    0.109571848053568068E+02    0.308280980984587387E+02
    0.438442726416259521E-02    0.109454232228065749E+02    0.308282565446934278E+02
    0.436875515324522921E-02    0.109325850192443692E+02    0.308577832204726050E+02
    0.435330822464808590E-02    0.109196690974390336E+02    0.308286095375805758E+02
    0.432671834646714340E-02    0.109119224983415357E+02    0.308287174084333486E+02
    0.429994812581778463E-02    0.109043353146555138E+02    0.308573908185719006E+02
    0.426822622101700067E-02    0.108991445603384900E+02    0.308573175381239224E+02
    0.422864738435464130E-02    0.108977768831230595E+02    0.308289165007095036E+02
    0.419714852426606756E-02    0.108927304885362286E+02    0.308289882055129780E+02
    0.417691257323208123E-02    0.108823965228236670E+02    0.308570784772578577E+02
    0.417411090732428339E-02    0.108637384737926297E+02    0.308294074261388893E+02
    0.416507195435920127E-02    0.108480741295300565E+02    0.308565753084183996E+02
    0.415994748561072155E-02    0.108305363312979441E+02    0.308563108028196211E+02
    0.412925690655362772E-02    0.108253463023615666E+02    0.308562315044649011E+02
    0.412218046597204180E-02    0.108087767070277838E+02    0.308302395998687935E+02
    0.410276823811917164E-02    0.107982173805667330E+02    0.308558089474290114E+02
    0.407694822096767856E-02    0.107908437854249399E+02    0.308556916450641125E+02
    0.404466671840874800E-02    0.107867429250930691E+02    0.308556259311620558E+02
    0.402794619998384819E-02    0.107750279958651252E+02    0.308307783907596686E+02
    0.401269914709501130E-02    0.107626129945838027E+02    0.308309826159000337E+02
    0.399215288381112466E-02    0.107528799218548876E+02    0.308311451616275818E+02
    0.396629753521954721E-02    0.107458751348400838E+02    0.308312635244091311E+02
    0.393143867251424372E-02    0.107435303657356389E+02    0.308549112575900608E+02
    0.389431074849093091E-02    0.107425078211056917E+02    0.308548938213402693E+02
    0.387596628650046160E-02    0.107319512404276214E+02    0.308315023864956110E+02
    0.384910198311511596E-02    0.107258614924754472E+02    0.308316084145939229E+02
    0.384817650741820427E-02    0.107063424290571128E+02    0.308319550508940630E+02
    0.383159863805154202E-02    0.106949770022325765E+02    0.308321619437665362E+02
    0.380454675920051302E-02    0.106891474982681203E+02    0.308322695946642575E+02
    0.377352967685171559E-02    0.106855195978733644E+02    0.308323371326812605E+02
    0.374933486965977865E-02    0.106783843200623778E+02    0.308537434515243092E+02
    0.371476060466327833E-02    0.106769127605923071E+02    0.308537155877302993E+02
    0.369649726429251407E-02    0.106667698605138845E+02    0.308326931621109210E+02
    0.368569005429283990E-02    0.106526256955144625E+02    0.308532446583228044E+02
    0.365116423135549957E-02    0.106514490639229304E+02    0.308532212864017126E+02
    0.362093730693806293E-02    0.106480753986003620E+02    0.308330606952140940E+02
    0.358563805657821947E-02    0.106476683569127406E+02    0.308531458203327915E+02
    0.356645020301338007E-02    0.106383997119542464E+02    0.308529583647745653E+02
    0.354380456042887758E-02    0.106311394631496992E+02    0.308528089989721899E+02
    0.351886993389056556E-02    0.106252614392688383E+02    0.308335283038507058E+02
    0.348958187385779717E-02    0.106219773881436588E+02    0.308526171589972797E+02
    0.346488205604229219E-02    0.106161840455778087E+02    0.308524938319821338E+02
    0.344074394180218747E-02    0.106101658120707807E+02    0.308523639777081868E+02
    0.341503300833612957E-02    0.106051669150475298E+02    0.308522547160791163E+02
    0.338244608464363617E-02    0.106043429495094532E+02    0.308339780866609274E+02
    0.335768687208132461E-02    0.105990366204433126E+02    0.308340957505875011E+02
    0.332500348267354955E-02    0.105985997893266344E+02    0.308521091621567898E+02
    0.331490037288734163E-02    0.105846860928652706E+02    0.308517927236588427E+02
    0.328566397377158320E-02    0.105824037235299784E+02    0.308517397084572025E+02
    0.325432269579321127E-02    0.105815728867041692E+02    0.308344943390235890E+02
    0.322336069845920907E-02    0.105806922114647115E+02    0.308345149290709273E+02
    0.319258255118795792E-02    0.105798808995007594E+02    0.308345339411765913E+02
    0.317747524449642172E-02    0.105693673660290681E+02    0.308514304277799774E+02
    0.315192818681617019E-02    0.105655124556512519E+02    0.308348779220413540E+02
    0.312125473005547566E-02    0.105650710762884721E+02    0.308348887165898375E+02
    0.309907512329989478E-02    0.105593337930742770E+02    0.308511843253950246E+02
    0.307190992200797675E-02    0.105569422471974299E+02    0.308511245509696650E+02
    0.330720666989669848E-02    0.104093000457123956E+02    0.308453176032142018E+02
    0.329945522777258570E-02    0.104139931544568647E+02    0.308457098592161785E+02
    0.312628071549261258E-02    0.105218198427820937E+02    0.308360258474546924E+02
    0.330305752873043127E-02    0.104118107724164943E+02    0.308406793193310165E+02
    0.323882685290498989E-02    0.104510855355605266E+02    0.308477650050840850E+02
    0.331922918134902774E-02    0.104020427358015706E+02    0.308445094639249753E+02
    0.332372779646000500E-02    0.103993339325901726E+02    0.308440434571884481E+02
    0.329953491928705340E-02    0.104139448491782165E+02    0.308457061233805163E+02
    0.326687879612340502E-02    0.104338378341824747E+02    0.308469486681777454E+02
    0.321205038652279395E-02    0.104676889333127150E+02    0.308484339440267306E+02
    0.331591667105438906E-02    0.104040396839582634E+02    0.308414432244086605E+02
    0.329729559164929466E-02    0.104153026695557820E+02    0.308458091671503070E+02
    0.313938414057012526E-02    0.105134546049460731E+02    0.308362675638923918E+02
    0.332585160956534428E-02    0.103980563701773487E+02    0.308437093432211462E+02
    0.330837027407063266E-02    0.104085964915427169E+02    0.308409620414594059E+02
    0.332455493096328776E-02    0.103988362795621914E+02    0.308422850557367667E+02
    0.332710465685926750E-02    0.103973029924255282E+02    0.308433509768831300E+02
    0.310776028283338453E-02    0.105337032982495717E+02    0.308356960126068103E+02
    0.332688369220760817E-02    0.103974358238283813E+02    0.308427714847159251E+02
    0.323162065116017671E-02    0.104555403771891449E+02    0.308479535595707830E+02
    0.325021827555610054E-02    0.104440635875682588E+02    0.308387634581341281E+02
    0.326787819351950825E-02    0.104332260915236574E+02    0.308469165030658985E+02
    0.332734385145111878E-02    0.103971592121608545E+02    0.308430682831478293E+02
    0.318289198734065994E-02    0.104859274721751436E+02    0.308490830682559043E+02
    0.321224694509515034E-02    0.104675665488324992E+02    0.308484293208524036E+02
    0.314371260016940539E-02    0.105106989827026887E+02    0.308363490812790566E+02
    0.323307464215455160E-02    0.104546407270414328E+02    0.308479160770235232E+02
    0.324514769111186423E-02    0.104471861740400733E+02    0.308386212056364428E+02
    0.330214760397325733E-02    0.104123618073924842E+02    0.308455805733071173E+02
    0.310545422812659932E-02    0.105351879112843250E+02    0.308356558318346146E+02
    0.326989557115127047E-02    0.104319918012172579E+02    0.308468507634408375E+02
    0.332734172947598021E-02    0.103971604876381729E+02    0.308431524783690882E+02
    0.331038310697366394E-02    0.104073800492012634E+02    0.308410792919531644E+02
    0.323987184243842725E-02    0.104504403507222499E+02    0.308477370605792736E+02
    0.310030830127078173E-02    0.105385047820223825E+02    0.308355668348551575E+02
    0.332704086688121424E-02    0.103973413384327369E+02    0.308428338617493907E+02
    0.322557267691038745E-02    0.104592868817220470E+02    0.308481066308821497E+02
    0.326699110730707372E-02    0.104337690778801040E+02    0.308469450664541576E+02
    0.330845537287274578E-02    0.104085450476591053E+02    0.308409668699634807E+02
    0.332726305047598885E-02    0.103972077806045320E+02    0.308432524616214465E+02
    0.322174269784161272E-02    0.104616630518311027E+02    0.308380133365829003E+02
    0.322253897475069384E-02    0.104611687985047634E+02    0.308380328890473692E+02
    0.330450158560331199E-02    0.104109365876406166E+02    0.308407528476298012E+02
    0.327268266574680302E-02    0.104302878278518936E+02    0.308467580633128193E+02
    0.332620603880490803E-02    0.103978432456022869E+02    0.308436333413573962E+02
    0.332725081413401879E-02    0.103972151358176781E+02    0.308432623202177396E+02
    0.328778057645409769E-02    0.104210824185362014E+02    0.308462097300484679E+02
    0.327094215566223027E-02    0.104313517703443921E+02    0.308468162159721899E+02
    0.328419652290860365E-02    0.104232638344764084E+02    0.308398665997232442E+02
    0.323009447750023789E-02    0.104564851255464628E+02    0.308382220561657405E+02
    0.311832847412614076E-02    0.105269136735879627E+02    0.308358826199135478E+02
    0.332613664980713772E-02    0.103978849686469470E+02    0.308436490601544335E+02
    0.327079777311017504E-02    0.104314400542282844E+02    0.308468210004516443E+02
    0.317141981454310308E-02    0.104931491418821849E+02    0.308493213814046818E+02
    0.328854307473291614E-02    0.104206186346212473E+02    0.308461795155962655E+02
    0.332702301288978443E-02    0.103973520711168543E+02    0.308428260789579092E+02
    0.322110839491254091E-02    0.104620568544641213E+02    0.308379978114640494E+02
    0.315502701222519170E-02    0.105035137838080370E+02    0.308496482560174599E+02
    0.321779893046788288E-02    0.104641127714505568E+02    0.308482971537751034E+02
    0.329140540409638685E-02    0.104188786030369727E+02    0.308401512627049925E+02
    0.332627847285070933E-02    0.103977996925233285E+02    0.308425982520395152E+02
    0.312267963193408509E-02    0.105241249199513778E+02    0.308502539895952168E+02
    0.332463749122992617E-02    0.103987866132199347E+02    0.308422972952481160E+02
    0.328845641812196537E-02    0.104206713374448086E+02    0.308461829640121046E+02
    0.332659135968824040E-02    0.103976115710986612E+02    0.308435356919107306E+02
    0.331383979958929566E-02    0.104052927444845320E+02    0.308449165645262866E+02
    0.320628005549554018E-02    0.104712850913067914E+02    0.308376466228094124E+02
    0.332516948958436719E-02    0.103984666049206815E+02    0.308438335818149412E+02
    0.331875142418508939E-02    0.104023306288781896E+02    0.308445501701103844E+02
    0.309974877447609246E-02    0.105388657637290795E+02    0.308355572124326613E+02
    0.314616815249853634E-02    0.105091373935085848E+02    0.308498189516346386E+02
    0.325489968133030588E-02    0.104411849885246149E+02    0.308473158148257767E+02
    0.329933093522703476E-02    0.104140684971289890E+02    0.308404989922791550E+02
    0.325267881099662029E-02    0.104425500864162721E+02    0.308388341107106676E+02
    0.329125715617625478E-02    0.104189686869012430E+02    0.308401451397804323E+02
    0.317969505383280645E-02    0.104879373048147286E+02    0.308491503360826513E+02
    0.327808408713850356E-02    0.104269896352466240E+02    0.308465715936944562E+02
    0.310141038569663107E-02    0.105377939568507912E+02    0.308506288488859681E+02
    0.316808250567132688E-02    0.104952548650203727E+02    0.308493891675131024E+02
    0.328190586087831514E-02    0.104246592815707917E+02    0.308464335463120491E+02
    0.308084174483519652E-02    0.105511021923097914E+02    0.308352379912337966E+02
    0.314726412632618463E-02    0.105084408109188825E+02    0.308497980442992272E+02
    0.310625204680095015E-02    0.105346741595752604E+02    0.308356697118662417E+02
    0.324492125909806939E-02    0.104473257300390223E+02    0.308475997144880516E+02
    0.328703471161934232E-02    0.104215361893603369E+02    0.308462390100467765E+02
    0.329564109299757988E-02    0.104163064702992596E+02    0.308458828863314309E+02
    0.331331426064688248E-02    0.104056099478805884E+02    0.308449514904925088E+02
    0.313644290440856423E-02    0.105153292495822761E+02    0.308362126586067049E+02
    0.313036474762933177E-02    0.105192088380570610E+02    0.308361003981374999E+02
    0.311108710619011205E-02    0.105315634652766903E+02    0.308504603545859872E+02
    0.332712026325397920E-02    0.103972936110806540E+02    0.308433431053339220E+02
    0.314314459834306439E-02    0.105110603727008680E+02    0.308363383346346680E+02
    0.307352581385211040E-02    0.105558571468095757E+02    0.308510972824351057E+02
    0.332712098183132483E-02    0.103972931791291732E+02    0.308433427365603734E+02
    0.331806822307928158E-02    0.104027423930330265E+02    0.308446064711086763E+02
    0.327578272570351429E-02    0.104283942176681403E+02    0.308395624638768062E+02
    0.321889301214155384E-02    0.104634328683612292E+02    0.308482707371241176E+02
    0.332507943512077219E-02    0.103985207709915244E+02    0.308423662367110012E+02
    0.314233303144327396E-02    0.105115768438122767E+02    0.308363230058954656E+02
    0.326933592141000597E-02    0.104323341348650409E+02    0.308468691116301130E+02
