    0.200126504898071289E+02   -0.687029072313032375E+05   -0.460515351937698814E+01    1
    0.200147020816802979E+02   -0.686758713644949021E+05   -0.461515351937698259E+01    1
    0.201202619075775146E+02   -0.672919845064478432E+05   -0.462515351937698149E+01    1
    0.201878738403320312E+02   -0.664129942248659063E+05   -0.463515351937698661E+01    1
    0.206126379966735840E+02   -0.610230328740576297E+05   -0.464515351937698728E+01    1
    0.208985924720764160E+02   -0.575229273775832844E+05   -0.465515351937698174E+01    1
    0.399741995334625244E+02   -0.574807669339596468E+05   -0.466515351937698153E+01    1
    0.397864031791687012E+02   -0.552391892290809628E+05   -0.467515351937698398E+01    1
    0.396072292327880859E+02   -0.531420900262227151E+05   -0.468515351937698377E+01    1
    0.213578367233276367E+02   -0.521180535808520362E+05   -0.469515351937698444E+01    1
    0.215484428405761719E+02   -0.499530901648802392E+05   -0.470515351937698423E+01    1
    0.215671455860137939E+02   -0.497431329140954913E+05   -0.471515351937698135E+01    1
    0.216561985015869141E+02   -0.487494891056135675E+05   -0.472515351937698025E+01    1
    0.216796040534973145E+02   -0.484899959294760774E+05   -0.473515351937698448E+01    1
    0.391524052619934082E+02   -0.480009723148165649E+05   -0.474515351937698782E+01    1
    0.218858659267425537E+02   -0.462331495641457586E+05   -0.475515351937698494E+01    1
    0.387108016014099121E+02   -0.432595058070003870E+05   -0.476515351937698117E+01    1
    0.385644316673278809E+02   -0.417423394523331735E+05   -0.477515351937698451E+01    1
    0.224101150035858154E+02   -0.407390605476968049E+05   -0.478515351937698341E+01    1
    0.224959194660186768E+02   -0.398729224654607897E+05   -0.479515351937697876E+01    1
    0.383197879791259766E+02   -0.392670006735906281E+05   -0.480515351937698032E+01    1
    0.227155447006225586E+02   -0.376983534156759852E+05   -0.481515351937698277E+01    1
    0.227830064296722412E+02   -0.370426380773830970E+05   -0.482515351937698345E+01    1
    0.228209888935089111E+02   -0.366759871222255751E+05   -0.483515351937698323E+01    1
    0.380455577373504639E+02   -0.365822389168108348E+05   -0.484515351937698480E+01    1
    0.379710471630096436E+02   -0.358691917079534760E+05   -0.485515351937698814E+01    1
    0.379279267787933350E+02   -0.354597466649400740E+05   -0.486515351937698437E+01    1
    0.378798401355743408E+02   -0.350059171947181749E+05   -0.487515351937698149E+01    1
    0.378601789474487305E+02   -0.348212018369344514E+05   -0.488515351937698572E+01    1
    0.231489253044128418E+02   -0.335862104006682639E+05   -0.489515351937698817E+01    1
    0.377015864849090576E+02   -0.333491062187208518E+05   -0.490515351937698973E+01    1
    0.233068490028381348E+02   -0.321467706618710254E+05   -0.491515351937698775E+01    1
    0.374900376796722412E+02   -0.314349493135597040E+05   -0.492515351937698220E+01    1
    0.373933243751525879E+02   -0.305787023321990200E+05   -0.493515351937698199E+01    1
    0.373304748535156250E+02   -0.300286055452393812E+05   -0.494515351937698799E+01    1
    0.372691941261291504E+02   -0.294970478161964529E+05   -0.495515351937699045E+01    1
    0.236848902702331543E+02   -0.288290758705140033E+05   -0.496515351937698846E+01    1
    0.370755279064178467E+02   -0.278483677613752297E+05   -0.497515351937698824E+01    1
    0.239084601402282715E+02   -0.269520387605469441E+05   -0.498515351937698359E+01    1
    0.239272105693817139E+02   -0.267974866945985450E+05   -0.499515351937698426E+01    1
    0.241886103153228760E+02   -0.246891634967082427E+05   -0.500515351937698583E+01    1
    0.242241454124450684E+02   -0.244092240477127234E+05   -0.501515351937698384E+01    1
    0.366504704952239990E+02   -0.243960851817721268E+05   -0.502515351937698451E+01    1
    0.366190826892852783E+02   -0.241502114660024163E+05   -0.503515351937698608E+01    1
    0.365264320373535156E+02   -0.234317043488004783E+05   -0.504515351937698409E+01    1
    0.243534922599792480E+02   -0.234037317298480448E+05   -0.505515351937698298E+01    1
    0.244798696041107178E+02   -0.224417502701909361E+05   -0.506515351937698455E+01    1
    0.245117306709289551E+02   -0.222024112307581636E+05   -0.507515351937697989E+01    1
    0.362871170043945312E+02   -0.216260273182204219E+05   -0.508515351937698501E+01    1
    0.362017285823822021E+02   -0.209992803094613628E+05   -0.509515351937699013E+01    1
    0.361813831329345703E+02   -0.208513053774448563E+05   -0.510515351937699080E+01    1
    0.361616420745849609E+02   -0.207082264444422544E+05   -0.511515351937698348E+01    1
    0.361307489871978760E+02   -0.204853087233027181E+05   -0.512515351937698238E+01    1
    0.247877848148345947E+02   -0.201824305014301572E+05   -0.513515351937698394E+01    1
    0.360283386707305908E+02   -0.197549672126127698E+05   -0.514515351937697751E+01    1
    0.359823739528656006E+02   -0.194314795078124444E+05   -0.515515351937698085E+01    1
    0.359616839885711670E+02   -0.192867406089120996E+05   -0.516515351937698330E+01    1
    0.359275674819946289E+02   -0.190492567195091178E+05   -0.517515351937698220E+01    1
    0.250047266483306885E+02   -0.186625952100056056E+05   -0.518515351937698643E+01    1
    0.358546662330627441E+02   -0.185467247448110575E+05   -0.519515351937698533E+01    1
    0.251012432575225830E+02   -0.180055488039178090E+05   -0.520515351937697623E+01    1
    0.357667565345764160E+02   -0.179496701339875399E+05   -0.521515351937698224E+01    1
    0.357627439498901367E+02   -0.179226510762307007E+05   -0.522515351937697670E+01    1
    0.251555514335632324E+02   -0.176410178003156580E+05   -0.523515351937698092E+01    1
    0.251694416999816895E+02   -0.175483813736344600E+05   -0.524515351937698071E+01    1
    0.356931376457214355E+02   -0.174571904400541207E+05   -0.525515351937698583E+01    1
    0.356908297538757324E+02   -0.174418623633588068E+05   -0.526515351937698739E+01    1
    0.356877303123474121E+02   -0.174212877297102605E+05   -0.527515351937698007E+01    1
    0.355688273906707764E+02   -0.166411584789140361E+05   -0.528515351937697542E+01    1
    0.253309285640716553E+02   -0.164893003655486609E+05   -0.529515351937697609E+01    1
    0.355231797695159912E+02   -0.163464093753713532E+05   -0.530515351937697677E+01    1
    0.254287493228912354E+02   -0.158637943360809622E+05   -0.531515351937698188E+01    1
    0.255137479305267334E+02   -0.153301003861149802E+05   -0.532515351937698078E+01    1
    0.255578863620758057E+02   -0.150565643073412630E+05   -0.533515351937697613E+01    1
    0.353134095668792725E+02   -0.150257778135998888E+05   -0.534515351937697680E+01    1
    0.352649390697479248E+02   -0.147285380859915622E+05   -0.535515351937698103E+01    1
    0.256122171878814697E+02   -0.147232451251263774E+05   -0.536515351937698171E+01    1
    0.258197784423828125E+02   -0.134842169781224984E+05   -0.537515351937698238E+01    1
    0.259428358078002930E+02   -0.127753470482632674E+05   -0.538515351937698128E+01    1
    0.349136686325073242E+02   -0.126631662184070265E+05   -0.539515351937698018E+01    1
    0.348041737079620361E+02   -0.120512555824739993E+05   -0.540515351937698263E+01    1
    0.347840380668640137E+02   -0.119403777006136061E+05   -0.541515351937698153E+01    1
    0.261917376518249512E+02   -0.114000699858800181E+05   -0.542515351937697865E+01    1
    0.262001931667327881E+02   -0.113547255013626254E+05   -0.543515351937697933E+01    1
    0.346739470958709717E+02   -0.113432182927702343E+05   -0.544515351937698178E+01    1
    0.262871575355529785E+02   -0.108936057085245120E+05   -0.545515351937698245E+01    1
    0.345697140693664551E+02   -0.107919539820144564E+05   -0.546515351937698401E+01    1
    0.345663607120513916E+02   -0.107744468882080600E+05   -0.547515351937698025E+01    1
    0.263115143775939941E+02   -0.107661698272227604E+05   -0.548515351937698004E+01    1
    0.263621926307678223E+02   -0.105034229086767682E+05   -0.549515351937697805E+01    1
    0.344893503189086914E+02   -0.103763054320861484E+05   -0.550515351937697694E+01    1
    0.264092004299163818E+02   -0.102626083295707194E+05   -0.551515351937698295E+01    1
    0.344569242000579834E+02   -0.102109063218907904E+05   -0.552515351937698185E+01    1
    0.264255821704864502E+02   -0.101793432560356232E+05   -0.553515351937698163E+01    1
    0.264355516433715820E+02   -0.101288364917935633E+05   -0.554515351937698142E+01    1
    0.265089035034179688E+02   -0.976108863232619660E+04   -0.555515351937698032E+01    1
    0.265497183799743652E+02   -0.955940944863483674E+04   -0.556515351937698544E+01    1
    0.265575540065765381E+02   -0.952093209491845118E+04   -0.557515351937698611E+01    1
    0.342768526077270508E+02   -0.931658339517902277E+04   -0.558515351937698146E+01    1
    0.266384506225585938E+02   -0.912822109256441763E+04   -0.559515351937697680E+01    1
    0.266839492321014404E+02   -0.891098391832383095E+04   -0.560515351937697748E+01    1
    0.266844964027404785E+02   -0.890838732819496727E+04   -0.561515351937697904E+01    1
    0.341787815093994141E+02   -0.884675618448076784E+04   -0.562515351937698060E+01    1
    0.267016077041625977E+02   -0.882737688783845260E+04   -0.563515351937698039E+01    1
    0.267313158512115479E+02   -0.868760806103849245E+04   -0.564515351937698284E+01    1
    0.267621970176696777E+02   -0.854350314105763209E+04   -0.565515351937698085E+01    1
    0.267775189876556396E+02   -0.847245163911113195E+04   -0.566515351937697975E+01    1
    0.267920315265655518E+02   -0.840542732572761088E+04   -0.567515351937697954E+01    1
    0.268441331386566162E+02   -0.816699639283002125E+04   -0.568515351937697666E+01    1
    0.339936304092407227E+02   -0.799290166062116714E+04   -0.569515351937697734E+01    1
    0.339646303653717041E+02   -0.786308862923067227E+04   -0.570515351937697890E+01    1
    0.338940954208374023E+02   -0.755179030179206075E+04   -0.571515351937697780E+01    1
    0.270039844512939453E+02   -0.745688911481397736E+04   -0.572515351937697403E+01    1
    0.338430547714233398E+02   -0.733045011601294027E+04   -0.573515351937697382E+01    1
    0.338269603252410889E+02   -0.726133874374481184E+04   -0.574515351937697805E+01    1
    0.270576870441436768E+02   -0.722557499130118686E+04   -0.575515351937698227E+01    1
    0.270991563796997070E+02   -0.704944799489663092E+04   -0.576515351937698384E+01    1
    0.271943914890289307E+02   -0.665319799766032793E+04   -0.577515351937697918E+01    1
    0.272329628467559814E+02   -0.649597418850556187E+04   -0.578515351937698075E+01    1
    0.272870647907257080E+02   -0.627861398744900362E+04   -0.579515351937698409E+01    1
    0.335714364051818848E+02   -0.620795896716888910E+04   -0.580515351937698565E+01    1
    0.273339140415191650E+02   -0.609338160656600394E+04   -0.581515351937698366E+01    1
    0.273725378513336182E+02   -0.594275759229632422E+04   -0.582515351937698256E+01    1
    0.273901784420013428E+02   -0.587459068138823295E+04   -0.583515351937698412E+01    1
    0.274247562885284424E+02   -0.574211595848925208E+04   -0.584515351937698391E+01    1
    0.334326720237731934E+02   -0.567049492863495834E+04   -0.585515351937697837E+01    1
    0.274577271938323975E+02   -0.561720546380115229E+04   -0.586515351937697371E+01    1
    0.333322441577911377E+02   -0.529669970961289891E+04   -0.587515351937697705E+01    1
    0.275450205802917480E+02   -0.529312953684300192E+04   -0.588515351937697684E+01    1
    0.332534587383270264E+02   -0.501238270921931780E+04   -0.589515351937697751E+01    1
    0.332460963726043701E+02   -0.498621465247751439E+04   -0.590515351937697286E+01    1
    0.276326608657836914E+02   -0.497745617082458102E+04   -0.591515351937697531E+01    1
    0.332049643993377686E+02   -0.484128004891752425E+04   -0.592515351937697687E+01    1
    0.331831467151641846E+02   -0.476527030074411778E+04   -0.593515351937697400E+01    1
    0.331587171554565430E+02   -0.468087525792708948E+04   -0.594515351937698000E+01    1
    0.277659094333648682E+02   -0.451610919049621862E+04   -0.595515351937698156E+01    1
    0.277724635601043701E+02   -0.449399597095136869E+04   -0.596515351937697336E+01    1
    0.330995738506317139E+02   -0.447968131850533427E+04   -0.597515351937696959E+01    1
    0.330956208705902100E+02   -0.446639170457096861E+04   -0.598515351937697559E+01    1
    0.330684792995452881E+02   -0.437567727556480077E+04   -0.599515351937697627E+01    1
    0.330682885646820068E+02   -0.437504308348582890E+04   -0.600515351937697517E+01    1
    0.278760981559753418E+02   -0.415155707515658105E+04   -0.601515351937697851E+01    1
    0.278843832015991211E+02   -0.412476696394661394E+04   -0.602515351937697829E+01    1
    0.329792368412017822E+02   -0.408396991548468941E+04   -0.603515351937697453E+01    1
    0.329248535633087158E+02   -0.391114396753588790E+04   -0.604515351937697520E+01    1
    0.279583013057708740E+02   -0.388958971073923431E+04   -0.605515351937697410E+01    1
    0.328728628158569336E+02   -0.374941694363674742E+04   -0.606515351937697478E+01    1
    0.280066788196563721E+02   -0.373941175129043950E+04   -0.607515351937697723E+01    1
    0.328658616542816162E+02   -0.372789956291428825E+04   -0.608515351937697790E+01    1
    0.328211749887731941E+02   -0.359201942533239844E+04   -0.609515351937697769E+01    1
    0.280849146842956543E+02   -0.350280583780783400E+04   -0.610515351937697481E+01    1
    0.327474032333981739E+02   -0.337322293847507217E+04   -0.611515351937697282E+01    1
    0.281769871711730957E+02   -0.323426563928623636E+04   -0.612515351937697528E+01    1
    0.281818842887878418E+02   -0.322028277407855012E+04   -0.613515351937697417E+01    1
    0.326387441158294678E+02   -0.306348490994033091E+04   -0.614515351937697485E+01    1
    0.326335346698760986E+02   -0.304901007344446589E+04   -0.615515351937697819E+01    1
    0.282769764332072242E+02   -0.295477358862753499E+04   -0.616515351937697620E+01    1
    0.325600600242614746E+02   -0.284850943649106102E+04   -0.617515351937697776E+01    1
    0.283182013034820557E+02   -0.284322059897784584E+04   -0.618515351937698288E+01    1
    0.325154021230376600E+02   -0.272997963747453923E+04   -0.619515351937698000E+01    1
    0.324927937984466553E+02   -0.267093446893633654E+04   -0.620515351937697535E+01    1
    0.283921861648559570E+02   -0.264840789903804398E+04   -0.621515351937697247E+01    1
    0.283947610855102539E+02   -0.264175236885547747E+04   -0.622515351937697314E+01    1
    0.324773824214935303E+02   -0.263105560525663168E+04   -0.623515351937697559E+01    1
    0.324587023258209229E+02   -0.258312104604544857E+04   -0.624515351937698071E+01    1
    0.284321160005649674E+02   -0.254614197457623868E+04   -0.625515351937697694E+01    1
    0.284405672550201416E+02   -0.252475556494452849E+04   -0.626515351937697407E+01    1
    0.324190878868103027E+02   -0.248292699853497243E+04   -0.627515351937697385E+01    1
    0.284787786006927490E+02   -0.242918645497608713E+04   -0.628515351937697986E+01    1
    0.323606181144714355E+02   -0.233866836603760385E+04   -0.629515351937697432E+01    1
    0.285577511787414551E+02   -0.223752017851552364E+04   -0.630515351937697766E+01    1
    0.285848248004913330E+02   -0.217362726556066536E+04   -0.631515351937697567E+01    1
    0.285891151428222656E+02   -0.216358724262530041E+04   -0.632515351937697190E+01    1
    0.286064389090924678E+02   -0.212328378950498063E+04   -0.633515351937697790E+01    1
    0.322641974200607535E+02   -0.211021566123502043E+04   -0.634515351937697858E+01    1
    0.286544789669512454E+02   -0.201350414932049694E+04   -0.635515351937697659E+01    1
    0.287075102329254150E+02   -0.189570661559419932E+04   -0.636515351937697371E+01    1
    0.287116873264312744E+02   -0.188657914465628414E+04   -0.637515351937697350E+01    1
    0.287382125854492188E+02   -0.182913289170507051E+04   -0.638515351937697861E+01    1
    0.321308532484850673E+02   -0.181364420340754100E+04   -0.639515351937698195E+01    1
    0.321253787199594356E+02   -0.180194862893382674E+04   -0.640515351937697730E+01    1
    0.287935304641723633E+02   -0.171219154833700986E+04   -0.641515351937697620E+01    1
    0.288104188442230225E+02   -0.167726048818693880E+04   -0.642515351937697776E+01    1
    0.320553481578826904E+02   -0.165568017597145581E+04   -0.643515351937697222E+01    1
    0.288396320815823692E+02   -0.161768858269024622E+04   -0.644515351937697556E+01    1
    0.288416017662133797E+02   -0.161371080555167123E+04   -0.645515351937697535E+01    1
    0.320248162746429443E+02   -0.159385082602723219E+04   -0.646515351937697513E+01    1
    0.320112645626068115E+02   -0.156678519834440749E+04   -0.647515351937697048E+01    1
    0.288769590854644775E+02   -0.154314091239538129E+04   -0.648515351937697559E+01    1
    0.288866186141967773E+02   -0.152413624943595505E+04   -0.649515351937697538E+01    1
    0.319811046123504639E+02   -0.150738270004335936E+04   -0.650515351937697694E+01    1
    0.289362847805023193E+02   -0.142828281406786300E+04   -0.651515351937697318E+01    1
    0.319205719767270431E+02   -0.139162868278166638E+04   -0.652515351937697652E+01    1
    0.319191093432236315E+02   -0.138888906398940071E+04   -0.653515351937697631E+01    1
    0.319137689411558796E+02   -0.137890906672294295E+04   -0.654515351937697609E+01    1
    0.318862057351860990E+02   -0.132797294445544094E+04   -0.655515351937696966E+01    1
    0.289938414096832275E+02   -0.132110189338965279E+04   -0.656515351937697567E+01    1
    0.318799018859863281E+02   -0.131645852967211545E+04   -0.657515351937698256E+01    1
    0.289978968752100101E+02   -0.131370781107535959E+04   -0.658515351937698501E+01    1
    0.290094651438143458E+02   -0.129273033441251141E+04   -0.659515351937696881E+01    1
    0.318565368652343750E+02   -0.127421886972166021E+04   -0.660515351937696948E+01    1
    0.318528062400050054E+02   -0.126753847749885495E+04   -0.661515351937697371E+01    1
    0.290274000167846680E+02   -0.126054234004710611E+04   -0.662515351937697705E+01    1
    0.290666608313846098E+02   -0.119149969301603983E+04   -0.663515351937697861E+01    1
    0.290712189674377441E+02   -0.118361016513548634E+04   -0.664515351937698107E+01    1
    0.290720570087432861E+02   -0.118216248534485590E+04   -0.665515351937697286E+01    1
    0.290931010246276855E+02   -0.114610092585995540E+04   -0.666515351937697353E+01    1
    0.317795548722915910E+02   -0.113993227455683063E+04   -0.667515351937697510E+01    1
    0.291060686111450195E+02   -0.112415811425044035E+04   -0.668515351937697488E+01    1
    0.317488107559414914E+02   -0.108839593650108941E+04   -0.669515351937697734E+01    1
    0.317327254944275516E+02   -0.106190834036355091E+04   -0.670515351937697446E+01    1
    0.291436166522772311E+02   -0.106182092350496987E+04   -0.671515351937697247E+01    1
    0.291467082950226342E+02   -0.105676759920691961E+04   -0.672515351937697314E+01    1
    0.291490554809570312E+02   -0.105293916678282153E+04   -0.673515351937697382E+01    1
    0.291583605160189734E+02   -0.103783050387903995E+04   -0.674515351937697183E+01    1
    0.291707754135131836E+02   -0.101784276969058817E+04   -0.675515351937697428E+01    1
    0.291764311618800534E+02   -0.100880172856819763E+04   -0.676515351937697584E+01    1
    0.316985056294153615E+02   -0.100664656497301587E+04   -0.677515351937697829E+01    1
    0.291818320751190186E+02   -0.100020580090595979E+04   -0.678515351937697098E+01    1
    0.316832703745810349E+02   -0.982519341163829608E+03   -0.679515351937697432E+01    1
    0.292126166820526123E+02   -0.951914065048068096E+03   -0.680515351937697410E+01    1
    0.292178940773010254E+02   -0.943755719813469000E+03   -0.681515351937697567E+01    1
    0.292312933758409983E+02   -0.923199872137213106E+03   -0.682515351937697723E+01    1
    0.292394173145294189E+02   -0.910847467315792528E+03   -0.683515351937697613E+01    1
    0.316322498948991679E+02   -0.903857701825682511E+03   -0.684515351937697059E+01    1
    0.316233633239374932E+02   -0.890493183326782514E+03   -0.685515351937697126E+01    1
    0.292627485062510004E+02   -0.875836383924385132E+03   -0.686515351937697371E+01    1
    0.316080296039581299E+02   -0.867667537023748309E+03   -0.687515351937697083E+01    1
    0.293330253304912034E+02   -0.774536145097354165E+03   -0.688515351937697062E+01    1
    0.315406227111816406E+02   -0.770851442871939867E+03   -0.689515351937697307E+01    1
    0.315099991538533963E+02   -0.728764522210675182E+03   -0.690515351937697019E+01    1
    0.314960881893896314E+02   -0.710037824078631161E+03   -0.691515351937697176E+01    1
    0.314913035962270413E+02   -0.703653427173301111E+03   -0.692515351937697421E+01    1
    0.314832627773284912E+02   -0.692989217806055763E+03   -0.693515351937697400E+01    1
    0.314660618416491431E+02   -0.670450753498196832E+03   -0.694515351937697556E+01    1
    0.314602048803549437E+02   -0.662861711060948437E+03   -0.695515351937697623E+01    1
    0.294273769855499268E+02   -0.648351270249706545E+03   -0.696515351937697869E+01    1
    0.314234530208831444E+02   -0.616231004499118171E+03   -0.697515351937697670E+01    1
    0.294590485095977783E+02   -0.608516930889802552E+03   -0.698515351937697471E+01    1
    0.314083590970931255E+02   -0.597574486300025910E+03   -0.699515351937697627E+01    1
    0.314059686660766602E+02   -0.594646263190585159E+03   -0.700515351937697339E+01    1
    0.294814117899159847E+02   -0.581153673220109340E+03   -0.701515351937697229E+01    1
    0.313835071386148705E+02   -0.567484237641756636E+03   -0.702515351937697385E+01    1
    0.313746819006644095E+02   -0.556986675207729036E+03   -0.703515351937696920E+01    1
    0.295090672561746779E+02   -0.548189341554585098E+03   -0.704515351937696899E+01    1
    0.313630831241607666E+02   -0.543339740337447665E+03   -0.705515351937697233E+01    1
    0.313597043895605339E+02   -0.539396361204697200E+03   -0.706515351937697300E+01    1
    0.313411362498445456E+02   -0.517982743359316146E+03   -0.707515351937697190E+01    1
    0.295486509932754551E+02   -0.502689240688423979E+03   -0.708515351937697524E+01    1
    0.295533104845849479E+02   -0.497463622704611396E+03   -0.709515351937697947E+01    1
    0.313200904367108741E+02   -0.494238722583089441E+03   -0.710515351937697481E+01    1
    0.313182343769113416E+02   -0.492171571634734903E+03   -0.711515351937697194E+01    1
    0.313027094661572569E+02   -0.475051557116780657E+03   -0.712515351937697261E+01    1
    0.295863930164314155E+02   -0.461150778150914562E+03   -0.713515351937696796E+01    1
    0.296042859554290771E+02   -0.442087211959418198E+03   -0.714515351937696508E+01    1
    0.312572619008563493E+02   -0.426685990018185464E+03   -0.715515351937696753E+01    1
    0.296215178607350467E+02   -0.424110498871330606E+03   -0.716515351937696821E+01    1
    0.296317016602959242E+02   -0.413663000541677604E+03   -0.717515351937696444E+01    1
    0.296325027942657471E+02   -0.412846684525283536E+03   -0.718515351937696511E+01    1
    0.312236746973686863E+02   -0.392620156652979574E+03   -0.719515351937696845E+01    1
    0.296621862736750543E+02   -0.383172636281385792E+03   -0.720515351937697446E+01    1
    0.312027391705827668E+02   -0.372107775342191871E+03   -0.721515351937697869E+01    1
    0.311979509889043776E+02   -0.367494223589896990E+03   -0.722515351937697670E+01    1
    0.296841861773312949E+02   -0.361898405149468033E+03   -0.723515351937696849E+01    1
    0.296856667922585835E+02   -0.360488602998796750E+03   -0.724515351937696384E+01    1
    0.296906173229217529E+02   -0.355794962974206442E+03   -0.725515351937697073E+01    1
    0.311647333754808926E+02   -0.336286055497621419E+03   -0.726515351937697051E+01    1
    0.297180110270315794E+02   -0.330382792531177586E+03   -0.727515351937696853E+01    1
    0.297371250992084590E+02   -0.313213224641229772E+03   -0.728515351937696742E+01    1
    0.311339248172676193E+02   -0.308588003700550246E+03   -0.729515351937696988E+01    1
    0.297490000473533200E+02   -0.302778930913712259E+03   -0.730515351937697766E+01    1
    0.311236104822319319E+02   -0.299583124825694881E+03   -0.731515351937697655E+01    1
    0.297699797956961838E+02   -0.284780095914952938E+03   -0.732515351937697723E+01    1
    0.297787607438321729E+02   -0.277411968358657418E+03   -0.733515351937697524E+01    1
    0.297796667278010609E+02   -0.276657300884136930E+03   -0.734515351937696614E+01    1
    0.297799182863412497E+02   -0.276447941440455736E+03   -0.735515351937696948E+01    1
    0.310963568027571924E+02   -0.276436591337001119E+03   -0.736515351937697105E+01    1
    0.297842609882354736E+02   -0.272846341156573374E+03   -0.737515351937696906E+01    1
    0.297914265229360460E+02   -0.266955759390036349E+03   -0.738515351937697240E+01    1
    0.297993459631536979E+02   -0.260520923400194476E+03   -0.739515351937697218E+01    1
    0.298087706198935223E+02   -0.252966363299743989E+03   -0.740515351937697464E+01    1
    0.298099684891505206E+02   -0.252014225124408483E+03   -0.741515351937697265E+01    1
    0.298110062756017413E+02   -0.251190796831154103E+03   -0.742515351937696799E+01    1
    0.310641693590011059E+02   -0.250309128392159010E+03   -0.743515351937697044E+01    1
    0.298159321454905779E+02   -0.247300949169264754E+03   -0.744515351937697023E+01    1
    0.310502661899507295E+02   -0.239428565128798141E+03   -0.745515351937696646E+01    1
    0.310487408885215430E+02   -0.238249745020601125E+03   -0.746515351937696536E+01    1
    0.310422886465669379E+02   -0.233295702909245335E+03   -0.747515351937696515E+01    1
    0.310351752949171811E+02   -0.227895052465051265E+03   -0.748515351937696671E+01    1
    0.310234966315620682E+02   -0.219167010660974938E+03   -0.749515351937696561E+01    1
    0.310191244939399056E+02   -0.215943852691265391E+03   -0.750515351937696362E+01    1
    0.298621189218732184E+02   -0.212320446476568861E+03   -0.751515351937696874E+01    1
    0.298733826469993105E+02   -0.204198650099232083E+03   -0.752515351937696853E+01    1
    0.298756406262203171E+02   -0.202589814866403316E+03   -0.753515351937696742E+01    1
    0.298850058274214199E+02   -0.195985808186482870E+03   -0.754515351937696721E+01    1
    0.309765275058988117E+02   -0.185805787157469211E+03   -0.755515351937696877E+01    1
    0.309749695494883568E+02   -0.184746988578337294E+03   -0.756515351937697211E+01    1
    0.309711360038114201E+02   -0.182154746869088513E+03   -0.757515351937696835E+01    1
    0.309554123878479004E+02   -0.171716812970129723E+03   -0.758515351937696991E+01    1
    0.309369558791183152E+02   -0.159863419897417003E+03   -0.759515351937697325E+01    1
    0.309358102398250843E+02   -0.159141846060380090E+03   -0.760515351937697126E+01    1
    0.309284202407727626E+02   -0.154527170735858022E+03   -0.761515351937696572E+01    1
    0.309265524637318201E+02   -0.153371769205332640E+03   -0.762515351937696639E+01    1
    0.309262537956237793E+02   -0.153187422948626676E+03   -0.763515351937696973E+01    1
    0.309256745817714993E+02   -0.152830237457819123E+03   -0.764515351937696952E+01    1
    0.309213173389434814E+02   -0.150156839267618892E+03   -0.765515351937697019E+01    1
    0.299571549892425537E+02   -0.148826114071917260E+03   -0.766515351937697087E+01    1
    0.309119663052659277E+02   -0.144500510039788850E+03   -0.767515351937697066E+01    1
    0.299654100011109641E+02   -0.143849823589920703E+03   -0.768515351937697044E+01    1
    0.299713835705147247E+02   -0.140302556507540118E+03   -0.769515351937697201E+01    1
    0.299770702150532387E+02   -0.136967584171390968E+03   -0.770515351937697446E+01    1
    0.299771463871002197E+02   -0.136923190000483828E+03   -0.771515351937697069E+01    1
    0.308876459412574427E+02   -0.130307013487681957E+03   -0.772515351937696959E+01    1
    0.299931537014196792E+02   -0.127756624326917290E+03   -0.773515351937697382E+01    1
    0.299965077259174251E+02   -0.125876992631726822E+03   -0.774515351937697538E+01    1
    0.308750691156020522E+02   -0.123260421663977681E+03   -0.775515351937697517E+01    1
    0.308745428405548203E+02   -0.122969916927152227E+03   -0.776515351937697407E+01    1
    0.308732690260279767E+02   -0.122268218428778255E+03   -0.777515351937697297E+01    1
    0.300127148628234863E+02   -0.116994722914465726E+03   -0.778515351937696565E+01    1
    0.300195141617254571E+02   -0.113367262097181452E+03   -0.779515351937696011E+01    1
    0.300206647250495209E+02   -0.112759212099825533E+03   -0.780515351937696522E+01    1
    0.308526513696339642E+02   -0.111195980324667488E+03   -0.781515351937697123E+01    1
    0.300246334220077742E+02   -0.110674675767204491E+03   -0.782515351937697279E+01    1
    0.308497102642311418E+02   -0.109660322719647908E+03   -0.783515351937697524E+01    1
    0.300293869926997843E+02   -0.108204095654593175E+03   -0.784515351937695993E+01    1
    0.300324253674401582E+02   -0.106639920964796943E+03   -0.785515351937696593E+01    1
    0.300336374517450544E+02   -0.106019188608681546E+03   -0.786515351937697016E+01    1
    0.300433146850558330E+02   -0.101129892552499527E+03   -0.787515351937697172E+01    1
    0.300468206405639648E+02   -0.993877682931495627E+02   -0.788515351937697417E+01    1
    0.308271409559494991E+02   -0.982399858332048836E+02   -0.789515351937696952E+01    1
    0.308171886981011767E+02   -0.934086034683931672E+02   -0.790515351937697019E+01    1
    0.300612226017387130E+02   -0.923943890137883841E+02   -0.791515351937696643E+01    1
    0.300612253621525696E+02   -0.923930737306675951E+02   -0.792515351937696444E+01    1
    0.300731185832779708E+02   -0.868156131637172734E+02   -0.793515351937696778E+01    1
    0.300733337346633967E+02   -0.867163621154602424E+02   -0.794515351937696490E+01    1
    0.300768801441221001E+02   -0.850888070178738474E+02   -0.795515351937696735E+01    1
    0.300826135381243276E+02   -0.824912073955657235E+02   -0.796515351937696447E+01    1
    0.300845368100474353E+02   -0.816291481537156471E+02   -0.797515351937695893E+01    1
    0.307886307215310069E+02   -0.802400998268896046E+02   -0.798515351937696582E+01    1
    0.307853164428414345E+02   -0.787786049333405600E+02   -0.799515351937696650E+01    1
    0.307840855681976429E+02   -0.782393632264133458E+02   -0.800515351937696096E+01    1
    0.307782109313871999E+02   -0.756920902657007275E+02   -0.801515351937696785E+01    1
    0.307769530642107156E+02   -0.751523433129326435E+02   -0.802515351937697652E+01    1
    0.301019155979156494E+02   -0.740515605098952108E+02   -0.803515351937696920E+01    1
    0.301024457226343500E+02   -0.738264136777009554E+02   -0.804515351937696543E+01    1
    0.307699527423162991E+02   -0.721850666052667549E+02   -0.805515351937697233E+01    1
    0.301072447842688504E+02   -0.718043915319761936E+02   -0.806515351937697034E+01    1
    0.301073026688319558E+02   -0.717801803265088836E+02   -0.807515351937696657E+01    1
    0.307662106206071897E+02   -0.706242755383701706E+02   -0.808515351937696636E+01    1
    0.301100784142020359E+02   -0.706241490066926900E+02   -0.809515351937696259E+01    1
    0.301104647602800135E+02   -0.704640173148762159E+02   -0.810515351937696593E+01    1
    0.307626474435726784E+02   -0.691545728423761261E+02   -0.811515351937696572E+01    1
    0.301206326484680176E+02   -0.663174883139974014E+02   -0.812515351937696728E+01    1
    0.301217456069527145E+02   -0.658715525324642357E+02   -0.813515351937696707E+01    1
    0.307533252239227295E+02   -0.653853639578280337E+02   -0.814515351937696508E+01    1
    0.301231834402954846E+02   -0.652977653740358051E+02   -0.815515351937696664E+01    1
    0.301247406005859375E+02   -0.646793069341665330E+02   -0.816515351937696643E+01    1
    0.307506615098381246E+02   -0.643285372418467603E+02   -0.817515351937696622E+01    1
    0.301275658607482910E+02   -0.635650223479741356E+02   -0.818515351937696600E+01    1
    0.301291088755667218E+02   -0.629607165753288243E+02   -0.819515351937696224E+01    1
    0.301408430008311505E+02   -0.584636417432620092E+02   -0.820515351937696558E+01    1
    0.307348632812500000E+02   -0.582449544335032385E+02   -0.821515351937696714E+01    1
    0.301420186868725857E+02   -0.580226564322717593E+02   -0.822515351937696693E+01    1
    0.301463289325447725E+02   -0.564208822794592919E+02   -0.823515351937696671E+01    1
    0.301636390480523744E+02   -0.502246474537194487E+02   -0.824515351937696295E+01    1
    0.307079811132465608E+02   -0.486183681917472441E+02   -0.825515351937696096E+01    1
    0.301692134526664191E+02   -0.483098955715518414E+02   -0.826515351937696252E+01    1
    0.307045085620950964E+02   -0.474414625195652704E+02   -0.827515351937696408E+01    1
    0.301754236221313477E+02   -0.462230224270056027E+02   -0.828515351937696565E+01    1
    0.301775556021587406E+02   -0.455178307402656017E+02   -0.829515351937696543E+01    1
    0.301791319202810158E+02   -0.450001292100713712E+02   -0.830515351937696344E+01    1
    0.306965850385928718E+02   -0.448131219633228355E+02   -0.831515351937696146E+01    1
    0.306934964656829834E+02   -0.438100980688177657E+02   -0.832515351937696302E+01    1
    0.306927001591143949E+02   -0.435534503176331000E+02   -0.833515351937696813E+01    1
    0.306919051656502120E+02   -0.432980253921704019E+02   -0.834515351937696437E+01    1
    0.301865086414065544E+02   -0.426191775818675112E+02   -0.835515351937696593E+01    1
    0.306889916245767793E+02   -0.423687578735910222E+02   -0.836515351937696927E+01    1
    0.306880848500118830E+02   -0.420817337161564780E+02   -0.837515351937696906E+01    1
    0.301900194994441264E+02   -0.415101542006041271E+02   -0.838515351937696174E+01    1
    0.301921993675178086E+02   -0.408294099171005200E+02   -0.839515351937695975E+01    1
    0.301960041705656863E+02   -0.396556122527544233E+02   -0.840515351937696487E+01    1
    0.306784187260288235E+02   -0.390866825236117634E+02   -0.841515351937696821E+01    1
    0.306772381008375490E+02   -0.387289597397319412E+02   -0.842515351937696266E+01    1
    0.302023850758535417E+02   -0.377281570724311095E+02   -0.843515351937695534E+01    1
    0.302040461356650098E+02   -0.372348505247587340E+02   -0.844515351937695691E+01    1
    0.302063621477437820E+02   -0.365528562456756063E+02   -0.845515351937696202E+01    1
    0.306621657025394363E+02   -0.343169475095554048E+02   -0.846515351937696536E+01    1
    0.306615665057942657E+02   -0.341474852249531295E+02   -0.847515351937696160E+01    1
    0.302162821012664793E+02   -0.337084560656829311E+02   -0.848515351937696316E+01    1
    0.302185685787883429E+02   -0.330704833151424964E+02   -0.849515351937696295E+01    1
    0.302192580204604404E+02   -0.328794121955137371E+02   -0.850515351937696629E+01    1
    0.302239309777275480E+02   -0.316001924548201245E+02   -0.851515351937696785E+01    1
    0.306494643383897198E+02   -0.308219596042511235E+02   -0.852515351937696408E+01    1
    0.306484637413875198E+02   -0.305552947618135562E+02   -0.853515351937696032E+01    1
    0.306448893871446089E+02   -0.296130447750642674E+02   -0.854515351937695655E+01    1
    0.306438257587189433E+02   -0.293357754415858167E+02   -0.855515351937696344E+01    1
    0.302342822505802928E+02   -0.288648361543359684E+02   -0.856515351937696323E+01    1
    0.306406896149632004E+02   -0.285265626538326487E+02   -0.857515351937696124E+01    1
    0.306378700157617807E+02   -0.278096414492486019E+02   -0.858515351937696103E+01    1
    0.302385689887891864E+02   -0.277717141310134998E+02   -0.859515351937696259E+01    1
    0.302407458820137300E+02   -0.272254980708663830E+02   -0.860515351937696771E+01    1
    0.302414402876516881E+02   -0.270525212452209374E+02   -0.861515351937696039E+01    1
    0.302470563954449467E+02   -0.256759466153941887E+02   -0.862515351937695662E+01    1
    0.302472788940067154E+02   -0.256222306898948666E+02   -0.863515351937696352E+01    1
    0.306287139613551531E+02   -0.255508972185428576E+02   -0.864515351937696508E+01    1
    0.302479367584224796E+02   -0.254637741780004596E+02   -0.865515351937695954E+01    1
    0.306281058097792211E+02   -0.254046231454179576E+02   -0.866515351937696288E+01    1
    0.302508382999837195E+02   -0.247714222463361082E+02   -0.867515351937696266E+01    1
    0.306230062863433616E+02   -0.241964708660538683E+02   -0.868515351937696423E+01    1
    0.306228815600177029E+02   -0.241673332187675811E+02   -0.869515351937696934E+01    1
    0.306226976926452679E+02   -0.241244153387733640E+02   -0.870515351937696735E+01    1
    0.302549727522306355E+02   -0.238032659943839420E+02   -0.871515351937696181E+01    1
    0.306193371992032759E+02   -0.233475455038192976E+02   -0.872515351937695982E+01    1
    0.306190631862904645E+02   -0.232848294156021645E+02   -0.873515351937696316E+01    1
    0.302573665452136567E+02   -0.232525939055694657E+02   -0.874515351937695762E+01    1
    0.302586468022456714E+02   -0.229610545521430929E+02   -0.875515351937695741E+01    1
    0.306158344927990314E+02   -0.225529940875354882E+02   -0.876515351937696252E+01    1
    0.306142754558349530E+02   -0.222043312058551301E+02   -0.877515351937696231E+01    1
    0.302623485447022809E+02   -0.221297527007826034E+02   -0.878515351937696209E+01    1
    0.302656639983356754E+02   -0.213999051280227981E+02   -0.879515351937696188E+01    1
    0.302657731846527334E+02   -0.213761057381207777E+02   -0.880515351937695812E+01    1
    0.302664488850539932E+02   -0.212291582397270027E+02   -0.881515351937695790E+01    1
    0.306072127819061279E+02   -0.206633237041194491E+02   -0.882515351937695769E+01    1
    0.302703287897147533E+02   -0.203965505784460461E+02   -0.883515351937695925E+01    1
    0.306059174105176766E+02   -0.203875294120602142E+02   -0.884515351937695904E+01    1
    0.306049763870947871E+02   -0.201885086537347114E+02   -0.885515351937696238E+01    1
    0.306037118993841695E+02   -0.199228399005534200E+02   -0.886515351937696394E+01    1
    0.302731309926644059E+02   -0.198070474611468690E+02   -0.887515351937696018E+01    1
    0.305977499829661497E+02   -0.186974734274499070E+02   -0.888515351937696174E+01    1
    0.302800036770517664E+02   -0.184032597195327483E+02   -0.889515351937696330E+01    1
    0.305961467897902111E+02   -0.183756313846138255E+02   -0.890515351937696309E+01    1
    0.302871093231049215E+02   -0.170146685678479663E+02   -0.891515351937696288E+01    1
    0.305879072303875077E+02   -0.167727955010048255E+02   -0.892515351937696089E+01    1
    0.305866683340620646E+02   -0.165392161329173817E+02   -0.893515351937696423E+01    1
    0.302902052273547611E+02   -0.164296271251537149E+02   -0.894515351937696579E+01    1
    0.305838119983673096E+02   -0.160080810996479492E+02   -0.895515351937696202E+01    1
    0.302982920775151143E+02   -0.149585932484576158E+02   -0.896515351937696181E+01    1
    0.302993941307067871E+02   -0.147645256515881904E+02   -0.897515351937695982E+01    1
    0.303014046716344438E+02   -0.144144321322671018E+02   -0.898515351937695428E+01    1
    0.305736922790467602E+02   -0.142093210891803317E+02   -0.899515351937695407E+01    1
    0.303028905581496986E+02   -0.141589799626941328E+02   -0.900515351937695741E+01    1
    0.303034604359969322E+02   -0.140617476078094850E+02   -0.901515351937696252E+01    1
    0.303045612686441430E+02   -0.138750864210023153E+02   -0.902515351937696408E+01    1
    0.303052232556822077E+02   -0.137635750947551241E+02   -0.903515351937696032E+01    1
    0.303061606988393351E+02   -0.136066110580989754E+02   -0.904515351937695833E+01    1
    0.303069804222091790E+02   -0.134702682692253894E+02   -0.905515351937695989E+01    1
    0.305668356748616112E+02   -0.130641462599152725E+02   -0.906515351937695790E+01    1
    0.305659258365631104E+02   -0.129166534244180724E+02   -0.907515351937695591E+01    1
    0.303111818734551832E+02   -0.127847844010500111E+02   -0.908515351937695925E+01    1
    0.305642611458618987E+02   -0.126495012616310678E+02   -0.909515351937696437E+01    1
    0.303129544330177652E+02   -0.125022772715462800E+02   -0.910515351937696060E+01    1
    0.303133955594327134E+02   -0.124325886194689588E+02   -0.911515351937695506E+01    1
    0.305621719908621898E+02   -0.123191873323450984E+02   -0.912515351937696195E+01    1
    0.305618875822295344E+02   -0.122746464924436527E+02   -0.913515351937696529E+01    1
    0.303145387412527612E+02   -0.122531348243265832E+02   -0.914515351937696153E+01    1
    0.305605399608612061E+02   -0.120649875359378154E+02   -0.915515351937696131E+01    1
    0.305599905757553358E+02   -0.119801745576371008E+02   -0.916515351937695577E+01    1
    0.305585678637411640E+02   -0.117623125272748617E+02   -0.917515351937695733E+01    1
    0.303194705601885026E+02   -0.114978876786834299E+02   -0.918515351937696067E+01    1
    0.305559352602320011E+02   -0.113659259998743831E+02   -0.919515351937696046E+01    1
    0.305553508871316417E+02   -0.112791261977650095E+02   -0.920515351937696202E+01    1
    0.303240393193554567E+02   -0.108256742051747850E+02   -0.921515351937696536E+01    1
    0.305518829822540283E+02   -0.107729037120267197E+02   -0.922515351937696337E+01    1
    0.303265430645663159E+02   -0.104684841738569414E+02   -0.923515351937695961E+01    1
    0.305482183921634984E+02   -0.102544912287322791E+02   -0.924515351937695584E+01    1
    0.303288012785792347E+02   -0.101531191693269918E+02   -0.925515351937695918E+01    1
    0.305472873430931990E+02   -0.101254845363154136E+02   -0.926515351937696607E+01    1
    0.303291240924031840E+02   -0.101085640799916714E+02   -0.927515351937695876E+01    1
    0.303291472701496296E+02   -0.101053701328320926E+02   -0.928515351937695499E+01    1
    0.305466720206273123E+02   -0.100408265288212277E+02   -0.929515351937696188E+01    1
    0.305428402877751459E+02   -0.952441505932303301E+01   -0.930515351937696522E+01    1
    0.303343391430730129E+02   -0.940703187678633768E+01   -0.931515351937695790E+01    1
    0.305415995606096260E+02   -0.936117735852425881E+01   -0.932515351937696657E+01    1
    0.303359453578009237E+02   -0.919788799323354667E+01   -0.933515351937696458E+01    1
    0.305400826049091272E+02   -0.916424146092275294E+01   -0.934515351937696082E+01    1
    0.305400519347198482E+02   -0.916028976359032043E+01   -0.935515351937695883E+01    1
    0.303371817444236491E+02   -0.903912056521565077E+01   -0.936515351937696394E+01    1
    0.305366207216940353E+02   -0.872570350163959674E+01   -0.937515351937696728E+01    1
    0.305353726531954734E+02   -0.857131854348521927E+01   -0.938515351937696352E+01    1
    0.303413838641522453E+02   -0.851396096579102313E+01   -0.939515351937695797E+01    1
    0.305341248320304999E+02   -0.841893271535626830E+01   -0.940515351937695776E+01    1
    0.305330743715822663E+02   -0.829217485801316201E+01   -0.941515351937695755E+01    1
    0.303442487647758057E+02   -0.816871731739858475E+01   -0.942515351937696089E+01    1
    0.305316678377572650E+02   -0.812463437229479446E+01   -0.943515351937695712E+01    1
    0.303446816189385906E+02   -0.811745714399534002E+01   -0.944515351937694980E+01    1
    0.305311396945237092E+02   -0.806236997802927213E+01   -0.945515351937695137E+01    1
    0.303458693859709889E+02   -0.797801411214400691E+01   -0.946515351937695826E+01    1
    0.305302376637567257E+02   -0.795684226722704846E+01   -0.947515351937695982E+01    1
    0.303461063056978659E+02   -0.795041324607705668E+01   -0.948515351937695605E+01    1
    0.305300627959525599E+02   -0.793650367947016733E+01   -0.949515351937695584E+01    1
    0.305298935164445560E+02   -0.791685187986133343E+01   -0.950515351937695741E+01    1
    0.305291786216434815E+02   -0.783425867110202745E+01   -0.951515351937695897E+01    1
    0.303483213899005513E+02   -0.769579159802246338E+01   -0.952515351937695876E+01    1
    0.303483357694080169E+02   -0.769415895173171105E+01   -0.953515351937695854E+01    1
    0.303496409631348882E+02   -0.754705614106886813E+01   -0.954515351937695833E+01    1
    0.303497175423893211E+02   -0.753849210297775940E+01   -0.955515351937695989E+01    1
    0.303498982698438269E+02   -0.751831031955962459E+01   -0.956515351937696323E+01    1
    0.305262820882582986E+02   -0.750622829590028573E+01   -0.957515351937696302E+01    1
    0.305259471423034014E+02   -0.746898003591941251E+01   -0.958515351937695215E+01    1
    0.303506468521752879E+02   -0.743515605277527936E+01   -0.959515351937695371E+01    1
    0.303511425078732593E+02   -0.738048727124881232E+01   -0.960515351937695527E+01    1
    0.303516551147598506E+02   -0.732427552418089256E+01   -0.961515351937695861E+01    1
    0.305243661154531587E+02   -0.729507380654064885E+01   -0.962515351937695662E+01    1
    0.303528299972644966E+02   -0.719669271219675544E+01   -0.963515351937695286E+01    1
    0.305225695182662520E+02   -0.710129130520760299E+01   -0.964515351937695797E+01    1
    0.303538433696312140E+02   -0.708805023192050587E+01   -0.965515351937696309E+01    1
    0.305206542800232086E+02   -0.689920549790857951E+01   -0.966515351937695755E+01    1
    0.303556740283966064E+02   -0.689507826446584904E+01   -0.967515351937695556E+01    1
    0.305184577876295720E+02   -0.667315171140346042E+01   -0.968515351937696067E+01    1
    0.303584108632365890E+02   -0.661448635482170211E+01   -0.969515351937696224E+01    1
    0.305177109775765381E+02   -0.659768249857036970E+01   -0.970515351937696025E+01    1
    0.303598485535818341E+02   -0.647088172667127104E+01   -0.971515351937696003E+01    1
    0.303599027053737665E+02   -0.646552380236874669E+01   -0.972515351937696160E+01    1
    0.303599119764501850E+02   -0.646460686872669132E+01   -0.973515351937696316E+01    1
    0.303601351622952507E+02   -0.644256599895594029E+01   -0.974515351937696295E+01    1
    0.305158737691658786E+02   -0.641502328671186728E+01   -0.975515351937696273E+01    1
    0.305153214675332194E+02   -0.636094643285291372E+01   -0.976515351937695542E+01    1
    0.305152898010912637E+02   -0.635785760249398013E+01   -0.977515351937695698E+01    1
    0.303615020518798993E+02   -0.630895166740820734E+01   -0.978515351937696209E+01    1
    0.303630328688059805E+02   -0.616211710783632771E+01   -0.979515351937696011E+01    1
    0.303632325128738785E+02   -0.614318579673749987E+01   -0.980515351937695812E+01    1
    0.303633100811968859E+02   -0.613584394762527285E+01   -0.981515351937695613E+01    1
    0.303643076130902507E+02   -0.604210532134261236E+01   -0.982515351937695769E+01    1
    0.305114635993763983E+02   -0.599396952217613865E+01   -0.983515351937696103E+01    1
    0.303655914984621234E+02   -0.592330928313800342E+01   -0.984515351937696082E+01    1
    0.305105132259503620E+02   -0.590645426379751370E+01   -0.985515351937696060E+01    1
    0.303661022318511939E+02   -0.587663120645203207E+01   -0.986515351937695506E+01    1
    0.305085718572500966E+02   -0.573123148258059967E+01   -0.987515351937695307E+01    1
    0.303694285456770672E+02   -0.558069262378316555E+01   -0.988515351937695641E+01    1
    0.303700271678886082E+02   -0.552891892940109742E+01   -0.989515351937695975E+01    1
    0.303700861630609644E+02   -0.552384107132170676E+01   -0.990515351937695954E+01    1
    0.303701576241291988E+02   -0.551769613574471496E+01   -0.991515351937695577E+01    1
    0.305051547842982664E+02   -0.543438888211800109E+01   -0.992515351937695911E+01    1
    0.303735830815627601E+02   -0.523071241519853913E+01   -0.993515351937696067E+01    1
    0.305022763721181143E+02   -0.519579372288407537E+01   -0.994515351937695513E+01    1
    0.305011740474624595E+02   -0.510719422905617648E+01   -0.995515351937695492E+01    1
    0.305005605165668285E+02   -0.505854699972301791E+01   -0.996515351937695826E+01    1
    0.303759235203913391E+02   -0.504316082125899534E+01   -0.997515351937695982E+01    1
    0.303760563156139476E+02   -0.503272683930091169E+01   -0.998515351937696138E+01    1
    0.303784093347004216E+02   -0.485154258542568328E+01   -0.999515351937695584E+01    1
    0.303790506908775875E+02   -0.480337153999562361E+01   -0.100051535193769503E+02    1
    0.303791948046469891E+02   -0.479261897673710102E+01   -0.100151535193769536E+02    1
    0.304965120659330609E+02   -0.474947251396533510E+01   -0.100251535193769570E+02    1
    0.303824153443091554E+02   -0.455917837702621220E+01   -0.100351535193769603E+02    1
    0.303829155717841388E+02   -0.452409585061027553E+01   -0.100451535193769637E+02    1
    0.304928207808322398E+02   -0.448572341506888250E+01   -0.100551535193769475E+02    1
    0.304926750618509246E+02   -0.447566493218172923E+01   -0.100651535193769543E+02    1
    0.304925288954419784E+02   -0.446560253144401109E+01   -0.100751535193769577E+02    1
    0.303838065052338777E+02   -0.446239529322914485E+01   -0.100851535193769539E+02    1
    0.303840060763980304E+02   -0.444871178446638016E+01   -0.100951535193769484E+02    1
    0.304915119601861839E+02   -0.439634219767133061E+01   -0.101051535193769499E+02    1
    0.303848443662753063E+02   -0.439178472829366573E+01   -0.101151535193769551E+02    1
    0.303859504906881668E+02   -0.431802884947118493E+01   -0.101251535193769566E+02    1
    0.303878144005749604E+02   -0.419724323910185326E+01   -0.101351535193769582E+02    1
    0.303880385636794799E+02   -0.418301281133404501E+01   -0.101451535193769562E+02    1
    0.304878070452628975E+02   -0.415506930534851815E+01   -0.101551535193769507E+02    1
    0.303890376950814769E+02   -0.412035801774271970E+01   -0.101651535193769487E+02    1
    0.303894646118201308E+02   -0.409397119066753934E+01   -0.101751535193769485E+02    1
    0.303902774312426303E+02   -0.404436945480995114E+01   -0.101851535193769500E+02    1
    0.303905501904607434E+02   -0.402791167163382458E+01   -0.101951535193769534E+02    1
    0.303914422067675893E+02   -0.397474578948660451E+01   -0.102051535193769531E+02    1
    0.304842590765181143E+02   -0.394028219191861329E+01   -0.102151535193769565E+02    1
    0.303922657025838312E+02   -0.392655679653882128E+01   -0.102251535193769545E+02    1
    0.303924996414990645E+02   -0.391302361281985922E+01   -0.102351535193769507E+02    1
    0.303930337839187530E+02   -0.388238320683367188E+01   -0.102451535193769541E+02    1
    0.303953237040644524E+02   -0.375511234861991117E+01   -0.102551535193769521E+02    1
    0.304803658736605705E+02   -0.372290635060422037E+01   -0.102651535193769536E+02    1
    0.304796849303266235E+02   -0.368685481026965700E+01   -0.102751535193769570E+02    1
    0.303969499409817558E+02   -0.366875356554394916E+01   -0.102851535193769532E+02    1
    0.304790285768379619E+02   -0.365265993610550943E+01   -0.102951535193769512E+02    1
    0.304789049063882374E+02   -0.364627789420694715E+01   -0.103051535193769492E+02    1
    0.304788550095377531E+02   -0.364370842982440202E+01   -0.103151535193769526E+02    1
    0.304787080385049407E+02   -0.363615836795552694E+01   -0.103251535193769541E+02    1
    0.303977819232486368E+02   -0.362586514780325864E+01   -0.103351535193769539E+02    1
    0.303980640354579279E+02   -0.361152101382566881E+01   -0.103451535193769555E+02    1
    0.303986056212540987E+02   -0.358426578633154769E+01   -0.103551535193769570E+02    1
    0.303993058741906452E+02   -0.354957530692122480E+01   -0.103651535193769533E+02    1
    0.303997272708519262E+02   -0.352899810104863043E+01   -0.103751535193769513E+02    1
    0.304001705227487378E+02   -0.350759592838518763E+01   -0.103851535193769564E+02    1
    0.304011133277007737E+02   -0.346289909047461597E+01   -0.103951535193769562E+02    1
    0.304016280395160869E+02   -0.343897162659323952E+01   -0.104051535193769507E+02    1
    0.304018881321170582E+02   -0.342700804908038492E+01   -0.104151535193769558E+02    1
    0.304020890813540703E+02   -0.341782346999188169E+01   -0.104251535193769538E+02    1
    0.304022824151039082E+02   -0.340903514569627220E+01   -0.104351535193769482E+02    1
    0.304739228299866589E+02   -0.340525481330328672E+01   -0.104451535193769534E+02    1
    0.304024294057314606E+02   -0.340238504821160603E+01   -0.104551535193769531E+02    1
    0.304738162133250938E+02   -0.340043983152928986E+01   -0.104651535193769529E+02    1
    0.304028840551969104E+02   -0.338198885302730057E+01   -0.104751535193769580E+02    1
    0.304732601145026187E+02   -0.337555844484083645E+01   -0.104851535193769543E+02    1
    0.304031891651118862E+02   -0.336844772636371204E+01   -0.104951535193769523E+02    1
    0.304040217380511919E+02   -0.333209588752086638E+01   -0.105051535193769539E+02    1
    0.304043225037943969E+02   -0.331917929297049907E+01   -0.105151535193769536E+02    1
    0.304048496168235971E+02   -0.329681788286362343E+01   -0.105251535193769499E+02    1
    0.304050108561462764E+02   -0.329004787381212882E+01   -0.105351535193769514E+02    1
    0.304711617931337102E+02   -0.328519431346965129E+01   -0.105451535193769512E+02    1
    0.304051489490204325E+02   -0.328427584942590212E+01   -0.105551535193769528E+02    1
    0.304052758216857910E+02   -0.327899405706092750E+01   -0.105651535193769543E+02    1
    0.304053695941632931E+02   -0.327510332506542623E+01   -0.105751535193769524E+02    1
    0.304054056666981722E+02   -0.327360959306157984E+01   -0.105851535193769575E+02    1
    0.304701154612869018E+02   -0.324221380480725818E+01   -0.105951535193769573E+02    1
    0.304697384356583747E+02   -0.322706579787333236E+01   -0.106051535193769570E+02    1
    0.304067240506703769E+02   -0.322014515418804281E+01   -0.106151535193769551E+02    1
    0.304070418762763452E+02   -0.320758506420880574E+01   -0.106251535193769495E+02    1
    0.304073963920861772E+02   -0.319372567855605904E+01   -0.106351535193769458E+02    1
    0.304075412699962300E+02   -0.318810757518516485E+01   -0.106451535193769526E+02    1
    0.304076699025603574E+02   -0.318314167467608611E+01   -0.106551535193769560E+02    1
    0.304076741894674143E+02   -0.318297653744589759E+01   -0.106651535193769540E+02    1
    0.304684374881108297E+02   -0.317617655285224698E+01   -0.106751535193769556E+02    1
    0.304082447251702135E+02   -0.316120605261468146E+01   -0.106851535193769500E+02    1
    0.304084864014151677E+02   -0.315210824802288769E+01   -0.106951535193769480E+02    1
    0.304669539751071241E+02   -0.312075682947792021E+01   -0.107051535193769549E+02    1
    0.304093398057875248E+02   -0.312057288444666803E+01   -0.107151535193769494E+02    1
    0.304667879979290284E+02   -0.311472945249140354E+01   -0.107251535193769456E+02    1
    0.304096351659137554E+02   -0.310987307165121818E+01   -0.107351535193769543E+02    1
    0.304661062258983435E+02   -0.309033656599027573E+01   -0.107451535193769505E+02    1
    0.304103013254726768E+02   -0.308614541420952770E+01   -0.107551535193769414E+02    1
    0.304658697005488932E+02   -0.308201129310298105E+01   -0.107651535193769483E+02    1
    0.304105424626892429E+02   -0.307769473526939352E+01   -0.107751535193769499E+02    1
    0.304111048280075593E+02   -0.305827219250600724E+01   -0.107851535193769426E+02    1
    0.304111909331571333E+02   -0.305533365146997404E+01   -0.107951535193769441E+02    1
    0.304112425635810268E+02   -0.305357613651854143E+01   -0.108051535193769528E+02    1
    0.304115532705020222E+02   -0.304307073965825570E+01   -0.108151535193769561E+02    1
    0.304642140839701483E+02   -0.302571658784352371E+01   -0.108251535193769524E+02    1
    0.304640602753418790E+02   -0.302066265536029421E+01   -0.108351535193769521E+02    1
    0.304637458484632191E+02   -0.301042409299207181E+01   -0.108451535193769519E+02    1
    0.304127579924417226E+02   -0.300349150813455745E+01   -0.108551535193769482E+02    1
    0.304128671272056295E+02   -0.299999668924516705E+01   -0.108651535193769480E+02    1
    0.304130604408520675E+02   -0.299384316833390640E+01   -0.108751535193769477E+02    1
    0.304631614499463659E+02   -0.299172655628215134E+01   -0.108851535193769493E+02    1
    0.304134576112898714E+02   -0.298134875417942791E+01   -0.108951535193769473E+02    1
    0.304135029145029492E+02   -0.297993625001685958E+01   -0.109051535193769453E+02    1
    0.304137039312833508E+02   -0.297370006537286358E+01   -0.109151535193769469E+02    1
    0.304138254940172672E+02   -0.296995358562919431E+01   -0.109251535193769485E+02    1
    0.304139610917595462E+02   -0.296579659712696797E+01   -0.109351535193769500E+02    1
    0.304141475582889775E+02   -0.296011809451217056E+01   -0.109451535193769498E+02    1
    0.304620893039023244E+02   -0.295854637611771798E+01   -0.109551535193769460E+02    1
    0.304142188197509356E+02   -0.295795956357113177E+01   -0.109651535193769440E+02    1
    0.304143751490841652E+02   -0.295324678993792933E+01   -0.109751535193769456E+02    1
    0.304618041547973064E+02   -0.294996637116338034E+01   -0.109851535193769454E+02    1
    0.304616258277424734E+02   -0.294465283322316074E+01   -0.109951535193769434E+02    1
    0.304613558981066248E+02   -0.293668632993714196E+01   -0.110051535193769485E+02    1
    0.304608412648386064E+02   -0.292175303105109219E+01   -0.110151535193769536E+02    1
    0.304155611100801266E+02   -0.291850047742589114E+01   -0.110251535193769499E+02    1
    0.304606525087849036E+02   -0.291635974800489439E+01   -0.110351535193769461E+02    1
    0.304603221279163527E+02   -0.290702826012051485E+01   -0.110451535193769441E+02    1
    0.304600851341345873E+02   -0.290041944753034553E+01   -0.110551535193769439E+02    1
    0.304165249728338374E+02   -0.289157093946973909E+01   -0.110651535193769455E+02    1
    0.304591269748782274E+02   -0.287442401581689566E+01   -0.110751535193769488E+02    1
    0.304588030951296957E+02   -0.286589941754508848E+01   -0.110851535193769504E+02    1
    0.304176706830174837E+02   -0.286108842115523521E+01   -0.110951535193769502E+02    1
    0.304583694124640090E+02   -0.285469243972050446E+01   -0.111051535193769553E+02    1
    0.304581532948538900E+02   -0.284919641655053102E+01   -0.111151535193769551E+02    1
    0.304581365344142192E+02   -0.284877265381318834E+01   -0.111251535193769460E+02    1
    0.304578853361482089E+02   -0.284246402518068608E+01   -0.111351535193769493E+02    1
    0.304184217429770101E+02   -0.284200632160513766E+01   -0.111451535193769491E+02    1
    0.304186814089017687E+02   -0.283557490494889386E+01   -0.111551535193769507E+02    1
    0.304573284912744882E+02   -0.282876374761238614E+01   -0.111651535193769469E+02    1
    0.304190320606259164E+02   -0.282702521685410479E+01   -0.111751535193769467E+02    1
    0.304571652178177956E+02   -0.282482098176743479E+01   -0.111851535193769482E+02    1
    0.304193051009286251E+02   -0.282047550927026247E+01   -0.111951535193769498E+02    1
    0.304194197948671317E+02   -0.281775233266935432E+01   -0.112051535193769514E+02    1
    0.304195442199578281E+02   -0.281481691507083553E+01   -0.112151535193769529E+02    1
    0.304198723509308770E+02   -0.280716956060452372E+01   -0.112251535193769527E+02    1
    0.304199416613494051E+02   -0.280557163746395233E+01   -0.112351535193769525E+02    1
    0.304199560735404830E+02   -0.280524013300972808E+01   -0.112451535193769505E+02    1
    0.304200364672339418E+02   -0.280339576136338886E+01   -0.112551535193769485E+02    1
    0.304201045119881854E+02   -0.280184108013635047E+01   -0.112651535193769465E+02    1
    0.304202154661295125E+02   -0.279931856192688766E+01   -0.112751535193769428E+02    1
    0.304559418982805781E+02   -0.279635212079471485E+01   -0.112851535193769514E+02    1
    0.304205711964519949E+02   -0.279133604302497051E+01   -0.112951535193769441E+02    1
    0.304556405210608006E+02   -0.278962896905750091E+01   -0.113051535193769475E+02    1
    0.304206695402642353E+02   -0.278915745244481039E+01   -0.113151535193769508E+02    1
    0.304556150200085085E+02   -0.278906535792712651E+01   -0.113251535193769524E+02    1
    0.304207111338394114E+02   -0.278823971735042120E+01   -0.113351535193769486E+02    1
    0.304208395144578212E+02   -0.278542087543519212E+01   -0.113451535193769519E+02    1
    0.304208531406019702E+02   -0.278512291044901517E+01   -0.113551535193769464E+02    1
    0.304551696789727728E+02   -0.277935519547324628E+01   -0.113651535193769444E+02    1
    0.304212856698534466E+02   -0.277578670084183088E+01   -0.113751535193769477E+02    1
    0.304548685728533002E+02   -0.277293197782252632E+01   -0.113851535193769493E+02    1
    0.304215454266648493E+02   -0.277029347330119613E+01   -0.113951535193769544E+02    1
    0.304547152628668627E+02   -0.276970559218334467E+01   -0.114051535193769453E+02    1
    0.304545513530665701E+02   -0.276628899982516918E+01   -0.114151535193769433E+02    1
    0.304218369161151685E+02   -0.276423073991779233E+01   -0.114251535193769502E+02    1
    0.304218749793936958E+02   -0.276344698460257643E+01   -0.114351535193769465E+02    1
    0.304221619975931290E+02   -0.275759601036760404E+01   -0.114451535193769427E+02    1
    0.304540795823717616E+02   -0.275664480391061861E+01   -0.114551535193769425E+02    1
    0.304224914632836345E+02   -0.275100810801489670E+01   -0.114651535193769476E+02    1
    0.304225318243234639E+02   -0.275021049478430601E+01   -0.114751535193769509E+02    1
    0.304537007066026533E+02   -0.274910332667576673E+01   -0.114851535193769489E+02    1
    0.304225976030323508E+02   -0.274891499155786079E+01   -0.114951535193769505E+02    1
    0.304536562092022010E+02   -0.274822951877593091E+01   -0.115051535193769467E+02    1
    0.304232371798910286E+02   -0.273660375277284595E+01   -0.115151535193769430E+02    1
    0.304233520652807492E+02   -0.273444710539191549E+01   -0.115251535193769428E+02    1
    0.304526640683621430E+02   -0.272939665033750245E+01   -0.115351535193769426E+02    1
    0.304523808722397291E+02   -0.272424929213963063E+01   -0.115451535193769423E+02    1
    0.304519758907615241E+02   -0.271706452705409873E+01   -0.115551535193769439E+02    1
    0.304245285957461107E+02   -0.271332144395857089E+01   -0.115651535193769455E+02    1
    0.304516517723130455E+02   -0.271146371826090915E+01   -0.115751535193769453E+02    1
    0.304513290639172425E+02   -0.270601921148691327E+01   -0.115851535193769433E+02    1
    0.304510987407780860E+02   -0.270221387369359389E+01   -0.115951535193769448E+02    1
    0.304510393837675153E+02   -0.270124406107823667E+01   -0.116051535193769446E+02    1
