    0.246235351559937072E+02   -0.116545412006023767E+03
    0.245370434689570800E+02   -0.115772707937817060E+03
    0.246109714340807670E+02   -0.113084076114307848E+03
    0.246109003673770417E+02   -0.113067734748065732E+03
    0.246073410573492168E+02   -0.112295885238634384E+03
    0.245512374153603652E+02   -0.112199289999179683E+03
    0.246063286590776151E+02   -0.112093031930729623E+03
    0.246062863813052672E+02   -0.112084721552238207E+03
    0.246060757489659814E+02   -0.112043510450589864E+03
    0.246060673068205347E+02   -0.112041865378139761E+03
    0.245520578642524718E+02   -0.112037154735592580E+03
    0.246052833043002650E+02   -0.111891331503899664E+03
    0.245531416712480564E+02   -0.111830417027045513E+03
    0.245537493824054245E+02   -0.111718201855068315E+03
    0.245542093074588976E+02   -0.111635046264600120E+03
    0.245542917191337509E+02   -0.111620307189630466E+03
    0.246035060684170865E+02   -0.111566503271190768E+03
    0.246030395472056291E+02   -0.111485010842132283E+03
    0.246018821782940940E+02   -0.111289617252833210E+03
    0.246017683029892993E+02   -0.111270914163340549E+03
    0.246016136816854321E+02   -0.111245668571380264E+03
    0.246014317967863150E+02   -0.111216192245111813E+03
    0.245572620364717480E+02   -0.111121770805086086E+03
    0.246007762726649446E+02   -0.111111937159333891E+03
    0.245574612090797686E+02   -0.111090618032985248E+03
    0.246003766382601938E+02   -0.111049899461024552E+03
    0.245578543892107248E+02   -0.111029960157353088E+03
    0.245578696231208085E+02   -0.111027632379737341E+03
    0.246002285530902398E+02   -0.111027203754759057E+03
    0.245579486378737073E+02   -0.111015585590396341E+03
    0.245584122592035641E+02   -0.110945807844003852E+03
    0.245994181803014058E+02   -0.110905805719114809E+03
    0.245993880496803747E+02   -0.110901383312410516E+03
    0.245993390867301542E+02   -0.110894210764060006E+03
    0.245991293808475753E+02   -0.110863686689637930E+03
    0.245987036281021290E+02   -0.110802691108959010E+03
    0.245594225224582630E+02   -0.110799126321365790E+03
    0.245595227683233404E+02   -0.110784972895789437E+03
    0.245985698871932392E+02   -0.110783800492949325E+03
    0.245985057455036440E+02   -0.110774786383668499E+03
    0.245983859729844063E+02   -0.110758033660919892E+03
    0.245601963892419768E+02   -0.110691745965873949E+03
    0.245977870048397058E+02   -0.110675807585704305E+03
    0.245603712636095750E+02   -0.110668078952991692E+03
    0.245603741659247596E+02   -0.110667688022144532E+03
    0.245976967497001588E+02   -0.110663641702536026E+03
    0.245605252857249781E+02   -0.110647416685808750E+03
    0.245605759741518241E+02   -0.110640654182694362E+03
    0.245975053745248147E+02   -0.110638039750878534E+03
    0.245611327474256314E+02   -0.110567592845797122E+03
    0.245964680206574613E+02   -0.110503859773417744E+03
    0.245618501655669235E+02   -0.110476747394738865E+03
    0.245620348142876459E+02   -0.110453966238056495E+03
    0.245620348142876459E+02   -0.110453966238056495E+03
    0.245959462072156754E+02   -0.110439297731834756E+03
    0.245623983688811549E+02   -0.110409831092483032E+03
    0.245623983688811549E+02   -0.110409831092483032E+03
    0.245627068647057243E+02   -0.110373127592696477E+03
    0.245627068647057243E+02   -0.110373127592696477E+03
    0.245628893337766492E+02   -0.110351741239128529E+03
    0.245628893337766492E+02   -0.110351741239128529E+03
    0.245951847382327742E+02   -0.110348607502233989E+03
    0.245949769404312413E+02   -0.110324585229469832E+03
    0.245949769404312413E+02   -0.110324585229469832E+03
    0.245949247982782211E+02   -0.110318606256302999E+03
    0.245946600526571757E+02   -0.110288551232830571E+03
    0.245945439695742323E+02   -0.110275532402536641E+03
    0.245945439695742323E+02   -0.110275532402536641E+03
    0.245636870463083312E+02   -0.110261064429873429E+03
    0.245637205726233319E+02   -0.110257353946396918E+03
    0.245943042533126182E+02   -0.110248955532262087E+03
    0.245943042533126182E+02   -0.110248955532262087E+03
    0.245943036946264826E+02   -0.110248894075864214E+03
    0.245638979900389813E+02   -0.110237853440143894E+03
    0.245638979900389813E+02   -0.110237853440143894E+03
    0.245941851567759784E+02   -0.110235905621016826E+03
    0.245941851567759784E+02   -0.110235905621016826E+03
    0.245939937704280460E+02   -0.110215148873201287E+03
    0.245939937704280460E+02   -0.110215148873201287E+03
    0.245641591063761737E+02   -0.110209566214893840E+03
    0.245644478134948052E+02   -0.110178862403646974E+03
    0.245644478134948052E+02   -0.110178862403646974E+03
    0.245936118774849035E+02   -0.110174520210808112E+03
    0.245646844795173926E+02   -0.110154141464942640E+03
    0.245646844795173926E+02   -0.110154141464942640E+03
    0.245934145909842350E+02   -0.110153943392117185E+03
    0.245647000864173464E+02   -0.110152525443615119E+03
    0.245932453437665188E+02   -0.110136514731810053E+03
    0.245651014663925871E+02   -0.110111567930188400E+03
    0.245651014663925871E+02   -0.110111567930188400E+03
    0.245651492748505405E+02   -0.110106766905993481E+03
    0.245928339387381811E+02   -0.110095010620870326E+03
    0.245928307850593768E+02   -0.110094697179857874E+03
    0.245928307850593768E+02   -0.110094697179857874E+03
    0.245928055053564663E+02   -0.110092187247021897E+03
    0.245928029536293309E+02   -0.110091934151081361E+03
    0.245925693563606593E+02   -0.110068963450746963E+03
    0.245923245440242439E+02   -0.110045312232871879E+03
    0.245921572418947747E+02   -0.110029397854345902E+03
    0.245663530316730458E+02   -0.109991315566097668E+03
    0.245664237599589868E+02   -0.109984857107073665E+03
    0.245916720879229800E+02   -0.109984389650885348E+03
    0.245916720879229800E+02   -0.109984389650885348E+03
    0.245915873260567324E+02   -0.109976700395800151E+03
    0.245915405385341757E+02   -0.109972478213370692E+03
    0.245912173476956468E+02   -0.109943744101521318E+03
    0.245911281321339175E+02   -0.109935944830798803E+03
    0.245911281321339175E+02   -0.109935944830798803E+03
    0.245670965628140578E+02   -0.109925224807434049E+03
    0.245909675721631942E+02   -0.109922053201155904E+03
    0.245909675721631942E+02   -0.109922053201155904E+03
    0.245909245932984817E+02   -0.109918366217831661E+03
    0.245673485710009025E+02   -0.109903729018937327E+03
    0.245674243075212395E+02   -0.109897358350726222E+03
    0.245674243075212395E+02   -0.109897358350726222E+03
    0.245905365655295896E+02   -0.109885681922933287E+03
    0.245903995384027318E+02   -0.109874399300000675E+03
    0.245903995384027318E+02   -0.109874399300000675E+03
    0.245678043585701893E+02   -0.109866014504869497E+03
    0.245678043585701893E+02   -0.109866014504869497E+03
    0.245681254571196916E+02   -0.109840344432663386E+03
    0.245681254571196916E+02   -0.109840344432663386E+03
    0.245898329493575787E+02   -0.109829184634364140E+03
    0.245898329493575787E+02   -0.109829184634364140E+03
    0.245897284495395603E+02   -0.109821098259401495E+03
    0.245896845817417855E+02   -0.109817727162538972E+03
    0.245896455902804689E+02   -0.109814742445786379E+03
    0.245896455902804689E+02   -0.109814742445786379E+03
    0.245895799044759222E+02   -0.109809739124278110E+03
    0.245895799044759222E+02   -0.109809739124278110E+03
    0.245895460063559170E+02   -0.109807169259133758E+03
    0.245894364244429937E+02   -0.109798918390134773E+03
    0.245889467448244154E+02   -0.109763106519840875E+03
    0.245889442238846883E+02   -0.109762926629373155E+03
    0.245888839605966751E+02   -0.109758639974572006E+03
    0.245888245567985635E+02   -0.109754440089492064E+03
    0.245888245567985635E+02   -0.109754440089492064E+03
    0.245888133933311153E+02   -0.109753653666025201E+03
    0.245693104795905022E+02   -0.109752043934313249E+03
    0.245693164673442332E+02   -0.109751623478766760E+03
    0.245887500681685296E+02   -0.109749209659708768E+03
    0.245884625410319053E+02   -0.109729395452954137E+03
    0.245884308958636097E+02   -0.109727251125471327E+03
    0.245884308958636097E+02   -0.109727251125471327E+03
    0.245882922238504555E+02   -0.109717939649222231E+03
    0.245698843306114085E+02   -0.109712923563104880E+03
    0.245881723096264935E+02   -0.109709999520132314E+03
    0.245880604453261782E+02   -0.109702685907268361E+03
    0.245880350475794884E+02   -0.109701037989944595E+03
    0.245880350475794884E+02   -0.109701037989944595E+03
    0.245703734114777639E+02   -0.109681456616957291E+03
    0.245877022150354030E+02   -0.109679872273687280E+03
    0.245704271265015102E+02   -0.109678105780505547E+03
    0.245875249295564657E+02   -0.109668924308389151E+03
    0.245706093800041252E+02   -0.109666891561396227E+03
    0.245706578237002766E+02   -0.109663951075609205E+03
    0.245873254722911483E+02   -0.109656878115491466E+03
    0.245708630445796352E+02   -0.109651682072985793E+03
    0.245708776734167458E+02   -0.109650819093798120E+03
    0.245872078673353265E+02   -0.109649909834016725E+03
    0.245709265885615373E+02   -0.109647944716605608E+03
    0.245870517563801769E+02   -0.109640814086091481E+03
    0.245711838725469676E+02   -0.109633110125631106E+03
    0.245866962059938388E+02   -0.109620754042339200E+03
    0.245866633112220150E+02   -0.109618944203493797E+03
    0.245866633112220150E+02   -0.109618944203493797E+03
    0.245864568804009593E+02   -0.109607764718397078E+03
    0.245716654500976901E+02   -0.109606626127920904E+03
    0.245863449081212053E+02   -0.109601829292808247E+03
    0.245721168182542655E+02   -0.109583321877787299E+03
    0.245721180288912322E+02   -0.109583261347942098E+03
    0.245722011217843317E+02   -0.109579132099406507E+03
    0.245858751061626819E+02   -0.109577911564077539E+03
    0.245858751061626819E+02   -0.109577911564077539E+03
    0.245722433221226950E+02   -0.109577054045704671E+03
    0.245722433221226950E+02   -0.109577054045704671E+03
    0.245857813774387317E+02   -0.109573330266753842E+03
    0.245723855264216056E+02   -0.109570146093643842E+03
    0.245724538878951542E+02   -0.109566877157063516E+03
    0.245855838796234849E+02   -0.109563884309068342E+03
    0.245855778459590226E+02   -0.109563600158035740E+03
    0.245725932393052560E+02   -0.109560317964831953E+03
    0.245725966084333081E+02   -0.109560161115696616E+03
    0.245726101008599969E+02   -0.109559533798588177E+03
    0.245854081111803744E+02   -0.109555714197424408E+03
    0.245727942842884595E+02   -0.109551101652990880E+03
    0.245852712433719169E+02   -0.109549506565657950E+03
    0.245728457300771765E+02   -0.109548790110866193E+03
    0.245852318289825789E+02   -0.109547743981457373E+03
    0.245728858957355989E+02   -0.109546998671139534E+03
    0.245730706360694420E+02   -0.109538908833655924E+03
    0.245734488341951973E+02   -0.109523115098916193E+03
    0.245734533751603621E+02   -0.109522931732914799E+03
    0.245846448580441574E+02   -0.109522820787550657E+03
    0.245845845009407995E+02   -0.109520398864191009E+03
    0.245845167963932489E+02   -0.109517713376585419E+03
    0.245844951154166473E+02   -0.109516860392791642E+03
    0.245844078509906581E+02   -0.109513461472661888E+03
    0.245843892361792768E+02   -0.109512743538727861E+03
    0.245737602000299837E+02   -0.109510886499339634E+03
    0.245843090345392028E+02   -0.109509678907711276E+03
    0.245842305601452722E+02   -0.109506725176784101E+03
    0.245738764037552357E+02   -0.109506501861811586E+03
    0.245741241675120428E+02   -0.109497478320088007E+03
    0.245838997814758287E+02   -0.109494762981848794E+03
    0.245760577783663905E+02   -0.109442265284676793E+03
    0.245800788379656510E+02   -0.109413783765342714E+03
    0.245754465434047518E+02   -0.109456804217597124E+03
    0.245755486600689252E+02   -0.109454187791247691E+03
    0.245766348840799012E+02   -0.109431010998472374E+03
    0.245838823394679764E+02   -0.109494154113910668E+03
    0.245808434339091697E+02   -0.109421561978132246E+03
    0.245792171331181137E+02   -0.109410070786370710E+03
    0.245829499234489042E+02   -0.109464798723565579E+03
    0.245831675755472325E+02   -0.109471090144543609E+03
    0.245838109657298105E+02   -0.109491685447426079E+03
    0.245762309379456347E+02   -0.109438636240836999E+03
    0.245823385128177421E+02   -0.109448953139671602E+03
    0.245802268297981001E+02   -0.109414960245330533E+03
    0.245776029138014813E+02   -0.109417526513861773E+03
    0.245797303527115147E+02   -0.109411637292492173E+03
    0.245784397520643623E+02   -0.109411315622826095E+03
    0.245762094954790342E+02   -0.109439073897454250E+03
    0.245825479064359804E+02   -0.109454076341265392E+03
    0.245764011127731514E+02   -0.109435280425750179E+03
    0.245747912036831266E+02   -0.109475385169847485E+03
    0.245799662360428783E+02   -0.109412994427895029E+03
    0.245835242715449667E+02   -0.109482139458334132E+03
    0.245797090644752707E+02   -0.109411534553083527E+03
    0.245797405980635588E+02   -0.109411687902638533E+03
    0.245822808668149868E+02   -0.109447598230409668E+03
    0.245829100699085217E+02   -0.109463683727167023E+03
    0.245789367750282892E+02   -0.109410017283206770E+03
    0.245805881852001136E+02   -0.109418496550959475E+03
    0.245758453068335001E+02   -0.109447013663110525E+03
    0.245819515144820535E+02   -0.109440316736250111E+03
    0.245797674011200336E+02   -0.109411823885371632E+03
    0.245818895383042602E+02   -0.109439033985739371E+03
    0.245772823117219836E+02   -0.109421244003378192E+03
    0.245743166825426549E+02   -0.109490772561405251E+03
    0.245823624990933567E+02   -0.109449523972429432E+03
    0.245835890053288324E+02   -0.109484243074789759E+03
    0.245761714853525142E+02   -0.109439857860637517E+03
    0.245777059642984170E+02   -0.109416489028589353E+03
    0.245780870152668953E+02   -0.109413317857865550E+03
    0.245764497660712351E+02   -0.109434359381787118E+03
    0.245772532341206755E+02   -0.109421617831096327E+03
    0.245825225885587031E+02   -0.109453440088198860E+03
    0.245818805770563742E+02   -0.109438850802673585E+03
    0.245777229393035626E+02   -0.109416325475260109E+03
    0.245806786829433150E+02   -0.109419529629094015E+03
    0.245789970070012380E+02   -0.109409980969985185E+03
    0.245774048424046967E+02   -0.109419735706841195E+03
    0.245773095714578744E+02   -0.109420899084074009E+03
    0.245796846526920802E+02   -0.109411420761773599E+03
    0.245819736353871789E+02   -0.109440781291034341E+03
    0.245799973201408761E+02   -0.109413203190125927E+03
    0.245789265620622963E+02   -0.109410026034686894E+03
    0.245781030835915004E+02   -0.109413207143229641E+03
    0.245813596277123096E+02   -0.109429197118338621E+03
    0.245758803209532246E+02   -0.109446208752295817E+03
    0.245767495775650957E+02   -0.109429060432220211E+03
    0.245755625255448606E+02   -0.109453838329588635E+03
    0.245766832464378737E+02   -0.109430176943635928E+03
    0.245824853361134359E+02   -0.109452512317179668E+03
    0.245799474370335105E+02   -0.109412871554222633E+03
    0.245811844641731625E+02   -0.109426390838902208E+03
    0.245779246096790800E+02   -0.109414541385921410E+03
    0.245745055674677992E+02   -0.109484453011476830E+03
    0.245817374726889852E+02   -0.109436003973795096E+03
    0.245799657381233736E+02   -0.109412991140546865E+03
    0.245796390919134460E+02   -0.109411219883343364E+03
    0.245796489888366807E+02   -0.109411262246378087E+03
    0.245744944926687694E+02   -0.109484816442051311E+03
    0.245818369714960170E+02   -0.109437967696461840E+03
    0.245765149437094159E+02   -0.109433152271665932E+03
    0.245781226589139301E+02   -0.109413074780419763E+03
    0.245802018131494364E+02   -0.109414750279340794E+03
    0.245834047519799128E+02   -0.109478334906163454E+03
    0.245797819022507724E+02   -0.109411899615179408E+03
    0.245780495969087553E+02   -0.109413582895952999E+03
    0.245828826540249565E+02   -0.109462923353408144E+03
    0.245795803119142526E+02   -0.109410982835934036E+03
    0.245817180952060319E+02   -0.109435629843040644E+03
    0.245810583110994045E+02   -0.109424506815037049E+03
    0.245768657603424323E+02   -0.109427181259013935E+03
    0.245836609932644308E+02   -0.109486617914531863E+03
    0.245830698889774020E+02   -0.109468224173973326E+03
    0.245774611627484987E+02   -0.109419078750153432E+03
    0.245764329938143149E+02   -0.109434674965299862E+03
    0.245755609310324914E+02   -0.109453878446690226E+03
    0.245773117892559014E+02   -0.109420871257852966E+03
    0.245747209427550359E+02   -0.109477561117246040E+03
    0.245781982307845475E+02   -0.109412589711986257E+03
    0.245803130130557115E+02   -0.109415718142066723E+03
    0.245761954058908216E+02   -0.109439363281553199E+03
    0.245776131402080544E+02   -0.109417420134273613E+03
    0.245757131929421675E+02   -0.109450130336308007E+03
    0.245755407337360232E+02   -0.109454388187196543E+03
