    0.396381056308746338E+02   -0.817812509658259922E+06   -0.460515351937698814E+01    1
    0.393694818019866943E+02   -0.788900279275731882E+06   -0.461515351937698259E+01    1
    0.389989149570465088E+02   -0.749869905395706417E+06   -0.462515351937698149E+01    1
    0.389917564392089844E+02   -0.749125676257072482E+06   -0.463515351937698661E+01    1
    0.385763823986053467E+02   -0.706574520504768589E+06   -0.464515351937698728E+01    1
    0.382396435737609863E+02   -0.672992023593572434E+06   -0.465515351937698174E+01    1
    0.380964684486389160E+02   -0.658961126509743277E+06   -0.466515351937698153E+01    1
    0.379926335811614990E+02   -0.648877983965264051E+06   -0.467515351937698398E+01    1
    0.379232168197631836E+02   -0.642180462295654928E+06   -0.468515351937698377E+01    1
    0.378678882122039795E+02   -0.636867091886839713E+06   -0.469515351937698444E+01    1
    0.378461074829101562E+02   -0.634781479716145899E+06   -0.470515351937698423E+01    1
    0.377330124378204346E+02   -0.624007073692836333E+06   -0.471515351937698135E+01    1
    0.376932001113891602E+02   -0.620236159887345042E+06   -0.472515351937698025E+01    1
    0.376421403884887695E+02   -0.615416654196997057E+06   -0.473515351937698448E+01    1
    0.376382756233215332E+02   -0.615052626045851852E+06   -0.474515351937698782E+01    1
    0.376262986660003662E+02   -0.613925182235965738E+06   -0.475515351937698494E+01    1
    0.374538731575012207E+02   -0.597808657256553881E+06   -0.476515351937698117E+01    1
    0.372654652595520020E+02   -0.580443401831360185E+06   -0.477515351937698451E+01    1
    0.371447908878326416E+02   -0.569455527273672516E+06   -0.478515351937698341E+01    1
    0.368586909770965576E+02   -0.543824643676082371E+06   -0.479515351937697876E+01    1
    0.368246126174926758E+02   -0.540811002907334594E+06   -0.480515351937698032E+01    1
    0.365091133117675781E+02   -0.513308240660766431E+06   -0.481515351937698277E+01    1
    0.364363336563110352E+02   -0.507065774716359330E+06   -0.482515351937698345E+01    1
    0.363623201847076416E+02   -0.500756657428737148E+06   -0.483515351937698323E+01    1
    0.363265252113342285E+02   -0.497719565711407340E+06   -0.484515351937698480E+01    1
    0.362434196472167969E+02   -0.490703947961595200E+06   -0.485515351937698814E+01    1
    0.362282252311706543E+02   -0.489426649154262152E+06   -0.486515351937698437E+01    1
    0.362126910686492920E+02   -0.488122511198447784E+06   -0.487515351937698149E+01    1
    0.360177052021026611E+02   -0.471900894646429049E+06   -0.488515351937698572E+01    1
    0.359545695781707764E+02   -0.466707164040328644E+06   -0.489515351937698817E+01    1
    0.358827018737792969E+02   -0.460830090362488409E+06   -0.490515351937698973E+01    1
    0.356640815734863281E+02   -0.443181126233216317E+06   -0.491515351937698775E+01    1
    0.356151306629180908E+02   -0.439276603894817468E+06   -0.492515351937698220E+01    1
    0.355690360069274902E+02   -0.435615705249623861E+06   -0.493515351937698199E+01    1
    0.355184447765350342E+02   -0.431615320269068237E+06   -0.494515351937698799E+01    1
    0.354696977138519287E+02   -0.427778219449567609E+06   -0.495515351937699045E+01    1
    0.353658676147460938E+02   -0.419662408047355595E+06   -0.496515351937698846E+01    1
    0.353367471694946289E+02   -0.417400187691818865E+06   -0.497515351937698824E+01    1
    0.353261184692382812E+02   -0.416576021015400533E+06   -0.498515351937698359E+01    1
    0.351442313194274902E+02   -0.402598456925773935E+06   -0.499515351937698426E+01    1
    0.351285183429718018E+02   -0.401402150276689383E+06   -0.500515351937698583E+01    1
    0.346279335021972656E+02   -0.364222068365689251E+06   -0.501515351937698384E+01    1
    0.346187746524810791E+02   -0.363558644705089566E+06   -0.502515351937698451E+01    1
    0.342689847946166992E+02   -0.338674255953932530E+06   -0.503515351937698608E+01    1
    0.342597639560699463E+02   -0.338030213110249373E+06   -0.504515351937698409E+01    1
    0.340411627292633057E+02   -0.322941269446678867E+06   -0.505515351937698298E+01    1
    0.332806968688964844E+02   -0.273134813395147969E+06   -0.506515351937698455E+01    1
    0.332779347896575928E+02   -0.272961513290865347E+06   -0.507515351937697989E+01    1
    0.331389701366424561E+02   -0.264313522077130270E+06   -0.508515351937698501E+01    1
    0.329760384559631348E+02   -0.254351387864555436E+06   -0.509515351937699013E+01    1
    0.328067886829376221E+02   -0.244205669739107136E+06   -0.510515351937699080E+01    1
    0.328018760681152344E+02   -0.243914266954620398E+06   -0.511515351937698348E+01    1
    0.327493107318878174E+02   -0.240807130287035281E+06   -0.512515351937698238E+01    1
    0.325812554359436035E+02   -0.231007072761860676E+06   -0.513515351937698394E+01    1
    0.325760877132415771E+02   -0.230708947477519629E+06   -0.514515351937697751E+01    1
    0.323864388465881348E+02   -0.219901349920080305E+06   -0.515515351937698085E+01    1
    0.323328113555908203E+02   -0.216892300344618503E+06   -0.516515351937698330E+01    1
    0.322813701629638672E+02   -0.214025413195330504E+06   -0.517515351937698220E+01    1
    0.322072064876556396E+02   -0.209925760458619188E+06   -0.518515351937698643E+01    1
    0.321912920475006104E+02   -0.209051203985891596E+06   -0.519515351937698533E+01    1
    0.319849646091461182E+02   -0.197878101429471310E+06   -0.520515351937697623E+01    1
    0.317398691177368164E+02   -0.185004570767576370E+06   -0.521515351937698224E+01    1
    0.316728901863098145E+02   -0.181561902126958827E+06   -0.522515351937697670E+01    1
    0.315984177589416504E+02   -0.177772057400323916E+06   -0.523515351937698092E+01    1
    0.314964306354522705E+02   -0.172646902817862487E+06   -0.524515351937698071E+01    1
    0.314805090427398682E+02   -0.171853564822231536E+06   -0.525515351937698583E+01    1
    0.314485228061676025E+02   -0.170265286384242529E+06   -0.526515351937698739E+01    1
    0.313679635524749756E+02   -0.166297804123611189E+06   -0.527515351937698007E+01    1
    0.312734556198120117E+02   -0.161703018604135345E+06   -0.528515351937697542E+01    1
    0.312604534626007080E+02   -0.161075920281200524E+06   -0.529515351937697609E+01    1
    0.311460733413696289E+02   -0.155611865711197257E+06   -0.530515351937697677E+01    1
    0.309952855110168457E+02   -0.148552752087195084E+06   -0.531515351937698188E+01    1
    0.309558010101318359E+02   -0.146731379656434961E+06   -0.532515351937698078E+01    1
    0.306899762153625488E+02   -0.134761843665452790E+06   -0.533515351937697613E+01    1
    0.305207622051239014E+02   -0.127407928634701166E+06   -0.534515351937697680E+01    1
    0.304994916915893555E+02   -0.126498137521235025E+06   -0.535515351937698103E+01    1
    0.304698586463928223E+02   -0.125236099849459250E+06   -0.536515351937698171E+01    1
    0.304482877254486084E+02   -0.124321401527847600E+06   -0.537515351937698238E+01    1
    0.304424989223480225E+02   -0.124076502866989133E+06   -0.538515351937698128E+01    1
    0.303700637817382812E+02   -0.121032523359612242E+06   -0.539515351937698018E+01    1
    0.303346145153045654E+02   -0.119556610497384128E+06   -0.540515351937698263E+01    1
    0.303029811382293701E+02   -0.118247221986014687E+06   -0.541515351937698153E+01    1
    0.302681362628936768E+02   -0.116813253674538093E+06   -0.542515351937697865E+01    1
    0.301657748222351074E+02   -0.112651423640939684E+06   -0.543515351937697933E+01    1
    0.300223720073699951E+02   -0.106948005785767498E+06   -0.544515351937698178E+01    1
    0.299030745029449463E+02   -0.102316308090792038E+06   -0.545515351937698245E+01    1
    0.298938059806823730E+02   -0.101960756601330490E+06   -0.546515351937698401E+01    1
    0.298195683956146240E+02   -0.991352682607050083E+05   -0.547515351937698025E+01    1
    0.296277427673339844E+02   -0.920184010095386184E+05   -0.548515351937698004E+01    1
    0.296258616447448730E+02   -0.919499239226877398E+05   -0.549515351937697805E+01    1
    0.295990586280822754E+02   -0.909770061294631887E+05   -0.550515351937697694E+01    1
    0.295820844173431396E+02   -0.903635417654405173E+05   -0.551515351937698295E+01    1
    0.295790672302246094E+02   -0.902547152031658770E+05   -0.552515351937698185E+01    1
    0.295271992683410645E+02   -0.883941607613268716E+05   -0.553515351937698163E+01    1
    0.294376397132873535E+02   -0.852272436471086839E+05   -0.554515351937698142E+01    1
    0.293036556243896484E+02   -0.805974277636790212E+05   -0.555515351937698032E+01    1
    0.200348210334777832E+02   -0.745690105786734784E+05   -0.556515351937698544E+01    1
    0.290987741947174072E+02   -0.737680965060035378E+05   -0.557515351937698611E+01    1
    0.290551161766052246E+02   -0.723519653005894943E+05   -0.558515351937698146E+01    1
    0.201873898506164551E+02   -0.696531020301516837E+05   -0.559515351937697680E+01    1
    0.202440237998962402E+02   -0.678710250489474129E+05   -0.560515351937697748E+01    1
    0.202548444271087646E+02   -0.675331687302586070E+05   -0.561515351937697904E+01    1
    0.288936316967010498E+02   -0.672333578850953636E+05   -0.562515351937698060E+01    1
    0.203039526939392090E+02   -0.660104555768157297E+05   -0.563515351937698039E+01    1
    0.287754130363464355E+02   -0.636053856816404223E+05   -0.564515351937698284E+01    1
    0.287162232398986816E+02   -0.618267937307081447E+05   -0.565515351937698085E+01    1
    0.287132120132446289E+02   -0.617369848641430217E+05   -0.566515351937697975E+01    1
    0.205173730850219727E+02   -0.595949010626703312E+05   -0.567515351937697954E+01    1
    0.206549024581909180E+02   -0.556347160720569955E+05   -0.568515351937697666E+01    1
    0.284353017807006836E+02   -0.537299088455620295E+05   -0.569515351937697734E+01    1
    0.283738887310028076E+02   -0.520356328983913772E+05   -0.570515351937697890E+01    1
    0.283219325542449951E+02   -0.506234940491811140E+05   -0.571515351937697780E+01    1
    0.283053803443908691E+02   -0.501777033920809190E+05   -0.572515351937697403E+01    1
    0.209508121013641357E+02   -0.475764144650875605E+05   -0.573515351937697382E+01    1
    0.280344784259796143E+02   -0.431624553438969451E+05   -0.574515351937697805E+01    1
    0.211842787265777588E+02   -0.416642256020736095E+05   -0.575515351937698227E+01    1
    0.212809360027313232E+02   -0.393315830510055821E+05   -0.576515351937698384E+01    1
    0.212849342823028564E+02   -0.392365431987925622E+05   -0.577515351937697918E+01    1
    0.278568494319915771E+02   -0.388498739838055990E+05   -0.578515351937698075E+01    1
    0.213623642921447754E+02   -0.374187518719138607E+05   -0.579515351937698409E+01    1
    0.214062905311584473E+02   -0.364067357471340511E+05   -0.580515351937698565E+01    1
    0.214320921897888184E+02   -0.358187787819748773E+05   -0.581515351937698366E+01    1
    0.276778459548950195E+02   -0.347341100428067293E+05   -0.582515351937698256E+01    1
    0.214980661869049072E+02   -0.343372244050829322E+05   -0.583515351937698412E+01    1
    0.215142548084259033E+02   -0.339784783982943336E+05   -0.584515351937698391E+01    1
    0.215623807907104492E+02   -0.329231489842174415E+05   -0.585515351937697837E+01    1
    0.215990436077117920E+02   -0.321303982461719897E+05   -0.586515351937697371E+01    1
    0.275527191162109375E+02   -0.319943304625993842E+05   -0.587515351937697705E+01    1
    0.275501298904418945E+02   -0.319388291097868823E+05   -0.588515351937697684E+01    1
    0.216110742092132568E+02   -0.318723759300586607E+05   -0.589515351937697751E+01    1
    0.216632544994354248E+02   -0.307653378941391384E+05   -0.590515351937697286E+01    1
    0.216633656751033321E+02   -0.307630001940416696E+05   -0.591515351937697531E+01    1
    0.274754762649536133E+02   -0.303593838385599047E+05   -0.592515351937697687E+01    1
    0.274579156993902131E+02   -0.299936942746919376E+05   -0.593515351937697400E+01    1
    0.273744225502014160E+02   -0.282854163414916693E+05   -0.594515351937698000E+01    1
    0.217934501171112061E+02   -0.280887728735346864E+05   -0.595515351937698156E+01    1
    0.273178362846374512E+02   -0.271562373928420639E+05   -0.596515351937697336E+01    1
    0.273105263710021973E+02   -0.270120522392046369E+05   -0.597515351937696959E+01    1
    0.218702149391174316E+02   -0.265679257611355424E+05   -0.598515351937697559E+01    1
    0.218801939487457275E+02   -0.263733451360024774E+05   -0.599515351937697627E+01    1
    0.219150054454803467E+02   -0.257001782861749343E+05   -0.600515351937697517E+01    1
    0.219213354587554932E+02   -0.255787107816780335E+05   -0.601515351937697851E+01    1
    0.272313058376312256E+02   -0.254741762036366890E+05   -0.602515351937697829E+01    1
    0.272245669364929199E+02   -0.253454453856652108E+05   -0.603515351937697453E+01    1
    0.220422482490539551E+02   -0.233139745116649428E+05   -0.604515351937697520E+01    1
    0.220802003169081154E+02   -0.226248600145622004E+05   -0.605515351937697410E+01    1
    0.270385241508483887E+02   -0.219208605021624535E+05   -0.606515351937697478E+01    1
    0.221255445480346680E+02   -0.218151414323626959E+05   -0.607515351937697723E+01    1
    0.221293973922729492E+02   -0.217470241003408846E+05   -0.608515351937697790E+01    1
    0.221468245983123779E+02   -0.214402526262734100E+05   -0.609515351937697769E+01    1
    0.270082008838653564E+02   -0.213863418963534205E+05   -0.610515351937697481E+01    1
    0.269774746894836426E+02   -0.208514845521558054E+05   -0.611515351937697282E+01    1
    0.221901708672995177E+02   -0.206867260823110155E+05   -0.612515351937697528E+01    1
    0.222057139873504639E+02   -0.204198267422499521E+05   -0.613515351937697417E+01    1
    0.269097065925598145E+02   -0.196958988086126155E+05   -0.614515351937697485E+01    1
    0.269093730954860177E+02   -0.196902938895769148E+05   -0.615515351937697819E+01    1
    0.268678808212280273E+02   -0.189992115762442336E+05   -0.616515351937697620E+01    1
    0.223378360271453857E+02   -0.182214358595733647E+05   -0.617515351937697776E+01    1
    0.223918676376342773E+02   -0.173586665487653845E+05   -0.618515351937698288E+01    1
    0.224198326510303012E+02   -0.169203932727124047E+05   -0.619515351937698000E+01    1
    0.267135441303253174E+02   -0.165376079092048130E+05   -0.620515351937697535E+01    1
    0.224489772319793701E+02   -0.164696351789099972E+05   -0.621515351937697247E+01    1
    0.224515879154205322E+02   -0.164295565622014728E+05   -0.622515351937697314E+01    1
    0.267042892665474483E+02   -0.163954560492453347E+05   -0.623515351937697559E+01    1
    0.266455340385437012E+02   -0.155074023689869209E+05   -0.624515351937698071E+01    1
    0.266423654556274414E+02   -0.154602184361712789E+05   -0.625515351937697694E+01    1
    0.225564324855804443E+02   -0.148606298039673402E+05   -0.626515351937697407E+01    1
    0.225736219214744764E+02   -0.146109655849362189E+05   -0.627515351937697385E+01    1
    0.226330977700495986E+02   -0.137635630021272991E+05   -0.628515351937697986E+01    1
    0.265248179435729980E+02   -0.137609631761949913E+05   -0.629515351937697432E+01    1
    0.264820308910490425E+02   -0.131671743418378737E+05   -0.630515351937697766E+01    1
    0.226777812833350119E+02   -0.131437013788763306E+05   -0.631515351937697567E+01    1
    0.227052295207977295E+02   -0.127700711639447964E+05   -0.632515351937697190E+01    1
    0.227056403029180842E+02   -0.127645207903807950E+05   -0.633515351937697790E+01    1
    0.227128970122936344E+02   -0.126666707838379734E+05   -0.634515351937697858E+01    1
    0.227160561084747314E+02   -0.126241919437840661E+05   -0.635515351937697659E+01    1
    0.227182328701019287E+02   -0.125949639627026227E+05   -0.636515351937697371E+01    1
    0.264284011058929700E+02   -0.124415574283238348E+05   -0.637515351937697350E+01    1
    0.227487998637614908E+02   -0.121881414298138279E+05   -0.638515351937697861E+01    1
    0.227517223358154297E+02   -0.121495985417765969E+05   -0.639515351937698195E+01    1
    0.227583158016204834E+02   -0.120628671597852008E+05   -0.640515351937697730E+01    1
    0.227683913707733154E+02   -0.119309372898942947E+05   -0.641515351937697620E+01    1
    0.263889360427856445E+02   -0.119208384117589412E+05   -0.642515351937697776E+01    1
    0.227793788909912109E+02   -0.117879007910751334E+05   -0.643515351937697222E+01    1
    0.227863013744354248E+02   -0.116982303481240397E+05   -0.644515351937697556E+01    1
    0.227870263144532252E+02   -0.116888598221968987E+05   -0.645515351937697535E+01    1
    0.227870460301395639E+02   -0.116886050314989243E+05   -0.646515351937697513E+01    1
    0.228027212619781494E+02   -0.114869172307967183E+05   -0.647515351937697048E+01    1
    0.228349571399391387E+02   -0.110777182927333633E+05   -0.648515351937697559E+01    1
    0.263225146391404330E+02   -0.110698058123186620E+05   -0.649515351937697538E+01    1
    0.228870564217635355E+02   -0.104322184536043642E+05   -0.650515351937697694E+01    1
    0.262552315490907375E+02   -0.102401706024032883E+05   -0.651515351937697318E+01    1
    0.229050239894764722E+02   -0.102141432668313009E+05   -0.652515351937697652E+01    1
    0.262420176272426247E+02   -0.100810715383609349E+05   -0.653515351937697631E+01    1
    0.229781250176682441E+02   -0.935090910606135731E+04   -0.654515351937697609E+01    1
    0.261429846286773682E+02   -0.892877089461945434E+04   -0.655515351937696966E+01    1
    0.261386084556579590E+02   -0.887948358717197698E+04   -0.656515351937697567E+01    1
    0.230318355560302734E+02   -0.874121247335741464E+04   -0.657515351937698256E+01    1
    0.261168980598449707E+02   -0.863700912302477445E+04   -0.658515351937698501E+01    1
    0.230472421646118164E+02   -0.857016360072806492E+04   -0.659515351937696881E+01    1
    0.230570769309997559E+02   -0.846187013314458818E+04   -0.660515351937696948E+01    1
    0.260944845102115046E+02   -0.839024745513816379E+04   -0.661515351937697371E+01    1
    0.230916582419652840E+02   -0.808662364819720369E+04   -0.662515351937697705E+01    1
    0.260284364223480225E+02   -0.768415955317436692E+04   -0.663515351937697861E+01    1
    0.260237972618889515E+02   -0.763574699501695613E+04   -0.664515351937698107E+01    1
    0.260144710540771484E+02   -0.753889178083481875E+04   -0.665515351937697286E+01    1
    0.231509073799059166E+02   -0.746374915618700470E+04   -0.666515351937697353E+01    1
    0.231588607305299199E+02   -0.738206439045511615E+04   -0.667515351937697510E+01    1
    0.259977184488371904E+02   -0.736648672770708617E+04   -0.668515351937697488E+01    1
    0.259737900024445842E+02   -0.712374338108871780E+04   -0.669515351937697734E+01    1
    0.231949472427368164E+02   -0.701716890053685165E+04   -0.670515351937697446E+01    1
    0.259392026958934068E+02   -0.678016844587848755E+04   -0.671515351937697247E+01    1
    0.259174358844757080E+02   -0.656836965081281687E+04   -0.672515351937697314E+01    1
    0.232495200872437309E+02   -0.648318519516858760E+04   -0.673515351937697382E+01    1
    0.259066700935363770E+02   -0.646487757501367378E+04   -0.674515351937697183E+01    1
    0.232741737365722656E+02   -0.624899737227508922E+04   -0.675515351937697428E+01    1
    0.258592209866550995E+02   -0.601870705539374194E+04   -0.676515351937697584E+01    1
    0.233008877644656671E+02   -0.600018577655333138E+04   -0.677515351937697829E+01    1
    0.258308994052735628E+02   -0.576013313100954656E+04   -0.678515351937697098E+01    1
    0.258019941954869054E+02   -0.550219524584137707E+04   -0.679515351937697432E+01    1
    0.233712136745452881E+02   -0.536978519859187509E+04   -0.680515351937697410E+01    1
    0.257697146606540066E+02   -0.522126779483394421E+04   -0.681515351937697567E+01    1
    0.233886249729513480E+02   -0.521921880689283716E+04   -0.682515351937697723E+01    1
    0.257639098167419434E+02   -0.517154562489279579E+04   -0.683515351937697613E+01    1
    0.257485908968886861E+02   -0.504149616868697649E+04   -0.684515351937697059E+01    1
    0.257379815289632319E+02   -0.495242018566382103E+04   -0.685515351937697126E+01    1
    0.257349134277853153E+02   -0.492681179905985209E+04   -0.686515351937697371E+01    1
    0.234258057091949432E+02   -0.490501264412905039E+04   -0.687515351937697083E+01    1
    0.257295275462432720E+02   -0.488202187522203531E+04   -0.688515351937697062E+01    1
    0.234895908832550049E+02   -0.438920001018276434E+04   -0.689515351937697307E+01    1
    0.256556748209751184E+02   -0.428895084433900502E+04   -0.690515351937697019E+01    1
    0.235132857913850870E+02   -0.420506019501544142E+04   -0.691515351937697176E+01    1
    0.256430497346492068E+02   -0.419150241197162177E+04   -0.692515351937697421E+01    1
    0.235463575064401134E+02   -0.395481996498574745E+04   -0.693515351937697400E+01    1
    0.235646140123403853E+02   -0.382005929300662046E+04   -0.694515351937697556E+01    1
    0.235653156793450194E+02   -0.381492789285605477E+04   -0.695515351937697623E+01    1
    0.255811474618093300E+02   -0.373033635555554156E+04   -0.696515351937697869E+01    1
    0.255807550823818168E+02   -0.372750130285074465E+04   -0.697515351937697670E+01    1
    0.255787444114685059E+02   -0.371299105719979616E+04   -0.698515351937697471E+01    1
    0.255671129893653593E+02   -0.362962367240978847E+04   -0.699515351937697627E+01    1
    0.236147271824831009E+02   -0.346250240391598891E+04   -0.700515351937697339E+01    1
    0.255345456091568614E+02   -0.340138962018666552E+04   -0.701515351937697229E+01    1
    0.236278160872880072E+02   -0.337209609313673309E+04   -0.702515351937697385E+01    1
    0.254950058276871090E+02   -0.313457305094545791E+04   -0.703515351937696920E+01    1
    0.254779859220647786E+02   -0.302319289133817483E+04   -0.704515351937696899E+01    1
    0.236918032169342041E+02   -0.294791419403744203E+04   -0.705515351937697233E+01    1
    0.236967644782541420E+02   -0.291625855853552457E+04   -0.706515351937697300E+01    1
    0.254427480697631836E+02   -0.279923234050171322E+04   -0.707515351937697190E+01    1
    0.237160205841064453E+02   -0.279507527609537237E+04   -0.708515351937697524E+01    1
    0.237161148093521454E+02   -0.279448886847073709E+04   -0.709515351937697947E+01    1
    0.237245371642771055E+02   -0.274233126986681282E+04   -0.710515351937697481E+01    1
    0.254317217264368658E+02   -0.273099182124014851E+04   -0.711515351937697194E+01    1
    0.237331497669219971E+02   -0.268952453768901432E+04   -0.712515351937697261E+01    1
    0.237398842376936230E+02   -0.264860593099427615E+04   -0.713515351937696796E+01    1
    0.254109454154968262E+02   -0.260479259111888905E+04   -0.714515351937696508E+01    1
    0.254072785377502441E+02   -0.258284247172924916E+04   -0.715515351937696753E+01    1
    0.237566131544662333E+02   -0.254837645968891820E+04   -0.716515351937696821E+01    1
    0.237587728261193689E+02   -0.253558411513524607E+04   -0.717515351937696444E+01    1
    0.253954279422760010E+02   -0.251256726881698751E+04   -0.718515351937696511E+01    1
    0.237640336113488218E+02   -0.250456376058781962E+04   -0.719515351937696845E+01    1
    0.253832996285271513E+02   -0.244169381782735718E+04   -0.720515351937697446E+01    1
    0.237786876581618998E+02   -0.241920808658290071E+04   -0.721515351937697869E+01    1
    0.253686499595642090E+02   -0.235750099419754997E+04   -0.722515351937697670E+01    1
    0.237951039712052257E+02   -0.232542688167793995E+04   -0.723515351937696849E+01    1
    0.253583613671222636E+02   -0.229929679913628752E+04   -0.724515351937696384E+01    1
    0.238126742839813232E+02   -0.222720645794328993E+04   -0.725515351937697073E+01    1
    0.238129956104339229E+02   -0.222543092951439257E+04   -0.726515351937697051E+01    1
    0.253359671216789053E+02   -0.217524811328196756E+04   -0.727515351937696853E+01    1
    0.253334307670593262E+02   -0.216142646095047303E+04   -0.728515351937696742E+01    1
    0.253165086601963125E+02   -0.207039816242341021E+04   -0.729515351937696988E+01    1
    0.253113610670263363E+02   -0.204311759364902537E+04   -0.730515351937697766E+01    1
    0.253106015735178147E+02   -0.203910870217889828E+04   -0.731515351937697655E+01    1
    0.238542316020582952E+02   -0.200375552289235520E+04   -0.732515351937697723E+01    1
    0.238671850992634802E+02   -0.193665149752477078E+04   -0.733515351937697524E+01    1
    0.252851813580614291E+02   -0.190733090478256736E+04   -0.734515351937696614E+01    1
    0.252851330336052982E+02   -0.190708482977741005E+04   -0.735515351937696948E+01    1
    0.252800559997558594E+02   -0.188132567960582992E+04   -0.736515351937697105E+01    1
    0.252719893534082480E+02   -0.184078055338751028E+04   -0.737515351937696906E+01    1
    0.239398880349840901E+02   -0.158247768537257116E+04   -0.738515351937697240E+01    1
    0.239406117861225844E+02   -0.157914353828610365E+04   -0.739515351937697218E+01    1
    0.239479284690999208E+02   -0.154564946898860444E+04   -0.740515351937697464E+01    1
    0.239482524121303371E+02   -0.154417545808537079E+04   -0.741515351937697265E+01    1
    0.239499724670211904E+02   -0.153636151322872274E+04   -0.742515351937696799E+01    1
    0.239559258178133909E+02   -0.150948107742063667E+04   -0.743515351937697044E+01    1
    0.239643521928508250E+02   -0.147187140767486858E+04   -0.744515351937697023E+01    1
    0.239713110647233272E+02   -0.144119773482459959E+04   -0.745515351937696646E+01    1
    0.239777665270057661E+02   -0.141305526246402064E+04   -0.746515351937696536E+01    1
    0.251766265531871340E+02   -0.139702661194541793E+04   -0.747515351937696515E+01    1
    0.239941382408142090E+02   -0.134303062402836395E+04   -0.748515351937696671E+01    1
    0.251612998137062860E+02   -0.133182359237883225E+04   -0.749515351937696561E+01    1
    0.251611530780792236E+02   -0.133120753660954097E+04   -0.750515351937696362E+01    1
    0.251570343971252441E+02   -0.131397898696415200E+04   -0.751515351937696874E+01    1
    0.251517382437301613E+02   -0.129200483271817916E+04   -0.752515351937696853E+01    1
    0.240104794194498830E+02   -0.127506412588280955E+04   -0.753515351937696742E+01    1
    0.240123076235448423E+02   -0.126758000411985381E+04   -0.754515351937696721E+01    1
    0.240180845067187931E+02   -0.124408958468085893E+04   -0.755515351937696877E+01    1
    0.240216750303505364E+02   -0.122961079010000412E+04   -0.756515351937697211E+01    1
    0.240244508305115687E+02   -0.121848108993623487E+04   -0.757515351937696835E+01    1
    0.240352865499689337E+02   -0.117556658744458809E+04   -0.758515351937696991E+01    1
    0.251059329509735107E+02   -0.111039522246722686E+04   -0.759515351937697325E+01    1
    0.240529518842620611E+02   -0.110741906957600713E+04   -0.760515351937697126E+01    1
    0.251030962311562789E+02   -0.109964568728689915E+04   -0.761515351937696572E+01    1
    0.240589726459732205E+02   -0.108470700696742642E+04   -0.762515351937696639E+01    1
    0.250928862440605869E+02   -0.106143602862498415E+04   -0.763515351937696973E+01    1
    0.250920019913331132E+02   -0.105816219146723392E+04   -0.764515351937696952E+01    1
    0.240705750067788280E+02   -0.104167680560500685E+04   -0.765515351937697019E+01    1
    0.250832366943359375E+02   -0.102601473728095084E+04   -0.766515351937697087E+01    1
    0.240754311379635233E+02   -0.102395484294576886E+04   -0.767515351937697066E+01    1
    0.250819461960370838E+02   -0.102132851993279075E+04   -0.768515351937697044E+01    1
    0.250749137312293087E+02   -0.996002412406144799E+03   -0.769515351937697201E+01    1
    0.240839341200079318E+02   -0.993333654385639420E+03   -0.770515351937697446E+01    1
    0.250584021723211094E+02   -0.937940864095573033E+03   -0.771515351937697069E+01    1
    0.241001393783004474E+02   -0.936418572346681344E+03   -0.772515351937696959E+01    1
    0.250562298297882080E+02   -0.930448350132512701E+03   -0.773515351937697382E+01    1
    0.241025679816740066E+02   -0.928052162628242627E+03   -0.774515351937697538E+01    1
    0.250525298641679299E+02   -0.917765334785064397E+03   -0.775515351937697517E+01    1
    0.250494098663330078E+02   -0.907147100771742885E+03   -0.776515351937697407E+01    1
    0.250479445220551007E+02   -0.902184347910867473E+03   -0.777515351937697297E+01    1
    0.241118228435516357E+02   -0.896559544424735918E+03   -0.778515351937696565E+01    1
    0.250451636314392090E+02   -0.892808748451224915E+03   -0.779515351937696011E+01    1
    0.241131985187530518E+02   -0.891931102598818939E+03   -0.780515351937696522E+01    1
    0.241164652526755248E+02   -0.880994901244197877E+03   -0.781515351937697123E+01    1
    0.250168790004337538E+02   -0.800617199550282066E+03   -0.782515351937697279E+01    1
    0.241518595589252563E+02   -0.767437780578701222E+03   -0.783515351937697524E+01    1
    0.250017504593796005E+02   -0.753675101943948221E+03   -0.784515351937695993E+01    1
    0.241566057428176570E+02   -0.752897342186987544E+03   -0.785515351937696593E+01    1
    0.241571298272131720E+02   -0.751301713406729505E+03   -0.786515351937697016E+01    1
    0.241623278325595692E+02   -0.735583100737354130E+03   -0.787515351937697172E+01    1
    0.241636980148495617E+02   -0.731472161183488765E+03   -0.788515351937697417E+01    1
    0.241652572147648392E+02   -0.726810583992645888E+03   -0.789515351937696952E+01    1
    0.241687491108708130E+02   -0.716434377422779676E+03   -0.790515351937697019E+01    1
    0.249870634913875591E+02   -0.709682126552329350E+03   -0.791515351937696643E+01    1
    0.249826759857851854E+02   -0.696841668458861932E+03   -0.792515351937696444E+01    1
    0.241755127906799316E+02   -0.696586147684712842E+03   -0.793515351937696778E+01    1
    0.241819574029280204E+02   -0.677981164722494327E+03   -0.794515351937696490E+01    1
    0.241841468168501876E+02   -0.671728696705801326E+03   -0.795515351937696735E+01    1
    0.249739535776638775E+02   -0.671727022196514667E+03   -0.796515351937696447E+01    1
    0.249727278936827872E+02   -0.668241846035486333E+03   -0.797515351937695893E+01    1
    0.249683837218934670E+02   -0.655976640007782066E+03   -0.798515351937696582E+01    1
    0.249647127111820559E+02   -0.645718113101547488E+03   -0.799515351937696650E+01    1
    0.241978843059915860E+02   -0.633286484103690100E+03   -0.800515351937696096E+01    1
    0.242087210019980574E+02   -0.603921919023417331E+03   -0.801515351937696785E+01    1
    0.242149522029870390E+02   -0.587420509169994716E+03   -0.802515351937697652E+01    1
    0.249372771129933071E+02   -0.572127456963781015E+03   -0.803515351937696920E+01    1
    0.249240182138474111E+02   -0.538508593037381843E+03   -0.804515351937696543E+01    1
    0.249238994803014720E+02   -0.538213263186168888E+03   -0.805515351937697233E+01    1
    0.242358791828155518E+02   -0.534051180203271883E+03   -0.806515351937697034E+01    1
    0.242411921046283219E+02   -0.521004510409331260E+03   -0.807515351937696657E+01    1
    0.242530840391026921E+02   -0.492539837132292064E+03   -0.808515351937696636E+01    1
    0.242562472820281982E+02   -0.485139981019828269E+03   -0.809515351937696259E+01    1
    0.249002773407200770E+02   -0.481479301814347025E+03   -0.810515351937696593E+01    1
    0.242783080842886640E+02   -0.435539061321418160E+03   -0.811515351937696572E+01    1
    0.242876946926116943E+02   -0.415498834240111478E+03   -0.812515351937696728E+01    1
    0.242882072618907188E+02   -0.414422804571056076E+03   -0.813515351937696707E+01    1
    0.248686077177612610E+02   -0.411731456477684105E+03   -0.814515351937696508E+01    1
    0.242954272824502233E+02   -0.399467223463276355E+03   -0.815515351937696664E+01    1
    0.248584217804917245E+02   -0.390835661606501958E+03   -0.816515351937696643E+01    1
    0.248576668982489153E+02   -0.389316849573145646E+03   -0.817515351937696622E+01    1
    0.248528701991864622E+02   -0.379761980690389407E+03   -0.818515351937696600E+01    1
    0.243083167846648145E+02   -0.373702480623701035E+03   -0.819515351937696224E+01    1
    0.248491482437516993E+02   -0.372462291544671928E+03   -0.820515351937696558E+01    1
    0.248485117028014315E+02   -0.371223878672775129E+03   -0.821515351937696714E+01    1
    0.243100269287095330E+02   -0.370374112229842297E+03   -0.822515351937696693E+01    1
    0.243149813104346357E+02   -0.360850703303903288E+03   -0.823515351937696671E+01    1
    0.243170058727264404E+02   -0.357009997570455994E+03   -0.824515351937696295E+01    1
    0.248394954992290629E+02   -0.353996352324498673E+03   -0.825515351937696096E+01    1
    0.243209147350976025E+02   -0.349678300042956835E+03   -0.826515351937696252E+01    1
    0.248371779918670654E+02   -0.349662932068703299E+03   -0.827515351937696408E+01    1
    0.243231283320376122E+02   -0.345575212401282784E+03   -0.828515351937696565E+01    1
    0.248316894861296085E+02   -0.339554664694938083E+03   -0.829515351937696543E+01    1
    0.243286432896699232E+02   -0.335506463989752604E+03   -0.830515351937696344E+01    1
    0.243307590073108102E+02   -0.331701976785282227E+03   -0.831515351937696146E+01    1
    0.243308069735036163E+02   -0.331616098114468002E+03   -0.832515351937696302E+01    1
    0.248268841715587811E+02   -0.330883001710144868E+03   -0.833515351937696813E+01    1
    0.248248880934960745E+02   -0.327329835010118870E+03   -0.834515351937696437E+01    1
    0.248224369712234001E+02   -0.323005961302307696E+03   -0.835515351937696593E+01    1
    0.243427656169930131E+02   -0.310723072026489774E+03   -0.836515351937696927E+01    1
    0.248141312599182129E+02   -0.308676520453433227E+03   -0.837515351937696906E+01    1
    0.248108807137097287E+02   -0.303203959107028140E+03   -0.838515351937696174E+01    1
    0.243506182382214078E+02   -0.297564658655159292E+03   -0.839515351937695975E+01    1
    0.243509883418324620E+02   -0.296955459943655569E+03   -0.840515351937696487E+01    1
    0.243532745481112087E+02   -0.293214211445861451E+03   -0.841515351937696821E+01    1
    0.248023798400042139E+02   -0.289252249097147740E+03   -0.842515351937696266E+01    1
    0.243576268486916128E+02   -0.286196096601147303E+03   -0.843515351937695534E+01    1
    0.247979464637211038E+02   -0.282182916793073844E+03   -0.844515351937695691E+01    1
    0.243682405946190102E+02   -0.269654122091113948E+03   -0.845515351937696202E+01    1
    0.247889261547593520E+02   -0.268236981092802296E+03   -0.846515351937696536E+01    1
    0.243700267716638663E+02   -0.266950151831924643E+03   -0.847515351937696160E+01    1
    0.243712786792126508E+02   -0.265068689579403383E+03   -0.848515351937696316E+01    1
    0.243731076923326313E+02   -0.262340227785722675E+03   -0.849515351937696295E+01    1
    0.247822481410414106E+02   -0.258290381348262542E+03   -0.850515351937696629E+01    1
    0.243803462804763917E+02   -0.251778611148180232E+03   -0.851515351937696785E+01    1
    0.247764181484160133E+02   -0.249869810490600742E+03   -0.852515351937696408E+01    1
    0.243817822854918802E+02   -0.249728293793191540E+03   -0.853515351937696032E+01    1
    0.243843509898942834E+02   -0.246097809053828939E+03   -0.854515351937695655E+01    1
    0.247726434157092399E+02   -0.244548490525788935E+03   -0.855515351937696344E+01    1
    0.247718053252979793E+02   -0.243380956716043983E+03   -0.856515351937696323E+01    1
    0.247674199453802686E+02   -0.237354333409443484E+03   -0.857515351937696124E+01    1
    0.247670287216861098E+02   -0.236823431123741074E+03   -0.858515351937696103E+01    1
    0.243934839371441754E+02   -0.233575088018080748E+03   -0.859515351937696259E+01    1
    0.243960386772159588E+02   -0.230179798911822019E+03   -0.860515351937696771E+01    1
    0.247577471352234006E+02   -0.224551764073379644E+03   -0.861515351937696039E+01    1
    0.244010673275015399E+02   -0.223634148740419789E+03   -0.862515351937695662E+01    1
    0.244053375879379004E+02   -0.218218854343843134E+03   -0.863515351937696352E+01    1
    0.247506252050000590E+02   -0.215556735707497211E+03   -0.864515351937696508E+01    1
    0.247497740628862886E+02   -0.214506209236080139E+03   -0.865515351937695954E+01    1
    0.244097853380410719E+02   -0.212718294289779237E+03   -0.866515351937696288E+01    1
    0.244110017546682450E+02   -0.211238788156991063E+03   -0.867515351937696266E+01    1
    0.244133529001573777E+02   -0.208409376119164392E+03   -0.868515351937696423E+01    1
    0.244172105360711882E+02   -0.203853388612230617E+03   -0.869515351937696934E+01    1
    0.247388059572217145E+02   -0.201436204648083844E+03   -0.870515351937696735E+01    1
    0.244198579717135580E+02   -0.200788783123129292E+03   -0.871515351937696181E+01    1
    0.244202216083105590E+02   -0.200371794572653357E+03   -0.872515351937695982E+01    1
    0.244207577218916221E+02   -0.199758762916098760E+03   -0.873515351937696316E+01    1
    0.244216578122116452E+02   -0.198734194764982561E+03   -0.874515351937695762E+01    1
    0.247348314867283570E+02   -0.196914220609646492E+03   -0.875515351937695741E+01    1
    0.247344960670097080E+02   -0.196537806880287832E+03   -0.876515351937696252E+01    1
    0.244236856360510117E+02   -0.196447342011901412E+03   -0.877515351937696231E+01    1
    0.247342989007784695E+02   -0.196316922209088943E+03   -0.878515351937696209E+01    1
    0.244289795282845930E+02   -0.190616983530639004E+03   -0.879515351937696188E+01    1
    0.244298310166369035E+02   -0.189698076128765052E+03   -0.880515351937695812E+01    1
    0.247277753723595310E+02   -0.189166722358191720E+03   -0.881515351937695790E+01    1
    0.247233015889676082E+02   -0.184440576029598901E+03   -0.882515351937695769E+01    1
    0.244359849315920883E+02   -0.183212355072853995E+03   -0.883515351937695925E+01    1
    0.244380586672506048E+02   -0.181088329822908094E+03   -0.884515351937695904E+01    1
    0.247186779705553050E+02   -0.179707812548870976E+03   -0.885515351937696238E+01    1
    0.244397418810664107E+02   -0.179387098952776029E+03   -0.886515351937696394E+01    1
    0.247166524141905271E+02   -0.177683004687389200E+03   -0.887515351937696018E+01    1
    0.244415020368977096E+02   -0.177629956685340971E+03   -0.888515351937696174E+01    1
    0.247148364287640518E+02   -0.175892844962202673E+03   -0.889515351937696330E+01    1
    0.247147609172728693E+02   -0.175818922357561547E+03   -0.890515351937696309E+01    1
    0.247126074850424402E+02   -0.173728109246675814E+03   -0.891515351937696288E+01    1
    0.247115658015577324E+02   -0.172728717758398631E+03   -0.892515351937696089E+01    1
    0.247096204757690430E+02   -0.170883323712385163E+03   -0.893515351937696423E+01    1
    0.247078463026818014E+02   -0.169224084943089423E+03   -0.894515351937696579E+01    1
    0.244553709030151367E+02   -0.164566414591439553E+03   -0.895515351937696202E+01    1
    0.244571756708346904E+02   -0.162968442200767328E+03   -0.896515351937696181E+01    1
    0.244573051781328630E+02   -0.162854677476898360E+03   -0.897515351937695982E+01    1
    0.244589168947963920E+02   -0.161448996086744842E+03   -0.898515351937695428E+01    1
    0.244601964950561523E+02   -0.160346315138081451E+03   -0.899515351937695407E+01    1
    0.244603726015546883E+02   -0.160195481746632879E+03   -0.900515351937695741E+01    1
    0.244614501872551742E+02   -0.159277412036751485E+03   -0.901515351937696252E+01    1
    0.244628585367926199E+02   -0.158090165862383202E+03   -0.902515351937696408E+01    1
    0.246948771981626187E+02   -0.157784596070481399E+03   -0.903515351937696032E+01    1
    0.246930771571387737E+02   -0.156292717482213703E+03   -0.904515351937695833E+01    1
    0.246925994989904254E+02   -0.155900756150313583E+03   -0.905515351937695989E+01    1
    0.246921293854116364E+02   -0.155516592410317372E+03   -0.906515351937695790E+01    1
    0.246914517818270731E+02   -0.154965677820618737E+03   -0.907515351937695591E+01    1
    0.244698502039542980E+02   -0.152407921509912086E+03   -0.908515351937695925E+01    1
    0.246876281767205867E+02   -0.151919016444508429E+03   -0.909515351937696437E+01    1
    0.244719034251418179E+02   -0.150806198107369539E+03   -0.910515351937696060E+01    1
    0.246853825933494733E+02   -0.150178870893215134E+03   -0.911515351937695506E+01    1
    0.244736979055158876E+02   -0.149431215727520708E+03   -0.912515351937696195E+01    1
    0.246841495650217837E+02   -0.149238839675523536E+03   -0.913515351937696529E+01    1
    0.246839549103413276E+02   -0.149091441683930697E+03   -0.914515351937696153E+01    1
    0.244741877895126692E+02   -0.149059887687288779E+03   -0.915515351937696131E+01    1
    0.246834474564411828E+02   -0.148708468035211524E+03   -0.916515351937695577E+01    1
    0.244757019547308516E+02   -0.147923104531501963E+03   -0.917515351937695733E+01    1
    0.244793252589343666E+02   -0.145269972738735305E+03   -0.918515351937696067E+01    1
    0.246758440056769430E+02   -0.143192542925860408E+03   -0.919515351937696046E+01    1
    0.246754725645822539E+02   -0.142933761972757623E+03   -0.920515351937696202E+01    1
    0.244826610090028538E+02   -0.142911103424368491E+03   -0.921515351937696536E+01    1
    0.246745440216341088E+02   -0.142291203758750754E+03   -0.922515351937696337E+01    1
    0.244842722399623760E+02   -0.141800465276320949E+03   -0.923515351937695961E+01    1
    0.246735594173942800E+02   -0.141616642935963512E+03   -0.924515351937695584E+01    1
    0.244847940115993126E+02   -0.141444815722597980E+03   -0.925515351937695918E+01    1
    0.244871143718326891E+02   -0.139886993032240127E+03   -0.926515351937696607E+01    1
    0.244892929569074376E+02   -0.138459695616384323E+03   -0.927515351937695876E+01    1
    0.244893005209796932E+02   -0.138454799649455879E+03   -0.928515351937695499E+01    1
    0.246665999188784291E+02   -0.137047983819804813E+03   -0.929515351937696188E+01    1
    0.246661660054249268E+02   -0.136774703060158231E+03   -0.930515351937696522E+01    1
    0.246655058653477681E+02   -0.136361547898669897E+03   -0.931515351937695790E+01    1
    0.244931594066596041E+02   -0.136010873115995565E+03   -0.932515351937696657E+01    1
    0.244937273418331927E+02   -0.135660251384045608E+03   -0.933515351937696458E+01    1
    0.244942891979926927E+02   -0.135315671488801200E+03   -0.934515351937696082E+01    1
    0.244952824159123921E+02   -0.134712111645290264E+03   -0.935515351937695883E+01    1
    0.244959042083389171E+02   -0.134337881022734422E+03   -0.936515351937696394E+01    1
    0.246610521195584447E+02   -0.133656252522439644E+03   -0.937515351937696728E+01    1
    0.244996870421213906E+02   -0.132121232528911094E+03   -0.938515351937696352E+01    1
    0.244998763469299945E+02   -0.132013015874251892E+03   -0.939515351937695797E+01    1
    0.245002675056457520E+02   -0.131790227541890772E+03   -0.940515351937695776E+01    1
    0.246565714022545350E+02   -0.131078923906806381E+03   -0.941515351937695755E+01    1
    0.245033506544511255E+02   -0.130072814017697624E+03   -0.942515351937696089E+01    1
    0.246539434243987863E+02   -0.129634660807052256E+03   -0.943515351937695712E+01    1
    0.245046043395996094E+02   -0.129394075631454768E+03   -0.944515351937694980E+01    1
    0.246514415681855787E+02   -0.128305987703927826E+03   -0.945515351937695137E+01    1
    0.245078732419750835E+02   -0.127677617093501368E+03   -0.946515351937695826E+01    1
    0.246489188998331628E+02   -0.127011965913253960E+03   -0.947515351937695982E+01    1
    0.245108169829304572E+02   -0.126197840769524134E+03   -0.948515351937695605E+01    1
    0.246467795345781866E+02   -0.125950525725105393E+03   -0.949515351937695584E+01    1
    0.246465948785469529E+02   -0.125860456547287313E+03   -0.950515351937695741E+01    1
    0.245122467093314214E+02   -0.125501684324224385E+03   -0.951515351937695897E+01    1
    0.245124344617777226E+02   -0.125411359708258772E+03   -0.952515351937695876E+01    1
    0.245134711756846464E+02   -0.124917190951511174E+03   -0.953515351937695854E+01    1
    0.246446064585020679E+02   -0.124906150794352783E+03   -0.954515351937695833E+01    1
    0.246444972412344789E+02   -0.124854560048330853E+03   -0.955515351937695989E+01    1
    0.245141627828657640E+02   -0.124591833732722876E+03   -0.956515351937696323E+01    1
    0.245147903602231843E+02   -0.124299583673253508E+03   -0.957515351937696302E+01    1
    0.246429660930965824E+02   -0.124140351062262283E+03   -0.958515351937695215E+01    1
    0.246424927712541120E+02   -0.123922989588038149E+03   -0.959515351937695371E+01    1
    0.245156734941265348E+02   -0.123893136807799763E+03   -0.960515351937695527E+01    1
    0.245160137647054412E+02   -0.123738034299508854E+03   -0.961515351937695861E+01    1
    0.246402284665635314E+02   -0.122905514698549069E+03   -0.962515351937695662E+01    1
    0.246393051625966883E+02   -0.122501236465201842E+03   -0.963515351937695286E+01    1
    0.245191713635519264E+02   -0.122338559586756816E+03   -0.964515351937695797E+01    1
    0.246382798287662581E+02   -0.122059487776082250E+03   -0.965515351937696309E+01    1
    0.246381044596028467E+02   -0.121984692032981471E+03   -0.966515351937695755E+01    1
    0.246378280222601909E+02   -0.121867240602506612E+03   -0.967515351937695556E+01    1
    0.246372056615600243E+02   -0.121604831835605012E+03   -0.968515351937696067E+01    1
    0.246367298106493138E+02   -0.121406080986977827E+03   -0.969515351937696224E+01    1
    0.246367004245223242E+02   -0.121393860682524775E+03   -0.970515351937696025E+01    1
    0.246362942672557068E+02   -0.121225596889215893E+03   -0.971515351937696003E+01    1
    0.245222397562266785E+02   -0.121047506015771262E+03   -0.972515351937696160E+01    1
    0.245235990988064643E+02   -0.120497253057407605E+03   -0.973515351937696316E+01    1
    0.246326320293660785E+02   -0.119762120502211630E+03   -0.974515351937696295E+01    1
    0.246324848118672222E+02   -0.119705312728081395E+03   -0.975515351937696273E+01    1
    0.245257529204078430E+02   -0.119652684224041678E+03   -0.976515351937695542E+01    1
    0.246320727016169521E+02   -0.119547120215573571E+03   -0.977515351937695698E+01    1
    0.245264204256049148E+02   -0.119397728873471209E+03   -0.978515351937696209E+01    1
    0.246303229156928936E+02   -0.118889088110125968E+03   -0.979515351937696011E+01    1
    0.246295194489487628E+02   -0.118594330018518988E+03   -0.980515351937695812E+01    1
    0.246288518631705706E+02   -0.118352962005173069E+03   -0.981515351937695613E+01    1
    0.245293021128446327E+02   -0.118333939701728525E+03   -0.982515351937695769E+01    1
    0.246283632501908265E+02   -0.118178339275150222E+03   -0.983515351937696103E+01    1
    0.246280228491634752E+02   -0.118057702750445344E+03   -0.984515351937696082E+01    1
    0.246279982741890500E+02   -0.118049025836283647E+03   -0.985515351937696060E+01    1
    0.245303789740313363E+02   -0.117951781819880665E+03   -0.986515351937695506E+01    1
    0.246275972375388399E+02   -0.117908043563478003E+03   -0.987515351937695307E+01    1
    0.245305739100624294E+02   -0.117883496614386871E+03   -0.988515351937695641E+01    1
    0.245306269460248636E+02   -0.117864965779134167E+03   -0.989515351937695975E+01    1
    0.245307625929764157E+02   -0.117817662842767618E+03   -0.990515351937695954E+01    1
    0.246261527993041440E+02   -0.117409870944796808E+03   -0.991515351937695577E+01    1
    0.246260854374000360E+02   -0.117387005688249175E+03   -0.992515351937695911E+01    1
    0.245330092594462243E+02   -0.117053502263258395E+03   -0.993515351937696067E+01    1
    0.245330985714588685E+02   -0.117023876771297580E+03   -0.994515351937695513E+01    1
    0.246235351559937072E+02   -0.116545412006023767E+03   -0.995515351937695492E+01    1
    0.246233734142420602E+02   -0.116493618845567084E+03   -0.996515351937695826E+01    1
    0.246225263113539476E+02   -0.116225439912766319E+03   -0.997515351937695982E+01    1
    0.246221100258677943E+02   -0.116095547122909053E+03   -0.998515351937696138E+01    1
    0.245370434689570800E+02   -0.115772707937817060E+03   -0.999515351937695584E+01    1
    0.245371102752542605E+02   -0.115752485942224368E+03   -0.100051535193769503E+02    1
    0.245376402405566374E+02   -0.115593207987791089E+03   -0.100151535193769536E+02    1
    0.245380559662681748E+02   -0.115469681679058141E+03   -0.100251535193769570E+02    1
    0.245385985518490557E+02   -0.115310335856822036E+03   -0.100351535193769603E+02    1
    0.245395289046952101E+02   -0.115042052252898912E+03   -0.100451535193769637E+02    1
    0.246184895847141547E+02   -0.115018565193351975E+03   -0.100551535193769475E+02    1
    0.245396913881740026E+02   -0.114995837556459989E+03   -0.100651535193769543E+02    1
    0.246174507242742493E+02   -0.114726986036962288E+03   -0.100751535193769577E+02    1
    0.245409451902705662E+02   -0.114645625274359318E+03   -0.100851535193769539E+02    1
    0.245422026001275242E+02   -0.114305790989935517E+03   -0.100951535193769484E+02    1
    0.245427978453073194E+02   -0.114148893262913163E+03   -0.101051535193769499E+02    1
    0.246151888475977891E+02   -0.114119060637300962E+03   -0.101151535193769551E+02    1
    0.246150136409239693E+02   -0.114073509924425807E+03   -0.101251535193769566E+02    1
    0.246148978478625580E+02   -0.114043527225625084E+03   -0.101351535193769582E+02    1
    0.246148937370228182E+02   -0.114042464568954159E+03   -0.101451535193769562E+02    1
    0.245440324149396361E+02   -0.113831624768935825E+03   -0.101551535193769507E+02    1
    0.245440371832469921E+02   -0.113830420683926178E+03   -0.101651535193769487E+02    1
    0.246139027937903236E+02   -0.113789860093762826E+03   -0.101751535193769485E+02    1
    0.245446537609156152E+02   -0.113676104927283291E+03   -0.101851535193769500E+02    1
    0.246133203268097418E+02   -0.113644686151265731E+03   -0.101951535193769534E+02    1
    0.246129338758949210E+02   -0.113549717358434293E+03   -0.102051535193769531E+02    1
    0.245458874894244410E+02   -0.113375561166413462E+03   -0.102151535193769565E+02    1
    0.246110153871003163E+02   -0.113094201078915930E+03   -0.102251535193769545E+02    1
    0.246109714340807670E+02   -0.113084076114307848E+03   -0.102351535193769507E+02    1
    0.246109003673770417E+02   -0.113067734748065732E+03   -0.102451535193769541E+02    1
    0.246107482136748956E+02   -0.113032870374661996E+03   -0.102551535193769521E+02    1
    0.245478105113994154E+02   -0.112928990267490491E+03   -0.102651535193769536E+02    1
    0.246094610655667161E+02   -0.112744614385767363E+03   -0.102751535193769570E+02    1
    0.245499485878822554E+02   -0.112463787495679213E+03   -0.102851535193769532E+02    1
    0.246073410573492168E+02   -0.112295885238634384E+03   -0.102951535193769512E+02    1
    0.245512374153603652E+02   -0.112199289999179683E+03   -0.103051535193769492E+02    1
    0.245513331323931823E+02   -0.112180124483998682E+03   -0.103151535193769526E+02    1
    0.246066824202891645E+02   -0.112163074588898951E+03   -0.103251535193769541E+02    1
    0.245515341821483730E+02   -0.112140083233652305E+03   -0.103351535193769539E+02    1
    0.246063286590776151E+02   -0.112093031930729623E+03   -0.103451535193769555E+02    1
    0.246062863813052672E+02   -0.112084721552238207E+03   -0.103551535193769570E+02    1
    0.245518189532380866E+02   -0.112083866819506341E+03   -0.103651535193769533E+02    1
    0.246060757489659814E+02   -0.112043510450589864E+03   -0.103751535193769513E+02    1
    0.246060673068205347E+02   -0.112041865378139761E+03   -0.103851535193769564E+02    1
    0.245520578642524718E+02   -0.112037154735592580E+03   -0.103951535193769562E+02    1
    0.246056900711585698E+02   -0.111968880240152600E+03   -0.104051535193769507E+02    1
    0.245528044102254910E+02   -0.111893842172970267E+03   -0.104151535193769558E+02    1
    0.246052833043002650E+02   -0.111891331503899664E+03   -0.104251535193769538E+02    1
    0.245528388714240933E+02   -0.111887323790672951E+03   -0.104351535193769482E+02    1
    0.245531416712480564E+02   -0.111830417027045513E+03   -0.104451535193769534E+02    1
    0.245537493824054245E+02   -0.111718201855068315E+03   -0.104551535193769531E+02    1
    0.246039718789665187E+02   -0.111649437518629654E+03   -0.104651535193769529E+02    1
    0.245542093074588976E+02   -0.111635046264600120E+03   -0.104751535193769580E+02    1
    0.245542917191337509E+02   -0.111620307189630466E+03   -0.104851535193769543E+02    1
    0.245544778343888304E+02   -0.111587201254119478E+03   -0.104951535193769523E+02    1
    0.245545355126061544E+02   -0.111576992232129825E+03   -0.105051535193769539E+02    1
    0.246035060684170865E+02   -0.111566503271190768E+03   -0.105151535193769536E+02    1
    0.246034716781147367E+02   -0.111560442350012380E+03   -0.105251535193769499E+02    1
    0.246030395472056291E+02   -0.111485010842132283E+03   -0.105351535193769514E+02    1
    0.246021044366035397E+02   -0.111326390749319387E+03   -0.105451535193769512E+02    1
    0.246018821782940940E+02   -0.111289617252833210E+03   -0.105551535193769528E+02    1
    0.246017683029892993E+02   -0.111270914163340549E+03   -0.105651535193769543E+02    1
    0.246016136816854321E+02   -0.111245668571380264E+03   -0.105751535193769524E+02    1
    0.246014317967863150E+02   -0.111216192245111813E+03   -0.105851535193769575E+02    1
    0.245572620364717480E+02   -0.111121770805086086E+03   -0.105951535193769573E+02    1
    0.246007762726649446E+02   -0.111111937159333891E+03   -0.106051535193769570E+02    1
    0.245574612090797686E+02   -0.111090618032985248E+03   -0.106151535193769551E+02    1
    0.246003766382601938E+02   -0.111049899461024552E+03   -0.106251535193769495E+02    1
    0.245578543892107248E+02   -0.111029960157353088E+03   -0.106351535193769458E+02    1
    0.245578696231208085E+02   -0.111027632379737341E+03   -0.106451535193769526E+02    1
    0.246002285530902398E+02   -0.111027203754759057E+03   -0.106551535193769560E+02    1
    0.245579486378737073E+02   -0.111015585590396341E+03   -0.106651535193769540E+02    1
    0.245584122592035641E+02   -0.110945807844003852E+03   -0.106751535193769556E+02    1
    0.245994181803014058E+02   -0.110905805719114809E+03   -0.106851535193769500E+02    1
    0.245993880496803747E+02   -0.110901383312410516E+03   -0.106951535193769480E+02    1
    0.245993390867301542E+02   -0.110894210764060006E+03   -0.107051535193769549E+02    1
    0.245589634205144414E+02   -0.110864871563282236E+03   -0.107151535193769494E+02    1
    0.245991293808475753E+02   -0.110863686689637930E+03   -0.107251535193769456E+02    1
    0.245592036492074364E+02   -0.110830280258767161E+03   -0.107351535193769543E+02    1
    0.245987036281021290E+02   -0.110802691108959010E+03   -0.107451535193769505E+02    1
    0.245594225224582630E+02   -0.110799126321365790E+03   -0.107551535193769414E+02    1
    0.245595227683233404E+02   -0.110784972895789437E+03   -0.107651535193769483E+02    1
    0.245985698871932392E+02   -0.110783800492949325E+03   -0.107751535193769499E+02    1
    0.245985057455036440E+02   -0.110774786383668499E+03   -0.107851535193769426E+02    1
    0.245983859729844063E+02   -0.110758033660919892E+03   -0.107951535193769441E+02    1
    0.245601963892419768E+02   -0.110691745965873949E+03   -0.108051535193769528E+02    1
    0.245977870048397058E+02   -0.110675807585704305E+03   -0.108151535193769561E+02    1
    0.245603712636095750E+02   -0.110668078952991692E+03   -0.108251535193769524E+02    1
    0.245603741659247596E+02   -0.110667688022144532E+03   -0.108351535193769521E+02    1
    0.245976967497001588E+02   -0.110663641702536026E+03   -0.108451535193769519E+02    1
    0.245605252857249781E+02   -0.110647416685808750E+03   -0.108551535193769482E+02    1
    0.245605759741518241E+02   -0.110640654182694362E+03   -0.108651535193769480E+02    1
    0.245975053745248147E+02   -0.110638039750878534E+03   -0.108751535193769477E+02    1
    0.245611327474256314E+02   -0.110567592845797122E+03   -0.108851535193769493E+02    1
    0.245964680206574613E+02   -0.110503859773417744E+03   -0.108951535193769473E+02    1
    0.245618501655669235E+02   -0.110476747394738865E+03   -0.109051535193769453E+02    1
    0.245620348142876459E+02   -0.110453966238056495E+03   -0.109151535193769469E+02    1
    0.245959462072156754E+02   -0.110439297731834756E+03   -0.109251535193769485E+02    1
    0.245623983688811549E+02   -0.110409831092483032E+03   -0.109351535193769500E+02    1
    0.245627068647057243E+02   -0.110373127592696477E+03   -0.109451535193769498E+02    1
    0.245628893337766492E+02   -0.110351741239128529E+03   -0.109551535193769460E+02    1
    0.245951847382327742E+02   -0.110348607502233989E+03   -0.109651535193769440E+02    1
    0.245949769404312413E+02   -0.110324585229469832E+03   -0.109751535193769456E+02    1
    0.245949247982782211E+02   -0.110318606256302999E+03   -0.109851535193769454E+02    1
    0.245946600526571757E+02   -0.110288551232830571E+03   -0.109951535193769434E+02    1
    0.245945439695742323E+02   -0.110275532402536641E+03   -0.110051535193769485E+02    1
    0.245636870463083312E+02   -0.110261064429873429E+03   -0.110151535193769536E+02    1
    0.245637205726233319E+02   -0.110257353946396918E+03   -0.110251535193769499E+02    1
    0.245943042533126182E+02   -0.110248955532262087E+03   -0.110351535193769461E+02    1
    0.245943036946264826E+02   -0.110248894075864214E+03   -0.110451535193769441E+02    1
    0.245638979900389813E+02   -0.110237853440143894E+03   -0.110551535193769439E+02    1
    0.245941851567759784E+02   -0.110235905621016826E+03   -0.110651535193769455E+02    1
    0.245939937704280460E+02   -0.110215148873201287E+03   -0.110751535193769488E+02    1
    0.245641591063761737E+02   -0.110209566214893840E+03   -0.110851535193769504E+02    1
    0.245644478134948052E+02   -0.110178862403646974E+03   -0.110951535193769502E+02    1
    0.245936118774849035E+02   -0.110174520210808112E+03   -0.111051535193769553E+02    1
    0.245646844795173926E+02   -0.110154141464942640E+03   -0.111151535193769551E+02    1
    0.245934145909842350E+02   -0.110153943392117185E+03   -0.111251535193769460E+02    1
    0.245647000864173464E+02   -0.110152525443615119E+03   -0.111351535193769493E+02    1
    0.245932453437665188E+02   -0.110136514731810053E+03   -0.111451535193769491E+02    1
    0.245651014663925871E+02   -0.110111567930188400E+03   -0.111551535193769507E+02    1
    0.245651492748505405E+02   -0.110106766905993481E+03   -0.111651535193769469E+02    1
    0.245928339387381811E+02   -0.110095010620870326E+03   -0.111751535193769467E+02    1
    0.245928307850593768E+02   -0.110094697179857874E+03   -0.111851535193769482E+02    1
    0.245928055053564663E+02   -0.110092187247021897E+03   -0.111951535193769498E+02    1
    0.245928029536293309E+02   -0.110091934151081361E+03   -0.112051535193769514E+02    1
    0.245925693563606593E+02   -0.110068963450746963E+03   -0.112151535193769529E+02    1
    0.245923245440242439E+02   -0.110045312232871879E+03   -0.112251535193769527E+02    1
    0.245921572418947747E+02   -0.110029397854345902E+03   -0.112351535193769525E+02    1
    0.245663530316730458E+02   -0.109991315566097668E+03   -0.112451535193769505E+02    1
    0.245664237599589868E+02   -0.109984857107073665E+03   -0.112551535193769485E+02    1
    0.245916720879229800E+02   -0.109984389650885348E+03   -0.112651535193769465E+02    1
    0.245915873260567324E+02   -0.109976700395800151E+03   -0.112751535193769428E+02    1
    0.245915405385341757E+02   -0.109972478213370692E+03   -0.112851535193769514E+02    1
    0.245912173476956468E+02   -0.109943744101521318E+03   -0.112951535193769441E+02    1
    0.245911281321339175E+02   -0.109935944830798803E+03   -0.113051535193769475E+02    1
    0.245670965628140578E+02   -0.109925224807434049E+03   -0.113151535193769508E+02    1
    0.245909675721631942E+02   -0.109922053201155904E+03   -0.113251535193769524E+02    1
    0.245909245932984817E+02   -0.109918366217831661E+03   -0.113351535193769486E+02    1
    0.245673485710009025E+02   -0.109903729018937327E+03   -0.113451535193769519E+02    1
    0.245674243075212395E+02   -0.109897358350726222E+03   -0.113551535193769464E+02    1
    0.245905365655295896E+02   -0.109885681922933287E+03   -0.113651535193769444E+02    1
    0.245903995384027318E+02   -0.109874399300000675E+03   -0.113751535193769477E+02    1
    0.245678043585701893E+02   -0.109866014504869497E+03   -0.113851535193769493E+02    1
    0.245681254571196916E+02   -0.109840344432663386E+03   -0.113951535193769544E+02    1
    0.245898329493575787E+02   -0.109829184634364140E+03   -0.114051535193769453E+02    1
    0.245897284495395603E+02   -0.109821098259401495E+03   -0.114151535193769433E+02    1
    0.245896845817417855E+02   -0.109817727162538972E+03   -0.114251535193769502E+02    1
    0.245896455902804689E+02   -0.109814742445786379E+03   -0.114351535193769465E+02    1
    0.245895799044759222E+02   -0.109809739124278110E+03   -0.114451535193769427E+02    1
    0.245895460063559170E+02   -0.109807169259133758E+03   -0.114551535193769425E+02    1
    0.245894364244429937E+02   -0.109798918390134773E+03   -0.114651535193769476E+02    1
    0.245889467448244154E+02   -0.109763106519840875E+03   -0.114751535193769509E+02    1
    0.245889442238846883E+02   -0.109762926629373155E+03   -0.114851535193769489E+02    1
    0.245888839605966751E+02   -0.109758639974572006E+03   -0.114951535193769505E+02    1
    0.245888245567985635E+02   -0.109754440089492064E+03   -0.115051535193769467E+02    1
    0.245888133933311153E+02   -0.109753653666025201E+03   -0.115151535193769430E+02    1
    0.245693104795905022E+02   -0.109752043934313249E+03   -0.115251535193769428E+02    1
    0.245693164673442332E+02   -0.109751623478766760E+03   -0.115351535193769426E+02    1
    0.245887500681685296E+02   -0.109749209659708768E+03   -0.115451535193769423E+02    1
    0.245884625410319053E+02   -0.109729395452954137E+03   -0.115551535193769439E+02    1
    0.245884308958636097E+02   -0.109727251125471327E+03   -0.115651535193769455E+02    1
    0.245882922238504555E+02   -0.109717939649222231E+03   -0.115751535193769453E+02    1
    0.245698843306114085E+02   -0.109712923563104880E+03   -0.115851535193769433E+02    1
    0.245881723096264935E+02   -0.109709999520132314E+03   -0.115951535193769448E+02    1
    0.245880604453261782E+02   -0.109702685907268361E+03   -0.116051535193769446E+02    1
    0.245880350475794884E+02   -0.109701037989944595E+03   -0.116151535193769408E+02    1
    0.245703734114777639E+02   -0.109681456616957291E+03   -0.116251535193769424E+02    1
    0.245877022150354030E+02   -0.109679872273687280E+03   -0.116351535193769458E+02    1
    0.245704271265015102E+02   -0.109678105780505547E+03   -0.116451535193769455E+02    1
    0.245875249295564657E+02   -0.109668924308389151E+03   -0.116551535193769418E+02    1
    0.245706093800041252E+02   -0.109666891561396227E+03   -0.116651535193769451E+02    1
    0.245706578237002766E+02   -0.109663951075609205E+03   -0.116751535193769502E+02    1
    0.245873254722911483E+02   -0.109656878115491466E+03   -0.116851535193769465E+02    1
    0.245708630445796352E+02   -0.109651682072985793E+03   -0.116951535193769445E+02    1
    0.245708776734167458E+02   -0.109650819093798120E+03   -0.117051535193769460E+02    1
    0.245872078673353265E+02   -0.109649909834016725E+03   -0.117151535193769476E+02    1
    0.245709265885615373E+02   -0.109647944716605608E+03   -0.117251535193769456E+02    1
    0.245870517563801769E+02   -0.109640814086091481E+03   -0.117351535193769418E+02    1
    0.245711838725469676E+02   -0.109633110125631106E+03   -0.117451535193769399E+02    1
    0.245866962059938388E+02   -0.109620754042339200E+03   -0.117551535193769414E+02    1
    0.245866633112220150E+02   -0.109618944203493797E+03   -0.117651535193769430E+02    1
    0.245864568804009593E+02   -0.109607764718397078E+03   -0.117751535193769463E+02    1
    0.245716654500976901E+02   -0.109606626127920904E+03   -0.117851535193769479E+02    1
    0.245863449081212053E+02   -0.109601829292808247E+03   -0.117951535193769459E+02    1
    0.245721168182542655E+02   -0.109583321877787299E+03   -0.118051535193769439E+02    1
    0.245721180288912322E+02   -0.109583261347942098E+03   -0.118151535193769472E+02    1
    0.245722011217843317E+02   -0.109579132099406507E+03   -0.118251535193769470E+02    1
    0.245858751061626819E+02   -0.109577911564077539E+03   -0.118351535193769397E+02    1
    0.245722433221226950E+02   -0.109577054045704671E+03   -0.118451535193769431E+02    1
    0.245857813774387317E+02   -0.109573330266753842E+03   -0.118551535193769446E+02    1
    0.245723855264216056E+02   -0.109570146093643842E+03   -0.118651535193769391E+02    1
    0.245724538878951542E+02   -0.109566877157063516E+03   -0.118751535193769389E+02    1
    0.245855838796234849E+02   -0.109563884309068342E+03   -0.118851535193769422E+02    1
    0.245855778459590226E+02   -0.109563600158035740E+03   -0.118951535193769455E+02    1
    0.245725932393052560E+02   -0.109560317964831953E+03   -0.119051535193769453E+02    1
    0.245725966084333081E+02   -0.109560161115696616E+03   -0.119151535193769504E+02    1
    0.245726101008599969E+02   -0.109559533798588177E+03   -0.119251535193769467E+02    1
    0.245854081111803744E+02   -0.109555714197424408E+03   -0.119351535193769447E+02    1
    0.245727942842884595E+02   -0.109551101652990880E+03   -0.119451535193769427E+02    1
    0.245852712433719169E+02   -0.109549506565657950E+03   -0.119551535193769443E+02    1
    0.245728457300771765E+02   -0.109548790110866193E+03   -0.119651535193769440E+02    1
    0.245852318289825789E+02   -0.109547743981457373E+03   -0.119751535193769421E+02    1
    0.245728858957355989E+02   -0.109546998671139534E+03   -0.119851535193769418E+02    1
    0.245730706360694420E+02   -0.109538908833655924E+03   -0.119951535193769452E+02    1
    0.245847998876918226E+02   -0.109529161997181674E+03   -0.120051535193769467E+02    1
    0.245734488341951973E+02   -0.109523115098916193E+03   -0.120151535193769430E+02    1
    0.245734533751603621E+02   -0.109522931732914799E+03   -0.120251535193769445E+02    1
    0.245846448580441574E+02   -0.109522820787550657E+03   -0.120351535193769426E+02    1
    0.245845845009407995E+02   -0.109520398864191009E+03   -0.120451535193769441E+02    1
    0.245845167963932489E+02   -0.109517713376585419E+03   -0.120551535193769492E+02    1
    0.245844951154166473E+02   -0.109516860392791642E+03   -0.120651535193769472E+02    1
    0.245844078509906581E+02   -0.109513461472661888E+03   -0.120751535193769470E+02    1
    0.245843892361792768E+02   -0.109512743538727861E+03   -0.120851535193769504E+02    1
    0.245737602000299837E+02   -0.109510886499339634E+03   -0.120951535193769466E+02    1
    0.245843090345392028E+02   -0.109509678907711276E+03   -0.121051535193769411E+02    1
    0.245842305601452722E+02   -0.109506725176784101E+03   -0.121151535193769444E+02    1
    0.245738764037552357E+02   -0.109506501861811586E+03   -0.121251535193769460E+02    1
    0.245741241675120428E+02   -0.109497478320088007E+03   -0.121351535193769386E+02    1
    0.245838997814758287E+02   -0.109494762981848794E+03   -0.121451535193769420E+02    1
