    0.307107563167119118E+02   -0.485098684835933014E+01
    0.309181540292345609E+02   -0.346676788375768918E+01
    0.309170380861123775E+02   -0.339584069314020542E+01
    0.309164824098807109E+02   -0.336083923795117290E+01
    0.307362423454026583E+02   -0.310240850140935365E+01
    0.309026792722708308E+02   -0.255887385484343088E+01
    0.307474228866002228E+02   -0.247489497855756291E+01
    0.309004169316057400E+02   -0.243980585636159919E+01
    0.307489857739818717E+02   -0.239395807599752120E+01
    0.307531489749308236E+02   -0.218647567316873470E+01
    0.307532845063722213E+02   -0.217991952264981759E+01
    0.308952151827774024E+02   -0.217925460516424430E+01
    0.308951766979140778E+02   -0.217739559255165416E+01
    0.307536731255625639E+02   -0.216118994550863608E+01
    0.308940121535775312E+02   -0.212161922817448589E+01
    0.307551696238419794E+02   -0.209002640624710789E+01
    0.307558080313042623E+02   -0.206013201581778826E+01
    0.308925329234868116E+02   -0.205210233544780563E+01
    0.308915255126538817E+02   -0.200561163538740006E+01
    0.308914279289246991E+02   -0.200114498563447496E+01
    0.307577616167816359E+02   -0.197037645483467871E+01
    0.307579223661415178E+02   -0.196310670128707776E+01
    0.307579665556932937E+02   -0.196111134959375222E+01
    0.308884637686041685E+02   -0.186855791799632009E+01
    0.308879994598081637E+02   -0.184833133778019909E+01
    0.307608479275073563E+02   -0.183387481694372489E+01
    0.308869748577371723E+02   -0.180421622456054287E+01
    0.308868920325799792E+02   -0.180068134567379956E+01
    0.308868144761746919E+02   -0.179737556578039759E+01
    0.307617535336633594E+02   -0.179505241020455686E+01
    0.307619593234104514E+02   -0.178630828459658009E+01
    0.307621669503236070E+02   -0.177751532127430822E+01
    0.307626103583243662E+02   -0.175883535450861284E+01
    0.308855485126583389E+02   -0.174399396466158274E+01
    0.307636163846122805E+02   -0.171694976954957568E+01
    0.308834540310684993E+02   -0.165807277190659574E+01
    0.308824328872655443E+02   -0.161726594213921038E+01
    0.308821353569809887E+02   -0.160550965253788758E+01
    0.307666814534348845E+02   -0.159358502308361993E+01
    0.307667199213639719E+02   -0.159207738987440850E+01
    0.307669472694396973E+02   -0.158318775053432725E+01
    0.308812085637067604E+02   -0.156927567333434737E+01
    0.308809271835068451E+02   -0.155839055607584887E+01
    0.307679093541972613E+02   -0.154595845106575425E+01
    0.307682959757958585E+02   -0.153117508691854254E+01
    0.307683576026052563E+02   -0.152882804954550044E+01
    0.307683576026052563E+02   -0.152882804954550044E+01
    0.308789667117233293E+02   -0.148404661875035493E+01
    0.308770669584420041E+02   -0.141450202718623808E+01
    0.307716185496010937E+02   -0.140832480244841696E+01
    0.308768239291826418E+02   -0.140578271535023136E+01
    0.307719699528313342E+02   -0.139577142708390278E+01
    0.307727390554381799E+02   -0.136858975147154283E+01
    0.307746586485649942E+02   -0.130250458608632935E+01
    0.307746732826589806E+02   -0.130201042038501758E+01
    0.308735280065522240E+02   -0.129150410407040073E+01
    0.308735280065522240E+02   -0.129150410407040073E+01
    0.308733673086487741E+02   -0.128612139043456586E+01
    0.307754203875164158E+02   -0.127697586090456516E+01
    0.307754203875164158E+02   -0.127697586090456516E+01
    0.308730916280957999E+02   -0.127692819330105012E+01
    0.307756127555303074E+02   -0.127059137762828578E+01
    0.308716578247347933E+02   -0.122994925655753029E+01
    0.308712072947299667E+02   -0.121547656448663433E+01
    0.308712072947299667E+02   -0.121547656448663433E+01
    0.307774586749800747E+02   -0.121060835172350578E+01
    0.307775297378531931E+02   -0.120834554919104220E+01
    0.307775297378531931E+02   -0.120834554919104220E+01
    0.308707709640168595E+02   -0.120159175521065165E+01
    0.308707709640168595E+02   -0.120159175521065165E+01
    0.307783172323075611E+02   -0.118350013883984140E+01
    0.308700432639557611E+02   -0.117872346020213903E+01
    0.307806114085461715E+02   -0.111352606575183466E+01
    0.307822125155005786E+02   -0.106681453622680067E+01
    0.308662080491362687E+02   -0.106415824877320619E+01
    0.308662080491362687E+02   -0.106415824877320619E+01
    0.308661604481244822E+02   -0.106279924267459558E+01
    0.308661604481244822E+02   -0.106279924267459558E+01
    0.307835898422614065E+02   -0.102802837973380168E+01
    0.308647085754336317E+02   -0.102208957601725481E+01
    0.307839446180342620E+02   -0.101824695060349990E+01
    0.307839446180342620E+02   -0.101824695060349990E+01
    0.307840030652747707E+02   -0.101664374006322977E+01
    0.307842528862252109E+02   -0.100981735976432363E+01
    0.307842528862252109E+02   -0.100981735976432363E+01
    0.308640780986399932E+02   -0.100485836400913509E+01
    0.308638020659054533E+02   -0.997399460235911195E+00
    0.308633441277399889E+02   -0.985139578432033147E+00
    0.307854377119541027E+02   -0.978020617718339369E+00
    0.308628179222844778E+02   -0.971228365751092171E+00
    0.308628179222844778E+02   -0.971228365751092171E+00
    0.308624205991680256E+02   -0.960849326630844325E+00
    0.308624205991680256E+02   -0.960849326630844325E+00
    0.308623458010150813E+02   -0.958907441489652568E+00
    0.308623458010150813E+02   -0.958907441489652568E+00
    0.307863317980929772E+02   -0.954659185902304142E+00
    0.308616437790623550E+02   -0.940867449869028594E+00
    0.308615458929542470E+02   -0.938378710522314474E+00
    0.308614762649372629E+02   -0.936612399931951556E+00
    0.308614762649372629E+02   -0.936612399931951556E+00
    0.307870567704750613E+02   -0.936116131809084484E+00
    0.307870567704750613E+02   -0.936116131809084484E+00
    0.307871832461388450E+02   -0.932917851893523054E+00
    0.307871832461388450E+02   -0.932917851893523054E+00
    0.308610977326134055E+02   -0.927067620346897825E+00
    0.307874933735529517E+02   -0.925121539979503638E+00
    0.308608689277785437E+02   -0.921345565797922483E+00
    0.308606792805823247E+02   -0.916629802072474908E+00
    0.307881352654732297E+02   -0.909193037627643363E+00
    0.308603511476537875E+02   -0.908528300366421404E+00
    0.308603467302812646E+02   -0.908419736935745736E+00
    0.307891729379182912E+02   -0.884036649755838067E+00
    0.307893888258988930E+02   -0.878894998048126874E+00
    0.307894897460937500E+02   -0.876502338526826352E+00
    0.307894897460937500E+02   -0.876502338526826352E+00
    0.308584587600113025E+02   -0.863236502666671845E+00
    0.307903918227901343E+02   -0.855423563483732718E+00
    0.307903918227901343E+02   -0.855423563483732718E+00
    0.308581012592071886E+02   -0.854954044109134226E+00
    0.307905725723389168E+02   -0.851266635493812096E+00
    0.308568092553820854E+02   -0.825746926867254705E+00
    0.307917901364494142E+02   -0.823844418984623239E+00
    0.307925669610614499E+02   -0.806876106869976795E+00
    0.308556484237994866E+02   -0.800474521032239705E+00
    0.308556484237994866E+02   -0.800474521032239705E+00
    0.308552046452378157E+02   -0.791055484583626956E+00
    0.308552046452378157E+02   -0.791055484583626956E+00
    0.307936073073581262E+02   -0.784795295686270489E+00
    0.307936073073581262E+02   -0.784795295686270489E+00
    0.307938784765705016E+02   -0.779160954488947510E+00
    0.308545877086978422E+02   -0.778184033885266024E+00
    0.308538858973459647E+02   -0.763856905300127509E+00
    0.308538791941065824E+02   -0.763721679010868737E+00
    0.308538791941065824E+02   -0.763721679010868737E+00
    0.307946409644162458E+02   -0.763586357729042264E+00
    0.307946409644162458E+02   -0.763586357729042264E+00
    0.307956173968223936E+02   -0.744219816957193858E+00
    0.308525664106119031E+02   -0.737828295398973433E+00
    0.307961061344292943E+02   -0.734770008475306824E+00
    0.308517921237277619E+02   -0.723106429076686319E+00
    0.307971855053396837E+02   -0.714476490061351166E+00
    0.307979360151303432E+02   -0.700833549743297368E+00
    0.307979360151303432E+02   -0.700833549743297368E+00
    0.308502907888565403E+02   -0.695724068952115249E+00
    0.308502907888565403E+02   -0.695724068952115249E+00
    0.308500862142137571E+02   -0.692111716774067909E+00
    0.308495242231664477E+02   -0.682334827216208528E+00
    0.308494427327702994E+02   -0.680935002053441485E+00
    0.308490542448923186E+02   -0.674323800572152576E+00
    0.307998282534975623E+02   -0.668138584066165997E+00
    0.308485171846995847E+02   -0.665353466058433929E+00
    0.308477312234150567E+02   -0.652579854157545936E+00
    0.308016561874269605E+02   -0.638869958943369176E+00
    0.308461355235751462E+02   -0.627940116295769069E+00
    0.308457764638203145E+02   -0.622634719857630636E+00
    0.308457492046520088E+02   -0.622235529113968844E+00
    0.308028332807501641E+02   -0.621226805298808360E+00
    0.308456267878367356E+02   -0.620449062008493590E+00
    0.308454814398349875E+02   -0.618341203575991871E+00
    0.308453611936975278E+02   -0.616608249535622432E+00
    0.308450845944025751E+02   -0.612659349261879149E+00
    0.308449697800074922E+02   -0.611035489511815855E+00
    0.308037661106317131E+02   -0.607914962974318573E+00
    0.308446933889206356E+02   -0.607163207974745545E+00
    0.308038730241709828E+02   -0.606427112817821135E+00
    0.308040739161857253E+02   -0.603652474910163050E+00
    0.308443841638965637E+02   -0.602892572279696726E+00
    0.308441970524306264E+02   -0.600340038180121494E+00
    0.308440688303961217E+02   -0.598604626984018062E+00
    0.308047350903853356E+02   -0.594714667155626708E+00
    0.308437705502153428E+02   -0.594610890319281493E+00
    0.308048398261659102E+02   -0.593326151878234453E+00
    0.308434909178734458E+02   -0.590921854152528736E+00
    0.308051598263007023E+02   -0.589130084025811795E+00
    0.308429825623633320E+02   -0.584351782522096519E+00
    0.308056037943918852E+02   -0.583423939756761989E+00
    0.308061894789013238E+02   -0.576101690683977208E+00
    0.308062288433471707E+02   -0.575617932057346904E+00
    0.308062624979509536E+02   -0.575205179653038301E+00
    0.308062751091825220E+02   -0.575050709536102378E+00
    0.308063509455418121E+02   -0.574124102889841281E+00
    0.308417806253193731E+02   -0.569517634487314739E+00
    0.308068952736812385E+02   -0.567588161593307383E+00
    0.308415703062846376E+02   -0.567023031989932869E+00
    0.308413265046919847E+02   -0.564168986534105854E+00
    0.308411973899450160E+02   -0.562673907404667384E+00
    0.308411296976592624E+02   -0.561894603066635190E+00
    0.308077488540154896E+02   -0.557745174758080386E+00
    0.308407376816213876E+02   -0.557442893123759942E+00
    0.308405950385959819E+02   -0.555849013632983557E+00
    0.308250010013580322E+02   -0.465152975543886238E+00
    0.308314080560264685E+02   -0.482376421032123637E+00
    0.308265128271267166E+02   -0.466697354699852907E+00
    0.308230136478101642E+02   -0.465490478429330001E+00
    0.308100195104723795E+02   -0.533976600453313965E+00
    0.308400086530866808E+02   -0.549442345338505445E+00
    0.308301965245691498E+02   -0.476976494011226826E+00
    0.308194917714607648E+02   -0.472694619190414445E+00
    0.308354462336960893E+02   -0.507592680792486206E+00
    0.308295955838748519E+02   -0.474668869706548424E+00
    0.308399536857763721E+02   -0.548853792018505038E+00
    0.308249047048241387E+02   -0.465107329187823770E+00
    0.308090498920751266E+02   -0.543696781427115861E+00
    0.308386466433345561E+02   -0.535464955045969693E+00
    0.308107880391347351E+02   -0.526727095821845293E+00
    0.308089746512795841E+02   -0.544477817737360814E+00
    0.308103286841026396E+02   -0.531011822764887231E+00
    0.308292869430712315E+02   -0.473579263705086961E+00
    0.308288747178388718E+02   -0.472225142898343830E+00
    0.308398653400525440E+02   -0.547912155589493022E+00
    0.308202040239548793E+02   -0.470556346826073668E+00
    0.308243082894763099E+02   -0.464965279387281605E+00
    0.308163966045283786E+02   -0.485998979129471986E+00
    0.308255542711345925E+02   -0.465537594903033480E+00
    0.308352665291073933E+02   -0.506234446395267046E+00
    0.308159547325253520E+02   -0.488430458595962458E+00
    0.308102267577890672E+02   -0.531982039000137852E+00
    0.308306260067938425E+02   -0.478776387800914804E+00
    0.308094994187947542E+02   -0.539110789234448440E+00
    0.308130454945198657E+02   -0.507758339768115796E+00
    0.308234364143365553E+02   -0.465193477865873173E+00
    0.308328039578664672E+02   -0.489837314510391142E+00
    0.308316089802679940E+02   -0.483368585747092516E+00
    0.308262288691210529E+02   -0.466288573894297231E+00
    0.308136054061948990E+02   -0.503590641065185252E+00
    0.308131914713456680E+02   -0.506651189539549573E+00
    0.308203410770545503E+02   -0.470184526466799368E+00
    0.308300368863967904E+02   -0.476339494709872135E+00
    0.308109803282596957E+02   -0.524976142130642587E+00
    0.308119493278981125E+02   -0.516535712479257114E+00
    0.308178662059864230E+02   -0.478868644572940427E+00
    0.308192568620655152E+02   -0.473475600137397867E+00
    0.308368988550303271E+02   -0.519379112679198562E+00
    0.308395689570350839E+02   -0.544791967890935647E+00
    0.308150702957499192E+02   -0.493696610657595458E+00
    0.308239774354708125E+02   -0.464990931398220675E+00
    0.308239578661058289E+02   -0.464994783443454685E+00
    0.308081280704562452E+02   -0.553531441193450213E+00
    0.308293644399825233E+02   -0.473846755128542074E+00
    0.308352362784161400E+02   -0.506007969516565237E+00
    0.308170742162474092E+02   -0.482528570290424175E+00
    0.308381239101328504E+02   -0.530435930555876789E+00
    0.308317268382716207E+02   -0.483963360772257156E+00
    0.308291698893100516E+02   -0.473182989718586133E+00
    0.308396784298766775E+02   -0.545937482438073829E+00
    0.308153019155340999E+02   -0.492266009484380596E+00
    0.308372587537364282E+02   -0.522521391852803219E+00
    0.308118355302815417E+02   -0.517493807414185047E+00
    0.308176225739934715E+02   -0.479949025787935024E+00
    0.308191146291504587E+02   -0.473966731785447737E+00
    0.308082093885823127E+02   -0.552640610259887866E+00
    0.308080996628208226E+02   -0.553843704902287515E+00
    0.308254466112537493E+02   -0.465446418731300493E+00
    0.308371625295543197E+02   -0.521672619261663195E+00
    0.308167927954757737E+02   -0.483931914335055779E+00
    0.308368648105293026E+02   -0.519086436020533282E+00
    0.308136740314928623E+02   -0.503094514710948459E+00
    0.308129107155868773E+02   -0.508793443710380044E+00
    0.308225858004296889E+02   -0.465914955812311626E+00
    0.308242267687264686E+02   -0.464964679621343302E+00
    0.308167373174080623E+02   -0.484214926992054151E+00
    0.308248116316007170E+02   -0.465069211572011088E+00
    0.308312827326213181E+02   -0.481771494076053797E+00
    0.308374687581446274E+02   -0.524395690344780729E+00
    0.308348338717891153E+02   -0.503054561604920014E+00
    0.308181664575213397E+02   -0.477592784149848626E+00
    0.308215949713799091E+02   -0.467376564373349845E+00
    0.308367903203944635E+02   -0.518448805501132592E+00
    0.308093485247234824E+02   -0.540634841773409258E+00
    0.308310667841216741E+02   -0.480754217890675073E+00
    0.308119901464120360E+02   -0.516194198405441007E+00
    0.308208871522796706E+02   -0.468830051019966887E+00
    0.308104435361008058E+02   -0.529927046287733461E+00
    0.308209901787575298E+02   -0.468597274611715187E+00
    0.308370354116185652E+02   -0.520561005734619497E+00
    0.308367808636103149E+02   -0.518368126354441183E+00
    0.308137218976135436E+02   -0.502750365202738081E+00
    0.308340467129080551E+02   -0.497596123825500614E+00
    0.308105086204033149E+02   -0.529316312644164566E+00
    0.308282535457542579E+02   -0.470403203734793107E+00
