    0.200178539752960205E+02   -0.397597263292267889E+05   -0.460515351937698814E+01    1
    0.203960061073303223E+02   -0.370257941423902666E+05   -0.461515351937698259E+01    1
    0.208686387538909912E+02   -0.337456997911827930E+05   -0.462515351937698149E+01    1
    0.209477460384368896E+02   -0.332115515324602602E+05   -0.463515351937698661E+01    1
    0.211360681056976318E+02   -0.319571100728619058E+05   -0.464515351937698728E+01    1
    0.211707103252410889E+02   -0.317289828321370878E+05   -0.465515351937698174E+01    1
    0.211750543117523193E+02   -0.317004343096847078E+05   -0.466515351937698153E+01    1
    0.212606728076934814E+02   -0.311403750836142644E+05   -0.467515351937698398E+01    1
    0.213570296764373779E+02   -0.305160425265975282E+05   -0.468515351937698377E+01    1
    0.213670551776885986E+02   -0.304514466376075798E+05   -0.469515351937698444E+01    1
    0.216568100452423096E+02   -0.286140842243083316E+05   -0.470515351937698423E+01    1
    0.399607050418853760E+02   -0.284209059557931505E+05   -0.471515351937698135E+01    1
    0.398920071125030518E+02   -0.279951201070507595E+05   -0.472515351937698025E+01    1
    0.217620718479156494E+02   -0.279607661051071045E+05   -0.473515351937698448E+01    1
    0.219078326225280762E+02   -0.270685444428822811E+05   -0.474515351937698782E+01    1
    0.396137523651123047E+02   -0.263033822277721920E+05   -0.475515351937698494E+01    1
    0.395318901538848877E+02   -0.258157119630785637E+05   -0.476515351937698117E+01    1
    0.394457674026489258E+02   -0.253075864316517000E+05   -0.477515351937698451E+01    1
    0.393381166458129883E+02   -0.246795474541336953E+05   -0.478515351937698341E+01    1
    0.223214840888977051E+02   -0.246153119899497397E+05   -0.479515351937697876E+01    1
    0.390752744674682617E+02   -0.231792704408621794E+05   -0.480515351937698032E+01    1
    0.225877022743225098E+02   -0.230980809355504352E+05   -0.481515351937698277E+01    1
    0.390454578399658203E+02   -0.230120510518109368E+05   -0.482515351937698345E+01    1
    0.226913750171661377E+02   -0.225202852190044214E+05   -0.483515351937698323E+01    1
    0.227468395233154297E+02   -0.222141719309901200E+05   -0.484515351937698480E+01    1
    0.228446912765502930E+02   -0.216792276384996730E+05   -0.485515351937698814E+01    1
    0.228766405582427979E+02   -0.215059765230390658E+05   -0.486515351937698437E+01    1
    0.230240190029144287E+02   -0.207157868413543038E+05   -0.487515351937698149E+01    1
    0.386209785938262939E+02   -0.206971167441208163E+05   -0.488515351937698572E+01    1
    0.386051869392395020E+02   -0.206133627273275197E+05   -0.489515351937698817E+01    1
    0.384309101104736328E+02   -0.197003305509554011E+05   -0.490515351937698973E+01    1
    0.232596766948699951E+02   -0.194830083688955274E+05   -0.491515351937698775E+01    1
    0.383839750289916992E+02   -0.194579737115697644E+05   -0.492515351937698220E+01    1
    0.383046138286590576E+02   -0.190515919109022725E+05   -0.493515351937698199E+01    1
    0.234537172317504883E+02   -0.184963264294038527E+05   -0.494515351937698799E+01    1
    0.381417763233184814E+02   -0.182311839733947054E+05   -0.495515351937699045E+01    1
    0.235553443431854248E+02   -0.179897903241536624E+05   -0.496515351937698846E+01    1
    0.380652749538421631E+02   -0.178519886455597116E+05   -0.497515351937698824E+01    1
    0.379578626155853271E+02   -0.173263023239735412E+05   -0.498515351937698359E+01    1
    0.237509584426879883E+02   -0.170345948397050888E+05   -0.499515351937698426E+01    1
    0.378265047073364258E+02   -0.166941026319618359E+05   -0.500515351937698583E+01    1
    0.238815760612487793E+02   -0.164112889845774334E+05   -0.501515351937698384E+01    1
    0.377217173576354980E+02   -0.161982066823484238E+05   -0.502515351937698451E+01    1
    0.239745652675628662E+02   -0.159746248570219523E+05   -0.503515351937698608E+01    1
    0.376529407501220703E+02   -0.158767922822623586E+05   -0.504515351937698409E+01    1
    0.376302897930145264E+02   -0.157716424225424507E+05   -0.505515351937698298E+01    1
    0.240371406078338623E+02   -0.156840942169432856E+05   -0.506515351937698455E+01    1
    0.375894713401794434E+02   -0.155830378034279529E+05   -0.507515351937697989E+01    1
    0.241455650329589844E+02   -0.151870036193784636E+05   -0.508515351937698501E+01    1
    0.372324264049530029E+02   -0.139816509939858188E+05   -0.509515351937699013E+01    1
    0.371781075000762939E+02   -0.137456322740074065E+05   -0.510515351937699080E+01    1
    0.371679270267486572E+02   -0.137016211032474093E+05   -0.511515351937698348E+01    1
    0.369876241683959961E+02   -0.129338476691051546E+05   -0.512515351937698238E+01    1
    0.368952918052673340E+02   -0.125492446183989759E+05   -0.513515351937698394E+01    1
    0.368432354927062988E+02   -0.123349672971745840E+05   -0.514515351937697751E+01    1
    0.367963325977325439E+02   -0.121434830551113082E+05   -0.515515351937698085E+01    1
    0.248925769329071045E+02   -0.119797639909990503E+05   -0.516515351937698330E+01    1
    0.366861248016357422E+02   -0.116994474103726589E+05   -0.517515351937698220E+01    1
    0.250286078453063965E+02   -0.114366228295771634E+05   -0.518515351937698643E+01    1
    0.365706145763397217E+02   -0.112429248001211054E+05   -0.519515351937698533E+01    1
    0.250801753997802734E+02   -0.112340187434430918E+05   -0.520515351937697623E+01    1
    0.251722800731658936E+02   -0.108766534885987021E+05   -0.521515351937698224E+01    1
    0.252703237533569336E+02   -0.105025922316417546E+05   -0.522515351937697670E+01    1
    0.252705240249633789E+02   -0.105018348440433329E+05   -0.523515351937698092E+01    1
    0.252993118762969971E+02   -0.103932490073510726E+05   -0.524515351937698071E+01    1
    0.253028929233551025E+02   -0.103797810041591802E+05   -0.525515351937698583E+01    1
    0.363160681724548340E+02   -0.102689705772264060E+05   -0.526515351937698739E+01    1
    0.363150250911712646E+02   -0.102650702725869432E+05   -0.527515351937698007E+01    1
    0.362518274784088135E+02   -0.100301430948167672E+05   -0.528515351937697542E+01    1
    0.254057323932647705E+02   -0.999673695543318354E+04   -0.529515351937697609E+01    1
    0.254375410079956055E+02   -0.987971827829730682E+04   -0.530515351937697677E+01    1
    0.361717665195465088E+02   -0.973643404970973643E+04   -0.531515351937698188E+01    1
    0.360756158828735352E+02   -0.938946742961471682E+04   -0.532515351937698078E+01    1
    0.256504297256469727E+02   -0.911427168900743527E+04   -0.533515351937697613E+01    1
    0.359534347057342529E+02   -0.895765002748699408E+04   -0.534515351937697680E+01    1
    0.359447562694549561E+02   -0.892736501970014069E+04   -0.535515351937698103E+01    1
    0.257063233852386475E+02   -0.891841959526995015E+04   -0.536515351937698171E+01    1
    0.359257900714874268E+02   -0.886135747747973619E+04   -0.537515351937698238E+01    1
    0.257397556304931641E+02   -0.880228934413060233E+04   -0.538515351937698128E+01    1
    0.257957458496093750E+02   -0.860950636065080653E+04   -0.539515351937698018E+01    1
    0.258224141597747803E+02   -0.851843375907392692E+04   -0.540515351937698263E+01    1
    0.258947062492370605E+02   -0.827399112455322756E+04   -0.541515351937698153E+01    1
    0.357193601131439209E+02   -0.815876637706324800E+04   -0.542515351937697865E+01    1
    0.356952774524688721E+02   -0.807869031368926335E+04   -0.543515351937697933E+01    1
    0.356802904605865479E+02   -0.802905716488418784E+04   -0.544515351937698178E+01    1
    0.356079494953155518E+02   -0.779163294448291799E+04   -0.545515351937698245E+01    1
    0.355210602283477783E+02   -0.751117146932368360E+04   -0.546515351937698401E+01    1
    0.261397735471966080E+02   -0.747182002896657832E+04   -0.547515351937698025E+01    1
    0.261913554797749377E+02   -0.730818825736055078E+04   -0.548515351937698004E+01    1
    0.354210793972015381E+02   -0.719481410323360615E+04   -0.549515351937697805E+01    1
    0.352812373638153076E+02   -0.676374708595538959E+04   -0.550515351937697694E+01    1
    0.352426266670227051E+02   -0.664707440834614135E+04   -0.551515351937698295E+01    1
    0.352232646942138672E+02   -0.658894912678662786E+04   -0.552515351937698185E+01    1
    0.352189040184020996E+02   -0.657589345433754897E+04   -0.553515351937698163E+01    1
    0.351846802234649658E+02   -0.647387850085924674E+04   -0.554515351937698142E+01    1
    0.265109860897064209E+02   -0.633463074992352631E+04   -0.555515351937698032E+01    1
    0.265812802314758301E+02   -0.612985503003801023E+04   -0.556515351937698544E+01    1
    0.266962873935699463E+02   -0.580208033128006628E+04   -0.557515351937698611E+01    1
    0.349491357803344727E+02   -0.579339718684218496E+04   -0.558515351937698146E+01    1
    0.349016940593719482E+02   -0.566091027993788612E+04   -0.559515351937697680E+01    1
    0.348880577087402344E+02   -0.562311264409785872E+04   -0.560515351937697748E+01    1
    0.267752385139465332E+02   -0.558228035453154280E+04   -0.561515351937697904E+01    1
    0.269101667404174805E+02   -0.521646541541853276E+04   -0.562515351937698060E+01    1
    0.269314865682212101E+02   -0.515979764830209206E+04   -0.563515351937698039E+01    1
    0.269424366950988770E+02   -0.513081269094216623E+04   -0.564515351937698284E+01    1
    0.269454586505889893E+02   -0.512282795819553212E+04   -0.565515351937698085E+01    1
    0.269626697520243930E+02   -0.507747065361098885E+04   -0.566515351937697975E+01    1
    0.270391786098480225E+02   -0.487828420133244254E+04   -0.567515351937697954E+01    1
    0.345974493026733398E+02   -0.484769858462068623E+04   -0.568515351937697666E+01    1
    0.345687139034271240E+02   -0.477414982843373946E+04   -0.569515351937697734E+01    1
    0.271501600742340088E+02   -0.459643471848555146E+04   -0.570515351937697890E+01    1
    0.271818629658491631E+02   -0.451746189011884326E+04   -0.571515351937697780E+01    1
    0.272118091583251953E+02   -0.444349360697746579E+04   -0.572515351937697403E+01    1
    0.272208261489868164E+02   -0.442134089917799975E+04   -0.573515351937697382E+01    1
    0.344128143787384033E+02   -0.438492246598668044E+04   -0.574515351937697805E+01    1
    0.344062803401871236E+02   -0.436897057902011329E+04   -0.575515351937698227E+01    1
    0.272889101505279541E+02   -0.425586112999926991E+04   -0.576515351937698384E+01    1
    0.273193847819721753E+02   -0.418281442846834761E+04   -0.577515351937697918E+01    1
    0.342979003169870751E+02   -0.410861712914094642E+04   -0.578515351937698075E+01    1
    0.342694793238918294E+02   -0.404166718955738725E+04   -0.579515351937698409E+01    1
    0.341797733306884766E+02   -0.383395901519270092E+04   -0.580515351937698565E+01    1
    0.341181862354278564E+02   -0.369453062888563454E+04   -0.581515351937698366E+01    1
    0.340566039085388184E+02   -0.355769550614875970E+04   -0.582515351937698256E+01    1
    0.275983309745788574E+02   -0.354357583991023830E+04   -0.583515351937698412E+01    1
    0.276552069187164307E+02   -0.341974080911626970E+04   -0.584515351937698391E+01    1
    0.277056729793548584E+02   -0.331170626674800997E+04   -0.585515351937697837E+01    1
    0.277262741509990924E+02   -0.326810305294664568E+04   -0.586515351937697371E+01    1
    0.339207613468170166E+02   -0.326498601941363177E+04   -0.587515351937697705E+01    1
    0.338965380191802979E+02   -0.321411042332551551E+04   -0.588515351937697684E+01    1
    0.338876128196716309E+02   -0.319546579943760571E+04   -0.589515351937697751E+01    1
    0.338841938972473145E+02   -0.318833808461502804E+04   -0.590515351937697286E+01    1
    0.278164994716644287E+02   -0.308054196747595051E+04   -0.591515351937697531E+01    1
    0.278693570566402755E+02   -0.297323617975395518E+04   -0.592515351937697687E+01    1
    0.278700077533721924E+02   -0.297192705948020648E+04   -0.593515351937697400E+01    1
    0.337596762180328369E+02   -0.293416939440994111E+04   -0.594515351937698000E+01    1
    0.337263786792755127E+02   -0.286799071158252355E+04   -0.595515351937698156E+01    1
    0.337225969907608274E+02   -0.286052236668806927E+04   -0.596515351937697336E+01    1
    0.279289773175360061E+02   -0.285448469700755868E+04   -0.597515351937696959E+01    1
    0.337135225986764482E+02   -0.284264133726948648E+04   -0.598515351937697559E+01    1
    0.335476064682006836E+02   -0.252558975886707367E+04   -0.599515351937697627E+01    1
    0.335023522119452579E+02   -0.244236636598094083E+04   -0.600515351937697517E+01    1
    0.334984099864959717E+02   -0.243518257388061102E+04   -0.601515351937697851E+01    1
    0.281628286838531494E+02   -0.241206601986850910E+04   -0.602515351937697829E+01    1
    0.282430529594421387E+02   -0.226886992617083615E+04   -0.603515351937697453E+01    1
    0.334023106098175049E+02   -0.226333697030064832E+04   -0.604515351937697520E+01    1
    0.283083952544785831E+02   -0.215547579312706694E+04   -0.605515351937697410E+01    1
    0.283113081230951877E+02   -0.215048853164771526E+04   -0.606515351937697478E+01    1
    0.283561295388984078E+02   -0.207447608194356235E+04   -0.607515351937697723E+01    1
    0.283842492103576660E+02   -0.202748637634945067E+04   -0.608515351937697790E+01    1
    0.332637542249168519E+02   -0.202663908321205236E+04   -0.609515351937697769E+01    1
    0.283901790363160238E+02   -0.201764601441526929E+04   -0.610515351937697481E+01    1
    0.284145557880401611E+02   -0.197744508172267206E+04   -0.611515351937697282E+01    1
    0.332323282191090215E+02   -0.197477231428092182E+04   -0.612515351937697528E+01    1
    0.332076136200339391E+02   -0.193445472278588568E+04   -0.613515351937697417E+01    1
    0.284486377239227295E+02   -0.192191718252855571E+04   -0.614515351937697485E+01    1
    0.284613549709320068E+02   -0.190140027492701188E+04   -0.615515351937697819E+01    1
    0.284807684500904870E+02   -0.187029261820960096E+04   -0.616515351937697620E+01    1
    0.285429131984710693E+02   -0.177243911342202387E+04   -0.617515351937697776E+01    1
    0.330873656272888184E+02   -0.174422578228907264E+04   -0.618515351937698288E+01    1
    0.285849339496589003E+02   -0.170776324471287671E+04   -0.619515351937698000E+01    1
    0.286185661726001577E+02   -0.165686478389976787E+04   -0.620515351937697535E+01    1
    0.330116403102874756E+02   -0.162948305160290101E+04   -0.621515351937697247E+01    1
    0.286865525530041339E+02   -0.155632748151109899E+04   -0.622515351937697314E+01    1
    0.329393255710601807E+02   -0.152355306663477290E+04   -0.623515351937697559E+01    1
    0.287389213013024687E+02   -0.148103123007742101E+04   -0.624515351937698071E+01    1
    0.328809387996405107E+02   -0.144062360609803318E+04   -0.625515351937697694E+01    1
    0.328658652547033867E+02   -0.141959094813914453E+04   -0.626515351937697407E+01    1
    0.328614270687103271E+02   -0.141342767140180672E+04   -0.627515351937697385E+01    1
    0.288102487293909775E+02   -0.138147994381605645E+04   -0.628515351937697986E+01    1
    0.328212826707491843E+02   -0.135828878589638566E+04   -0.629515351937697432E+01    1
    0.288824063840976564E+02   -0.128429496407881697E+04   -0.630515351937697766E+01    1
    0.289278531198396784E+02   -0.122490508941547978E+04   -0.631515351937697567E+01    1
    0.326753795822695920E+02   -0.116713084169122817E+04   -0.632515351937697190E+01    1
    0.289817030397057067E+02   -0.115635443986723294E+04   -0.633515351937697790E+01    1
    0.326459007513726505E+02   -0.113026877941415592E+04   -0.634515351937697858E+01    1
    0.326381046561777026E+02   -0.112061902344830037E+04   -0.635515351937697659E+01    1
    0.290486073493957520E+02   -0.107393625618739839E+04   -0.636515351937697371E+01    1
    0.325929823434358426E+02   -0.106558104481637383E+04   -0.637515351937697350E+01    1
    0.325918547454085399E+02   -0.106422341202101984E+04   -0.638515351937697861E+01    1
    0.325795369158484007E+02   -0.104944908087480712E+04   -0.639515351937698195E+01    1
    0.290713378608171595E+02   -0.104662864336995108E+04   -0.640515351937697730E+01    1
    0.290785680883969455E+02   -0.103801626306853063E+04   -0.641515351937697620E+01    1
    0.290866315364837646E+02   -0.102845336764839271E+04   -0.642515351937697776E+01    1
    0.291067536310985417E+02   -0.100478254389002598E+04   -0.643515351937697222E+01    1
    0.291721332073211670E+02   -0.929775873152298686E+03   -0.644515351937697556E+01    1
    0.324547750401769619E+02   -0.905629170693024889E+03   -0.645515351937697535E+01    1
    0.291972166297027584E+02   -0.901771498049566389E+03   -0.646515351937697513E+01    1
    0.291988372802734375E+02   -0.899976858237702800E+03   -0.647515351937697048E+01    1
    0.292009803575408640E+02   -0.897606451424482430E+03   -0.648515351937697559E+01    1
    0.292143249511718750E+02   -0.882916680427648203E+03   -0.649515351937697538E+01    1
    0.292269051074981689E+02   -0.869179443716955802E+03   -0.650515351937697694E+01    1
    0.292385381156862678E+02   -0.856572370856569819E+03   -0.651515351937697318E+01    1
    0.323814421354822528E+02   -0.826040207625594121E+03   -0.652515351937697652E+01    1
    0.323764371871948242E+02   -0.820741774819780176E+03   -0.653515351937697631E+01    1
    0.292942869663238525E+02   -0.797434465273944852E+03   -0.654515351937697609E+01    1
    0.292972968600513610E+02   -0.794301809967440249E+03   -0.655515351937696966E+01    1
    0.292986605799621600E+02   -0.792884500032685310E+03   -0.656515351937697567E+01    1
    0.323469064306165137E+02   -0.789826599340045732E+03   -0.657515351937698256E+01    1
    0.323389046961374405E+02   -0.781551989926355873E+03   -0.658515351937698501E+01    1
    0.293225203781086208E+02   -0.768291987807382043E+03   -0.659515351937696881E+01    1
    0.293411231040954590E+02   -0.749386929810322613E+03   -0.660515351937696948E+01    1
    0.293477184071495323E+02   -0.742741021586366287E+03   -0.661515351937697371E+01    1
    0.322909748554229736E+02   -0.732900370174952286E+03   -0.662515351937697705E+01    1
    0.293580644941609918E+02   -0.732375226177768582E+03   -0.663515351937697861E+01    1
    0.322860004269555958E+02   -0.727940631812983156E+03   -0.664515351937698107E+01    1
    0.293916460009890947E+02   -0.699231992161434050E+03   -0.665515351937697286E+01    1
    0.322513616085052490E+02   -0.693871281017253068E+03   -0.666515351937697353E+01    1
    0.294038391113281250E+02   -0.687388041276568515E+03   -0.667515351937697510E+01    1
    0.322424180931128390E+02   -0.685207505713446835E+03   -0.668515351937697488E+01    1
    0.322245326048164742E+02   -0.668044822750516460E+03   -0.669515351937697734E+01    1
    0.322190496549088152E+02   -0.662827078466562853E+03   -0.670515351937697446E+01    1
    0.322046623271860568E+02   -0.649232986542583262E+03   -0.671515351937697247E+01    1
    0.321755540370941162E+02   -0.622160623252731511E+03   -0.672515351937697314E+01    1
    0.321693405748744539E+02   -0.616456473020121166E+03   -0.673515351937697382E+01    1
    0.321678118883637012E+02   -0.615057121131232861E+03   -0.674515351937697183E+01    1
    0.295031368884084344E+02   -0.594702985045862079E+03   -0.675515351937697428E+01    1
    0.321398580074310303E+02   -0.589748877373048686E+03   -0.676515351937697584E+01    1
    0.295097974456228798E+02   -0.588726268911201146E+03   -0.677515351937697829E+01    1
    0.295110833644866943E+02   -0.587575854737589680E+03   -0.678515351937697098E+01    1
    0.321369781384471267E+02   -0.587171800196784943E+03   -0.679515351937697432E+01    1
    0.295234981699681356E+02   -0.576527179726555346E+03   -0.680515351937697410E+01    1
    0.321034792320031244E+02   -0.557609907267889639E+03   -0.681515351937697567E+01    1
    0.295573964179529014E+02   -0.546893620390052206E+03   -0.682515351937697723E+01    1
    0.320898482429938809E+02   -0.545799648151773681E+03   -0.683515351937697613E+01    1
    0.295588425658339560E+02   -0.545646812649015828E+03   -0.684515351937697059E+01    1
    0.295708755893132746E+02   -0.535327669287717981E+03   -0.685515351937697126E+01    1
    0.320482937071874403E+02   -0.510576433357959104E+03   -0.686515351937697371E+01    1
    0.320418250560760498E+02   -0.505199121821335837E+03   -0.687515351937697083E+01    1
    0.296122380040263984E+02   -0.500608505259999220E+03   -0.688515351937697062E+01    1
    0.296246916785911054E+02   -0.490383209626479641E+03   -0.689515351937697307E+01    1
    0.320091903539371998E+02   -0.478504767988306241E+03   -0.690515351937697019E+01    1
    0.319967357211606540E+02   -0.468508392960921583E+03   -0.691515351937697176E+01    1
    0.319659051148045705E+02   -0.444217396145961004E+03   -0.692515351937697421E+01    1
    0.319440732153057425E+02   -0.427407796111757079E+03   -0.693515351937697400E+01    1
    0.297135036690816534E+02   -0.420524687578115447E+03   -0.694515351937697556E+01    1
    0.297136261002742117E+02   -0.420432091697702276E+03   -0.695515351937697623E+01    1
    0.319268850886748936E+02   -0.414402041756457152E+03   -0.696515351937697869E+01    1
    0.297394597786117814E+02   -0.401122131871164299E+03   -0.697515351937697670E+01    1
    0.297451566010174631E+02   -0.396925070803159826E+03   -0.698515351937697471E+01    1
    0.297695577262644413E+02   -0.379197901401016225E+03   -0.699515351937697627E+01    1
    0.297875776039676481E+02   -0.366366904272185138E+03   -0.700515351937697339E+01    1
    0.297933940629611342E+02   -0.362272516475303632E+03   -0.701515351937697229E+01    1
    0.298065209388732910E+02   -0.353116760104948469E+03   -0.702515351937697385E+01    1
    0.318402957087031595E+02   -0.351941835772014315E+03   -0.703515351937696920E+01    1
    0.298092069183256747E+02   -0.351257799147916273E+03   -0.704515351937696899E+01    1
    0.318356923325502095E+02   -0.348764172365267029E+03   -0.705515351937697233E+01    1
    0.318353775400986763E+02   -0.348547401473347009E+03   -0.706515351937697300E+01    1
    0.318352587533338536E+02   -0.348465620627389285E+03   -0.707515351937697190E+01    1
    0.298350405382082826E+02   -0.333629247539187816E+03   -0.708515351937697524E+01    1
    0.317975917023903207E+02   -0.323017655559956324E+03   -0.709515351937697947E+01    1
    0.317975766219227296E+02   -0.323007660629466443E+03   -0.710515351937697481E+01    1
    0.298610160565868306E+02   -0.316362057151872364E+03   -0.711515351937697194E+01    1
    0.317858802020931641E+02   -0.315302224635575442E+03   -0.712515351937697261E+01    1
    0.317772960579874351E+02   -0.309706384351686836E+03   -0.713515351937696796E+01    1
    0.317666953635889655E+02   -0.302865235103411237E+03   -0.714515351937696508E+01    1
    0.317462837696075439E+02   -0.289908149614989213E+03   -0.715515351937696753E+01    1
    0.317450998472387553E+02   -0.289165311850051808E+03   -0.716515351937696821E+01    1
    0.317343255424077597E+02   -0.282448971059420444E+03   -0.717515351937696444E+01    1
    0.299266657085556105E+02   -0.274769508921807244E+03   -0.718515351937696511E+01    1
    0.299310793553282188E+02   -0.272078513241394091E+03   -0.719515351937696845E+01    1
    0.317172611831194864E+02   -0.271973359842871730E+03   -0.720515351937697446E+01    1
    0.299361465994378690E+02   -0.269005376717785225E+03   -0.721515351937697869E+01    1
    0.299445211887359619E+02   -0.263964757702482075E+03   -0.722515351937697670E+01    1
    0.316882571981287953E+02   -0.254623072922979873E+03   -0.723515351937696849E+01    1
    0.299727138297194671E+02   -0.247346760253683811E+03   -0.724515351937696384E+01    1
    0.299732470325001685E+02   -0.247037681644553686E+03   -0.725515351937697073E+01    1
    0.316748691270632818E+02   -0.246807512977019712E+03   -0.726515351937697051E+01    1
    0.316736272801048635E+02   -0.246088745108445778E+03   -0.727515351937696853E+01    1
    0.316721617696248998E+02   -0.245241874022760157E+03   -0.728515351937696742E+01    1
    0.316518288643737407E+02   -0.233643049875731350E+03   -0.729515351937696988E+01    1
    0.300118144325627370E+02   -0.225194965552822566E+03   -0.730515351937697766E+01    1
    0.300179824263868653E+02   -0.221795655671426118E+03   -0.731515351937697655E+01    1
    0.300261840983323154E+02   -0.217315669340172064E+03   -0.732515351937697723E+01    1
    0.316208910942077637E+02   -0.216534773232064197E+03   -0.733515351937697524E+01    1
    0.315944293397267302E+02   -0.202418822193526211E+03   -0.734515351937696614E+01    1
    0.315773143298550742E+02   -0.193542793242191976E+03   -0.735515351937696948E+01    1
    0.300757777690887451E+02   -0.191202073835044075E+03   -0.736515351937697105E+01    1
    0.315724005811583304E+02   -0.191031323622376647E+03   -0.737515351937696906E+01    1
    0.300769786864764299E+02   -0.190590498187690741E+03   -0.738515351937697240E+01    1
    0.300869662529466027E+02   -0.185542305358810012E+03   -0.739515351937697218E+01    1
    0.315588510522482615E+02   -0.184191188569985769E+03   -0.740515351937697464E+01    1
    0.315530028701075587E+02   -0.181277505681323987E+03   -0.741515351937697265E+01    1
    0.301034648578122628E+02   -0.177351902201408961E+03   -0.742515351937696799E+01    1
    0.315377027212933569E+02   -0.173764827444753450E+03   -0.743515351937697044E+01    1
    0.315276644144064662E+02   -0.168922418290769599E+03   -0.744515351937697023E+01    1
    0.315264123523173154E+02   -0.168323245216107154E+03   -0.745515351937696646E+01    1
    0.301398212088723909E+02   -0.159957764615350925E+03   -0.746515351937696536E+01    1
    0.301440599050761122E+02   -0.157988409854258691E+03   -0.747515351937696515E+01    1
    0.315035243678568584E+02   -0.157558337120802719E+03   -0.748515351937696671E+01    1
    0.301610411554726454E+02   -0.150221379122432893E+03   -0.749515351937696561E+01    1
    0.314822977178653005E+02   -0.147893620670004452E+03   -0.750515351937696362E+01    1
    0.301709243313125519E+02   -0.145791323121030302E+03   -0.751515351937696874E+01    1
    0.314656914624265909E+02   -0.140546521603128895E+03   -0.752515351937696853E+01    1
    0.301837353455421464E+02   -0.140147872640020182E+03   -0.753515351937696742E+01    1
    0.314557975517643023E+02   -0.136258429936570678E+03   -0.754515351937696721E+01    1
    0.314534131784669526E+02   -0.135234993029329843E+03   -0.755515351937696877E+01    1
    0.314499903500496600E+02   -0.133772590856402985E+03   -0.756515351937697211E+01    1
    0.314446657077112981E+02   -0.131513497409989043E+03   -0.757515351937696835E+01    1
    0.314444177544320880E+02   -0.131408768364770765E+03   -0.758515351937696991E+01    1
    0.302043616893807680E+02   -0.131296465610926845E+03   -0.759515351937697325E+01    1
    0.302100503230749915E+02   -0.128906262342521813E+03   -0.760515351937697126E+01    1
    0.314306635750366112E+02   -0.125664929060956410E+03   -0.761515351937696572E+01    1
    0.302278982655569095E+02   -0.121550084338149134E+03   -0.762515351937696639E+01    1
    0.314133259512864669E+02   -0.118608150778411527E+03   -0.763515351937696973E+01    1
    0.314091397026910712E+02   -0.116934936972248337E+03   -0.764515351937696952E+01    1
    0.302426133411850202E+02   -0.115648284490002595E+03   -0.765515351937697019E+01    1
    0.313991558551788330E+02   -0.112992630773976458E+03   -0.766515351937697087E+01    1
    0.302514115208044849E+02   -0.112190017838199182E+03   -0.767515351937697066E+01    1
    0.302648755140273451E+02   -0.106999828805906120E+03   -0.768515351937697044E+01    1
    0.302671292816375441E+02   -0.106143092373947908E+03   -0.769515351937697201E+01    1
    0.313747274997631891E+02   -0.103632853032327972E+03   -0.770515351937697446E+01    1
    0.313746621322122365E+02   -0.103608352433523820E+03   -0.771515351937697069E+01    1
    0.313735617622270517E+02   -0.103196356343478129E+03   -0.772515351937696959E+01    1
    0.313734614879340405E+02   -0.103158853037472653E+03   -0.773515351937697382E+01    1
    0.302766941270909271E+02   -0.102545645373231650E+03   -0.774515351937697538E+01    1
    0.313668293876012463E+02   -0.100693601677249774E+03   -0.775515351937697517E+01    1
    0.302830980331801847E+02   -0.100171880611868630E+03   -0.776515351937697407E+01    1
    0.302888107299804688E+02   -0.980778961772186051E+02   -0.777515351937697297E+01    1
    0.313596229436708143E+02   -0.980488118956876065E+02   -0.778515351937696565E+01    1
    0.313534752382875261E+02   -0.958205343236791691E+02   -0.779515351937696011E+01    1
    0.313514518737792969E+02   -0.950927810864307190E+02   -0.780515351937696522E+01    1
    0.302986168861389160E+02   -0.945352699810119788E+02   -0.781515351937697123E+01    1
    0.303098348745260893E+02   -0.905628963177909299E+02   -0.782515351937697279E+01    1
    0.303107257346746195E+02   -0.902511087952169220E+02   -0.783515351937697524E+01    1
    0.313375234618323404E+02   -0.901587283411863609E+02   -0.784515351937695993E+01    1
    0.313302509753509462E+02   -0.876349899550188809E+02   -0.785515351937696593E+01    1
    0.303204831523560472E+02   -0.868715352891805708E+02   -0.786515351937697016E+01    1
    0.313275504768303676E+02   -0.867070175465412945E+02   -0.787515351937697172E+01    1
    0.303212599727815650E+02   -0.866052623386980827E+02   -0.788515351937697417E+01    1
    0.303234661048953527E+02   -0.858513006946171515E+02   -0.789515351937696952E+01    1
    0.313204964475155734E+02   -0.843064683404478359E+02   -0.790515351937697019E+01    1
    0.313119867134362515E+02   -0.814556225349348608E+02   -0.791515351937696643E+01    1
    0.303420088218526125E+02   -0.796451843246778850E+02   -0.792515351937696444E+01    1
    0.313050499763680179E+02   -0.791682268975221746E+02   -0.793515351937696778E+01    1
    0.312992024421691895E+02   -0.772654491074720795E+02   -0.794515351937696490E+01    1
    0.303529297256109949E+02   -0.760995870870502529E+02   -0.795515351937696735E+01    1
    0.312792777532225443E+02   -0.709568202493895512E+02   -0.796515351937696447E+01    1
    0.312737900795157522E+02   -0.692667725117379121E+02   -0.797515351937695893E+01    1
    0.303759341713993400E+02   -0.688966412798426404E+02   -0.798515351937696582E+01    1
    0.312708404964331024E+02   -0.683668576579931511E+02   -0.799515351937696650E+01    1
    0.303786297123712501E+02   -0.680762236889140127E+02   -0.800515351937696096E+01    1
    0.312525684021886043E+02   -0.629240812576203155E+02   -0.801515351937696785E+01    1
    0.312418711185455322E+02   -0.598431505528049499E+02   -0.802515351937697652E+01    1
    0.304084466611839055E+02   -0.593311642035010891E+02   -0.803515351937696920E+01    1
    0.312309275988044242E+02   -0.567719330612043791E+02   -0.804515351937696543E+01    1
    0.312268291645749372E+02   -0.556427272645724997E+02   -0.805515351937697233E+01    1
    0.304221166202943749E+02   -0.555242764660265635E+02   -0.806515351937697034E+01    1
    0.304261172870965311E+02   -0.544342172127836790E+02   -0.807515351937696657E+01    1
    0.304315793514251709E+02   -0.529635692962544198E+02   -0.808515351937696636E+01    1
    0.312163770198822021E+02   -0.528147190613085940E+02   -0.809515351937696259E+01    1
    0.312132511508994916E+02   -0.519834117446983015E+02   -0.810515351937696593E+01    1
    0.312085194305312363E+02   -0.507376958256003121E+02   -0.811515351937696572E+01    1
    0.304402793299490888E+02   -0.506630694854043497E+02   -0.812515351937696728E+01    1
    0.304415074179320087E+02   -0.503424823593471160E+02   -0.813515351937696707E+01    1
    0.304427254199981689E+02   -0.500255424889924996E+02   -0.814515351937696508E+01    1
    0.312043678628206393E+02   -0.496572724994042431E+02   -0.815515351937696664E+01    1
    0.304519768167471483E+02   -0.476511860940036200E+02   -0.816515351937696643E+01    1
    0.304573219063056335E+02   -0.463059404173078022E+02   -0.817515351937696622E+01    1
    0.311850728380397619E+02   -0.447898738403219454E+02   -0.818515351937696600E+01    1
    0.311834925192368040E+02   -0.444024516234810491E+02   -0.819515351937696224E+01    1
    0.304761190868653706E+02   -0.417295952695414627E+02   -0.820515351937696558E+01    1
    0.304771140243494472E+02   -0.414940731235527949E+02   -0.821515351937696714E+01    1
    0.311704890116610471E+02   -0.412791502434451871E+02   -0.822515351937696693E+01    1
    0.311696954141869647E+02   -0.410922646438744934E+02   -0.823515351937696671E+01    1
    0.311590225689439073E+02   -0.386205647245256003E+02   -0.824515351937696295E+01    1
    0.304905919191277448E+02   -0.383699912627629942E+02   -0.825515351937696096E+01    1
    0.311560462295426994E+02   -0.379451124311833468E+02   -0.826515351937696252E+01    1
    0.311506835894046219E+02   -0.367433369417379367E+02   -0.827515351937696408E+01    1
    0.311444211590234588E+02   -0.353647036048687369E+02   -0.828515351937696565E+01    1
    0.305042801171812599E+02   -0.353237671671886488E+02   -0.829515351937696543E+01    1
    0.305066363389084145E+02   -0.348122756621135920E+02   -0.830515351937696344E+01    1
    0.305074655443482179E+02   -0.346331700298545329E+02   -0.831515351937696146E+01    1
    0.305080759525299072E+02   -0.345016230683515985E+02   -0.832515351937696302E+01    1
    0.305136102776910825E+02   -0.333205180159972727E+02   -0.833515351937696813E+01    1
    0.305136294187278523E+02   -0.333164692332625378E+02   -0.834515351937696437E+01    1
    0.311339415651718951E+02   -0.331174240846695511E+02   -0.835515351937696593E+01    1
    0.311284055795652002E+02   -0.319604551824084595E+02   -0.836515351937696927E+01    1
    0.311209344863891602E+02   -0.304321526759734517E+02   -0.837515351937696906E+01    1
    0.311150600943975242E+02   -0.292571662358061033E+02   -0.838515351937696174E+01    1
    0.311138249808653846E+02   -0.290131104764958323E+02   -0.839515351937695975E+01    1
    0.305363215067573499E+02   -0.286920202759873888E+02   -0.840515351937696487E+01    1
    0.305378989377213621E+02   -0.283835879447417554E+02   -0.841515351937696821E+01    1
    0.305477452278137207E+02   -0.264966562260179401E+02   -0.842515351937696266E+01    1
    0.310999265393658888E+02   -0.263384200830573363E+02   -0.843515351937695534E+01    1
    0.305494491216065072E+02   -0.261768244808880546E+02   -0.844515351937695691E+01    1
    0.305530416965484619E+02   -0.255089536313131546E+02   -0.845515351937696202E+01    1
    0.310929619259379173E+02   -0.250475836640143434E+02   -0.846515351937696536E+01    1
    0.305588916648682414E+02   -0.244402332913748310E+02   -0.847515351937696160E+01    1
    0.310889028860445542E+02   -0.243105068708733789E+02   -0.848515351937696316E+01    1
    0.305665842672850658E+02   -0.230703545149434674E+02   -0.849515351937696295E+01    1
    0.305670121016340524E+02   -0.229953497324636835E+02   -0.850515351937696629E+01    1
    0.310792438809519211E+02   -0.226016511635275954E+02   -0.851515351937696785E+01    1
    0.310778811487819695E+02   -0.223656724867069698E+02   -0.852515351937696408E+01    1
    0.305711555875559782E+02   -0.222753930166770004E+02   -0.853515351937696032E+01    1
    0.310746209021891318E+02   -0.218062406563148414E+02   -0.854515351937695655E+01    1
    0.310698486172503507E+02   -0.210004066602489843E+02   -0.855515351937696344E+01    1
    0.305807291648751089E+02   -0.206566344917336266E+02   -0.856515351937696323E+01    1
    0.305837601569433524E+02   -0.201571433171796137E+02   -0.857515351937696124E+01    1
    0.305853334487266331E+02   -0.199003396099512244E+02   -0.858515351937696103E+01    1
    0.305869852479095634E+02   -0.196325351157431349E+02   -0.859515351937696259E+01    1
    0.305875953022016276E+02   -0.195340974395502798E+02   -0.860515351937696771E+01    1
    0.305900272105649442E+02   -0.191442061379982533E+02   -0.861515351937696039E+01    1
    0.305951762343525964E+02   -0.183319881848437589E+02   -0.862515351937695662E+01    1
    0.306024460964154414E+02   -0.172159633474517477E+02   -0.863515351937696352E+01    1
    0.306032725069087519E+02   -0.170913758711608139E+02   -0.864515351937696508E+01    1
    0.306059732777969948E+02   -0.166874580757629332E+02   -0.865515351937695954E+01    1
    0.310408445736111247E+02   -0.164364084625389744E+02   -0.866515351937696288E+01    1
    0.310384925559638489E+02   -0.160914108010829509E+02   -0.867515351937696266E+01    1
    0.306107086122625276E+02   -0.159912468103591223E+02   -0.868515351937696423E+01    1
    0.310325158350589447E+02   -0.152316839343379247E+02   -0.869515351937696934E+01    1
    0.306218232913862423E+02   -0.144170935904112945E+02   -0.870515351937696735E+01    1
    0.310210423781662143E+02   -0.136494404365479962E+02   -0.871515351937696181E+01    1
    0.310205065764609529E+02   -0.135777416368707762E+02   -0.872515351937695982E+01    1
    0.306280716589164612E+02   -0.135690854430165846E+02   -0.873515351937696316E+01    1
    0.310169393271908760E+02   -0.131053701761029604E+02   -0.874515351937695762E+01    1
    0.310154335629083775E+02   -0.129085791788568329E+02   -0.875515351937695741E+01    1
    0.310140601580952264E+02   -0.127304327744471273E+02   -0.876515351937696252E+01    1
    0.306352309251822135E+02   -0.126301341775008176E+02   -0.877515351937696231E+01    1
    0.310100267222048380E+02   -0.122146747080209490E+02   -0.878515351937696209E+01    1
    0.310042319547211456E+02   -0.114930843997894900E+02   -0.879515351937696188E+01    1
    0.310012252311884460E+02   -0.111276837869591141E+02   -0.880515351937695812E+01    1
    0.306519207568656853E+02   -0.105767502100951418E+02   -0.881515351937695790E+01    1
    0.306528691482870528E+02   -0.104657630071746262E+02   -0.882515351937695769E+01    1
    0.309945644620869558E+02   -0.103401386327663563E+02   -0.883515351937695925E+01    1
    0.309922993448538158E+02   -0.100792030338028358E+02   -0.884515351937695904E+01    1
    0.309912410717296432E+02   -0.995849017312219331E+01   -0.885515351937696238E+01    1
    0.309911318164034029E+02   -0.994607129724994543E+01   -0.886515351937696394E+01    1
    0.306585238099288730E+02   -0.981672850756308790E+01   -0.887515351937696018E+01    1
    0.306614910221670840E+02   -0.948486601885743497E+01   -0.888515351937696174E+01    1
    0.309868897901826976E+02   -0.947017149085334609E+01   -0.889515351937696330E+01    1
    0.306618955787234242E+02   -0.944008354443705855E+01   -0.890515351937696309E+01    1
    0.309861666792134471E+02   -0.939027030371412863E+01   -0.891515351937696288E+01    1
    0.306627118587493896E+02   -0.935006454389073127E+01   -0.892515351937696089E+01    1
    0.306633744481095505E+02   -0.927732810067564628E+01   -0.893515351937696423E+01    1
    0.306639956381314605E+02   -0.920940782647164191E+01   -0.894515351937696579E+01    1
    0.306646237203650394E+02   -0.914100111155183903E+01   -0.895515351937696202E+01    1
    0.309826507549865653E+02   -0.900684757143676684E+01   -0.896515351937696181E+01    1
    0.306736623987545087E+02   -0.818631413643372241E+01   -0.897515351937695982E+01    1
    0.306755346835608620E+02   -0.799551412929511685E+01   -0.898515351937695428E+01    1
    0.306762378634096322E+02   -0.792447136725118018E+01   -0.899515351937695407E+01    1
    0.306771238635546339E+02   -0.783543752347272715E+01   -0.900515351937695741E+01    1
    0.306776064020019632E+02   -0.778717223971582406E+01   -0.901515351937696252E+01    1
    0.306799933274130296E+02   -0.755075504488594174E+01   -0.902515351937696408E+01    1
    0.309674066856709231E+02   -0.744179978375509688E+01   -0.903515351937696032E+01    1
    0.306819080094765795E+02   -0.736391618123019498E+01   -0.904515351937695833E+01    1
    0.309661384760252147E+02   -0.731872750467001332E+01   -0.905515351937695989E+01    1
    0.309656991238102783E+02   -0.727634638515284404E+01   -0.906515351937695790E+01    1
    0.309637864239297542E+02   -0.709337379547265279E+01   -0.907515351937695591E+01    1
    0.306847802827681591E+02   -0.708831471361845011E+01   -0.908515351937695925E+01    1
    0.306852256090578486E+02   -0.704608760676743806E+01   -0.909515351937696437E+01    1
    0.309631475123056603E+02   -0.703280931622592043E+01   -0.910515351937696060E+01    1
    0.306870686593753490E+02   -0.687276028216363333E+01   -0.911515351937695506E+01    1
    0.309597917805336778E+02   -0.671927270739494542E+01   -0.912515351937696195E+01    1
    0.309585036365829005E+02   -0.660095402474203841E+01   -0.913515351937696529E+01    1
    0.309555400437007862E+02   -0.633303193286652544E+01   -0.914515351937696153E+01    1
    0.306931387963655702E+02   -0.631825603758120380E+01   -0.915515351937696131E+01    1
    0.309552360602612140E+02   -0.630588864911551905E+01   -0.916515351937695577E+01    1
    0.306935437786236989E+02   -0.628215390457604972E+01   -0.917515351937695733E+01    1
    0.307003472487530757E+02   -0.569235612200728980E+01   -0.918515351937696067E+01    1
    0.309470439596864857E+02   -0.559809657447080866E+01   -0.919515351937696046E+01    1
    0.309453719336901827E+02   -0.545924999446472903E+01   -0.920515351937696202E+01    1
    0.307067275544567764E+02   -0.516788173602140954E+01   -0.921515351937696536E+01    1
    0.307077705867238606E+02   -0.508477848383862163E+01   -0.922515351937696337E+01    1
    0.307079147741044842E+02   -0.507334868378487158E+01   -0.923515351937695961E+01    1
    0.307107563167119118E+02   -0.485098684835933014E+01   -0.924515351937695584E+01    1
    0.307114412196059625E+02   -0.479821283760701967E+01   -0.925515351937695918E+01    1
    0.307119053344546558E+02   -0.476263283209469890E+01   -0.926515351937696607E+01    1
    0.307119274139404297E+02   -0.476094382788184323E+01   -0.927515351937695876E+01    1
    0.309352853079735013E+02   -0.466202851763369530E+01   -0.928515351937695499E+01    1
    0.309335228884259124E+02   -0.452984130289006703E+01   -0.929515351937696188E+01    1
    0.309312852291493918E+02   -0.436505702186131650E+01   -0.930515351937696522E+01    1
    0.309293295820155123E+02   -0.422383254907755390E+01   -0.931515351937695790E+01    1
    0.307201129619465831E+02   -0.415765170993243594E+01   -0.932515351937696657E+01    1
    0.307203737988238892E+02   -0.413917757734053104E+01   -0.933515351937696458E+01    1
    0.307210792240544492E+02   -0.408944693130408865E+01   -0.934515351937696082E+01    1
    0.307233799105710830E+02   -0.392960922536833834E+01   -0.935515351937695883E+01    1
    0.309199973511981661E+02   -0.358578307966711440E+01   -0.936515351937696394E+01    1
    0.307285755571005375E+02   -0.358190794529861778E+01   -0.937515351937696728E+01    1
    0.309190047396702568E+02   -0.352140701735693984E+01   -0.938515351937696352E+01    1
    0.309181540292345609E+02   -0.346676788375768918E+01   -0.939515351937695797E+01    1
    0.309170380861123775E+02   -0.339584069314020542E+01   -0.940515351937695776E+01    1
    0.307319212173276881E+02   -0.336774012853439686E+01   -0.941515351937695755E+01    1
    0.309164824098807109E+02   -0.336083923795117290E+01   -0.942515351937696089E+01    1
    0.307334784971655424E+02   -0.327065256785463632E+01   -0.943515351937695712E+01    1
    0.309147910940728963E+02   -0.325559895754457340E+01   -0.944515351937694980E+01    1
    0.307362423454026583E+02   -0.310240850140935365E+01   -0.945515351937695137E+01    1
    0.309100468996142723E+02   -0.297079156252256738E+01   -0.946515351937695826E+01    1
    0.309086646208941680E+02   -0.289069271533048333E+01   -0.947515351937695982E+01    1
    0.307439897907022477E+02   -0.265852355276827579E+01   -0.948515351937695605E+01    1
    0.307457551808081000E+02   -0.256309441996480736E+01   -0.949515351937695584E+01    1
    0.309026792722708308E+02   -0.255887385484343088E+01   -0.950515351937695741E+01    1
    0.307459019021551754E+02   -0.255525883428503464E+01   -0.951515351937695897E+01    1
    0.309013549246330399E+02   -0.248874990895811132E+01   -0.952515351937695876E+01    1
    0.307474228866002228E+02   -0.247489497855756291E+01   -0.953515351937695854E+01    1
    0.309004169316057400E+02   -0.243980585636159919E+01   -0.954515351937695833E+01    1
    0.307489857739818717E+02   -0.239395807599752120E+01   -0.955515351937695989E+01    1
    0.307531489749308236E+02   -0.218647567316873470E+01   -0.956515351937696323E+01    1
    0.307532845063722213E+02   -0.217991952264981759E+01   -0.957515351937696302E+01    1
    0.308952151827774024E+02   -0.217925460516424430E+01   -0.958515351937695215E+01    1
    0.308951766979140778E+02   -0.217739559255165416E+01   -0.959515351937695371E+01    1
    0.307536731255625639E+02   -0.216118994550863608E+01   -0.960515351937695527E+01    1
    0.308940121535775312E+02   -0.212161922817448589E+01   -0.961515351937695861E+01    1
    0.307551696238419794E+02   -0.209002640624710789E+01   -0.962515351937695662E+01    1
    0.307558080313042623E+02   -0.206013201581778826E+01   -0.963515351937695286E+01    1
    0.308925329234868116E+02   -0.205210233544780563E+01   -0.964515351937695797E+01    1
    0.308915255126538817E+02   -0.200561163538740006E+01   -0.965515351937696309E+01    1
    0.308914279289246991E+02   -0.200114498563447496E+01   -0.966515351937695755E+01    1
    0.307577616167816359E+02   -0.197037645483467871E+01   -0.967515351937695556E+01    1
    0.307579223661415178E+02   -0.196310670128707776E+01   -0.968515351937696067E+01    1
    0.307579665556932937E+02   -0.196111134959375222E+01   -0.969515351937696224E+01    1
    0.307579813878885062E+02   -0.196044190910803939E+01   -0.970515351937696025E+01    1
    0.308884637686041685E+02   -0.186855791799632009E+01   -0.971515351937696003E+01    1
    0.308879994598081637E+02   -0.184833133778019909E+01   -0.972515351937696160E+01    1
    0.307608479275073563E+02   -0.183387481694372489E+01   -0.973515351937696316E+01    1
    0.308869748577371723E+02   -0.180421622456054287E+01   -0.974515351937696295E+01    1
    0.308868920325799792E+02   -0.180068134567379956E+01   -0.975515351937696273E+01    1
    0.308868144761746919E+02   -0.179737556578039759E+01   -0.976515351937695542E+01    1
    0.307617535336633594E+02   -0.179505241020455686E+01   -0.977515351937695698E+01    1
    0.307619593234104514E+02   -0.178630828459658009E+01   -0.978515351937696209E+01    1
    0.307621669503236070E+02   -0.177751532127430822E+01   -0.979515351937696011E+01    1
    0.307626103583243662E+02   -0.175883535450861284E+01   -0.980515351937695812E+01    1
    0.308855485126583389E+02   -0.174399396466158274E+01   -0.981515351937695613E+01    1
    0.307636163846122805E+02   -0.171694976954957568E+01   -0.982515351937695769E+01    1
    0.308834540310684993E+02   -0.165807277190659574E+01   -0.983515351937696103E+01    1
    0.308824328872655443E+02   -0.161726594213921038E+01   -0.984515351937696082E+01    1
    0.308821353569809887E+02   -0.160550965253788758E+01   -0.985515351937696060E+01    1
    0.307666814534348845E+02   -0.159358502308361993E+01   -0.986515351937695506E+01    1
    0.307667199213639719E+02   -0.159207738987440850E+01   -0.987515351937695307E+01    1
    0.307669472694396973E+02   -0.158318775053432725E+01   -0.988515351937695641E+01    1
    0.308812085637067604E+02   -0.156927567333434737E+01   -0.989515351937695975E+01    1
    0.308809271835068451E+02   -0.155839055607584887E+01   -0.990515351937695954E+01    1
    0.307679093541972613E+02   -0.154595845106575425E+01   -0.991515351937695577E+01    1
    0.307682959757958585E+02   -0.153117508691854254E+01   -0.992515351937695911E+01    1
    0.307683576026052563E+02   -0.152882804954550044E+01   -0.993515351937696067E+01    1
    0.308789667117233293E+02   -0.148404661875035493E+01   -0.994515351937695513E+01    1
    0.308770669584420041E+02   -0.141450202718623808E+01   -0.995515351937695492E+01    1
    0.307716185496010937E+02   -0.140832480244841696E+01   -0.996515351937695826E+01    1
    0.308768239291826418E+02   -0.140578271535023136E+01   -0.997515351937695982E+01    1
    0.307719699528313342E+02   -0.139577142708390278E+01   -0.998515351937696138E+01    1
    0.307727390554381799E+02   -0.136858975147154283E+01   -0.999515351937695584E+01    1
    0.307746586485649942E+02   -0.130250458608632935E+01   -0.100051535193769503E+02    1
    0.307746732826589806E+02   -0.130201042038501758E+01   -0.100151535193769536E+02    1
    0.308735280065522240E+02   -0.129150410407040073E+01   -0.100251535193769570E+02    1
    0.308733673086487741E+02   -0.128612139043456586E+01   -0.100351535193769603E+02    1
    0.307754203875164158E+02   -0.127697586090456516E+01   -0.100451535193769637E+02    1
    0.308730916280957999E+02   -0.127692819330105012E+01   -0.100551535193769475E+02    1
    0.307756127555303074E+02   -0.127059137762828578E+01   -0.100651535193769543E+02    1
    0.308716578247347933E+02   -0.122994925655753029E+01   -0.100751535193769577E+02    1
    0.308712072947299667E+02   -0.121547656448663433E+01   -0.100851535193769539E+02    1
    0.307774586749800747E+02   -0.121060835172350578E+01   -0.100951535193769484E+02    1
    0.307775297378531931E+02   -0.120834554919104220E+01   -0.101051535193769499E+02    1
    0.308707709640168595E+02   -0.120159175521065165E+01   -0.101151535193769551E+02    1
    0.307783172323075611E+02   -0.118350013883984140E+01   -0.101251535193769566E+02    1
    0.308700432639557611E+02   -0.117872346020213903E+01   -0.101351535193769582E+02    1
    0.307806114085461715E+02   -0.111352606575183466E+01   -0.101451535193769562E+02    1
    0.307822125155005786E+02   -0.106681453622680067E+01   -0.101551535193769507E+02    1
    0.308662080491362687E+02   -0.106415824877320619E+01   -0.101651535193769487E+02    1
    0.308661604481244822E+02   -0.106279924267459558E+01   -0.101751535193769485E+02    1
    0.307835898422614065E+02   -0.102802837973380168E+01   -0.101851535193769500E+02    1
    0.308647085754336317E+02   -0.102208957601725481E+01   -0.101951535193769534E+02    1
    0.307839446180342620E+02   -0.101824695060349990E+01   -0.102051535193769531E+02    1
    0.307840030652747707E+02   -0.101664374006322977E+01   -0.102151535193769565E+02    1
    0.307842528862252109E+02   -0.100981735976432363E+01   -0.102251535193769545E+02    1
    0.308640780986399932E+02   -0.100485836400913509E+01   -0.102351535193769507E+02    1
    0.308638020659054533E+02   -0.997399460235911195E+00   -0.102451535193769541E+02    1
    0.308633441277399889E+02   -0.985139578432033147E+00   -0.102551535193769521E+02    1
    0.307854377119541027E+02   -0.978020617718339369E+00   -0.102651535193769536E+02    1
    0.308628179222844778E+02   -0.971228365751092171E+00   -0.102751535193769570E+02    1
    0.308624205991680256E+02   -0.960849326630844325E+00   -0.102851535193769532E+02    1
    0.308623458010150813E+02   -0.958907441489652568E+00   -0.102951535193769512E+02    1
    0.307863317980929772E+02   -0.954659185902304142E+00   -0.103051535193769492E+02    1
    0.308616437790623550E+02   -0.940867449869028594E+00   -0.103151535193769526E+02    1
    0.308615458929542470E+02   -0.938378710522314474E+00   -0.103251535193769541E+02    1
    0.308614762649372629E+02   -0.936612399931951556E+00   -0.103351535193769539E+02    1
    0.307870567704750613E+02   -0.936116131809084484E+00   -0.103451535193769555E+02    1
    0.307871832461388450E+02   -0.932917851893523054E+00   -0.103551535193769570E+02    1
    0.308610977326134055E+02   -0.927067620346897825E+00   -0.103651535193769533E+02    1
    0.307874933735529517E+02   -0.925121539979503638E+00   -0.103751535193769513E+02    1
    0.308608689277785437E+02   -0.921345565797922483E+00   -0.103851535193769564E+02    1
    0.308606792805823247E+02   -0.916629802072474908E+00   -0.103951535193769562E+02    1
    0.307881352654732297E+02   -0.909193037627643363E+00   -0.104051535193769507E+02    1
    0.308603511476537875E+02   -0.908528300366421404E+00   -0.104151535193769558E+02    1
    0.308603467302812646E+02   -0.908419736935745736E+00   -0.104251535193769538E+02    1
    0.307891729379182912E+02   -0.884036649755838067E+00   -0.104351535193769482E+02    1
    0.307893888258988930E+02   -0.878894998048126874E+00   -0.104451535193769534E+02    1
    0.307894897460937500E+02   -0.876502338526826352E+00   -0.104551535193769531E+02    1
    0.308584587600113025E+02   -0.863236502666671845E+00   -0.104651535193769529E+02    1
    0.307903918227901343E+02   -0.855423563483732718E+00   -0.104751535193769580E+02    1
    0.308581012592071886E+02   -0.854954044109134226E+00   -0.104851535193769543E+02    1
    0.307905725723389168E+02   -0.851266635493812096E+00   -0.104951535193769523E+02    1
    0.308568092553820854E+02   -0.825746926867254705E+00   -0.105051535193769539E+02    1
    0.307917901364494142E+02   -0.823844418984623239E+00   -0.105151535193769536E+02    1
    0.307925669610614499E+02   -0.806876106869976795E+00   -0.105251535193769499E+02    1
    0.308556484237994866E+02   -0.800474521032239705E+00   -0.105351535193769514E+02    1
    0.308552046452378157E+02   -0.791055484583626956E+00   -0.105451535193769512E+02    1
    0.307936073073581262E+02   -0.784795295686270489E+00   -0.105551535193769528E+02    1
    0.307938784765705016E+02   -0.779160954488947510E+00   -0.105651535193769543E+02    1
    0.308545877086978422E+02   -0.778184033885266024E+00   -0.105751535193769524E+02    1
    0.308538858973459647E+02   -0.763856905300127509E+00   -0.105851535193769575E+02    1
    0.308538791941065824E+02   -0.763721679010868737E+00   -0.105951535193769573E+02    1
    0.307946409644162458E+02   -0.763586357729042264E+00   -0.106051535193769570E+02    1
    0.307956173968223936E+02   -0.744219816957193858E+00   -0.106151535193769551E+02    1
    0.308525664106119031E+02   -0.737828295398973433E+00   -0.106251535193769495E+02    1
    0.307961061344292943E+02   -0.734770008475306824E+00   -0.106351535193769458E+02    1
    0.308517921237277619E+02   -0.723106429076686319E+00   -0.106451535193769526E+02    1
    0.307971855053396837E+02   -0.714476490061351166E+00   -0.106551535193769560E+02    1
    0.307979360151303432E+02   -0.700833549743297368E+00   -0.106651535193769540E+02    1
    0.308502907888565403E+02   -0.695724068952115249E+00   -0.106751535193769556E+02    1
    0.308500862142137571E+02   -0.692111716774067909E+00   -0.106851535193769500E+02    1
    0.308495242231664477E+02   -0.682334827216208528E+00   -0.106951535193769480E+02    1
    0.308494427327702994E+02   -0.680935002053441485E+00   -0.107051535193769549E+02    1
    0.308490542448923186E+02   -0.674323800572152576E+00   -0.107151535193769494E+02    1
    0.307998282534975623E+02   -0.668138584066165997E+00   -0.107251535193769456E+02    1
    0.308485171846995847E+02   -0.665353466058433929E+00   -0.107351535193769543E+02    1
    0.308477312234150567E+02   -0.652579854157545936E+00   -0.107451535193769505E+02    1
    0.308016561874269605E+02   -0.638869958943369176E+00   -0.107551535193769414E+02    1
    0.308461355235751462E+02   -0.627940116295769069E+00   -0.107651535193769483E+02    1
    0.308457764638203145E+02   -0.622634719857630636E+00   -0.107751535193769499E+02    1
    0.308457492046520088E+02   -0.622235529113968844E+00   -0.107851535193769426E+02    1
    0.308028332807501641E+02   -0.621226805298808360E+00   -0.107951535193769441E+02    1
    0.308456267878367356E+02   -0.620449062008493590E+00   -0.108051535193769528E+02    1
    0.308454814398349875E+02   -0.618341203575991871E+00   -0.108151535193769561E+02    1
    0.308453611936975278E+02   -0.616608249535622432E+00   -0.108251535193769524E+02    1
    0.308450845944025751E+02   -0.612659349261879149E+00   -0.108351535193769521E+02    1
    0.308449697800074922E+02   -0.611035489511815855E+00   -0.108451535193769519E+02    1
    0.308037661106317131E+02   -0.607914962974318573E+00   -0.108551535193769482E+02    1
    0.308446933889206356E+02   -0.607163207974745545E+00   -0.108651535193769480E+02    1
    0.308038730241709828E+02   -0.606427112817821135E+00   -0.108751535193769477E+02    1
    0.308040739161857253E+02   -0.603652474910163050E+00   -0.108851535193769493E+02    1
    0.308443841638965637E+02   -0.602892572279696726E+00   -0.108951535193769473E+02    1
    0.308441970524306264E+02   -0.600340038180121494E+00   -0.109051535193769453E+02    1
    0.308440688303961217E+02   -0.598604626984018062E+00   -0.109151535193769469E+02    1
    0.308047350903853356E+02   -0.594714667155626708E+00   -0.109251535193769485E+02    1
    0.308437705502153428E+02   -0.594610890319281493E+00   -0.109351535193769500E+02    1
    0.308048398261659102E+02   -0.593326151878234453E+00   -0.109451535193769498E+02    1
    0.308434909178734458E+02   -0.590921854152528736E+00   -0.109551535193769460E+02    1
    0.308051598263007023E+02   -0.589130084025811795E+00   -0.109651535193769440E+02    1
    0.308429825623633320E+02   -0.584351782522096519E+00   -0.109751535193769456E+02    1
    0.308056037943918852E+02   -0.583423939756761989E+00   -0.109851535193769454E+02    1
    0.308061894789013238E+02   -0.576101690683977208E+00   -0.109951535193769434E+02    1
    0.308062288433471707E+02   -0.575617932057346904E+00   -0.110051535193769485E+02    1
    0.308062624979509536E+02   -0.575205179653038301E+00   -0.110151535193769536E+02    1
    0.308062751091825220E+02   -0.575050709536102378E+00   -0.110251535193769499E+02    1
    0.308063509455418121E+02   -0.574124102889841281E+00   -0.110351535193769461E+02    1
    0.308417806253193731E+02   -0.569517634487314739E+00   -0.110451535193769441E+02    1
    0.308417028660700758E+02   -0.568591819459519643E+00   -0.110551535193769439E+02    1
    0.308068952736812385E+02   -0.567588161593307383E+00   -0.110651535193769455E+02    1
    0.308415703062846376E+02   -0.567023031989932869E+00   -0.110751535193769488E+02    1
    0.308413265046919847E+02   -0.564168986534105854E+00   -0.110851535193769504E+02    1
    0.308411973899450160E+02   -0.562673907404667384E+00   -0.110951535193769502E+02    1
    0.308411296976592624E+02   -0.561894603066635190E+00   -0.111051535193769553E+02    1
    0.308077488540154896E+02   -0.557745174758080386E+00   -0.111151535193769551E+02    1
    0.308407376816213876E+02   -0.557442893123759942E+00   -0.111251535193769460E+02    1
    0.308405950385959819E+02   -0.555849013632983557E+00   -0.111351535193769493E+02    1
    0.308404483975623229E+02   -0.554224903735156316E+00   -0.111451535193769491E+02    1
