    0.399653422832489014E+02   -0.138305600199164444E+06   -0.460515351937698814E+01    1
    0.398969197273254395E+02   -0.136759871470638551E+06   -0.461515351937698259E+01    1
    0.397408723831176758E+02   -0.133267113622508652E+06   -0.462515351937698149E+01    1
    0.397031009197235107E+02   -0.132428478625214455E+06   -0.463515351937698661E+01    1
    0.397024440765380859E+02   -0.132413918236196681E+06   -0.464515351937698728E+01    1
    0.394544887542724609E+02   -0.126974625875168698E+06   -0.465515351937698174E+01    1
    0.389079618453979492E+02   -0.115388510585074691E+06   -0.466515351937698153E+01    1
    0.387687015533447266E+02   -0.112524856459786897E+06   -0.467515351937698398E+01    1
    0.387601280212402344E+02   -0.112349731998554067E+06   -0.468515351937698377E+01    1
    0.387548768520355225E+02   -0.112242538048949806E+06   -0.469515351937698444E+01    1
    0.382460963726043701E+02   -0.102099247947217169E+06   -0.470515351937698423E+01    1
    0.379415643215179443E+02   -0.962577268795075070E+05   -0.471515351937698135E+01    1
    0.378456437587738037E+02   -0.944534175292551372E+05   -0.472515351937698025E+01    1
    0.375722646713256836E+02   -0.894046932476153888E+05   -0.473515351937698448E+01    1
    0.375606226921081543E+02   -0.891927692457353696E+05   -0.474515351937698782E+01    1
    0.375476205348968506E+02   -0.889563825966916484E+05   -0.475515351937698494E+01    1
    0.375022685527801514E+02   -0.881343128052579414E+05   -0.476515351937698117E+01    1
    0.369924604892730713E+02   -0.791558749407458818E+05   -0.477515351937698451E+01    1
    0.368205916881561279E+02   -0.762377129359395622E+05   -0.478515351937698341E+01    1
    0.366894936561584473E+02   -0.740486453329073265E+05   -0.479515351937697876E+01    1
    0.366634774208068848E+02   -0.736180197265618481E+05   -0.480515351937698032E+01    1
    0.366406106948852539E+02   -0.732405623792207625E+05   -0.481515351937698277E+01    1
    0.364724051952362061E+02   -0.704938374450273986E+05   -0.482515351937698345E+01    1
    0.363042223453521729E+02   -0.677999673493165319E+05   -0.483515351937698323E+01    1
    0.362018811702728271E+02   -0.661864011390652740E+05   -0.484515351937698480E+01    1
    0.361888468265533447E+02   -0.659822897716901498E+05   -0.485515351937698814E+01    1
    0.361149919033050537E+02   -0.648317115527758215E+05   -0.486515351937698437E+01    1
    0.358571898937225342E+02   -0.608947615998429028E+05   -0.487515351937698149E+01    1
    0.356616580486297607E+02   -0.579909860814849089E+05   -0.488515351937698572E+01    1
    0.355478405952453613E+02   -0.563333866876606844E+05   -0.489515351937698817E+01    1
    0.200339400768280029E+02   -0.553145606583206318E+05   -0.490515351937698973E+01    1
    0.354588854312896729E+02   -0.550546071098380198E+05   -0.491515351937698775E+01    1
    0.353815221786499023E+02   -0.539544044413880983E+05   -0.492515351937698220E+01    1
    0.204315137863159180E+02   -0.497652667007018754E+05   -0.493515351937698199E+01    1
    0.349769937992095947E+02   -0.483823493121710271E+05   -0.494515351937698799E+01    1
    0.205892574787139893E+02   -0.476447614591867459E+05   -0.495515351937699045E+01    1
    0.206058561801910400E+02   -0.474243143237656914E+05   -0.496515351937698846E+01    1
    0.206803715229034424E+02   -0.464409756305757110E+05   -0.497515351937698824E+01    1
    0.208073616027832031E+02   -0.447888955538518057E+05   -0.498515351937698359E+01    1
    0.208756577968597412E+02   -0.439127679598988834E+05   -0.499515351937698426E+01    1
    0.346115326881408691E+02   -0.436094733770827152E+05   -0.500515351937698583E+01    1
    0.345008277893066406E+02   -0.422125846209406882E+05   -0.501515351937698384E+01    1
    0.344476878643035889E+02   -0.415501354590481569E+05   -0.502515351937698451E+01    1
    0.210864770412445068E+02   -0.412628937260051098E+05   -0.503515351937698608E+01    1
    0.343414175510406494E+02   -0.402410719677000743E+05   -0.504515351937698409E+01    1
    0.212309813499450684E+02   -0.394941933439825807E+05   -0.505515351937698298E+01    1
    0.212437379360198975E+02   -0.393399166776191851E+05   -0.506515351937698455E+01    1
    0.212807691097259521E+02   -0.388937763941007579E+05   -0.507515351937697989E+01    1
    0.342130362987518311E+02   -0.386875877105853288E+05   -0.508515351937698501E+01    1
    0.341552698612213135E+02   -0.379985575732362777E+05   -0.509515351937699013E+01    1
    0.215701973438262939E+02   -0.354944894875880054E+05   -0.510515351937699080E+01    1
    0.339300978183746338E+02   -0.353718406235233269E+05   -0.511515351937698348E+01    1
    0.216280341148376465E+02   -0.348338389144603061E+05   -0.512515351937698238E+01    1
    0.338079404830932617E+02   -0.339861908186880246E+05   -0.513515351937698394E+01    1
    0.217168760299682617E+02   -0.338311158839183117E+05   -0.514515351937697751E+01    1
    0.337303650379180908E+02   -0.331206146586656469E+05   -0.515515351937698085E+01    1
    0.218417656421661377E+02   -0.324463001965210024E+05   -0.516515351937698330E+01    1
    0.335925662517547607E+02   -0.316106076038990032E+05   -0.517515351937698220E+01    1
    0.219954204559326172E+02   -0.307822325311470413E+05   -0.518515351937698643E+01    1
    0.335031902790069580E+02   -0.306500567310464794E+05   -0.519515351937698533E+01    1
    0.334487068653106689E+02   -0.300717781929310622E+05   -0.520515351937697623E+01    1
    0.333866715431213379E+02   -0.294200506114985074E+05   -0.521515351937698224E+01    1
    0.333615994453430176E+02   -0.291586755095859808E+05   -0.522515351937697670E+01    1
    0.222673988342285156E+02   -0.279441259645073806E+05   -0.523515351937698092E+01    1
    0.222877800464630127E+02   -0.277369749955596053E+05   -0.524515351937698071E+01    1
    0.223335373401641846E+02   -0.272747136539748717E+05   -0.525515351937698583E+01    1
    0.331107163429260254E+02   -0.266074620486913191E+05   -0.526515351937698739E+01    1
    0.331075429916381836E+02   -0.265759403816778395E+05   -0.527515351937698007E+01    1
    0.225445282459259033E+02   -0.251934414396032989E+05   -0.528515351937697542E+01    1
    0.225499475002288818E+02   -0.251410724291084043E+05   -0.529515351937697609E+01    1
    0.225950598716735840E+02   -0.247072434499264309E+05   -0.530515351937697677E+01    1
    0.226098954677581787E+02   -0.245654000852895006E+05   -0.531515351937698188E+01    1
    0.226100230216979980E+02   -0.245641823107252312E+05   -0.532515351937698078E+01    1
    0.328189313411712646E+02   -0.237872157957799391E+05   -0.533515351937697613E+01    1
    0.227992379665374756E+02   -0.227909584120200198E+05   -0.534515351937697680E+01    1
    0.228556692600250244E+02   -0.222749737700600745E+05   -0.535515351937698103E+01    1
    0.229150652885437012E+02   -0.217382631573284598E+05   -0.536515351937698171E+01    1
    0.325506460666656494E+02   -0.213335024736370069E+05   -0.537515351937698238E+01    1
    0.325166320800781250E+02   -0.210319526603446648E+05   -0.538515351937698128E+01    1
    0.324999535083770752E+02   -0.208848737238680551E+05   -0.539515351937698018E+01    1
    0.230555474758148193E+02   -0.204948964391011214E+05   -0.540515351937698263E+01    1
    0.324486684799194336E+02   -0.204358534713186782E+05   -0.541515351937698153E+01    1
    0.231425452232360840E+02   -0.197432644527685225E+05   -0.542515351937697865E+01    1
    0.322080373764038086E+02   -0.183942012978370149E+05   -0.543515351937697933E+01    1
    0.321977865695953369E+02   -0.183096134101916614E+05   -0.544515351937698178E+01    1
    0.233920288085937500E+02   -0.176656862459741569E+05   -0.545515351937698245E+01    1
    0.234178698062896729E+02   -0.174570953045028728E+05   -0.546515351937698401E+01    1
    0.234839749336242676E+02   -0.169291272817600475E+05   -0.547515351937698025E+01    1
    0.235870873928070068E+02   -0.161217764277884435E+05   -0.548515351937698004E+01    1
    0.319113159179687500E+02   -0.160245642795519452E+05   -0.549515351937697805E+01    1
    0.236205410957336426E+02   -0.158640787035389149E+05   -0.550515351937697694E+01    1
    0.318801438808441162E+02   -0.157851045746137643E+05   -0.551515351937698295E+01    1
    0.236717653274536133E+02   -0.154735165514779237E+05   -0.552515351937698185E+01    1
    0.318047869205474854E+02   -0.152136691766167587E+05   -0.553515351937698163E+01    1
    0.237393856048583984E+02   -0.149653971464542119E+05   -0.554515351937698142E+01    1
    0.317521297931671143E+02   -0.148206212459807102E+05   -0.555515351937698032E+01    1
    0.238515233993530273E+02   -0.141414600101450324E+05   -0.556515351937698544E+01    1
    0.315912246704101562E+02   -0.136514583200774014E+05   -0.557515351937698611E+01    1
    0.239326810836791992E+02   -0.135597039037935774E+05   -0.558515351937698146E+01    1
    0.239751768112182617E+02   -0.132599600730279108E+05   -0.559515351937697680E+01    1
    0.315200495719909668E+02   -0.131496126462748325E+05   -0.560515351937697748E+01    1
    0.240136277675628662E+02   -0.129916335337284763E+05   -0.561515351937697904E+01    1
    0.314739692211151123E+02   -0.128297191093039819E+05   -0.562515351937698060E+01    1
    0.240466773509979248E+02   -0.127631922271468848E+05   -0.563515351937698039E+01    1
    0.241284108161926270E+02   -0.122069475424275461E+05   -0.564515351937698284E+01    1
    0.241766107082366943E+02   -0.118847287422317659E+05   -0.565515351937698085E+01    1
    0.312640953063964844E+02   -0.114225922086357186E+05   -0.566515351937697975E+01    1
    0.312572038173675537E+02   -0.113777731733583114E+05   -0.567515351937697954E+01    1
    0.312309432029724121E+02   -0.112077940264504887E+05   -0.568515351937697666E+01    1
    0.243101155757904053E+02   -0.110147465489281076E+05   -0.569515351937697734E+01    1
    0.243301295391800032E+02   -0.108871763062941245E+05   -0.570515351937697890E+01    1
    0.244278109073638916E+02   -0.102752147653796856E+05   -0.571515351937697780E+01    1
    0.244338726997375488E+02   -0.102378218038486593E+05   -0.572515351937697403E+01    1
    0.244755327701568604E+02   -0.998268057110727568E+04   -0.573515351937697382E+01    1
    0.244923341618333801E+02   -0.988069404304120326E+04   -0.574515351937697805E+01    1
    0.309726750850677490E+02   -0.960425415068254006E+04   -0.575515351937698227E+01    1
    0.309661495685577393E+02   -0.956534140756137094E+04   -0.576515351937698384E+01    1
    0.245469498634338379E+02   -0.955278849994614575E+04   -0.577515351937697918E+01    1
    0.309245082913418088E+02   -0.931888826091635383E+04   -0.578515351937698075E+01    1
    0.309146916866302490E+02   -0.926125748846671559E+04   -0.579515351937698409E+01    1
    0.308953772778262277E+02   -0.914838951497012386E+04   -0.580515351937698565E+01    1
    0.308937263488769531E+02   -0.913877406063121634E+04   -0.581515351937698366E+01    1
    0.308521425724029541E+02   -0.889824685477273306E+04   -0.582515351937698256E+01    1
    0.247084641456604004E+02   -0.861546241620053479E+04   -0.583515351937698412E+01    1
    0.247936582565307617E+02   -0.814054873526680331E+04   -0.584515351937698391E+01    1
    0.248330760002136230E+02   -0.792537177181431889E+04   -0.585515351937697837E+01    1
    0.248337764441284108E+02   -0.792157419759488312E+04   -0.586515351937697371E+01    1
    0.248446238040924072E+02   -0.786287962329139737E+04   -0.587515351937697705E+01    1
    0.248566043376922607E+02   -0.779830721748106134E+04   -0.588515351937697684E+01    1
    0.248583292961120605E+02   -0.778903200844034745E+04   -0.589515351937697751E+01    1
    0.306390941143035889E+02   -0.771626789866769286E+04   -0.590515351937697286E+01    1
    0.248725271224975586E+02   -0.771289913665570384E+04   -0.591515351937697531E+01    1
    0.306263041959065063E+02   -0.764798991401861986E+04   -0.592515351937697687E+01    1
    0.305963373184204102E+02   -0.748920273289593752E+04   -0.593515351937697400E+01    1
    0.250554044394670647E+02   -0.676569301824805007E+04   -0.594515351937698000E+01    1
    0.304555273056030273E+02   -0.676539352703632267E+04   -0.595515351937698156E+01    1
    0.250704729557037354E+02   -0.669041333841941014E+04   -0.596515351937697336E+01    1
    0.250852942466735840E+02   -0.661677973369466872E+04   -0.597515351937696959E+01    1
    0.304132390022277832E+02   -0.655520109467295788E+04   -0.598515351937697559E+01    1
    0.303937506675720215E+02   -0.645945194766014174E+04   -0.599515351937697627E+01    1
    0.251456358131903279E+02   -0.632120458295096796E+04   -0.600515351937697517E+01    1
    0.303548312187194824E+02   -0.627034365623917893E+04   -0.601515351937697851E+01    1
    0.303382658958435059E+02   -0.619070599018337271E+04   -0.602515351937697829E+01    1
    0.251761153446912793E+02   -0.617447271849733988E+04   -0.603515351937697453E+01    1
    0.303299008697189549E+02   -0.615068465704015034E+04   -0.604515351937697520E+01    1
    0.302480649948120117E+02   -0.576600006169332937E+04   -0.605515351937697410E+01    1
    0.252807251167597329E+02   -0.568397969434069273E+04   -0.606515351937697478E+01    1
    0.302228105068206787E+02   -0.564979569553598776E+04   -0.607515351937697723E+01    1
    0.252927184104919434E+02   -0.562904304576502545E+04   -0.608515351937697790E+01    1
    0.253498840332031250E+02   -0.537085711105764949E+04   -0.609515351937697769E+01    1
    0.301479454641238362E+02   -0.531227014318120564E+04   -0.610515351937697481E+01    1
    0.253859233856201172E+02   -0.521120323749575437E+04   -0.611515351937697282E+01    1
    0.253922239984999187E+02   -0.518353908560792206E+04   -0.612515351937697528E+01    1
    0.253939747810363770E+02   -0.517586498780549573E+04   -0.613515351937697417E+01    1
    0.301159584522247314E+02   -0.517122899275130203E+04   -0.614515351937697485E+01    1
    0.254151876509362928E+02   -0.508333582595333792E+04   -0.615515351937697819E+01    1
    0.254314017295837402E+02   -0.501317404206876199E+04   -0.616515351937697620E+01    1
    0.300762569904327393E+02   -0.499881271160753204E+04   -0.617515351937697776E+01    1
    0.254380309581756592E+02   -0.498462843944552878E+04   -0.618515351937698288E+01    1
    0.254886817932128906E+02   -0.476921639126025275E+04   -0.619515351937698000E+01    1
    0.300093602058660061E+02   -0.471490762932784855E+04   -0.620515351937697535E+01    1
    0.300014984607696533E+02   -0.468208820110639863E+04   -0.621515351937697247E+01    1
    0.299999332427978516E+02   -0.467556777313851399E+04   -0.622515351937697314E+01    1
    0.255459833145141602E+02   -0.453125841799150840E+04   -0.623515351937697559E+01    1
    0.299300229549407959E+02   -0.438896922856611673E+04   -0.624515351937698071E+01    1
    0.298693144321441650E+02   -0.414744993445070668E+04   -0.625515351937697694E+01    1
    0.298581192771098074E+02   -0.410365855534307775E+04   -0.626515351937697407E+01    1
    0.298536789417266846E+02   -0.408635398454693086E+04   -0.627515351937697385E+01    1
    0.256586170196533203E+02   -0.408127738323169888E+04   -0.628515351937697986E+01    1
    0.298386454582214355E+02   -0.402803811858838344E+04   -0.629515351937697432E+01    1
    0.298181687231062149E+02   -0.394928209261705251E+04   -0.630515351937697766E+01    1
    0.297744922074468192E+02   -0.378389631044380167E+04   -0.631515351937697567E+01    1
    0.297681415081024170E+02   -0.376014345122139639E+04   -0.632515351937697190E+01    1
    0.257516646385192871E+02   -0.372729905977669250E+04   -0.633515351937697790E+01    1
    0.257556939125061035E+02   -0.371233348440822283E+04   -0.634515351937697858E+01    1
    0.297252671352026248E+02   -0.360174282741207890E+04   -0.635515351937697659E+01    1
    0.297174823284149170E+02   -0.357334749408359494E+04   -0.636515351937697371E+01    1
    0.297111945906106598E+02   -0.355049485601001516E+04   -0.637515351937697350E+01    1
    0.297056151793535719E+02   -0.353027803971855246E+04   -0.638515351937697861E+01    1
    0.296798985983532440E+02   -0.343784148522100213E+04   -0.639515351937698195E+01    1
    0.258624686974278717E+02   -0.332672517512804143E+04   -0.640515351937697730E+01    1
    0.296440182074702783E+02   -0.331092214054945543E+04   -0.641515351937697620E+01    1
    0.296226441860198975E+02   -0.323645132207858114E+04   -0.642515351937697776E+01    1
    0.259130620956420898E+02   -0.315139753510790251E+04   -0.643515351937697222E+01    1
    0.259563729690399398E+02   -0.300508000868358886E+04   -0.644515351937697556E+01    1
    0.295364892482757568E+02   -0.294486694087513615E+04   -0.645515351937697535E+01    1
    0.259835826323241150E+02   -0.291493747775327392E+04   -0.646515351937697513E+01    1
    0.259852302074432373E+02   -0.290952335558565619E+04   -0.647515351937697048E+01    1
    0.295225024223327637E+02   -0.289882907747673835E+04   -0.648515351937697559E+01    1
    0.295140998194939961E+02   -0.287134630422632245E+04   -0.649515351937697538E+01    1
    0.294831395149230957E+02   -0.277121362437338576E+04   -0.650515351937697694E+01    1
    0.294795295749981321E+02   -0.275965403106448957E+04   -0.651515351937697318E+01    1
    0.260314720335689138E+02   -0.275962178134966916E+04   -0.652515351937697652E+01    1
    0.294755768775939941E+02   -0.274702460647102453E+04   -0.653515351937697631E+01    1
    0.260804438591003418E+02   -0.260519611545431871E+04   -0.654515351937697609E+01    1
    0.293950235843658447E+02   -0.249596063836197573E+04   -0.655515351937696966E+01    1
    0.261272566944914750E+02   -0.246173832486509582E+04   -0.656515351937697567E+01    1
    0.261351587425172838E+02   -0.243792362737913891E+04   -0.657515351937698256E+01    1
    0.293756651878356934E+02   -0.243741979054285230E+04   -0.658515351937698501E+01    1
    0.293576646100235443E+02   -0.238360893014185331E+04   -0.659515351937696881E+01    1
    0.261554574966430664E+02   -0.237727957290324684E+04   -0.660515351937696948E+01    1
    0.261650419428841126E+02   -0.234891102811974997E+04   -0.661515351937697371E+01    1
    0.261975061893463135E+02   -0.225408805305526175E+04   -0.662515351937697705E+01    1
    0.292881190776824951E+02   -0.218135808331619637E+04   -0.663515351937697861E+01    1
    0.292562649285690810E+02   -0.209171702500263336E+04   -0.664515351937698107E+01    1
    0.262925521930311135E+02   -0.198771681080756935E+04   -0.665515351937697286E+01    1
    0.262954699280267974E+02   -0.197980488010350859E+04   -0.666515351937697353E+01    1
    0.291895173090452644E+02   -0.190998758919581383E+04   -0.667515351937697510E+01    1
    0.263223799949947974E+02   -0.190757833688841333E+04   -0.668515351937697488E+01    1
    0.291767229210332530E+02   -0.187609725737137046E+04   -0.669515351937697734E+01    1
    0.291736864934486562E+02   -0.186809883004965218E+04   -0.670515351937697446E+01    1
    0.263406677049041278E+02   -0.185926098724797794E+04   -0.671515351937697247E+01    1
    0.291549123127345240E+02   -0.181902456373787572E+04   -0.672515351937697314E+01    1
    0.263639104366302490E+02   -0.179874764040394984E+04   -0.673515351937697382E+01    1
    0.291447222232818604E+02   -0.179266226492175770E+04   -0.674515351937697183E+01    1
    0.263727003555210473E+02   -0.177612395836294127E+04   -0.675515351937697428E+01    1
    0.264279492059386278E+02   -0.163720558281152876E+04   -0.676515351937697584E+01    1
    0.290820419788360596E+02   -0.163474251169881472E+04   -0.677515351937697829E+01    1
    0.290741884708404541E+02   -0.161546988295694177E+04   -0.678515351937697098E+01    1
    0.290565851200386263E+02   -0.157268672194680926E+04   -0.679515351937697432E+01    1
    0.264886109906985219E+02   -0.149119991173793801E+04   -0.680515351937697410E+01    1
    0.290166477752721121E+02   -0.147775495005131279E+04   -0.681515351937697567E+01    1
    0.265012063039079848E+02   -0.146174049173756021E+04   -0.682515351937697723E+01    1
    0.290027504082375529E+02   -0.144541474025143702E+04   -0.683515351937697613E+01    1
    0.265116250514984131E+02   -0.143759432709586736E+04   -0.684515351937697059E+01    1
    0.289989675367050381E+02   -0.143667376318586071E+04   -0.685515351937697126E+01    1
    0.289619448893299740E+02   -0.135252806972461099E+04   -0.686515351937697371E+01    1
    0.265754696669419204E+02   -0.129402860388772660E+04   -0.687515351937697083E+01    1
    0.289327215014357897E+02   -0.128790464938284299E+04   -0.688515351937697062E+01    1
    0.289284505648424357E+02   -0.127859278353801938E+04   -0.689515351937697307E+01    1
    0.266059191268377582E+02   -0.122822134191890177E+04   -0.690515351937697019E+01    1
    0.266377590392311987E+02   -0.116124895584613387E+04   -0.691515351937697176E+01    1
    0.266463324689447667E+02   -0.114353695307532735E+04   -0.692515351937697421E+01    1
    0.266488198512839212E+02   -0.113842374872630262E+04   -0.693515351937697400E+01    1
    0.288521589093105035E+02   -0.111795705138902849E+04   -0.694515351937697556E+01    1
    0.288492274699369204E+02   -0.111200021478243389E+04   -0.695515351937697623E+01    1
    0.288351053843481786E+02   -0.108352682728333139E+04   -0.696515351937697869E+01    1
    0.266885182402027255E+02   -0.105837112973742478E+04   -0.697515351937697670E+01    1
    0.266966533660888672E+02   -0.104232748225380078E+04   -0.698515351937697471E+01    1
    0.267187926328848242E+02   -0.999287439363821022E+03   -0.699515351937697627E+01    1
    0.267386562755940673E+02   -0.961445361401498076E+03   -0.700515351937697339E+01    1
    0.267534534317619332E+02   -0.933731214462814137E+03   -0.701515351937697229E+01    1
    0.287563906887015186E+02   -0.931599166703015499E+03   -0.702515351937697385E+01    1
    0.287458299757378342E+02   -0.912090533724410193E+03   -0.703515351937696920E+01    1
    0.267757752929271220E+02   -0.892692435008934353E+03   -0.704515351937696899E+01    1
    0.267986103390318746E+02   -0.851666781946175320E+03   -0.705515351937697233E+01    1
    0.268065512180328369E+02   -0.837626847133473348E+03   -0.706515351937697300E+01    1
    0.268105030059814453E+02   -0.830683456628608610E+03   -0.707515351937697190E+01    1
    0.286924951751312420E+02   -0.816727527185899817E+03   -0.708515351937697524E+01    1
    0.286885042465960218E+02   -0.809803962535087862E+03   -0.709515351937697947E+01    1
    0.286805343627929688E+02   -0.796066039935650224E+03   -0.710515351937697481E+01    1
    0.286800008698557178E+02   -0.795150651053223783E+03   -0.711515351937697194E+01    1
    0.286740856309402190E+02   -0.785036431750552651E+03   -0.712515351937697261E+01    1
    0.268467164039611816E+02   -0.768404979584744069E+03   -0.713515351937696796E+01    1
    0.268547312156621203E+02   -0.754950255079279486E+03   -0.714515351937696508E+01    1
    0.268576702685771807E+02   -0.750046238263068631E+03   -0.715515351937696753E+01    1
    0.286495060022536521E+02   -0.743704121574724468E+03   -0.716515351937696821E+01    1
    0.286429678797051217E+02   -0.732898569948960358E+03   -0.717515351937696444E+01    1
    0.268725602495326505E+02   -0.725447539116640201E+03   -0.718515351937696511E+01    1
    0.286321524915426906E+02   -0.715198100997694723E+03   -0.719515351937696845E+01    1
    0.286174002728155159E+02   -0.691404526202278930E+03   -0.720515351937697446E+01    1
    0.268940367235477069E+02   -0.690692317373197056E+03   -0.721515351937697869E+01    1
    0.286075687408447266E+02   -0.675771657879868599E+03   -0.722515351937697670E+01    1
    0.269123957463337078E+02   -0.661660516646159749E+03   -0.723515351937696849E+01    1
    0.285960344604083510E+02   -0.657659916877266255E+03   -0.724515351937696384E+01    1
    0.285929991661733318E+02   -0.652934762410079315E+03   -0.725515351937697073E+01    1
    0.285553359985351562E+02   -0.595725145352943628E+03   -0.726515351937697051E+01    1
    0.285511958236107120E+02   -0.589596862130976888E+03   -0.727515351937696853E+01    1
    0.269685432602464559E+02   -0.576753322417831555E+03   -0.728515351937696742E+01    1
    0.285075962946878256E+02   -0.526991841067347536E+03   -0.729515351937696988E+01    1
    0.270106993189648321E+02   -0.516848752825377801E+03   -0.730515351937697766E+01    1
    0.284901005946462362E+02   -0.502861214822557031E+03   -0.731515351937697655E+01    1
    0.270230185985565186E+02   -0.499965403277066628E+03   -0.732515351937697723E+01    1
    0.270343543082375604E+02   -0.484678780356791663E+03   -0.733515351937697524E+01    1
    0.284750962257385254E+02   -0.482619103194410684E+03   -0.734515351937696614E+01    1
    0.270362730188783154E+02   -0.482114921203964400E+03   -0.735515351937696948E+01    1
    0.284634631614206377E+02   -0.467212629315190384E+03   -0.736515351937697105E+01    1
    0.284559776935310325E+02   -0.457431870730395531E+03   -0.737515351937696906E+01    1
    0.284483796277364291E+02   -0.447610308885644656E+03   -0.738515351937697240E+01    1
    0.284358428955934670E+02   -0.431639007485583932E+03   -0.739515351937697218E+01    1
    0.284352540969848633E+02   -0.430896070940653317E+03   -0.740515351937697464E+01    1
    0.270805238505238428E+02   -0.424880510955289537E+03   -0.741515351937697265E+01    1
    0.284281633007157737E+02   -0.421999537034998866E+03   -0.742515351937696799E+01    1
    0.270935857295989990E+02   -0.408680657788178053E+03   -0.743515351937697044E+01    1
    0.271025049686431885E+02   -0.397800550864117724E+03   -0.744515351937697023E+01    1
    0.271025189518437628E+02   -0.397783609383913699E+03   -0.745515351937696646E+01    1
    0.271124271115689162E+02   -0.385870487199891500E+03   -0.746515351937696536E+01    1
    0.283952951431274414E+02   -0.381979628985498323E+03   -0.747515351937696515E+01    1
    0.271160129463592661E+02   -0.381603931303952095E+03   -0.748515351937696671E+01    1
    0.271344557975115421E+02   -0.360036862612524942E+03   -0.749515351937696561E+01    1
    0.271427767236081934E+02   -0.350512972817963941E+03   -0.750515351937696362E+01    1
    0.283572402381073871E+02   -0.338148256720549398E+03   -0.751515351937696874E+01    1
    0.271555726762106744E+02   -0.336117775076443138E+03   -0.752515351937696853E+01    1
    0.271570540422060844E+02   -0.334470888161618120E+03   -0.753515351937696742E+01    1
    0.271582487686942287E+02   -0.333145634588129383E+03   -0.754515351937696721E+01    1
    0.271616419091322285E+02   -0.329396226344496540E+03   -0.755515351937696877E+01    1
    0.283240902423858643E+02   -0.302156130939281525E+03   -0.756515351937697211E+01    1
    0.271879808759306059E+02   -0.301018262671385799E+03   -0.757515351937696835E+01    1
    0.283131379708559905E+02   -0.290712964012184898E+03   -0.758515351937696991E+01    1
    0.283078767544101915E+02   -0.285295068999883824E+03   -0.759515351937697325E+01    1
    0.272055066731083102E+02   -0.282848919827899749E+03   -0.760515351937697126E+01    1
    0.283038277049628348E+02   -0.281160411781604807E+03   -0.761515351937696572E+01    1
    0.282896630492378520E+02   -0.266935617995230075E+03   -0.762515351937696639E+01    1
    0.282895410060882568E+02   -0.266814674243872389E+03   -0.763515351937696973E+01    1
    0.272222711292639055E+02   -0.266002175533487161E+03   -0.764515351937696952E+01    1
    0.272238665143923591E+02   -0.264426133053370563E+03   -0.765515351937697019E+01    1
    0.272242525897628482E+02   -0.264045448200785870E+03   -0.766515351937697087E+01    1
    0.272325738091445686E+02   -0.255907630097719448E+03   -0.767515351937697066E+01    1
    0.272381321580921067E+02   -0.250543358744701777E+03   -0.768515351937697044E+01    1
    0.272407186628607612E+02   -0.248066709235304984E+03   -0.769515351937697201E+01    1
    0.282671921842473495E+02   -0.245133070376117701E+03   -0.770515351937697446E+01    1
    0.282472912082539622E+02   -0.226606262704724202E+03   -0.771515351937697069E+01    1
    0.272650557238739673E+02   -0.225371176740758301E+03   -0.772515351937696959E+01    1
    0.282436939568328462E+02   -0.223335821016481191E+03   -0.773515351937697382E+01    1
    0.282412116743663546E+02   -0.221093053713756063E+03   -0.774515351937697538E+01    1
    0.282396667311743670E+02   -0.219702953981485052E+03   -0.775515351937697517E+01    1
    0.282396081357836337E+02   -0.219650318539380436E+03   -0.776515351937697407E+01    1
    0.272795147969099609E+02   -0.212407769233623810E+03   -0.777515351937697297E+01    1
    0.272836855153303190E+02   -0.208740558140912924E+03   -0.778515351937696565E+01    1
    0.272861615725726310E+02   -0.206578689400958126E+03   -0.779515351937696011E+01    1
    0.272878365824883673E+02   -0.205122673017463455E+03   -0.780515351937696522E+01    1
    0.272917730208532205E+02   -0.201721383337550691E+03   -0.781515351937697123E+01    1
    0.282153179989692333E+02   -0.198379498614722593E+03   -0.782515351937697279E+01    1
    0.272962315246243143E+02   -0.197903724859618990E+03   -0.783515351937697524E+01    1
    0.272973536901611453E+02   -0.196948664078444580E+03   -0.784515351937695993E+01    1
    0.272980165950466436E+02   -0.196385571971356086E+03   -0.785515351937696593E+01    1
    0.282073376140683862E+02   -0.191630007254183170E+03   -0.786515351937697016E+01    1
    0.273096319871223798E+02   -0.186651402755028897E+03   -0.787515351937697172E+01    1
    0.282006757892266009E+02   -0.186086193837093106E+03   -0.788515351937697417E+01    1
    0.281947290897369385E+02   -0.181207049746746719E+03   -0.789515351937696952E+01    1
    0.281939989393768471E+02   -0.180612499143311169E+03   -0.790515351937697019E+01    1
    0.281937041106066424E+02   -0.180372704798591656E+03   -0.791515351937696643E+01    1
    0.273187715339604935E+02   -0.179168070212089475E+03   -0.792515351937696444E+01    1
    0.273278915005154275E+02   -0.171855257749572871E+03   -0.793515351937696778E+01    1
    0.273300842385849343E+02   -0.170120031188852067E+03   -0.794515351937696490E+01    1
    0.281804645061492920E+02   -0.169770717581711722E+03   -0.795515351937696735E+01    1
    0.281737490044558427E+02   -0.164517411030145780E+03   -0.796515351937696447E+01    1
    0.273391082349426213E+02   -0.163072780753881318E+03   -0.797515351937695893E+01    1
    0.273524318191849751E+02   -0.152944011602962803E+03   -0.798515351937696582E+01    1
    0.281414738357192533E+02   -0.140437112816494647E+03   -0.799515351937696650E+01    1
    0.281260080436859639E+02   -0.129583160215010395E+03   -0.800515351937696096E+01    1
    0.273854060572051239E+02   -0.129292824705437766E+03   -0.801515351937696785E+01    1
    0.273910174943568130E+02   -0.125468819678355828E+03   -0.802515351937697652E+01    1
    0.273935241947856802E+02   -0.123779466601473274E+03   -0.803515351937696920E+01    1
    0.273980321749040243E+02   -0.120770717249690918E+03   -0.804515351937696543E+01    1
    0.274024046122209981E+02   -0.117888454999876714E+03   -0.805515351937697233E+01    1
    0.274135648967555383E+02   -0.110692537245769856E+03   -0.806515351937697034E+01    1
    0.280960560442744374E+02   -0.109824745360849960E+03   -0.807515351937696657E+01    1
    0.274163017456208280E+02   -0.108963159271634723E+03   -0.808515351937696636E+01    1
    0.274169616813232366E+02   -0.108548234391045611E+03   -0.809515351937696259E+01    1
    0.280920821510299703E+02   -0.107328361863849651E+03   -0.810515351937696593E+01    1
    0.280920018959875364E+02   -0.107278247819383438E+03   -0.811515351937696572E+01    1
    0.280860976843155683E+02   -0.103624231661717886E+03   -0.812515351937696728E+01    1
    0.280848416612764922E+02   -0.102855243658884646E+03   -0.813515351937696707E+01    1
    0.274327408064995382E+02   -0.988679836554866824E+02   -0.814515351937696508E+01    1
    0.274352805026161128E+02   -0.973530801429667605E+02   -0.815515351937696664E+01    1
    0.274370000769278839E+02   -0.963341658150438462E+02   -0.816515351937696643E+01    1
    0.280683347271433909E+02   -0.930210480422151278E+02   -0.817515351937696622E+01    1
    0.280611812359565462E+02   -0.889162927692779448E+02   -0.818515351937696600E+01    1
    0.274541868282942936E+02   -0.864517991093163971E+02   -0.819515351937696224E+01    1
    0.274555532071125405E+02   -0.856896505231616743E+02   -0.820515351937696558E+01    1
    0.280532869500080935E+02   -0.844966650197833786E+02   -0.821515351937696714E+01    1
    0.274606735327589249E+02   -0.828644115315533156E+02   -0.822515351937696693E+01    1
    0.280477783755948238E+02   -0.814811748826684834E+02   -0.823515351937696671E+01    1
    0.280446175719010995E+02   -0.797763168717453937E+02   -0.824515351937696295E+01    1
    0.274686901372643675E+02   -0.785387949847360147E+02   -0.825515351937696096E+01    1
    0.274730584926073078E+02   -0.762318993904055873E+02   -0.826515351937696252E+01    1
    0.280364954959343962E+02   -0.754804891290055764E+02   -0.827515351937696408E+01    1
    0.274747920589416630E+02   -0.753262294494436873E+02   -0.828515351937696565E+01    1
    0.280351752225150364E+02   -0.747937517616797578E+02   -0.829515351937696543E+01    1
    0.280329125276219955E+02   -0.736243369997594357E+02   -0.830515351937696344E+01    1
    0.274781604945773879E+02   -0.735823954332691699E+02   -0.831515351937696146E+01    1
    0.280325567298397189E+02   -0.734413165130349057E+02   -0.832515351937696302E+01    1
    0.274817675351332369E+02   -0.717383779681322125E+02   -0.833515351937696813E+01    1
    0.274856575663756253E+02   -0.697767435462375119E+02   -0.834515351937696437E+01    1
    0.280171081374139916E+02   -0.657211483797043030E+02   -0.835515351937696593E+01    1
    0.280087850148447828E+02   -0.617453631685706839E+02   -0.836515351937696927E+01    1
    0.275028291970391550E+02   -0.614530869663545118E+02   -0.837515351937696906E+01    1
    0.280062419590289338E+02   -0.605562331760798642E+02   -0.838515351937696174E+01    1
    0.275051867961883545E+02   -0.603529945093034925E+02   -0.839515351937695975E+01    1
    0.275123593469536232E+02   -0.570695847716016686E+02   -0.840515351937696487E+01    1
    0.279984132106286410E+02   -0.569708478190352139E+02   -0.841515351937696821E+01    1
    0.279949724073878414E+02   -0.554310128467000851E+02   -0.842515351937696266E+01    1
    0.279941662610310154E+02   -0.550734208251900839E+02   -0.843515351937695534E+01    1
    0.275171741318377521E+02   -0.549190439048103727E+02   -0.844515351937695691E+01    1
    0.279882545196651122E+02   -0.524879221761924484E+02   -0.845515351937696202E+01    1
    0.275257280603920869E+02   -0.512044894868394067E+02   -0.846515351937696536E+01    1
    0.275281339643660381E+02   -0.501841847550282623E+02   -0.847515351937696160E+01    1
    0.279826007619723853E+02   -0.500759142335785228E+02   -0.848515351937696316E+01    1
    0.275285338971272360E+02   -0.500156208042151107E+02   -0.849515351937696295E+01    1
    0.279819267171062691E+02   -0.497923098849267731E+02   -0.850515351937696629E+01    1
    0.275309256981083621E+02   -0.490137173619127893E+02   -0.851515351937696785E+01    1
    0.275320520099723041E+02   -0.485455917214116965E+02   -0.852515351937696408E+01    1
    0.275380103487267007E+02   -0.461083063570066827E+02   -0.853515351937696032E+01    1
    0.275444595586172909E+02   -0.435444622796723095E+02   -0.854515351937695655E+01    1
    0.279663866631320701E+02   -0.434875861110875022E+02   -0.855515351937696344E+01    1
    0.279660255999631602E+02   -0.433464261753839324E+02   -0.856515351937696323E+01    1
    0.279611750229835359E+02   -0.414735143595108937E+02   -0.857515351937696124E+01    1
    0.279608398623044145E+02   -0.413457140439531301E+02   -0.858515351937696103E+01    1
    0.279559707641601562E+02   -0.395125835902200109E+02   -0.859515351937696259E+01    1
    0.279544458477084632E+02   -0.389475246545844271E+02   -0.860515351937696771E+01    1
    0.275567541954316262E+02   -0.388705940681171356E+02   -0.861515351937696039E+01    1
    0.279515424650433104E+02   -0.378836016433476956E+02   -0.862515351937695662E+01    1
    0.275628146243107892E+02   -0.366698895456298999E+02   -0.863515351937696352E+01    1
    0.275667756420382233E+02   -0.352683631844396643E+02   -0.864515351937696508E+01    1
    0.279408348828286677E+02   -0.340950926581343481E+02   -0.865515351937695954E+01    1
    0.275709536599157481E+02   -0.338216025109107079E+02   -0.866515351937696288E+01    1
    0.275751078128814697E+02   -0.324152166992827730E+02   -0.867515351937696266E+01    1
    0.275755933244489597E+02   -0.322529368408930850E+02   -0.868515351937696423E+01    1
    0.279320961615261467E+02   -0.311608484705307553E+02   -0.869515351937696934E+01    1
    0.275791115371015891E+02   -0.310900592135953744E+02   -0.870515351937696735E+01    1
    0.275819680720528595E+02   -0.301627797590550770E+02   -0.871515351937696181E+01    1
    0.279289697770734939E+02   -0.301455000186881890E+02   -0.872515351937695982E+01    1
    0.275830204708218041E+02   -0.298249697320807421E+02   -0.873515351937696316E+01    1
    0.275837111033467650E+02   -0.296044000116410011E+02   -0.874515351937695762E+01    1
    0.275840587617098549E+02   -0.294937020226204467E+02   -0.875515351937695741E+01    1
    0.275842960325712561E+02   -0.294182813002810448E+02   -0.876515351937696252E+01    1
    0.279250490665435791E+02   -0.288978124552431943E+02   -0.877515351937696231E+01    1
    0.279226086433880312E+02   -0.281355983292033400E+02   -0.878515351937696209E+01    1
    0.279222747646805871E+02   -0.280321777552808307E+02   -0.879515351937696188E+01    1
    0.279220591413100792E+02   -0.279654972745653900E+02   -0.880515351937695812E+01    1
    0.275927077313810472E+02   -0.268119679453778588E+02   -0.881515351937695790E+01    1
    0.275954342349245607E+02   -0.259953505504040763E+02   -0.882515351937695769E+01    1
    0.275979316642187378E+02   -0.252594466605136638E+02   -0.883515351937695925E+01    1
    0.275980157420755567E+02   -0.252348732535821121E+02   -0.884515351937695904E+01    1
    0.275989282022949425E+02   -0.249690323803782306E+02   -0.885515351937696238E+01    1
    0.275999120784243530E+02   -0.246841157118432655E+02   -0.886515351937696394E+01    1
    0.276023936271667480E+02   -0.239734721066975176E+02   -0.887515351937696018E+01    1
    0.276078988213632002E+02   -0.224377342111761493E+02   -0.888515351937696174E+01    1
    0.276096059685243489E+02   -0.219729281309128552E+02   -0.889515351937696330E+01    1
    0.276160302915140186E+02   -0.202722363188334072E+02   -0.890515351937696309E+01    1
    0.278928690567998530E+02   -0.197349101587752500E+02   -0.891515351937696288E+01    1
    0.276181726433323824E+02   -0.197221240389958226E+02   -0.892515351937696089E+01    1
    0.278918054618126057E+02   -0.194648649654374033E+02   -0.893515351937696423E+01    1
    0.278912443776216605E+02   -0.193232522034503695E+02   -0.894515351937696579E+01    1
    0.276202138948359170E+02   -0.192058947069395494E+02   -0.895515351937696202E+01    1
    0.276217929005134764E+02   -0.188118697948038296E+02   -0.896515351937696181E+01    1
    0.276246452014994688E+02   -0.181118326241511660E+02   -0.897515351937695982E+01    1
    0.276256351037605157E+02   -0.178724104328079818E+02   -0.898515351937695428E+01    1
    0.278848486612256536E+02   -0.177503063844722107E+02   -0.899515351937695407E+01    1
    0.276262622208820723E+02   -0.177216738333826065E+02   -0.900515351937695741E+01    1
    0.278835298107899199E+02   -0.174353906041268480E+02   -0.901515351937696252E+01    1
    0.278830723090969528E+02   -0.173269020517012962E+02   -0.902515351937696408E+01    1
    0.276284082145351917E+02   -0.172113743396522096E+02   -0.903515351937696032E+01    1
    0.276291445705982817E+02   -0.170382439799083905E+02   -0.904515351937695833E+01    1
    0.276310658410908907E+02   -0.165912561460329933E+02   -0.905515351937695989E+01    1
    0.276311954987794337E+02   -0.165613376931471166E+02   -0.906515351937695790E+01    1
    0.276322666706010516E+02   -0.163153585894612760E+02   -0.907515351937695591E+01    1
    0.278776299953460693E+02   -0.160661397239831807E+02   -0.908515351937695925E+01    1
    0.278766506339615532E+02   -0.158450960994249552E+02   -0.909515351937696437E+01    1
    0.276344009183411998E+02   -0.158316061028795225E+02   -0.910515351937696060E+01    1
    0.278756980791860265E+02   -0.156318099990348163E+02   -0.911515351937695506E+01    1
    0.278742873998408349E+02   -0.153190382061005188E+02   -0.912515351937696195E+01    1
    0.278739523253032608E+02   -0.152452891084537399E+02   -0.913515351937696529E+01    1
    0.276379478943608241E+02   -0.150463364890858955E+02   -0.914515351937696153E+01    1
    0.278715264675623544E+02   -0.147175771290341135E+02   -0.915515351937696131E+01    1
    0.278704216203837198E+02   -0.144808517196177426E+02   -0.916515351937695577E+01    1
    0.278692075993695241E+02   -0.142233462878332197E+02   -0.917515351937695733E+01    1
    0.276419480698544291E+02   -0.141887399652933777E+02   -0.918515351937696067E+01    1
    0.276438455329331418E+02   -0.137923249671756878E+02   -0.919515351937696046E+01    1
    0.278662802824957510E+02   -0.136136811085825862E+02   -0.920515351937696202E+01    1
    0.278643871293794376E+02   -0.132278648844197537E+02   -0.921515351937696536E+01    1
    0.276471136926128906E+02   -0.131252078727439567E+02   -0.922515351937696337E+01    1
    0.278624978873297877E+02   -0.128494750059802456E+02   -0.923515351937695961E+01    1
    0.276486588436874392E+02   -0.128167016709635515E+02   -0.924515351937695584E+01    1
    0.278619902694372854E+02   -0.127489346759022855E+02   -0.925515351937695918E+01    1
    0.276496555697863542E+02   -0.126200448800718430E+02   -0.926515351937696607E+01    1
    0.278587805272089426E+02   -0.121242726773125611E+02   -0.927515351937695876E+01    1
    0.278567265774764472E+02   -0.117345743288723749E+02   -0.928515351937695499E+01    1
    0.278564740593296456E+02   -0.116872040793851006E+02   -0.929515351937696188E+01    1
    0.276552458698283843E+02   -0.115512248560842714E+02   -0.930515351937696522E+01    1
    0.276559077397407727E+02   -0.114285196767365704E+02   -0.931515351937695790E+01    1
    0.276562688202588838E+02   -0.113619210164901716E+02   -0.932515351937696657E+01    1
    0.278540547047057458E+02   -0.112393507092602292E+02   -0.933515351937696458E+01    1
    0.278538890068677105E+02   -0.112090753011842050E+02   -0.934515351937696082E+01    1
    0.278532923673543635E+02   -0.111004825334804700E+02   -0.935515351937695883E+01    1
    0.278526063694894077E+02   -0.109764421700903974E+02   -0.936515351937696394E+01    1
    0.276592668575071094E+02   -0.108182977243966203E+02   -0.937515351937696728E+01    1
    0.278515138135844253E+02   -0.107806917294393614E+02   -0.938515351937696352E+01    1
    0.278506769940576326E+02   -0.106322587445026908E+02   -0.939515351937695797E+01    1
    0.276603200772597795E+02   -0.106312795948904455E+02   -0.940515351937695776E+01    1
    0.278496921859554050E+02   -0.104592401800508412E+02   -0.941515351937695755E+01    1
    0.276621543291964898E+02   -0.103104886179657083E+02   -0.942515351937696089E+01    1
    0.276633474362636633E+02   -0.101051778529261860E+02   -0.943515351937695712E+01    1
    0.276640050711777015E+02   -0.999314066813278501E+01   -0.944515351937694980E+01    1
    0.276644732540401037E+02   -0.991386824079295970E+01   -0.945515351937695137E+01    1
    0.278441347530342611E+02   -0.951659792085070677E+01   -0.946515351937695826E+01    1
    0.278433395735289864E+02   -0.938640723227447182E+01   -0.947515351937695982E+01    1
    0.276677394694949861E+02   -0.937215030376051139E+01   -0.948515351937695605E+01    1
    0.276683470789421300E+02   -0.927355890017984130E+01   -0.949515351937695584E+01    1
    0.276686760947216079E+02   -0.922045831098377100E+01   -0.950515351937695741E+01    1
    0.276691597690736160E+02   -0.914276169233586877E+01   -0.951515351937695897E+01    1
    0.276696985701900360E+02   -0.905672069048528705E+01   -0.952515351937695876E+01    1
    0.278410918660270035E+02   -0.902474662897738966E+01   -0.953515351937695854E+01    1
    0.278398803646181250E+02   -0.883370152701783518E+01   -0.954515351937695833E+01    1
    0.278383316341899061E+02   -0.859344364900466573E+01   -0.955515351937695989E+01    1
    0.278381236891926420E+02   -0.856152357992515611E+01   -0.956515351937696323E+01    1
    0.278375839138856520E+02   -0.847904116602392577E+01   -0.957515351937696302E+01    1
    0.276744985822047234E+02   -0.831398193799490848E+01   -0.958515351937695215E+01    1
    0.276745474990860778E+02   -0.830663274147879527E+01   -0.959515351937695371E+01    1
    0.278348165009521153E+02   -0.806464686620979165E+01   -0.960515351937695527E+01    1
    0.278344010061812526E+02   -0.800365727555388595E+01   -0.961515351937695861E+01    1
    0.276770734320760390E+02   -0.793317421313567372E+01   -0.962515351937695662E+01    1
    0.276777199651210957E+02   -0.783948730278400863E+01   -0.963515351937695286E+01    1
    0.278330742160062208E+02   -0.781104511565461390E+01   -0.964515351937695797E+01    1
    0.278315964488298206E+02   -0.760036027267309855E+01   -0.965515351937696309E+01    1
    0.276802584102329519E+02   -0.747915027018328171E+01   -0.966515351937695755E+01    1
    0.276807166665945417E+02   -0.741537390742922220E+01   -0.967515351937695556E+01    1
    0.278299855413017383E+02   -0.737530953462640593E+01   -0.968515351937696067E+01    1
    0.276823361649256796E+02   -0.719310708046526059E+01   -0.969515351937696224E+01    1
    0.278284534335605045E+02   -0.716573479835658667E+01   -0.970515351937696025E+01    1
    0.276838285628184337E+02   -0.699259251758347133E+01   -0.971515351937696003E+01    1
    0.276841845782997353E+02   -0.694536972853686230E+01   -0.972515351937696160E+01    1
    0.278263787367358866E+02   -0.688888218940287356E+01   -0.973515351937696316E+01    1
    0.278263236840895694E+02   -0.688164460237803954E+01   -0.974515351937696295E+01    1
    0.278256906881864552E+02   -0.679883079849861893E+01   -0.975515351937696273E+01    1
    0.278255930896561594E+02   -0.678612829502096382E+01   -0.976515351937695542E+01    1
    0.276857349265521400E+02   -0.674246950958209368E+01   -0.977515351937695698E+01    1
    0.278249024483989302E+02   -0.669674598493535544E+01   -0.978515351937696209E+01    1
    0.278248667716979980E+02   -0.669215277058130820E+01   -0.979515351937696011E+01    1
    0.276867206647014434E+02   -0.661578125081767965E+01   -0.980515351937695812E+01    1
    0.276870866235331903E+02   -0.656920668550822029E+01   -0.981515351937695613E+01    1
    0.278236245954117933E+02   -0.653370074739331486E+01   -0.982515351937695769E+01    1
    0.278229879689072064E+02   -0.645360229241920891E+01   -0.983515351937696103E+01    1
    0.276883767755634587E+02   -0.640699479365117952E+01   -0.984515351937696082E+01    1
    0.276884107104019037E+02   -0.640276982258553673E+01   -0.985515351937696060E+01    1
    0.278217754997854421E+02   -0.630313293038566425E+01   -0.986515351937695506E+01    1
    0.278217208385467529E+02   -0.629641363893990746E+01   -0.987515351937695307E+01    1
    0.276894808876914311E+02   -0.627062628959028778E+01   -0.988515351937695641E+01    1
    0.278212475812448403E+02   -0.623846975739327103E+01   -0.989515351937695975E+01    1
    0.276900052789732101E+02   -0.620665114467401224E+01   -0.990515351937695954E+01    1
    0.276920003349214454E+02   -0.596791964749721604E+01   -0.991515351937695577E+01    1
    0.278188240550916852E+02   -0.594825506383790703E+01   -0.992515351937695911E+01    1
    0.278184837640411082E+02   -0.590837808404434650E+01   -0.993515351937696067E+01    1
    0.278173236632959444E+02   -0.577404654787630012E+01   -0.994515351937695513E+01    1
    0.278151322378827928E+02   -0.552710852177174594E+01   -0.995515351937695492E+01    1
    0.276968466144330101E+02   -0.541876456083141189E+01   -0.996515351937695826E+01    1
    0.278140491154893965E+02   -0.540834857581869688E+01   -0.997515351937695982E+01    1
    0.276972283933518071E+02   -0.537735504231733952E+01   -0.998515351937696138E+01    1
    0.278135737648800152E+02   -0.535691559060483868E+01   -0.999515351937695584E+01    1
    0.276978921999874501E+02   -0.530599937767714369E+01   -0.100051535193769503E+02    1
    0.278125342212375770E+02   -0.524589781762967888E+01   -0.100151535193769536E+02    1
    0.278120346948121266E+02   -0.519326426190240475E+01   -0.100251535193769570E+02    1
    0.278115039313337533E+02   -0.513784666375740162E+01   -0.100351535193769603E+02    1
    0.277002519650383405E+02   -0.505895638733027742E+01   -0.100451535193769637E+02    1
    0.278102362620734915E+02   -0.500760293344565000E+01   -0.100551535193769475E+02    1
    0.278100382678613052E+02   -0.498752969344670305E+01   -0.100651535193769543E+02    1
    0.277010491139387227E+02   -0.497783775468681711E+01   -0.100751535193769577E+02    1
    0.278099246660386825E+02   -0.497604524297773398E+01   -0.100851535193769539E+02    1
    0.278092714589825896E+02   -0.491047467505253188E+01   -0.100951535193769484E+02    1
    0.278091682920120746E+02   -0.490019090680302227E+01   -0.101051535193769499E+02    1
    0.277018949694408150E+02   -0.489305197184548746E+01   -0.101151535193769551E+02    1
    0.277024374910223941E+02   -0.483937016100461115E+01   -0.101251535193769566E+02    1
    0.277026637222906658E+02   -0.481714621236063056E+01   -0.101351535193769582E+02    1
    0.277045021306470929E+02   -0.464007045641862614E+01   -0.101451535193769562E+02    1
    0.278063769424250609E+02   -0.462944242508999171E+01   -0.101551535193769507E+02    1
    0.277048486979700286E+02   -0.460739154269066287E+01   -0.101651535193769487E+02    1
    0.277060571358180994E+02   -0.449518745470743486E+01   -0.101751535193769485E+02    1
    0.278049006230366551E+02   -0.449209100271069506E+01   -0.101851535193769500E+02    1
    0.277062789416342952E+02   -0.447488697177290806E+01   -0.101951535193769534E+02    1
    0.277068136578656201E+02   -0.442632306004511999E+01   -0.102051535193769531E+02    1
    0.277078423031928338E+02   -0.433439149147035252E+01   -0.102151535193769565E+02    1
    0.278021180415838813E+02   -0.424420372872572926E+01   -0.102251535193769545E+02    1
    0.277092180568919630E+02   -0.421450706595493685E+01   -0.102351535193769507E+02    1
    0.278009049928197314E+02   -0.414063535491218460E+01   -0.102451535193769541E+02    1
    0.278007155736954417E+02   -0.412470947033446578E+01   -0.102551535193769521E+02    1
    0.278005007022090034E+02   -0.410672420570313612E+01   -0.102651535193769536E+02    1
    0.277110895865625082E+02   -0.405705832694061819E+01   -0.102751535193769570E+02    1
    0.277114285518732117E+02   -0.402923684393256476E+01   -0.102851535193769532E+02    1
    0.277985064892628913E+02   -0.394389066539117294E+01   -0.102951535193769512E+02    1
    0.277125236279160525E+02   -0.394081241521691972E+01   -0.103051535193769492E+02    1
    0.277981998194925950E+02   -0.391950475050422353E+01   -0.103151535193769526E+02    1
    0.277129768010410515E+02   -0.390487081565845529E+01   -0.103251535193769541E+02    1
    0.277136667651360327E+02   -0.385088080189031334E+01   -0.103351535193769539E+02    1
    0.277973221126292742E+02   -0.385067522004867380E+01   -0.103451535193769555E+02    1
    0.277961817082337177E+02   -0.376338011227318869E+01   -0.103551535193769570E+02    1
    0.277152404799771332E+02   -0.373104173933898586E+01   -0.103651535193769533E+02    1
    0.277153160865458688E+02   -0.372539995162117021E+01   -0.103751535193769513E+02    1
    0.277168564516894236E+02   -0.361276662774887880E+01   -0.103851535193769564E+02    1
    0.277941099850794870E+02   -0.361096845684472800E+01   -0.103951535193769562E+02    1
    0.277175882086281149E+02   -0.356080214282983620E+01   -0.104051535193769507E+02    1
    0.277929087390875971E+02   -0.352624312200885504E+01   -0.104151535193769558E+02    1
    0.277182823072155458E+02   -0.351243004250376156E+01   -0.104251535193769538E+02    1
    0.277186470897330075E+02   -0.348736649311679869E+01   -0.104351535193769482E+02    1
    0.277921894348319327E+02   -0.347679131617613280E+01   -0.104451535193769534E+02    1
    0.277921682428092076E+02   -0.347534893347044171E+01   -0.104551535193769531E+02    1
    0.277190458383434546E+02   -0.346025164255368800E+01   -0.104651535193769529E+02    1
    0.277916498235641818E+02   -0.344032352966876731E+01   -0.104751535193769580E+02    1
    0.277195474943089977E+02   -0.342655814655945745E+01   -0.104851535193769543E+02    1
    0.277913593767902682E+02   -0.342091833490340314E+01   -0.104951535193769523E+02    1
    0.277913332371558965E+02   -0.341917958303253133E+01   -0.105051535193769539E+02    1
    0.277912251289838679E+02   -0.341200192566973204E+01   -0.105151535193769536E+02    1
    0.277203447801168039E+02   -0.337396956851825758E+01   -0.105251535193769499E+02    1
    0.277204101379556000E+02   -0.336971090254767924E+01   -0.105351535193769514E+02    1
    0.277897658497111451E+02   -0.331723748262854468E+01   -0.105451535193769512E+02    1
    0.277891791159276949E+02   -0.328024913797357121E+01   -0.105551535193769528E+02    1
    0.277218536940321059E+02   -0.327767065094995402E+01   -0.105651535193769543E+02    1
    0.277888746525252870E+02   -0.326130715142949645E+01   -0.105751535193769524E+02    1
    0.277223789691925049E+02   -0.324513884600809011E+01   -0.105851535193769575E+02    1
    0.277226704825687023E+02   -0.322730547449971139E+01   -0.105951535193769573E+02    1
    0.277227050772782562E+02   -0.322519960438000952E+01   -0.106051535193769570E+02    1
    0.277227197634086195E+02   -0.322430629278022751E+01   -0.106151535193769551E+02    1
    0.277228729671243883E+02   -0.321501124955158391E+01   -0.106251535193769495E+02    1
    0.277229052511014267E+02   -0.321305809943120213E+01   -0.106351535193769458E+02    1
    0.277880281980060282E+02   -0.320954932580400598E+01   -0.106451535193769526E+02    1
    0.277859664341286070E+02   -0.308904205708542445E+01   -0.106551535193769560E+02    1
    0.277256874921611427E+02   -0.305199975179507321E+01   -0.106651535193769540E+02    1
    0.277261858101730283E+02   -0.302466970799367729E+01   -0.106751535193769556E+02    1
    0.277847165546828592E+02   -0.301982825552727530E+01   -0.106851535193769500E+02    1
    0.277846562593056916E+02   -0.301656260247006980E+01   -0.106951535193769480E+02    1
    0.277266338219783961E+02   -0.300049200560686558E+01   -0.107051535193769549E+02    1
    0.277269416980962546E+02   -0.298409285530870871E+01   -0.107151535193769494E+02    1
    0.277272348981350127E+02   -0.296863892803797569E+01   -0.107251535193769456E+02    1
    0.277836855791280897E+02   -0.296491807545838260E+01   -0.107351535193769543E+02    1
    0.277828614534047986E+02   -0.292244311956627101E+01   -0.107451535193769505E+02    1
    0.277827731560836106E+02   -0.291796706799939232E+01   -0.107551535193769414E+02    1
    0.277283757252902952E+02   -0.291002615804673548E+01   -0.107651535193769483E+02    1
    0.277285003551974256E+02   -0.290376930613182349E+01   -0.107751535193769499E+02    1
    0.277824852833887270E+02   -0.290347441315390054E+01   -0.107851535193769426E+02    1
    0.277287309134633659E+02   -0.289227045628784563E+01   -0.107951535193769441E+02    1
    0.277289120106285445E+02   -0.288330758702877121E+01   -0.108051535193769528E+02    1
    0.277290735807106259E+02   -0.287536251553796429E+01   -0.108151535193769561E+02    1
    0.277295842023609396E+02   -0.285057155302536636E+01   -0.108251535193769524E+02    1
    0.277813234261660540E+02   -0.284654452169738192E+01   -0.108351535193769521E+02    1
    0.277298609483614023E+02   -0.283733753104871234E+01   -0.108451535193769519E+02    1
    0.277299087798525505E+02   -0.283506462698747930E+01   -0.108551535193769482E+02    1
    0.277304511462609113E+02   -0.280958888736965706E+01   -0.108651535193769480E+02    1
    0.277802006372430448E+02   -0.279390867904701645E+01   -0.108751535193769477E+02    1
    0.277311070337570236E+02   -0.277951000284996219E+01   -0.108851535193769493E+02    1
    0.277312021085285778E+02   -0.277521612690363595E+01   -0.108951535193769473E+02    1
    0.277319010257674314E+02   -0.274416564306349109E+01   -0.109051535193769453E+02    1
    0.277788876761464678E+02   -0.273532450911760838E+01   -0.109151535193769469E+02    1
    0.277322525011740453E+02   -0.272889330097794280E+01   -0.109251535193769485E+02    1
    0.277786324560089284E+02   -0.272430791535992523E+01   -0.109351535193769500E+02    1
    0.277784513419712162E+02   -0.271656342965609365E+01   -0.109451535193769498E+02    1
    0.277783510322714484E+02   -0.271230034833077749E+01   -0.109551535193769460E+02    1
    0.277326406324715293E+02   -0.271229449640175346E+01   -0.109651535193769440E+02    1
    0.277327947546570961E+02   -0.270578084615734715E+01   -0.109751535193769456E+02    1
    0.277328316891919222E+02   -0.270422643214259839E+01   -0.109851535193769454E+02    1
    0.277328976212954252E+02   -0.270145792844535704E+01   -0.109951535193769434E+02    1
    0.277776186339404987E+02   -0.268173979639694648E+01   -0.110051535193769485E+02    1
    0.277334971144588778E+02   -0.267665515734145254E+01   -0.110151535193769536E+02    1
    0.277772188954619494E+02   -0.266547987949345311E+01   -0.110251535193769499E+02    1
    0.277342709605894271E+02   -0.264562482538976962E+01   -0.110351535193769461E+02    1
    0.277761960634169007E+02   -0.262522463325691557E+01   -0.110451535193769441E+02    1
    0.277760596478063917E+02   -0.262000247897739458E+01   -0.110551535193769439E+02    1
    0.277760448089345751E+02   -0.261943651124316013E+01   -0.110651535193769455E+02    1
    0.277757164508673853E+02   -0.260701718832905405E+01   -0.110751535193769488E+02    1
    0.277357067241364135E+02   -0.259099551254890992E+01   -0.110851535193769504E+02    1
    0.277752654774013834E+02   -0.259028629557150891E+01   -0.110951535193769502E+02    1
    0.277750852738929765E+02   -0.258370635249860925E+01   -0.111051535193769553E+02    1
    0.277359621737664099E+02   -0.258167670843229802E+01   -0.111151535193769551E+02    1
    0.277360146420252534E+02   -0.257977765402671233E+01   -0.111251535193769460E+02    1
    0.277747397212067142E+02   -0.257125739985424184E+01   -0.111351535193769493E+02    1
    0.277366115153099102E+02   -0.255853377176094243E+01   -0.111451535193769491E+02    1
    0.277741714086898881E+02   -0.255126507197786401E+01   -0.111551535193769507E+02    1
    0.277371974454331323E+02   -0.253832231837225120E+01   -0.111651535193769469E+02    1
    0.277373184720417889E+02   -0.253422692352481738E+01   -0.111751535193769467E+02    1
    0.277734917018162903E+02   -0.252814103319313555E+01   -0.111851535193769482E+02    1
    0.277375508188261293E+02   -0.252644075765557963E+01   -0.111951535193769498E+02    1
    0.277377320483257108E+02   -0.252043711547372729E+01   -0.112051535193769514E+02    1
    0.277379395979048518E+02   -0.251363641819226036E+01   -0.112151535193769529E+02    1
    0.277380412969598993E+02   -0.251033326110714450E+01   -0.112251535193769527E+02    1
    0.277381201108483495E+02   -0.250778660634834694E+01   -0.112351535193769525E+02    1
    0.277381585407181248E+02   -0.250654903040062482E+01   -0.112451535193769505E+02    1
    0.277381809821403067E+02   -0.250582760556151607E+01   -0.112551535193769485E+02    1
    0.277726349012144809E+02   -0.250021347120279858E+01   -0.112651535193769465E+02    1
    0.277383647594507536E+02   -0.249995487142161288E+01   -0.112751535193769428E+02    1
    0.277725927904531389E+02   -0.249887598114030807E+01   -0.112851535193769514E+02    1
    0.277389921346502177E+02   -0.248037876144074332E+01   -0.112951535193769441E+02    1
    0.277718928140787114E+02   -0.247712575546974101E+01   -0.113051535193769475E+02    1
    0.277395021915435791E+02   -0.246500157313138013E+01   -0.113151535193769508E+02    1
    0.277713548173378157E+02   -0.246102656919842433E+01   -0.113251535193769524E+02    1
    0.277397114715436857E+02   -0.245883186264789222E+01   -0.113351535193769486E+02    1
    0.277397735630233697E+02   -0.245701699723800315E+01   -0.113451535193769519E+02    1
    0.277398350201823263E+02   -0.245522771637884807E+01   -0.113551535193769464E+02    1
    0.277711276239207123E+02   -0.245438923970902723E+01   -0.113651535193769444E+02    1
    0.277708684194476163E+02   -0.244693368746997786E+01   -0.113751535193769477E+02    1
    0.277707241227873425E+02   -0.244283726745867691E+01   -0.113851535193769493E+02    1
    0.277403259116456340E+02   -0.244118730781420634E+01   -0.113951535193769544E+02    1
    0.277705174239138088E+02   -0.243703662447969505E+01   -0.114051535193769453E+02    1
    0.277409394591308747E+02   -0.242426734932060173E+01   -0.114151535193769433E+02    1
    0.277413150241628870E+02   -0.241425491697003647E+01   -0.114251535193769502E+02    1
    0.277417799425017009E+02   -0.240222286519737471E+01   -0.114351535193769465E+02    1
    0.277418981654908805E+02   -0.239922722010073430E+01   -0.114451535193769427E+02    1
    0.277421345058179085E+02   -0.239331634690293260E+01   -0.114551535193769425E+02    1
    0.277688496439597365E+02   -0.239313351681576947E+01   -0.114651535193769476E+02    1
    0.277687743082177292E+02   -0.239127218350060433E+01   -0.114751535193769509E+02    1
    0.277687271488398224E+02   -0.239011236771754954E+01   -0.114851535193769489E+02    1
    0.277423829794602739E+02   -0.238721377462398587E+01   -0.114951535193769505E+02    1
    0.277424366213810885E+02   -0.238591135070449623E+01   -0.115051535193769467E+02    1
    0.277424675629438902E+02   -0.238516251861837292E+01   -0.115151535193769430E+02    1
    0.277425528786703524E+02   -0.238310695203092848E+01   -0.115251535193769428E+02    1
    0.277683578404326070E+02   -0.238117245522609755E+01   -0.115351535193769426E+02    1
    0.277426407313816412E+02   -0.238100437378889085E+01   -0.115451535193769423E+02    1
    0.277427375664786915E+02   -0.237870341159296128E+01   -0.115551535193769439E+02    1
    0.277681884031548343E+02   -0.237715554247069161E+01   -0.115651535193769455E+02    1
    0.277429519579112878E+02   -0.237367101709411532E+01   -0.115751535193769453E+02    1
    0.277429578974737616E+02   -0.237353281224263180E+01   -0.115851535193769433E+02    1
    0.277679686182622163E+02   -0.237202438114344050E+01   -0.115951535193769448E+02    1
    0.277676796913146973E+02   -0.236541536488586956E+01   -0.116051535193769446E+02    1
    0.277436281041048112E+02   -0.235835849223216476E+01   -0.116151535193769408E+02    1
    0.277670585979711291E+02   -0.235173260691108732E+01   -0.116251535193769424E+02    1
    0.277669427373516733E+02   -0.234925939566486797E+01   -0.116351535193769458E+02    1
    0.277668358515097111E+02   -0.234699985126497790E+01   -0.116451535193769455E+02    1
    0.277443400699903222E+02   -0.234315161250819015E+01   -0.116551535193769418E+02    1
    0.277443808592770580E+02   -0.234230887884870143E+01   -0.116651535193769451E+02    1
    0.277447670513026026E+02   -0.233448287244096697E+01   -0.116751535193769502E+02    1
    0.277448857041740844E+02   -0.233213399681160771E+01   -0.116851535193769465E+02    1
    0.277450346900532594E+02   -0.232922163486861455E+01   -0.116951535193769445E+02    1
    0.277451319895953574E+02   -0.232734186372445695E+01   -0.117051535193769460E+02    1
    0.277451481580134285E+02   -0.232703120116930950E+01   -0.117151535193769476E+02    1
    0.277654920956618909E+02   -0.232040152625624474E+01   -0.117251535193769456E+02    1
    0.277653427424230941E+02   -0.231765210584675296E+01   -0.117351535193769418E+02    1
    0.277651423908796531E+02   -0.231402886461723289E+01   -0.117451535193769399E+02    1
    0.277459065935352811E+02   -0.231300351833412066E+01   -0.117551535193769414E+02    1
    0.277649364851723028E+02   -0.231038278316159884E+01   -0.117651535193769430E+02    1
    0.277646858492851933E+02   -0.230605079461660711E+01   -0.117751535193769463E+02    1
    0.277646401508233218E+02   -0.230527350586417246E+01   -0.117851535193769479E+02    1
    0.277464054127601614E+02   -0.230435938879350566E+01   -0.117951535193769459E+02    1
