    0.292458003189949558E+02   -0.103515065816320817E+02
    0.290742104792567737E+02   -0.100221636015026601E+02
    0.290863692418757935E+02   -0.886042452064914166E+01
    0.290869246938616293E+02   -0.881166986214553560E+01
    0.292270277423443048E+02   -0.856167467373931679E+01
    0.290902138667208163E+02   -0.853069434302558882E+01
    0.290906648834899002E+02   -0.849319778452525398E+01
    0.290931164480597673E+02   -0.829373023375175045E+01
    0.292229240412649531E+02   -0.822780706636481085E+01
    0.292210460557566911E+02   -0.808188603630857827E+01
    0.292209740352906628E+02   -0.807637584343444104E+01
    0.292203324476828996E+02   -0.802756870176910553E+01
    0.292201372933110761E+02   -0.801282265875310529E+01
    0.290975607207908666E+02   -0.795086500766029758E+01
    0.290986058808182975E+02   -0.787374083242125256E+01
    0.290987113337721226E+02   -0.786603345310092550E+01
    0.292170250855573599E+02   -0.778395405078036262E+01
    0.292163431644439697E+02   -0.773538798419393281E+01
    0.292161985597381140E+02   -0.772516237959302643E+01
    0.292158901183713198E+02   -0.770343662600496160E+01
    0.291014202418073324E+02   -0.767270468664974636E+01
    0.292152226506869539E+02   -0.765682027571252988E+01
    0.291025721992069499E+02   -0.759321101206940874E+01
    0.292136973989923021E+02   -0.755234036733712077E+01
    0.291043720315480208E+02   -0.747225701231389650E+01
    0.292124531206271598E+02   -0.746921388630067185E+01
    0.292107834783662952E+02   -0.736064442944562813E+01
    0.292101765999480705E+02   -0.732202642003454596E+01
    0.292095941921926041E+02   -0.728538901847010312E+01
    0.292091506838885309E+02   -0.725776749712911950E+01
    0.291104360805460871E+02   -0.709388819575464336E+01
    0.292062223333249129E+02   -0.708142736196262668E+01
    0.291112086409858755E+02   -0.704891289011098188E+01
    0.291113105404527204E+02   -0.704303519517528809E+01
    0.291113778039279687E+02   -0.703916230581776592E+01
    0.291119397356616041E+02   -0.700702360792399759E+01
    0.291119470653212531E+02   -0.700660695174024895E+01
    0.292045687117706620E+02   -0.698648121383169762E+01
    0.291125616344662319E+02   -0.697190528236625351E+01
    0.291130693455261778E+02   -0.694358569747110188E+01
    0.292037663347501351E+02   -0.694161578724231454E+01
    0.291147332827749352E+02   -0.685298211538979452E+01
    0.291147942196401743E+02   -0.684972827969239884E+01
    0.291148525606624347E+02   -0.684661730799214485E+01
    0.291150307609753654E+02   -0.683714073879739992E+01
    0.291988496944313063E+02   -0.668388860085914338E+01
    0.291987214778799924E+02   -0.667756300663445312E+01
    0.291183307823269821E+02   -0.666866499320089368E+01
    0.291981261105817822E+02   -0.664845378338816406E+01
    0.291192192447878639E+02   -0.662558137672381786E+01
    0.291193818903848083E+02   -0.661779882624921889E+01
    0.291969621345395076E+02   -0.659279556538918143E+01
    0.291969621345395076E+02   -0.659279556538918143E+01
    0.291199540143928601E+02   -0.659067983322086803E+01
    0.291204894120517679E+02   -0.656566419319238825E+01
    0.291958835173540976E+02   -0.654269775316047753E+01
    0.291956862427113712E+02   -0.653368894488530838E+01
    0.291950070858001709E+02   -0.650303823512551915E+01
    0.291232537836926788E+02   -0.644207966750655281E+01
    0.291232537836926788E+02   -0.644207966750655281E+01
    0.291235017709550874E+02   -0.643144979007169226E+01
    0.291931127844461002E+02   -0.642052764763811457E+01
    0.291926128616910248E+02   -0.639948411058850830E+01
    0.291926128616910248E+02   -0.639948411058850830E+01
    0.291244338564213407E+02   -0.639216874157486004E+01
    0.291244338564213407E+02   -0.639216874157486004E+01
    0.291922658978729359E+02   -0.638505879833243739E+01
    0.291922658978729359E+02   -0.638505879833243739E+01
    0.291248397199214750E+02   -0.637539633528123328E+01
    0.291248854864952449E+02   -0.637351765682616733E+01
    0.291918628772627358E+02   -0.636848766143477629E+01
    0.291918628772627358E+02   -0.636848766143477629E+01
    0.291917952827153790E+02   -0.636572780060387977E+01
    0.291915103859508349E+02   -0.635415696226645821E+01
    0.291915103859508349E+02   -0.635415696226645821E+01
    0.291258364319404706E+02   -0.633506160588501999E+01
    0.291267006820004575E+02   -0.630107056173655078E+01
    0.291899866929273131E+02   -0.629395816940249642E+01
    0.291896126055567287E+02   -0.627961255977296506E+01
    0.291896126055567287E+02   -0.627961255977296506E+01
    0.291894310794830503E+02   -0.627271300479215910E+01
    0.291894031463584582E+02   -0.627165488222990497E+01
    0.291276126284182908E+02   -0.626619386347317953E+01
    0.291276126284182908E+02   -0.626619386347317953E+01
    0.291892466040938103E+02   -0.626574262712372665E+01
    0.291892466040938103E+02   -0.626574262712372665E+01
    0.291288069859747658E+02   -0.622205450535165383E+01
    0.291288069859747658E+02   -0.622205450535165383E+01
    0.291879877787504256E+02   -0.621928880566063746E+01
    0.291879723358325691E+02   -0.621873095338389792E+01
    0.291876007042679859E+02   -0.620539426067876665E+01
    0.291876007042679859E+02   -0.620539426067876665E+01
    0.291873440713824266E+02   -0.619628307894978914E+01
    0.291296332001140073E+02   -0.619254105380670161E+01
    0.291296332001140073E+02   -0.619254105380670161E+01
    0.291870820984958748E+02   -0.618706536958033482E+01
    0.291298381467078507E+02   -0.618534928952239316E+01
    0.291298381467078507E+02   -0.618534928952239316E+01
    0.291300364220602361E+02   -0.617844050135782918E+01
    0.291306532512807053E+02   -0.615725482005238245E+01
    0.291860934425153822E+02   -0.615303466736295146E+01
    0.291860934425153822E+02   -0.615303466736295146E+01
    0.291311383244693332E+02   -0.614092120935119201E+01
    0.291313807328145984E+02   -0.613286653107003321E+01
    0.291854650389589558E+02   -0.613202550194777363E+01
    0.291850351799756673E+02   -0.611793229953867268E+01
    0.291319924229333722E+02   -0.611286085035211801E+01
    0.291321211339886297E+02   -0.610870954002306021E+01
    0.291844971574924905E+02   -0.610061123862970156E+01
    0.291324885380840968E+02   -0.609697110878943960E+01
    0.291839204203010247E+02   -0.608243684466445966E+01
    0.291839111073469439E+02   -0.608214670740820473E+01
    0.291838270077334059E+02   -0.607953145731461220E+01
    0.291838074987847769E+02   -0.607892602221679201E+01
    0.291838074987847769E+02   -0.607892602221679201E+01
    0.291334097594101209E+02   -0.606826414158192762E+01
    0.291337581306120867E+02   -0.605767863793300698E+01
    0.291830658850126028E+02   -0.605625607110176567E+01
    0.291830658850126028E+02   -0.605625607110176567E+01
    0.291338309197066465E+02   -0.605548563138206042E+01
    0.291339003453168459E+02   -0.605339999664442985E+01
    0.291339003453168459E+02   -0.605339999664442985E+01
    0.291340442676888500E+02   -0.604909515482059756E+01
    0.291343434018832639E+02   -0.604022881716192916E+01
    0.291354488640706712E+02   -0.600841216464313899E+01
    0.291354603629677342E+02   -0.600808906325580239E+01
    0.291812397719788166E+02   -0.600330126149650134E+01
    0.291358628603366761E+02   -0.599688137325870674E+01
    0.291801222035952001E+02   -0.597290445912631185E+01
    0.291800000484417126E+02   -0.596967453527513303E+01
    0.291797280567529320E+02   -0.596254829841527823E+01
    0.291795182725202764E+02   -0.595711369706840621E+01
    0.291795182725202764E+02   -0.595711369706840621E+01
    0.291375124917441539E+02   -0.595301631645063800E+01
    0.291376806462772358E+02   -0.594873181714085497E+01
    0.291382104680828036E+02   -0.593545827988765318E+01
    0.291386966701782377E+02   -0.592357953835452378E+01
    0.291386966701782377E+02   -0.592357953835452378E+01
    0.291779203987297429E+02   -0.591748550868188339E+01
    0.291777817059922242E+02   -0.591419309017381511E+01
    0.291394013360408621E+02   -0.590687637238788099E+01
    0.291395013912267693E+02   -0.590455392052427896E+01
    0.291395864583823538E+02   -0.590258899376270918E+01
    0.291397390140140935E+02   -0.589908734355524977E+01
    0.291398577462307813E+02   -0.589638174291957107E+01
    0.291398577462307813E+02   -0.589638174291957107E+01
    0.291404727956966028E+02   -0.588264225952038089E+01
    0.291759190217835709E+02   -0.587225398278589594E+01
    0.291759190217835709E+02   -0.587225398278589594E+01
    0.291412263890565271E+02   -0.586643840582551945E+01
    0.291415315830372776E+02   -0.586007363486222488E+01
    0.291751756314400623E+02   -0.585670061160667021E+01
    0.291751756314400623E+02   -0.585670061160667021E+01
    0.291418179209961536E+02   -0.585420565101086954E+01
    0.291748967190024331E+02   -0.585103945977104178E+01
    0.291745001337181620E+02   -0.584315364806696103E+01
    0.291743630323829031E+02   -0.584047221845836617E+01
    0.291742567255146241E+02   -0.583840888646656708E+01
    0.291427042676116912E+02   -0.583667699534568207E+01
    0.291428099655202288E+02   -0.583465078536282000E+01
    0.291740350691353889E+02   -0.583415115352255853E+01
    0.291738640155464033E+02   -0.583090650139454425E+01
    0.291738557533547045E+02   -0.583075068467036406E+01
    0.291737290291841305E+02   -0.582837125038572346E+01
    0.291734930992691446E+02   -0.582399362321460501E+01
    0.291734216256584276E+02   -0.582268087817380042E+01
    0.291434959638605022E+02   -0.582183234099496616E+01
    0.291435098621593056E+02   -0.582157858657406990E+01
    0.291435624618287719E+02   -0.582062036286153628E+01
    0.291730632932907099E+02   -0.581619359634055044E+01
    0.291730279169276336E+02   -0.581556165419461291E+01
    0.291727014768534794E+02   -0.580980253076719411E+01
    0.291441733291607719E+02   -0.580973978307228478E+01
    0.291442607355898851E+02   -0.580822023920240671E+01
    0.291443209456493690E+02   -0.580717893256202977E+01
    0.291443498071427598E+02   -0.580668135725797363E+01
    0.291447140420067505E+02   -0.580048943986025201E+01
    0.291447944406611654E+02   -0.579914453355229753E+01
    0.291448203754942590E+02   -0.579871238235478614E+01
    0.291719963221864411E+02   -0.579780675653873612E+01
    0.291718308988321198E+02   -0.579508069049247965E+01
    0.291450594568960284E+02   -0.579476731237243037E+01
    0.291714267695203233E+02   -0.578856162446733080E+01
    0.291713989963531404E+02   -0.578812094487720330E+01
    0.291455059258066242E+02   -0.578758726923376088E+01
    0.291455555885699482E+02   -0.578680366345606956E+01
    0.291456357518520228E+02   -0.578554516650049777E+01
    0.291457162254626638E+02   -0.578428970047485436E+01
    0.291458087463248106E+02   -0.578285607058030138E+01
    0.291464238953308765E+02   -0.577359034017324824E+01
    0.291704281298604826E+02   -0.577330883382961879E+01
    0.291680714570501500E+02   -0.574214813755791642E+01
    0.291689735881817711E+02   -0.575327421490817770E+01
    0.291584483639137062E+02   -0.568538538296526053E+01
    0.291703832024058087E+02   -0.577265129393459020E+01
    0.291594056645155035E+02   -0.568596056633506741E+01
    0.291506635384169570E+02   -0.572231337125867867E+01
    0.291563619671109961E+02   -0.568801403385498183E+01
    0.291541747854958437E+02   -0.569648392907977374E+01
    0.291695766742882299E+02   -0.576126709969102802E+01
    0.291514688464368845E+02   -0.571505717979363759E+01
    0.291478335872394467E+02   -0.575410175903255272E+01
    0.291568636865903557E+02   -0.568689586226755228E+01
    0.291539075789853754E+02   -0.569791962568393373E+01
    0.291465267262463570E+02   -0.577208657707126793E+01
    0.291504998296538673E+02   -0.572388544276270128E+01
    0.291548038520412547E+02   -0.569344864765673986E+01
    0.291494637707188389E+02   -0.573459448230597513E+01
    0.291497109420299765E+02   -0.573192043413739682E+01
    0.291540410469801543E+02   -0.569719159180326784E+01
    0.291492028311073916E+02   -0.573749853973347079E+01
    0.291570638789536218E+02   -0.568653560189945395E+01
    0.291583553108211007E+02   -0.568538922475558550E+01
    0.291590888092435421E+02   -0.568564612877941400E+01
    0.291616525534854887E+02   -0.569171191222850048E+01
    0.291603261286035966E+02   -0.568757026873725025E+01
    0.291569177745274892E+02   -0.568679369606685015E+01
    0.291548221102700538E+02   -0.569336777612485712E+01
    0.291585017275178515E+02   -0.568538795640388805E+01
    0.291669437570023717E+02   -0.572963948087924990E+01
    0.291492237791305371E+02   -0.573726233090023996E+01
    0.291642509976295727E+02   -0.570606012142143548E+01
    0.291670836296037024E+02   -0.573110650448574432E+01
    0.291579514234923636E+02   -0.568552860074711930E+01
    0.291637913758898577E+02   -0.570292118197377640E+01
    0.291661328692058639E+02   -0.572160597901082291E+01
    0.291640307945631392E+02   -0.570452403683487219E+01
    0.291513222612985814E+02   -0.571631894803081941E+01
    0.291698497007463899E+02   -0.576503183697946398E+01
    0.291513309024319192E+02   -0.571624383860002983E+01
    0.291602845793442427E+02   -0.568747528249811829E+01
    0.291665117749739800E+02   -0.572525975082052785E+01
    0.291658566163118493E+02   -0.571905273077521770E+01
    0.291524275854232719E+02   -0.570745244340846902E+01
    0.291580316407525721E+02   -0.568548504604188576E+01
    0.291647804863980511E+02   -0.570999638412313271E+01
    0.291524257067511385E+02   -0.570746624610864739E+01
    0.291540307385481654E+02   -0.569724704552320382E+01
    0.291464663040956751E+02   -0.577296860280953084E+01
    0.291611361859188740E+02   -0.568984388410594644E+01
    0.291506978802226584E+02   -0.572198774986712344E+01
    0.291613452220527094E+02   -0.569056082538761032E+01
    0.291643946733750994E+02   -0.570709433076769201E+01
    0.291539826919223017E+02   -0.569750722412057087E+01
    0.291645813216743477E+02   -0.570847555783412020E+01
    0.291594531552134626E+02   -0.568601827273199056E+01
    0.291636003063753577E+02   -0.570169229877391359E+01
    0.291662221099730559E+02   -0.572245072070610394E+01
    0.291591820883607227E+02   -0.568572594662521347E+01
    0.291469319827290221E+02   -0.576628612766857085E+01
    0.291502983944080647E+02   -0.572586476213323081E+01
    0.291664197356737418E+02   -0.572435607861573903E+01
    0.291597703598166440E+02   -0.568647443288886656E+01
    0.291541032596612695E+02   -0.569685967985176944E+01
    0.291559961573431039E+02   -0.568902331598854083E+01
    0.291656281968322801E+02   -0.571701205317657379E+01
    0.291663925190767834E+02   -0.572409084134607493E+01
    0.291636858454418544E+02   -0.570223693349721117E+01
    0.291643547711959101E+02   -0.570680457474305669E+01
    0.291675702135715440E+02   -0.573639628686905745E+01
    0.291689697211850003E+02   -0.575322439928717344E+01
    0.291624120098845694E+02   -0.569505169520614718E+01
    0.291549128970902842E+02   -0.569297170446800749E+01
    0.291617410007955122E+02   -0.569206458535292192E+01
    0.291480464766734784E+02   -0.575136980041054890E+01
    0.291667883478187697E+02   -0.572803755933869407E+01
    0.291570630160563482E+02   -0.568653704959308559E+01
    0.291579982843376158E+02   -0.568550220162275011E+01
    0.291628795268649235E+02   -0.569745833073338215E+01
    0.291557966656449921E+02   -0.568964266345124514E+01
    0.291513344879916190E+02   -0.571621269942566634E+01
    0.291494410362802157E+02   -0.573484418844765464E+01
    0.291638354516313001E+02   -0.570321099569693324E+01
    0.291674106579343722E+02   -0.573462981622223289E+01
    0.291625853251171776E+02   -0.569591269733688677E+01
    0.291518710480318504E+02   -0.571173006605305833E+01
    0.291494837154726412E+02   -0.573437593735612072E+01
    0.291593206244687408E+02   -0.568586412344494363E+01
    0.291583812664025359E+02   -0.568538708846851648E+01
    0.291521104475621122E+02   -0.570984359379035666E+01
    0.291676842593454921E+02   -0.573767798495112125E+01
    0.291533491382509560E+02   -0.570120199376595238E+01
    0.291624618035082364E+02   -0.569529530178977872E+01
    0.291683934729534684E+02   -0.574600539081768069E+01
    0.291474089829421246E+02   -0.575971608279434655E+01
    0.291653752337889003E+02   -0.571482655001907691E+01
    0.291491187029662129E+02   -0.573845256850806429E+01
    0.291527894991167145E+02   -0.570487393511091945E+01
