    0.307598042238059541E-93    0.428973984409329660E+03    0.293110943161550459E+02
    0.215142828851131670E-90    0.415853457341711533E+03    0.302420458336260367E+02
    0.132844770779657404E-89    0.412192528792144628E+03    0.293204023523305040E+02
    0.426518677393592374E-85    0.391418898350935081E+03    0.302282091244170417E+02
    0.185474041383068946E-83    0.383854040428160999E+03    0.302238378474205156E+02
    0.461633280307439979E-83    0.382010328674770392E+03    0.293376356758832557E+02
    0.107923874624735096E-79    0.366476337323438258E+03    0.302136293931706170E+02
    0.160887283002830361E-79    0.365657781523000210E+03    0.302131426000869396E+02
    0.356533987738836147E-79    0.364046330406275729E+03    0.293482189381651111E+02
    0.265601996638285862E-76    0.350799681123408277E+03    0.302042093947458596E+02
    0.103588334088706784E-75    0.348057659371167972E+03    0.293578614656949703E+02
    0.714333413073253775E-75    0.344175809170627304E+03    0.302001656581928692E+02
    0.866160630106706157E-73    0.334560027682571217E+03    0.301942251463181464E+02
    0.125040672496836851E-71    0.329200549934837909E+03    0.301908768337807096E+02
    0.240998309192381798E-71    0.327868248228209154E+03    0.301900402382865991E+02
    0.445158723257498883E-69    0.317410625891470431E+03    0.301834132776954860E+02
    0.309286133560614522E-68    0.313513783811571273E+03    0.301809158344556110E+02
    0.424030983086033057E-68    0.312862704453821777E+03    0.293799045636521825E+02
    0.310909420333400308E-64    0.295042633528006945E+03    0.301688596213689344E+02
    0.647482390888444442E-64    0.293555453566296478E+03    0.293925289865233133E+02
    0.384167073623163567E-63    0.289974311484588213E+03    0.301654855472492684E+02
    0.181651198700014481E-61    0.282241949488462694E+03    0.301602802715763509E+02
    0.174785355879206777E-60    0.277693838651119222E+03    0.301571850029648232E+02
    0.493901749839790971E-60    0.275596282796787136E+03    0.301557488916495195E+02
    0.151837590156703228E-56    0.259514652346126979E+03    0.301445504369863784E+02
    0.369912671426568346E-56    0.257713741364503392E+03    0.301432748663592776E+02
    0.751362614167174412E-56    0.256276498519719837E+03    0.301422536545258168E+02
    0.809035026962848604E-55    0.251503420662257611E+03    0.294215602585779124E+02
    0.270477304840083196E-48    0.221438537397835375E+03    0.301165529456177481E+02
    0.358401153253590087E-46    0.211645267616082350E+03    0.294514349411750587E+02
    0.430781106072876653E-46    0.211257373240738673E+03    0.294517390278354867E+02
    0.426050706396088106E-44    0.202049116305294746E+03    0.301013593080869626E+02
    0.119473717331658985E-42    0.195361699852819470E+03    0.294644521101081480E+02
    0.238206469341904820E-38    0.175540936294259126E+03    0.294810603362092181E+02
    0.245456808792596052E-38    0.175460969925618912E+03    0.300792723996868716E+02
    0.513590818751530874E-38    0.173964358174028973E+03    0.300779804584786028E+02
    0.652059330965508774E-38    0.173466940813535899E+03    0.294828517863226303E+02
    0.708144863783066183E-38    0.173281914560681599E+03    0.300773894786834717E+02
    0.301452865098576693E-37    0.170364814401385729E+03    0.300748499781213496E+02
    0.606573788147101747E-36    0.164341218787516624E+03    0.300695355735926668E+02
    0.827157864015302751E-36    0.163700880425217889E+03    0.294914367347906285E+02
    0.153617535027750059E-35    0.162442769418902088E+03    0.294925613190938378E+02
    0.211974099608409789E-35    0.161778773176871454E+03    0.294931566199009012E+02
    0.302267449604298244E-35    0.161049076927604546E+03    0.300665893586742001E+02
    0.151681598203892793E-34    0.157802964031717408E+03    0.294967472553253174E+02
    0.286745200450370184E-34    0.156509343145743287E+03    0.300624762101887946E+02
    0.161734024315391377E-33    0.153029454674501892E+03    0.295011193335169608E+02
    0.254344488618373322E-33    0.152103981790916663E+03    0.300584266800548825E+02
    0.336336089430515743E-33    0.151525139143610062E+03    0.295025114069387548E+02
    0.442913676107422962E-33    0.150954611218001133E+03    0.300573604148067304E+02
    0.949699539623244466E-33    0.149409069675018088E+03    0.295044814858973581E+02
    0.160551927045569774E-32    0.148338955963529656E+03    0.295054831498320560E+02
    0.519237335886629014E-32    0.145971468663571528E+03    0.295077122848553728E+02
    0.281378439501501135E-31    0.142571619577903078E+03    0.300494558788790371E+02
    0.174889140202269974E-29    0.134292375674785035E+03    0.300414144992828369E+02
    0.961132762659797546E-29    0.130864455152125174E+03    0.300380116512246644E+02
    0.759464228641737123E-28    0.126710283621326610E+03    0.295265749269089923E+02
    0.146445193818978196E-27    0.125377037370390369E+03    0.295279327732526973E+02
    0.632235548634061084E-27    0.122431815823576613E+03    0.295309585566574491E+02
    0.152816765631215544E-26    0.120646690507217230E+03    0.300275910856579991E+02
    0.523448557543672433E-25    0.113559121989910722E+03    0.295403045036068761E+02
    0.545434755871942142E-25    0.113456833120386094E+03    0.295404143723103729E+02
    0.948626329021770439E-25    0.112329969570648259E+03    0.295416280879640141E+02
    0.233260032152488744E-24    0.110510521623897247E+03    0.295436009101433221E+02
    0.471026436039175735E-24    0.109085000882276361E+03    0.295451581671199222E+02
    0.487997866534068616E-24    0.108994207254128099E+03    0.300151439084817220E+02
    0.491090963892752926E-24    0.108961570575809958E+03    0.300151081197721616E+02
    0.207508437564412751E-23    0.106059315132504224E+03    0.295484981448849666E+02
    0.270955012608732550E-23    0.105505753532183348E+03    0.295491144313135479E+02
    0.566999404979730508E-22    0.994037724415087780E+02    0.295560200770694053E+02
    0.158210661179287077E-21    0.973314638769846709E+02    0.295584142256898659E+02
    0.471882064952503710E-21    0.951258605801861989E+02    0.299994105156638824E+02
    0.124079402707470310E-20    0.931723051679758498E+02    0.295632990518910113E+02
    0.187546985293037328E-20    0.923260897736540471E+02    0.295643064410511514E+02
    0.140880163472790869E-19    0.882731591430493268E+02    0.299912036285962706E+02
    0.513157315884413733E-19    0.856678134785525884E+02    0.295724032014877594E+02
    0.194397361608373788E-18    0.829839995662522085E+02    0.299846441147224390E+02
    0.432400581485718179E-18    0.813651033450724412E+02    0.299825939020884746E+02
    0.117454578147754730E-17    0.793465346404020124E+02    0.295803935421395714E+02
    0.245323197679713554E-17    0.778534849893821672E+02    0.299780736950279802E+02
    0.280093239678179240E-17    0.775683929270096542E+02    0.299777021799586940E+02
    0.341782967036266906E-17    0.771502861475656516E+02    0.299771560604950693E+02
    0.416985912650906836E-17    0.767325331429529598E+02    0.295837927228073774E+02
    0.604122199073520607E-17    0.759710850325487712E+02    0.299756075983471248E+02
    0.140487312961680217E-16    0.742632334632147888E+02    0.299733429325450658E+02
    0.405841932137999349E-16    0.721215403260299439E+02    0.299704648860227465E+02
    0.729259758932275049E-16    0.709294078525828127E+02    0.295915577548049065E+02
    0.150788773778958916E-15    0.694565376314774028E+02    0.295935799702296514E+02
    0.541597375014369145E-15    0.668792518984846538E+02    0.295971722677992481E+02
    0.157695495669684514E-14    0.647217956004045902E+02    0.299601670870177657E+02
    0.335613617715559796E-14    0.631912063602387519E+02    0.299579626112959758E+02
    0.413054370951099182E-14    0.627559689960453397E+02    0.299573307380215397E+02
    0.431395389515326375E-14    0.626490773689489231E+02    0.299571752087462997E+02
    0.117868766087833652E-13    0.606188135686975897E+02    0.299541947423187658E+02
    0.162675100170780686E-13    0.599544473539268736E+02    0.299532082902459322E+02
    0.189130048351908801E-13    0.596330875463240773E+02    0.296076724986077195E+02
    0.208498982975883893E-13    0.594180889494065454E+02    0.296079938273669576E+02
    0.549857212200147278E-13    0.574586400155546997E+02    0.296109504590416570E+02
    0.107635643663850589E-12    0.560952833828665831E+02    0.296130384895994538E+02
    0.129912449922395448E-12    0.556990655673600159E+02    0.296136502209137014E+02
    0.241980352943625198E-12    0.544350740168902689E+02    0.296156169271605307E+02
    0.241342165804429326E-12    0.544203556868752898E+02    0.299447616427875438E+02
    0.379709489470579198E-12    0.534939741723513436E+02    0.296170966310073212E+02
    0.629224687508862706E-12    0.524638102767246792E+02    0.296187319164067020E+02
    0.909256384592750993E-12    0.517075328789140514E+02    0.299404585544588002E+02
    0.152426218464880199E-11    0.506542555730033115E+02    0.299387563725164121E+02
    0.221382213627978861E-11    0.498878355419963668E+02    0.296228954112397851E+02
    0.476075940383238479E-11    0.483364621440037965E+02    0.296254569022733563E+02
    0.149795226106046932E-10    0.460239083140204741E+02    0.299310456990607072E+02
    0.153707704623718672E-10    0.459523411643418456E+02    0.296294781828190636E+02
    0.178548501067135207E-10    0.456327261603216243E+02    0.299303761490145206E+02
    0.337517780533979451E-10    0.443392103342921260E+02    0.299281405832733221E+02
    0.338697131021543281E-10    0.443122341398122046E+02    0.296323080083982582E+02
    0.423395531904400280E-10    0.438458331067683389E+02    0.299272789341952077E+02
    0.660475138137275018E-10    0.429365277537074803E+02    0.296347240837449846E+02
    0.702914115608989505E-10    0.427919772863907184E+02    0.299254213261032191E+02
    0.164486406579373921E-09    0.410716206682508016E+02    0.299223367376189167E+02
    0.203023485095940546E-09    0.406306332073251113E+02    0.296388663990507446E+02
    0.343305083829624065E-09    0.395600375141561074E+02    0.296408314643674231E+02
    0.414382869106841792E-09    0.391636958301552767E+02    0.299188356003408487E+02
    0.411349940653311045E-09    0.391583879535971846E+02    0.296415758725782368E+02
    0.448555657909622932E-09    0.389652109888758247E+02    0.296419353297351336E+02
    0.732226398857375357E-09    0.379650970238847947E+02    0.296438114555831120E+02
    0.755929836005712848E-09    0.378813794075686587E+02    0.299164319349760319E+02
    0.115480990215765000E-08    0.370138944872140954E+02    0.296456200925243678E+02
    0.131752274521327274E-08    0.367302594439101000E+02    0.299142374835541247E+02
    0.141299609231404948E-08    0.365703412979684330E+02    0.296464718365012985E+02
    0.164724469422946215E-08    0.362435579546772288E+02    0.296471028373596965E+02
    0.245248001710443015E-08    0.354275664454077415E+02    0.299117099183904713E+02
    0.371171967191043903E-08    0.345787753890137282E+02    0.299100365694703925E+02
    0.375148121334335006E-08    0.345374644698785929E+02    0.299099545763562276E+02
    0.392879502622670428E-08    0.344251004347880851E+02    0.296506703135427401E+02
    0.894837136512489679E-08    0.327588228836147408E+02    0.299063738397918826E+02
    0.107397496049453027E-07    0.323738624252007483E+02    0.299055853821529638E+02
    0.117973509447738232E-07    0.321660159541908754E+02    0.296552439966010049E+02
    0.130054209756363743E-07    0.319510334369810884E+02    0.299047136104820304E+02
    0.150560551021247312E-07    0.316382054890207876E+02    0.296563369237527610E+02
    0.162293717103202861E-07    0.314681206360131789E+02    0.296566911756252054E+02
    0.182279382351912044E-07    0.312158550044406198E+02    0.299031831370580861E+02
    0.206600831531948365E-07    0.309453589972699916E+02    0.299026152110222512E+02
    0.220140143586369384E-07    0.307984074406143549E+02    0.296580960411352024E+02
    0.235933712945907177E-07    0.306398343838562468E+02    0.299019705544291412E+02
    0.237419481113583943E-07    0.306072790821010656E+02    0.299019016614612809E+02
    0.324135892902802487E-07    0.299646104595073091E+02    0.296598680265936139E+02
    0.428799932160344151E-07    0.293849552572080626E+02    0.298992861636416691E+02
    0.902227896526714327E-07    0.278772018701979505E+02    0.296644230628205854E+02
    0.131831846819301283E-06    0.270987115287786366E+02    0.296661684178002965E+02
    0.147409371521001326E-06    0.268553388611686294E+02    0.296667195605358955E+02
    0.198476173013914080E-06    0.262404278588606914E+02    0.298922774446357664E+02
    0.251146165044561484E-06    0.257496957733212319E+02    0.296692578726490765E+02
    0.382008077759136844E-06    0.248908824656181551E+02    0.298891312836541942E+02
    0.474139097630859011E-06    0.244387645071907507E+02    0.298880567515903905E+02
    0.507441476653971378E-06    0.242830031996599196E+02    0.296727175378374213E+02
    0.799193209778081969E-06    0.233545605122676498E+02    0.296749663392859446E+02
    0.906547494887893013E-06    0.230824791292745459E+02    0.298847670931236813E+02
    0.104635994148902632E-05    0.227756205788087911E+02    0.296763932593329365E+02
    0.138600273242308524E-05    0.221934076719305473E+02    0.296778483063877125E+02
    0.204265727241591896E-05    0.213977523268595249E+02    0.296798709000727712E+02
    0.203971223957458540E-05    0.213806379386039396E+02    0.296799148538125621E+02
    0.248360332397510487E-05    0.209668344985976169E+02    0.298794180849263569E+02
    0.259221021089362136E-05    0.208612336661857221E+02    0.296812580931605297E+02
    0.282753441628081211E-05    0.206674452145192191E+02    0.298786376619470317E+02
    0.300411951718140918E-05    0.205262863781067360E+02    0.298782675464519514E+02
    0.344919593018181753E-05    0.202299731360239541E+02    0.298774860392984678E+02
    0.107639025049496664E-04    0.179338590657276207E+02    0.298712029691234555E+02
    0.124799913712591227E-04    0.176180020732814810E+02    0.298703043865909734E+02
    0.132769701922720996E-04    0.174741934766600266E+02    0.296905093267391003E+02
    0.151091633265042110E-04    0.171956526111903685E+02    0.296913129591691884E+02
    0.160656824426382408E-04    0.170528844728423508E+02    0.296917276963655858E+02
    0.162751410904708317E-04    0.170069777019317101E+02    0.296918614678733874E+02
    0.190311086687526441E-04    0.166741055391322064E+02    0.298675640307518115E+02
    0.211526780309977515E-04    0.164427223796975248E+02    0.296935225598957970E+02
    0.297044562330900327E-04    0.157436612642090736E+02    0.298647758722281189E+02
    0.407736180399757280E-04    0.150901849051602763E+02    0.296976402054835233E+02
    0.468063677888728557E-04    0.147942169012874274E+02    0.298618326700812489E+02
    0.490929544309055214E-04    0.146788243559019875E+02    0.296989339113927002E+02
    0.824556317385780578E-04    0.136217347132170268E+02    0.298580446576695877E+02
    0.918326026028756369E-04    0.133863206508410979E+02    0.298572616472778911E+02
    0.102985850873830070E-03    0.131370721990795509E+02    0.298564238563550077E+02
    0.107188686774629832E-03    0.130370739978548116E+02    0.298560851357620152E+02
    0.106482359876957906E-03    0.130302967434078312E+02    0.298560621246691760E+02
    0.116902990381444010E-03    0.128235665186916776E+02    0.298553568198015569E+02
    0.120641447806795225E-03    0.127406096058752372E+02    0.297053296830086211E+02
    0.142378959730490905E-03    0.123892709496336089E+02    0.297065484778809079E+02
    0.144400408864602372E-03    0.123410753004984741E+02    0.297067172454255015E+02
    0.143838447063490802E-03    0.123288738675768315E+02    0.297067600329165700E+02
    0.150205861820730600E-03    0.122222418856771640E+02    0.298532665773957149E+02
    0.256417726160463948E-03    0.111326397014565099E+02    0.297110834171036622E+02
    0.271833863121596518E-03    0.109958732516800666E+02    0.297115950664329880E+02
    0.300791206002891138E-03    0.107734227037813390E+02    0.297124355148663355E+02
    0.356900295850304001E-03    0.104113424974719209E+02    0.298465753520256456E+02
    0.369135624074789928E-03    0.103239271734914109E+02    0.297141664069232476E+02
    0.371356810974764542E-03    0.102919287062191263E+02    0.297142913579268360E+02
    0.375479307019834321E-03    0.102498486925878911E+02    0.298459455714476150E+02
    0.381812145039855055E-03    0.101963979748761435E+02    0.297146658137566888E+02
    0.383424875670719198E-03    0.101679679957983886E+02    0.298456239435942408E+02
    0.411854094448586448E-03    0.100049171224738291E+02    0.297154228865142400E+02
    0.417836482262901477E-03    0.995607508589037593E+01    0.298447841917260988E+02
    0.425347955661201289E-03    0.990044031003354164E+01    0.298445618897512333E+02
    0.433688480706929285E-03    0.984160243639483667E+01    0.297160756587982178E+02
    0.429950172336776863E-03    0.983891676897927425E+01    0.297160864490136447E+02
    0.473018068742066743E-03    0.962798824022719124E+01    0.298434619638197063E+02
    0.500030826264678363E-03    0.949691591825031267E+01    0.298429259358995367E+02
    0.515228541967011045E-03    0.941703427027989193E+01    0.298425969968802463E+02
    0.551316762345480300E-03    0.926163635583546530E+01    0.297184495342595021E+02
    0.605027877721103758E-03    0.905570634465833280E+01    0.297193146943620228E+02
    0.647607303798831383E-03    0.889968641636000868E+01    0.297199784454788798E+02
    0.641472267938911645E-03    0.889872351016019714E+01    0.298404190446992352E+02
    0.659791348917189479E-03    0.882240812228441129E+01    0.297203099323877851E+02
    0.730362007261071977E-03    0.859917479318830047E+01    0.297212779699212106E+02
    0.764830573868823319E-03    0.848694674189038700E+01    0.298386309115436319E+02
    0.843775287343635381E-03    0.827048299250714969E+01    0.298376686142712195E+02
    0.986445832813209094E-03    0.793803858534399875E+01    0.298361585063266617E+02
    0.992901466421079737E-03    0.790499255446138349E+01    0.298360061639510761E+02
    0.101102219971543200E-02    0.784882106244275057E+01    0.297246553549886237E+02
    0.101551310785390832E-02    0.781995683891173421E+01    0.297247893860310199E+02
    0.102931577812212689E-02    0.777295628155662754E+01    0.298353932797050270E+02
    0.116083079879155662E-02    0.751247294914817321E+01    0.298341637634176742E+02
    0.120598119895933996E-02    0.741615784119321741E+01    0.297266996210772092E+02
    0.119656593637464722E-02    0.741183338927305169E+01    0.298336811615104587E+02
    0.119445989462174142E-02    0.739535663401637322E+01    0.298336017342240432E+02
    0.121608568967451845E-02    0.733947035930122471E+01    0.297270701629915344E+02
    0.125292176903166880E-02    0.725978838032034535E+01    0.298329436779022217E+02
    0.128198510006404323E-02    0.719392538635627243E+01    0.298326209935154338E+02
    0.144848789501480558E-02    0.692970449582503534E+01    0.297290955983077119E+02
    0.167208752146140449E-02    0.662259914105987857E+01    0.298297337507799796E+02
    0.168347896286307743E-02    0.658901993145008635E+01    0.297308428084630947E+02
    0.180074961654465640E-02    0.643433879469768844E+01    0.298287447609645824E+02
    0.179696369902806476E-02    0.641854804494301767E+01    0.298286608898084893E+02
    0.181933907684244485E-02    0.637379827730091542E+01    0.297319791964086733E+02
    0.201330694803120679E-02    0.615118762256780904E+01    0.298272181227197066E+02
    0.205793062008591049E-02    0.608734300930175820E+01    0.297335346108726135E+02
    0.210801223982076073E-02    0.601925398433058145E+01    0.297339120128172780E+02
    0.212465117483759923E-02    0.598352958661988410E+01    0.297341112610553537E+02
    0.220576264549864932E-02    0.588859821824092222E+01    0.297346449630754677E+02
    0.237944175302411782E-02    0.571701305315313402E+01    0.297356258209788891E+02
    0.245672297626102357E-02    0.563308818157244229E+01    0.298242880897309632E+02
    0.244308212570512086E-02    0.562422404147949528E+01    0.298242362636575500E+02
    0.243460428763380777E-02    0.561117639215558928E+01    0.298241598666493708E+02
    0.248641239604762906E-02    0.554906312494996179E+01    0.298237943433797312E+02
    0.249424751816645267E-02    0.552277068281023631E+01    0.297367629179180923E+02
    0.250813773429755865E-02    0.549166377989983445E+01    0.297369477949611500E+02
    0.248846737763506673E-02    0.548741083842422661E+01    0.298234284765325697E+02
    0.251818755939911803E-02    0.544366601779206061E+01    0.297372346197839228E+02
    0.249415957358578013E-02    0.544284120197923915E+01    0.298231620439070682E+02
    0.255236664518593412E-02    0.537670280857479099E+01    0.298227636018642563E+02
    0.292681965542399176E-02    0.508291207503718301E+01    0.298209466315207301E+02
    0.299819515095708922E-02    0.501472387583478607E+01    0.298205132086669593E+02
    0.297428546339491458E-02    0.501073719883186008E+01    0.298204877239765445E+02
    0.304759958119838652E-02    0.494203634199514585E+01    0.297403556137393004E+02
    0.303417399157584469E-02    0.493086640531143505E+01    0.298199737122114890E+02
    0.325738963768472693E-02    0.476889255840663395E+01    0.297414912365552802E+02
    0.326852203300653354E-02    0.474206904826302988E+01    0.298187314474571927E+02
    0.330111715173036580E-02    0.470222297436590164E+01    0.298184641109673727E+02
    0.332136400078174169E-02    0.466999377405981253E+01    0.298182465036756170E+02
    0.344148697276446328E-02    0.457893758336302081E+01    0.297427767417503119E+02
    0.350499026832270860E-02    0.452236937044844023E+01    0.297431681847054534E+02
    0.348596992605151477E-02    0.451325221839698010E+01    0.297432316617705794E+02
    0.358721787025954560E-02    0.443599098727448204E+01    0.298166275854163985E+02
    0.358281871085004916E-02    0.441844517835802097E+01    0.297438983218764115E+02
    0.355059399262837262E-02    0.441651503567280734E+01    0.297439120213774864E+02
    0.352664081295663489E-02    0.441005324475726912E+01    0.297439579226747028E+02
    0.351256157424192136E-02    0.439805372930927518E+01    0.298163582936140585E+02
    0.361063749073702337E-02    0.432297616441541876E+01    0.298158193661352229E+02
    0.363790629398857892E-02    0.428792821398435464E+01    0.297448366388554959E+02
    0.362768463872753391E-02    0.427355564999028648E+01    0.298154601165376150E+02
    0.362036530938610653E-02    0.425759498850579021E+01    0.297450582992433219E+02
    0.372247610280825513E-02    0.418196672660140312E+01    0.297456171399261713E+02
    0.386979543103582735E-02    0.408434156749410793E+01    0.298140494475367746E+02
    0.411566630503791293E-02    0.394114337428606065E+01    0.297474601439934574E+02
    0.409247788405540588E-02    0.393244360592763087E+01    0.297475286683042057E+02
    0.422986053985296290E-02    0.384640681196269574E+01    0.297482142464945341E+02
    0.419422485216678926E-02    0.384332777066318521E+01    0.297482390541749346E+02
    0.419698924409191848E-02    0.382201001521401773E+01    0.297484113412601978E+02
    0.418913782257147264E-02    0.380575497340606717E+01    0.298118582671004724E+02
    0.434613942470747985E-02    0.371216893343536425E+01    0.298110873187426009E+02
    0.435707247981122377E-02    0.368714409388202080E+01    0.297495237245452984E+02
    0.439588691862512464E-02    0.364940623336254832E+01    0.297498422864026679E+02
    0.453923406488027700E-02    0.356522827909971252E+01    0.298098364043516320E+02
    0.451446171405767236E-02    0.355617294225062697E+01    0.298097575839720150E+02
    0.450888213443603574E-02    0.353864634032851200E+01    0.298096044269205080E+02
    0.448586510888011186E-02    0.352888212580346394E+01    0.298095187548342082E+02
    0.452622768155343334E-02    0.349096715599968332E+01    0.298091836847290068E+02
    0.453964800194905840E-02    0.346504590551405789E+01    0.297514492486472868E+02
    0.449531267584085681E-02    0.346467440575963037E+01    0.297514525774804568E+02
    0.446053647241981873E-02    0.346020677019988154E+01    0.298089089692809495E+02
    0.448034670207889726E-02    0.343134399380942456E+01    0.297517528206435209E+02
    0.444913073704389633E-02    0.342532738417493476E+01    0.298085942523062641E+02
    0.445587395404688745E-02    0.340229842752603995E+01    0.298083845357672352E+02
    0.441313161706159609E-02    0.340157574900361670E+01    0.298083779293305646E+02
    0.438272564953583188E-02    0.339540320787217942E+01    0.298083214391984512E+02
    0.438418098949946034E-02    0.337473919259885813E+01    0.297522701154577831E+02
    0.435643441134946508E-02    0.336743700394490908E+01    0.298080640619574098E+02
    0.438715551189510986E-02    0.333338271858411828E+01    0.298077474083666090E+02
    0.439072028725477452E-02    0.331175828204061151E+01    0.298075444301356853E+02
    0.435961169644412654E-02    0.330597887249582012E+01    0.298074899259140267E+02
    0.433262907434895424E-02    0.329839578982564685E+01    0.297529833632305483E+02
    0.442275303032340587E-02    0.323722013892109706E+01    0.297535686869902563E+02
    0.439613644596797276E-02    0.322929270894043174E+01    0.298067561291235137E+02
    0.436927398848433162E-02    0.322155113849384245E+01    0.298066809213743369E+02
    0.434095800004447637E-02    0.321455473620657184E+01    0.297537888408036402E+02
    0.437393948836555142E-02    0.317941668285627621E+01    0.298062677898592909E+02
    0.444170659734109078E-02    0.312866751566049306E+01    0.298057613271583612E+02
    0.443590448161295184E-02    0.311128178497354702E+01    0.298055854986698634E+02
    0.443782197062560745E-02    0.309041744052804290E+01    0.298053728683282131E+02
    0.441438111316048293E-02    0.308100956636740753E+01    0.297551252072709715E+02
    0.439526335038721745E-02    0.306968995880000151E+01    0.298051598391806607E+02
    0.445827839837691000E-02    0.302121949403095957E+01    0.298046544352530773E+02
    0.443139556278407051E-02    0.301331573857609580E+01    0.298045710285145162E+02
    0.461212960416244010E-02    0.291336545134506730E+01    0.297569110946434279E+02
    0.458739829918707823E-02    0.290411877034744981E+01    0.298033880089488434E+02
    0.456295894730681870E-02    0.289480224830791411E+01    0.298032842685886941E+02
    0.454797079249068519E-02    0.288138255076435490E+01    0.297572675951750405E+02
    0.462168342857824290E-02    0.282922682398013503E+01    0.298025404553452589E+02
    0.460175451628537253E-02    0.281786956367224573E+01    0.297579925087066144E+02
    0.462668379081872683E-02    0.278706412320967090E+01    0.298020488383522988E+02
    0.458530021690760521E-02    0.278503369513751631E+01    0.298020248840729280E+02
    0.456317303367722964E-02    0.277470841386811484E+01    0.297584989484380813E+02
    0.456666641896641759E-02    0.275317787853820972E+01    0.297587560518649141E+02
    0.455426958632930683E-02    0.273861453120788045E+01    0.297589317197288068E+02
    0.458725263132660297E-02    0.270418227918788245E+01    0.298010486703747866E+02
    0.457330600123732368E-02    0.269027214397640879E+01    0.298008760703072362E+02
    0.453782943538232238E-02    0.268584725879910646E+01    0.298008208624564475E+02
    0.452293052375310131E-02    0.267242459894474838E+01    0.297597491287437030E+02
    0.451067634936153962E-02    0.265785064064882315E+01    0.297599335371558738E+02
    0.449322494561594978E-02    0.264560346912917765E+01    0.297600898115773909E+02
    0.450133675444067474E-02    0.262199603997610664E+01    0.297603945221398192E+02
    0.451324014664567820E-02    0.259671419513571777E+01    0.297996754781339561E+02
    0.447794554540224560E-02    0.259241614312889146E+01    0.297996185395665378E+02
    0.456681257354802327E-02    0.253311387025321144E+01    0.297615864494897409E+02
    0.453350590405169913E-02    0.252775371754910561E+01    0.297987408294031688E+02
    0.448943658797621142E-02    0.252729043366644390E+01    0.297616672184151767E+02
    0.447576018924661541E-02    0.251339243440483751E+01    0.297985401933634790E+02
    0.444314230583387013E-02    0.250802115306235462E+01    0.297984645869045792E+02
    0.442776085996606818E-02    0.249495684427440034E+01    0.297621222361623516E+02
    0.441341894427222346E-02    0.248144553858507955E+01    0.297623158044666667E+02
    0.439865255714258149E-02    0.246814834436621666E+01    0.297978932364472868E+02
    0.437686872698033261E-02    0.245807772597271779E+01    0.297626556208866830E+02
    0.438155533196437665E-02    0.243593733843276627E+01    0.297974178346247953E+02
    0.434002307522784406E-02    0.243498552844638372E+01    0.297974035870329210E+02
    0.429838323148549594E-02    0.243426693975077368E+01    0.297973928226957057E+02
    0.432810133147900050E-02    0.240048694984114741E+01    0.297635226430052278E+02
    0.429177403162388053E-02    0.239734450909592622E+01    0.297635712525977212E+02
    0.425847210350406135E-02    0.239292398879286328E+01    0.297967617353679870E+02
    0.421864141427142573E-02    0.239171858545209748E+01    0.297967429740462677E+02
    0.420326791214426128E-02    0.237902026425531865E+01    0.297638575848931950E+02
    0.418748496375077797E-02    0.236654424559097354E+01    0.297640554389314680E+02
    0.420020247293559443E-02    0.234047939444994446E+01    0.297644768266115562E+02
    0.419170445394046517E-02    0.232452997412101592E+01    0.297647403424091763E+02
    0.415299759415587756E-02    0.232308408769679575E+01    0.297647644536854159E+02
    0.414548701502560034E-02    0.230670430586176733E+01    0.297650402768220097E+02
    0.410465022408790497E-02    0.230650379441368969E+01    0.297953579249773171E+02
    0.413204671318727606E-02    0.227319914555247848E+01    0.297947808869227231E+02
    0.411549094091615778E-02    0.226122859395398601E+01    0.297658337858053130E+02
    0.409575845605084001E-02    0.225084102777296602E+01    0.297943803414589325E+02
    0.406805671931172608E-02    0.224441401660939777E+01    0.297661385187598277E+02
    0.402953305064176689E-02    0.224344385655180911E+01    0.297942453064987518E+02
    0.399739021226576743E-02    0.223946145588786605E+01    0.297662295418209801E+02
    0.396887065626751624E-02    0.223378168883635908E+01    0.297663346657375172E+02
    0.393577417837670356E-02    0.223052965005991233E+01    0.297940063929225829E+02
    0.392221087010257395E-02    0.221743387380686174E+01    0.297666417873011540E+02
    0.389281464033969238E-02    0.221247995055536029E+01    0.297936653711711017E+02
    0.388509403721878010E-02    0.219645048092631479E+01    0.297670465006502525E+02
    0.385116397295232797E-02    0.219399399190035949E+01    0.297670946968729382E+02
    0.381523657395668779E-02    0.219273950971657294E+01    0.297671193782619241E+02
    0.378863653998897862E-02    0.218673245361574464E+01    0.297672382157469002E+02
    0.375120849271583625E-02    0.218658875280744436E+01    0.297931605374349573E+02
    0.373653559008568911E-02    0.217442711974370129E+01    0.297674851192624814E+02
    0.370345187011936585E-02    0.217221421317984698E+01    0.297675300310825577E+02
    0.369629947757326794E-02    0.215608050243062754E+01    0.297925391983844143E+02
    0.367269275312957387E-02    0.214889463193988606E+01    0.297923882406446481E+02
    0.365119549546363267E-02    0.214063556444646297E+01    0.297922123945046664E+02
    0.365441192864905976E-02    0.211887448794369160E+01    0.297917362443221094E+02
    0.364592850102097308E-02    0.210352272676404572E+01    0.297913881504766564E+02
    0.361543181382831995E-02    0.210032226028431079E+01    0.297913142080777540E+02
    0.358975762234207225E-02    0.209457548728223575E+01    0.297692214224088900E+02
    0.357150662643035193E-02    0.208476979643916982E+01    0.297694539602285317E+02
    0.354176797622507943E-02    0.208149279681821442E+01    0.297695328028647097E+02
    0.350846535782940597E-02    0.208038741463305143E+01    0.297695595294485926E+02
    0.348109725520398235E-02    0.207604976377167727E+01    0.297696650627466788E+02
    0.344712392154761238E-02    0.207566438351021043E+01    0.297696744900699457E+02
    0.341983634867352180E-02    0.207155946105917765E+01    0.297697754352828383E+02
    0.338900692265603314E-02    0.206967098777464908E+01    0.297905794044004217E+02
    0.336394980839554080E-02    0.206451321482021166E+01    0.297904505803645243E+02
    0.335347914514364139E-02    0.205074814297759689E+01    0.297703030399272990E+02
    0.332053241476267750E-02    0.205049458646122540E+01    0.297900919677851519E+02
    0.331031608542034072E-02    0.203665750055950312E+01    0.297706768428254378E+02
    0.328703876670491651E-02    0.203077068126854110E+01    0.297895641797925137E+02
    0.325838969695525739E-02    0.202827862768430345E+01    0.297709062462177982E+02
    0.322784902785904588E-02    0.202711289888113555E+01    0.297894629966726541E+02
    0.320330448601772923E-02    0.202237900065219600E+01    0.297893303809126593E+02
    0.317347255255884210E-02    0.202109199683327301E+01    0.297892939923170488E+02
    0.314275369155570927E-02    0.202054608351216203E+01    0.297711230961891857E+02
    0.311718673950352448E-02    0.201688304038544652E+01    0.297712276509438141E+02
    0.308722040131972604E-02    0.201620257923543100E+01    0.297712472079092088E+02
    0.315458116343451988E-02    0.197300005734384598E+01    0.297878105177717494E+02
    0.333690709285219562E-02    0.186062280944011049E+01    0.297802890958500157E+02
    0.310740183785922870E-02    0.200313761492294562E+01    0.297887702536584449E+02
    0.325837363158081386E-02    0.190825515541522295E+01    0.297752460768547245E+02
    0.321211558410497856E-02    0.193685196411449567E+01    0.297864684368356762E+02
    0.319452270097046439E-02    0.194783615056171966E+01    0.297734968822061568E+02
    0.325319141573871418E-02    0.191143854797816770E+01    0.297750832367272835E+02
    0.316511009062912622E-02    0.196633584764552860E+01    0.297875814648081771E+02
    0.327415655377797949E-02    0.189859093499261800E+01    0.297846246093749443E+02
    0.333075520480604010E-02    0.186431339214641256E+01    0.297815825745486400E+02
    0.331351306997244421E-02    0.187469357116679181E+01    0.297775068392138422E+02
    0.327072820110670733E-02    0.190068622199199955E+01    0.297847449876792325E+02
    0.328871564525202260E-02    0.188971731081354188E+01    0.297763280658916649E+02
    0.330058218257188972E-02    0.188251378141883885E+01    0.297835603647002785E+02
    0.328143534882275115E-02    0.189414965912064082E+01    0.297843579403497785E+02
    0.325795966268704884E-02    0.190850926696883993E+01    0.297752328822484884E+02
    0.333388849486671978E-02    0.186243284732948466E+01    0.297811705356054546E+02
    0.331506308229447596E-02    0.187375821955300204E+01    0.297775978197945399E+02
    0.316293546842755929E-02    0.196771044096466774E+01    0.297876292885967899E+02
    0.316958003142464974E-02    0.196351333134163553E+01    0.297729193279282640E+02
    0.331344270546950377E-02    0.187473604285685647E+01    0.297775027808570165E+02
    0.332734698131670423E-02    0.186636095686786208E+01    0.297784791045728028E+02
    0.331919301915728580E-02    0.187126815143797143E+01    0.297825444293836767E+02
    0.311198235758092679E-02    0.200019165088152695E+01    0.297717203794672365E+02
    0.322406714929860663E-02    0.192942422041867556E+01    0.297742462913390078E+02
    0.313719693685552250E-02    0.198405211324305841E+01    0.297722257143794486E+02
    0.323539178297001283E-02    0.192241146879791591E+01    0.297745578390541077E+02
    0.332348493436760177E-02    0.186868370231213321E+01    0.297822406564960147E+02
    0.332880232821447779E-02    0.186548636896228071E+01    0.297817862506161291E+02
    0.331972340714545332E-02    0.187094858845194212E+01    0.297825090353571156E+02
    0.331673359768702757E-02    0.187275064015423975E+01    0.297776995256279200E+02
    0.326354069399368120E-02    0.190508610826985159E+01    0.297754136818426893E+02
    0.324794966001864475E-02    0.191466367833289186E+01    0.297854782264133320E+02
    0.332115195093095903E-02    0.187008813332787116E+01    0.297824109173538289E+02
    0.311305201484774656E-02    0.199950432469930472E+01    0.297886603248709534E+02
    0.315167065581218025E-02    0.197484616683164815E+01    0.297878727601794466E+02
    0.333689720979954288E-02    0.186062873292974462E+01    0.297800966544014685E+02
    0.328865032715311596E-02    0.188975703376596949E+01    0.297840761849320614E+02
    0.329925041869284829E-02    0.188332093152556523E+01    0.297836216978534836E+02
    0.331524706537404028E-02    0.187364722439560394E+01    0.297827927812344555E+02
    0.332967325574791114E-02    0.186496316960385755E+01    0.297816988272773884E+02
    0.329228678257898009E-02    0.188754673712563381E+01    0.297839263603063742E+02
    0.331012719866156024E-02    0.187673829066753650E+01    0.297830836760382986E+02
    0.331455615269716760E-02    0.187406407699689415E+01    0.297775677234575866E+02
    0.313717545117086962E-02    0.198406581066700682E+01    0.297881763374254724E+02
    0.323734434585486045E-02    0.192120483042724000E+01    0.297746131963524157E+02
    0.332501360315930498E-02    0.186776399461571896E+01    0.297821209963375324E+02
    0.311258241705688037E-02    0.199980604353416003E+01    0.297886695080011989E+02
    0.330478845074073631E-02    0.187996660036214602E+01    0.297770425988943899E+02
    0.331626046916347252E-02    0.187303595837981929E+01    0.297776703104753437E+02
    0.331436969143463368E-02    0.187417659070844622E+01    0.297775567383094639E+02
    0.318312562071768144E-02    0.195498429784743322E+01    0.297871740036776913E+02
    0.321813648205854274E-02    0.193310660567368564E+01    0.297740890538497602E+02
    0.317140892035700644E-02    0.196235963812628245E+01    0.297874413494295425E+02
    0.333617833578474157E-02    0.186105964309263272E+01    0.297797182444346120E+02
    0.321041963271520873E-02    0.193790821456509343E+01    0.297738899075186083E+02
    0.330116962810296337E-02    0.188215784829716370E+01    0.297768686497127604E+02
    0.332623971031358176E-02    0.186702662551526166E+01    0.297783822276036467E+02
    0.313421301836860726E-02    0.198595530167015122E+01    0.297721644720690648E+02
    0.326169542918415848E-02    0.190621726418444348E+01    0.297753531920103711E+02
    0.315145331804875814E-02    0.197498409067030622E+01    0.297878773900830254E+02
    0.324443753693840278E-02    0.191682751934624718E+01    0.297855828165966372E+02
    0.322708562447751070E-02    0.192755263218938877E+01    0.297743278212888711E+02
    0.328794426254297922E-02    0.189018647462823908E+01    0.297841046274451884E+02
    0.333598293173949277E-02    0.186117678896934313E+01    0.297796593055931567E+02
    0.321360407068046290E-02    0.193592538363350530E+01    0.297739713735359821E+02
    0.333686323055839467E-02    0.186064909880379581E+01    0.297800547212956275E+02
    0.326809532143979052E-02    0.190229683576686504E+01    0.297848353955920615E+02
    0.331981436091724046E-02    0.187089379320867555E+01    0.297778986976435895E+02
    0.330010941818347815E-02    0.188280027526997995E+01    0.297768193474082423E+02
    0.311785877400047855E-02    0.199641857350231322E+01    0.297885658280229535E+02
    0.321323209101286597E-02    0.193615690014250208E+01    0.297864398026935078E+02
    0.333621594010307049E-02    0.186103709986945165E+01    0.297797304330355246E+02
    0.316721463707644478E-02    0.196500644865523610E+01    0.297875349167564814E+02
    0.324418745696376278E-02    0.191698168450450268E+01    0.297748114185793575E+02
    0.312171803909360541E-02    0.199394451752008139E+01    0.297719123240045036E+02
    0.311022668347848497E-02    0.200132030093969648E+01    0.297887154464344235E+02
    0.322919037101469710E-02    0.192624863179459904E+01    0.297743853016054487E+02
    0.333092961566908022E-02    0.186420866737015656E+01    0.297788386993952834E+02
    0.318744742833651550E-02    0.195227069061080472E+01    0.297733285869119442E+02
    0.332555303127463411E-02    0.186743955422068764E+01    0.297783246450022858E+02
    0.310764115250802006E-02    0.200298359207915722E+01    0.297716359871748182E+02
    0.314668889359029499E-02    0.197801001495540585E+01    0.297724233368856233E+02
    0.332686519376236989E-02    0.186665057044945448E+01    0.297819653069795969E+02
    0.322737214421556706E-02    0.192737506824923388E+01    0.297860659941846322E+02
    0.319166773810130233E-02    0.194962436097391723E+01    0.297734285145843103E+02
    0.330042069972266792E-02    0.188261163494330264E+01    0.297768337495205913E+02
    0.312422745061847898E-02    0.199233745151924602E+01    0.297719624246189838E+02
    0.333619179719513550E-02    0.186105157315039516E+01    0.297797225719669534E+02
    0.332120816768117881E-02    0.187005427984855488E+01    0.297779946415472381E+02
    0.320454811682047407E-02    0.194156935068523939E+01    0.297737421868782590E+02
    0.311368660273973448E-02    0.199909667123372192E+01    0.297886479016523609E+02
    0.327403187283451707E-02    0.189866709709141723E+01    0.297757725670098736E+02
    0.333273141848746670E-02    0.186312709803278409E+01    0.297790614734380696E+02
    0.313034799625949364E-02    0.198842316659507934E+01    0.297883158620209336E+02
    0.317440019886930684E-02    0.196047412365356499E+01    0.297730276590739535E+02
    0.332814418646713156E-02    0.186588183060406299E+01    0.297818492560272858E+02
    0.332721641468211159E-02    0.186643943933280543E+01    0.297819342081644010E+02
    0.316313390015790421E-02    0.196758497175536839E+01    0.297727766732128636E+02
    0.321033752755570893E-02    0.193795936439521754E+01    0.297738878199008710E+02
