# j     x_j(%)      Mini_j(%)     Mcor_j(%)     age_j(yr)     Z_j      (L/M)_j    YAV?  Mstars   component_j        a/Fe...       SSP_chi2r SSP_adev(%)   SSP_AV   SSP_x(%)
  1     62.8525     5.6287E-01    1.1346E+00    1.000000E+06  0.00010  3.309E-03    0   1.0000   age020_m22            0.0000     2.4310E+00     4.8615   0.8413   101.6577
  2      0.0000     0.0000E+00    0.0000E+00    3.160000E+06  0.00010  2.975E-02    0   1.0000   age045_m22            0.0000     2.9491E+00     3.9798  -1.0000   100.9228
  3      0.0000     0.0000E+00    0.0000E+00    5.010000E+06  0.00010  1.235E-02    0   0.9582   age055_m22            0.0000     2.2446E+00     4.2650  -1.0000   101.7270
  4      0.0000     0.0000E+00    0.0000E+00    6.610000E+06  0.00010  3.998E-03    0   0.9297   age061_m22            0.0000     2.9580E+00     4.9965   0.7156   101.9576
  5      0.0000     0.0000E+00    0.0000E+00    8.710000E+06  0.00010  3.135E-03    0   0.9030   age067_m22            0.0000     3.0624E+00     5.0330   0.7088   101.9987
  6      0.0000     0.0000E+00    0.0000E+00    1.000000E+07  0.00010  2.605E-03    0   0.8902   age070_m22            0.0000     3.0998E+00     5.0356   0.7080   101.9995
  7      0.0000     0.0000E+00    0.0000E+00    1.445000E+07  0.00010  2.077E-03    0   0.8589   age078_m22            0.0000     3.3780E+00     5.0679   0.6239   102.0730
  8      0.0000     0.0000E+00    0.0000E+00    2.512000E+07  0.00010  1.888E-03    0   0.8174   age090_m22            0.0000     4.0268E+00     5.0551   0.4607   102.0403
  9      0.0000     0.0000E+00    0.0000E+00    4.000000E+07  0.00010  1.779E-03    0   0.7830   age104_m22            0.0000     4.7662E+00     4.9368   0.3162   101.9735
 10      0.0000     0.0000E+00    0.0000E+00    5.500000E+07  0.00010  1.536E-03    0   0.7597   age110_m22            0.0000     4.9405E+00     4.8612   0.2484   102.0595
 11      0.0000     0.0000E+00    0.0000E+00    1.015200E+08  0.00010  1.285E-03    0   0.7138   age116_m22            0.0000     4.8270E+00     4.7422  -0.0658   102.0674
 12      0.0000     0.0000E+00    0.0000E+00    1.609000E+08  0.00010  7.662E-04    0   0.6775   age120_m22            0.0000     3.7916E+00     4.6536  -0.6629   102.1337
 13      0.0000     0.0000E+00    0.0000E+00    2.861200E+08  0.00010  5.938E-04    0   0.6412   age125_m22            0.0000     4.8056E+00     4.6532  -0.3518   101.9805
 14      0.0000     0.0000E+00    0.0000E+00    5.088000E+08  0.00010  4.180E-04    0   0.6083   age130_m22            0.0000     5.1902E+00     4.5652  -0.4257   101.8578
 15      0.0000     0.0000E+00    0.0000E+00    9.047900E+08  0.00010  2.777E-04    0   0.5785   age135_m22            0.0000     5.3008E+00     4.5187  -0.5520   101.8630
 16      0.0000     0.0000E+00    0.0000E+00    1.278050E+09  0.00010  2.241E-04    0   0.5588   age138_m22            0.0000     4.7475E+00     3.8254  -1.0000   100.6300
 17      0.0000     0.0000E+00    0.0000E+00    1.434000E+09  0.00010  2.115E-04    0   0.5532   age139_m22            0.0000     4.7759E+00     3.3345  -1.0000    99.4802
 18      0.0000     0.0000E+00    0.0000E+00    2.500000E+09  0.00010  1.286E-04    0   0.5296   age150_m22            0.0000     5.0605E+00     3.0656  -1.0000    98.0957
 19      0.0000     0.0000E+00    0.0000E+00    4.250000E+09  0.00010  8.750E-05    0   0.5110   age158_m22            0.0000     5.3843E+00     3.1071  -1.0000    96.1971
 20      0.0000     0.0000E+00    0.0000E+00    6.250000E+09  0.00010  6.273E-05    0   0.4985   age166_m22            0.0000     5.3306E+00     3.3593  -1.0000    95.3409
 21      0.0000     0.0000E+00    0.0000E+00    7.500000E+09  0.00010  5.408E-05    0   0.4931   age171_m22            0.0000     5.2424E+00     3.3906  -1.0000    95.2765
 22      0.0000     0.0000E+00    0.0000E+00    1.000000E+10  0.00010  4.206E-05    0   0.4854   age181_m22            0.0000     5.6995E+00     3.7935  -1.0000    94.2895
 23      0.0000     0.0000E+00    0.0000E+00    1.300000E+10  0.00010  3.360E-05    0   0.4791   age193_m22            0.0000     6.1671E+00     4.2651  -1.0000    93.3071
 24      0.0000     0.0000E+00    0.0000E+00    1.500000E+10  0.00010  2.963E-05    0   0.4766   age201_m22            0.0000     6.3344E+00     4.5054  -1.0000    92.9100
 25      0.0000     0.0000E+00    0.0000E+00    1.800000E+10  0.00010  2.519E-05    0   0.4735   age213_m22            0.0000     6.7024E+00     4.9767  -1.0000    92.1199
 26      0.0000     0.0000E+00    0.0000E+00    1.000000E+06  0.00040  3.404E-03    0   1.0000   age020_m32            0.0000     2.5676E+00     4.9113   0.8373   101.7676
 27      0.0000     0.0000E+00    0.0000E+00    3.160000E+06  0.00040  1.821E-02    0   1.0000   age045_m32            0.0000     3.4123E+00     4.8943   0.2609   102.1701
 28      0.0000     0.0000E+00    0.0000E+00    5.010000E+06  0.00040  8.745E-03    0   0.9532   age055_m32            0.0000     2.9544E+00     4.8212   0.3098   102.1039
 29      0.0000     0.0000E+00    0.0000E+00    6.610000E+06  0.00040  5.100E-03    0   0.9243   age061_m32            0.0000     3.1345E+00     5.0178   0.6487   102.0145
 30      0.0000     0.0000E+00    0.0000E+00    8.710000E+06  0.00040  4.029E-03    0   0.9001   age067_m32            0.0000     3.2296E+00     5.0408   0.6366   102.0417
 31      0.0000     0.0000E+00    0.0000E+00    1.000000E+07  0.00040  3.475E-03    0   0.8877   age070_m32            0.0000     3.2826E+00     5.0391   0.6165   102.0365
 32      0.0000     0.0000E+00    0.0000E+00    1.445000E+07  0.00040  3.392E-03    0   0.8579   age078_m32            0.0000     3.5054E+00     4.8988   0.2126   102.1845
 33      0.0000     0.0000E+00    0.0000E+00    2.512000E+07  0.00040  2.366E-03    0   0.8166   age090_m32            0.0000     3.6184E+00     4.8316   0.0180   102.2382
 34      0.0000     0.0000E+00    0.0000E+00    4.000000E+07  0.00040  1.930E-03    0   0.7827   age104_m32            0.0000     3.9865E+00     4.8199  -0.0700   102.1646
 35      0.0000     0.0000E+00    0.0000E+00    5.500000E+07  0.00040  1.572E-03    0   0.7593   age110_m32            0.0000     4.1984E+00     4.8153  -0.0896   102.0457
 36      0.0000     0.0000E+00    0.0000E+00    1.015200E+08  0.00040  1.180E-03    0   0.7143   age116_m32            0.0000     4.5191E+00     4.7546  -0.1751   102.0490
 37      0.0000     0.0000E+00    0.0000E+00    1.609000E+08  0.00040  9.498E-04    0   0.6856   age120_m32            0.0000     4.5442E+00     4.6549  -0.4279   102.1108
 38      0.0000     0.0000E+00    0.0000E+00    2.861200E+08  0.00040  6.798E-04    0   0.6509   age125_m32            0.0000     4.8216E+00     4.5908  -0.5232   102.0667
 39      0.0000     0.0000E+00    0.0000E+00    5.088000E+08  0.00040  4.530E-04    0   0.6182   age130_m32            0.0000     5.0978E+00     4.5358  -0.5856   101.9232
 40      0.0000     0.0000E+00    0.0000E+00    9.047900E+08  0.00040  2.875E-04    0   0.5890   age135_m32            0.0000     4.7456E+00     4.5451  -1.0000   101.8603
 41      0.0000     0.0000E+00    0.0000E+00    1.278050E+09  0.00040  2.253E-04    0   0.5687   age138_m32            0.0000     5.0924E+00     3.1060  -1.0000    98.2919
 42      0.0000     0.0000E+00    0.0000E+00    1.434000E+09  0.00040  2.042E-04    0   0.5632   age139_m32            0.0000     5.2680E+00     3.0136  -1.0000    97.6333
 43      0.0000     0.0000E+00    0.0000E+00    2.500000E+09  0.00040  1.327E-04    0   0.5386   age150_m32            0.0000     5.6290E+00     3.2431  -1.0000    95.7383
 44      0.0000     0.0000E+00    0.0000E+00    4.250000E+09  0.00040  8.625E-05    0   0.5199   age158_m32            0.0000     5.6295E+00     3.5549  -1.0000    94.7124
 45      0.0000     0.0000E+00    0.0000E+00    6.250000E+09  0.00040  6.370E-05    0   0.5076   age166_m32            0.0000     6.1992E+00     4.3828  -1.0000    92.9921
 46      0.0000     0.0000E+00    0.0000E+00    7.500000E+09  0.00040  5.430E-05    0   0.5027   age171_m32            0.0000     6.5426E+00     4.8341  -1.0000    92.2346
 47      0.0000     0.0000E+00    0.0000E+00    1.000000E+10  0.00040  4.211E-05    0   0.4948   age181_m32            0.0000     6.9450E+00     5.3103  -1.0000    91.2636
 48      0.0000     0.0000E+00    0.0000E+00    1.300000E+10  0.00040  3.431E-05    0   0.4870   age193_m32            0.0000     7.1098E+00     5.4208  -1.0000    91.2669
 49      0.0000     0.0000E+00    0.0000E+00    1.500000E+10  0.00040  3.025E-05    0   0.4854   age201_m32            0.0000     7.1192E+00     5.4031  -1.0000    91.4071
 50      0.0000     0.0000E+00    0.0000E+00    1.800000E+10  0.00040  2.570E-05    0   0.4819   age213_m32            0.0000     7.2409E+00     5.5562  -1.0000    91.1912
 51      0.0000     0.0000E+00    0.0000E+00    1.000000E+06  0.00400  4.678E-03    0   1.0000   age020_m42            0.0000     2.7304E+00     4.9624   0.8212   101.8778
 52      0.0000     0.0000E+00    0.0000E+00    3.160000E+06  0.00400  2.025E-02    0   0.9999   age045_m42            0.0000     3.5657E+00     4.8281   0.0536   101.9457
 53      0.0000     0.0000E+00    0.0000E+00    5.010000E+06  0.00400  1.180E-02    0   0.9488   age055_m42            0.0000     3.3312E+00     4.9455   0.3698   101.6363
 54      0.0000     0.0000E+00    0.0000E+00    6.610000E+06  0.00400  1.344E-02    0   0.9220   age061_m42            0.0000     3.7959E+00     4.8365  -0.0466   101.6915
 55      0.0000     0.0000E+00    0.0000E+00    8.710000E+06  0.00400  9.382E-03    0   0.8983   age067_m42            0.0000     3.2990E+00     4.6914  -0.3775   101.3348
 56      0.0000     0.0000E+00    0.0000E+00    1.000000E+07  0.00400  7.025E-03    0   0.8862   age070_m42            0.0000     2.9568E+00     4.6049  -0.4966   101.0132
 57      0.0000     0.0000E+00    0.0000E+00    1.445000E+07  0.00400  3.902E-03    0   0.8571   age078_m42            0.0000     2.8664E+00     4.6552  -0.1244   101.4989
 58      0.0000     0.0000E+00    0.0000E+00    2.512000E+07  0.00400  2.877E-03    0   0.8174   age090_m42            0.0000     2.8782E+00     4.5499  -0.6697   101.0420
 59      0.0000     0.0000E+00    0.0000E+00    4.000000E+07  0.00400  2.145E-03    0   0.7851   age104_m42            0.0000     3.1025E+00     4.5769  -0.8955   101.2006
 60      0.0000     0.0000E+00    0.0000E+00    5.500000E+07  0.00400  1.756E-03    0   0.7629   age110_m42            0.0000     3.7061E+00     4.6666  -0.6669   101.4672
 61      0.0000     0.0000E+00    0.0000E+00    1.015200E+08  0.00400  1.258E-03    0   0.7207   age116_m42            0.0000     4.2353E+00     4.6843  -0.5980   101.1255
 62      0.0000     0.0000E+00    0.0000E+00    1.609000E+08  0.00400  9.943E-04    0   0.6930   age120_m42            0.0000     4.4419E+00     4.6096  -0.6615   101.2837
 63      0.0000     0.0000E+00    0.0000E+00    2.861200E+08  0.00400  6.945E-04    0   0.6613   age125_m42            0.0000     4.5623E+00     4.3142  -1.0000   100.2284
 64      0.0000     0.0000E+00    0.0000E+00    5.088000E+08  0.00400  4.222E-04    0   0.6313   age130_m42            0.0000     5.1749E+00     4.4955  -0.9895   100.2610
 65      0.0000     0.0000E+00    0.0000E+00    9.047900E+08  0.00400  2.723E-04    0   0.6024   age135_m42            0.0000     5.6503E+00     2.9797  -1.0000    96.6831
 66      0.0000     0.0000E+00    0.0000E+00    1.278050E+09  0.00400  2.636E-04    0   0.5837   age138_m42            0.0000     8.6677E+00     6.0913  -1.0000    87.5084
 67      0.0000     0.0000E+00    0.0000E+00    1.434000E+09  0.00400  1.749E-04    0   0.5716   age139_m42            0.0000     7.2640E+00     4.6528  -1.0000    90.2029
 68      0.0000     0.0000E+00    0.0000E+00    2.500000E+09  0.00400  1.033E-04    0   0.5463   age150_m42            0.0000     8.3557E+00     6.1113  -1.0000    87.7661
 69      0.0000     0.0000E+00    0.0000E+00    4.250000E+09  0.00400  6.148E-05    0   0.5269   age158_m42            0.0000     9.9405E+00     7.4889  -1.0000    84.8602
 70      0.0000     0.0000E+00    0.0000E+00    6.250000E+09  0.00400  4.563E-05    0   0.5151   age166_m42            0.0000     1.0737E+01     8.0839  -1.0000    83.6125
 71      0.0000     0.0000E+00    0.0000E+00    7.500000E+09  0.00400  3.962E-05    0   0.5110   age171_m42            0.0000     1.1238E+01     8.4346  -1.0000    82.9190
 72      0.0000     0.0000E+00    0.0000E+00    1.000000E+10  0.00400  3.059E-05    0   0.5028   age181_m42            0.0000     1.1783E+01     8.8056  -1.0000    82.1428
 73      0.0000     0.0000E+00    0.0000E+00    1.300000E+10  0.00400  2.409E-05    0   0.4927   age193_m42            0.0000     1.2372E+01     9.1981  -1.0000    81.2892
 74      0.0000     0.0000E+00    0.0000E+00    1.500000E+10  0.00400  2.150E-05    0   0.4919   age201_m42            0.0000     1.2479E+01     9.2859  -1.0000    81.1755
 75      0.0000     0.0000E+00    0.0000E+00    1.800000E+10  0.00400  1.835E-05    0   0.4874   age213_m42            0.0000     1.2519E+01     9.3517  -1.0000    81.1514
 76      0.0000     0.0000E+00    0.0000E+00    1.000000E+06  0.00800  5.288E-03    0   1.0000   age020_m52            0.0000     2.7332E+00     4.9587   0.8181   101.8267
 77      0.0000     0.0000E+00    0.0000E+00    3.160000E+06  0.00800  1.335E-02    0   0.9966   age045_m52            0.0000     2.9204E+00     4.9792   0.7280   101.9185
 78      0.0000     0.0000E+00    0.0000E+00    5.010000E+06  0.00800  1.216E-02    0   0.9443   age055_m52            0.0000     3.2177E+00     4.9387   0.4426   101.6394
 79      0.0000     0.0000E+00    0.0000E+00    6.610000E+06  0.00800  1.316E-02    0   0.9177   age061_m52            0.0000     2.7236E+00     4.5873  -0.9963    99.9352
 80      0.0000     0.0000E+00    0.0000E+00    8.710000E+06  0.00800  8.810E-03    0   0.8948   age067_m52            0.0000     2.6871E+00     4.5058  -0.6443   100.4557
 81      0.0000     0.0000E+00    0.0000E+00    1.000000E+07  0.00800  6.049E-03    0   0.8827   age070_m52            0.0000     2.6084E+00     4.4963  -0.3419   100.8508
 82      0.0000     0.0000E+00    0.0000E+00    1.445000E+07  0.00800  4.275E-03    0   0.8552   age078_m52            0.0000     2.8696E+00     4.6061  -0.1827   101.1519
 83      0.0000     0.0000E+00    0.0000E+00    2.512000E+07  0.00800  2.934E-03    0   0.8162   age090_m52            0.0000     2.8826E+00     4.5291  -0.6285   100.4045
 84      0.0000     0.0000E+00    0.0000E+00    4.000000E+07  0.00800  2.104E-03    0   0.7841   age104_m52            0.0000     3.2495E+00     4.5472  -0.6858   100.6872
 85      0.0000     0.0000E+00    0.0000E+00    5.500000E+07  0.00800  1.679E-03    0   0.7627   age110_m52            0.0000     3.5556E+00     4.5707  -0.6183   100.8643
 86      0.0000     0.0000E+00    0.0000E+00    1.015200E+08  0.00800  1.200E-03    0   0.7226   age116_m52            0.0000     3.9729E+00     4.5847  -0.6734   100.5801
 87      0.0000     0.0000E+00    0.0000E+00    1.609000E+08  0.00800  9.146E-04    0   0.6963   age120_m52            0.0000     4.3009E+00     4.6002  -0.8456   100.1149
 88      0.0000     0.0000E+00    0.0000E+00    2.861200E+08  0.00800  6.159E-04    0   0.6665   age125_m52            0.0000     5.1032E+00     4.3580  -1.0000    99.1886
 89      0.0000     0.0000E+00    0.0000E+00    5.088000E+08  0.00800  3.792E-04    0   0.6377   age130_m52            0.0000     5.5671E+00     3.6671  -1.0000    97.1925
 90      0.0000     0.0000E+00    0.0000E+00    9.047900E+08  0.00800  2.387E-04    0   0.6086   age135_m52            0.0000     6.6712E+00     3.4948  -1.0000    92.3355
 91      0.0000     0.0000E+00    0.0000E+00    1.278050E+09  0.00800  2.192E-04    0   0.5907   age138_m52            0.0000     1.0148E+01     7.4277  -1.0000    83.7763
 92      0.0000     0.0000E+00    0.0000E+00    1.434000E+09  0.00800  1.542E-04    0   0.5787   age139_m52            0.0000     8.8051E+00     6.2821  -1.0000    85.6855
 93      0.0000     0.0000E+00    0.0000E+00    2.500000E+09  0.00800  8.374E-05    0   0.5519   age150_m52            0.0000     1.1206E+01     8.3368  -1.0000    81.9403
 94      0.0000     0.0000E+00    0.0000E+00    4.250000E+09  0.00800  4.743E-05    0   0.5320   age158_m52            0.0000     1.1405E+01     8.4950  -1.0000    81.5126
 95      0.0000     0.0000E+00    0.0000E+00    6.250000E+09  0.00800  3.717E-05    0   0.5197   age166_m52            0.0000     1.2913E+01     9.4879  -1.0000    79.5133
 96      0.0000     0.0000E+00    0.0000E+00    7.500000E+09  0.00800  3.097E-05    0   0.5139   age171_m52            0.0000     1.3257E+01     9.7317  -1.0000    79.1156
 97      0.0000     0.0000E+00    0.0000E+00    1.000000E+10  0.00800  2.429E-05    0   0.5054   age181_m52            0.0000     1.4981E+01    10.8821  -1.0000    77.1712
 98      7.5947     1.1940E+01    1.2004E+01    1.300000E+10  0.00800  1.885E-05    0   0.4988   age193_m52            0.0000     1.7395E+01    12.3586  -1.0000    74.7342
 99      0.0000     0.0000E+00    0.0000E+00    1.500000E+10  0.00800  1.640E-05    0   0.4936   age201_m52            0.0000     1.7935E+01    12.6230  -1.0000    74.1868
100      9.3506     1.9376E+01    1.9091E+01    1.800000E+10  0.00800  1.430E-05    0   0.4888   age213_m52            0.0000     1.8091E+01    12.6542  -1.0000    73.9178
101      0.0000     0.0000E+00    0.0000E+00    1.000000E+06  0.02000  6.587E-03    0   1.0000   age020_m62            0.0000     2.7441E+00     4.9563   0.8167   101.7767
102      0.0000     0.0000E+00    0.0000E+00    3.160000E+06  0.02000  1.625E-02    0   0.9858   age045_m62            0.0000     2.9493E+00     5.0062   0.7503   101.8258
103      0.0000     0.0000E+00    0.0000E+00    5.010000E+06  0.02000  1.528E-02    0   0.9342   age055_m62            0.0000     3.6994E+00     4.9591   0.3339   101.2157
104      0.0000     0.0000E+00    0.0000E+00    6.610000E+06  0.02000  1.199E-02    0   0.9090   age061_m62            0.0000     2.8400E+00     4.6559  -0.1603   100.6638
105      0.0000     0.0000E+00    0.0000E+00    8.710000E+06  0.02000  6.182E-03    0   0.8861   age067_m62            0.0000     1.3209E+00     3.4018  -1.0000    96.8614
106      0.0000     0.0000E+00    0.0000E+00    1.000000E+07  0.02000  5.635E-03    0   0.8751   age070_m62            0.0000     1.6022E+00     3.9967  -0.9661    98.9812
107      0.0000     0.0000E+00    0.0000E+00    1.445000E+07  0.02000  4.096E-03    0   0.8472   age078_m62            0.0000     2.1817E+00     4.2936  -0.7671   100.0641
108      0.0000     0.0000E+00    0.0000E+00    2.512000E+07  0.02000  2.418E-03    0   0.8099   age090_m62            0.0000     2.3163E+00     4.3483  -0.8063    99.9538
109      0.0000     0.0000E+00    0.0000E+00    4.000000E+07  0.02000  1.849E-03    0   0.7799   age104_m62            0.0000     2.9538E+00     4.5397  -0.7575    99.8445
110      0.0000     0.0000E+00    0.0000E+00    5.500000E+07  0.02000  1.484E-03    0   0.7595   age110_m62            0.0000     3.3415E+00     4.6184  -0.7053    99.8784
111      0.0000     0.0000E+00    0.0000E+00    1.015200E+08  0.02000  1.011E-03    0   0.7221   age116_m62            0.0000     4.0119E+00     4.6385  -0.7329    99.3450
112      0.0000     0.0000E+00    0.0000E+00    1.609000E+08  0.02000  7.665E-04    0   0.6978   age120_m62            0.0000     4.6245E+00     4.5955  -0.7611    99.2997
113      0.0000     0.0000E+00    0.0000E+00    2.861200E+08  0.02000  5.328E-04    0   0.6700   age125_m62            0.0000     5.3007E+00     4.4799  -0.9726    98.6974
114      0.0000     0.0000E+00    0.0000E+00    5.088000E+08  0.02000  3.313E-04    0   0.6430   age130_m62            0.0000     5.9141E+00     3.5421  -1.0000    95.9778
115      0.0000     0.0000E+00    0.0000E+00    9.047900E+08  0.02000  1.921E-04    0   0.6152   age135_m62            0.0000     7.1207E+00     4.0379  -1.0000    89.4713
116      0.0000     0.0000E+00    0.0000E+00    1.278050E+09  0.02000  1.362E-04    0   0.5927   age138_m62            0.0000     9.0784E+00     6.3776  -1.0000    84.9570
117      0.0000     0.0000E+00    0.0000E+00    1.434000E+09  0.02000  1.164E-04    0   0.5865   age139_m62            0.0000     9.3303E+00     6.6352  -1.0000    83.9935
118      0.0000     0.0000E+00    0.0000E+00    2.500000E+09  0.02000  6.434E-05    0   0.5610   age150_m62            0.0000     1.1632E+01     8.4900  -1.0000    80.8848
119      0.0000     0.0000E+00    0.0000E+00    4.250000E+09  0.02000  3.925E-05    0   0.5407   age158_m62            0.0000     1.3918E+01     9.9864  -1.0000    77.6326
120      0.0000     0.0000E+00    0.0000E+00    6.250000E+09  0.02000  2.780E-05    0   0.5277   age166_m62            0.0000     1.5312E+01    10.8730  -1.0000    76.0946
121      0.0000     0.0000E+00    0.0000E+00    7.500000E+09  0.02000  2.396E-05    0   0.5223   age171_m62            0.0000     1.5991E+01    11.2866  -1.0000    75.3672
122      0.0000     0.0000E+00    0.0000E+00    1.000000E+10  0.02000  1.841E-05    0   0.5121   age181_m62            0.0000     1.7011E+01    11.8569  -1.0000    74.2029
123      0.0000     0.0000E+00    0.0000E+00    1.300000E+10  0.02000  1.415E-05    0   0.5047   age193_m62            0.0000     1.7526E+01    12.1447  -1.0000    73.8586
124      0.0000     0.0000E+00    0.0000E+00    1.500000E+10  0.02000  1.246E-05    0   0.4999   age201_m62            0.0000     1.8077E+01    12.4378  -1.0000    73.3353
125      0.0000     0.0000E+00    0.0000E+00    1.800000E+10  0.02000  1.049E-05    0   0.4946   age213_m62            0.0000     1.8773E+01    12.8004  -1.0000    72.6295
126      0.0000     0.0000E+00    0.0000E+00    1.000000E+06  0.05000  1.108E-02    0   0.9998   age020_m72            0.0000     2.7003E+00     4.9528   0.8085   101.7124
127      0.0000     0.0000E+00    0.0000E+00    3.160000E+06  0.05000  2.135E-02    0   0.9577   age045_m72            0.0000     3.3744E+00     5.0607   0.6197   101.4530
128      0.0000     0.0000E+00    0.0000E+00    5.010000E+06  0.05000  1.460E-02    0   0.9147   age055_m72            0.0000     2.6490E+00     4.5766  -0.0102   101.1494
129      0.0000     0.0000E+00    0.0000E+00    6.610000E+06  0.05000  7.658E-03    0   0.8877   age061_m72            0.0000     1.6038E+00     4.5559  -0.9977    99.5051
130      0.0000     0.0000E+00    0.0000E+00    8.710000E+06  0.05000  5.089E-03    0   0.8638   age067_m72            0.0000     2.1388E+00     4.5232  -0.3084   101.7480
131      0.0000     0.0000E+00    0.0000E+00    1.000000E+07  0.05000  4.159E-03    0   0.8524   age070_m72            0.0000     2.9459E+00     4.7862   0.2534   102.8409
132      0.0000     0.0000E+00    0.0000E+00    1.445000E+07  0.05000  3.024E-03    0   0.8262   age078_m72            0.0000     3.2535E+00     4.7950   0.2547   102.4470
133      0.0000     0.0000E+00    0.0000E+00    2.512000E+07  0.05000  2.058E-03    0   0.7902   age090_m72            0.0000     3.2036E+00     4.6655  -0.1535   101.4459
134      0.0000     0.0000E+00    0.0000E+00    4.000000E+07  0.05000  1.560E-03    0   0.7618   age104_m72            0.0000     3.3630E+00     4.7071  -0.4385   100.6282
135      0.0000     0.0000E+00    0.0000E+00    5.500000E+07  0.05000  1.287E-03    0   0.7432   age110_m72            0.0000     3.5625E+00     4.6397  -0.5272    99.8354
136      0.0000     0.0000E+00    0.0000E+00    1.015200E+08  0.05000  9.043E-04    0   0.7092   age116_m72            0.0000     4.2742E+00     4.5777  -0.6742    99.2909
137      0.0000     0.0000E+00    0.0000E+00    1.609000E+08  0.05000  6.804E-04    0   0.6876   age120_m72            0.0000     4.9753E+00     4.4996  -0.7095    98.8863
138      0.0000     0.0000E+00    0.0000E+00    2.861200E+08  0.05000  4.498E-04    0   0.6618   age125_m72            0.0000     5.5658E+00     4.1275  -1.0000    97.1038
139      0.0000     0.0000E+00    0.0000E+00    5.088000E+08  0.05000  2.663E-04    0   0.6356   age130_m72            0.0000     6.3737E+00     3.3936  -1.0000    90.8920
140      0.0000     0.0000E+00    0.0000E+00    9.047900E+08  0.05000  1.497E-04    0   0.6088   age135_m72            0.0000     9.0267E+00     6.0311  -1.0000    84.0048
141      0.0000     0.0000E+00    0.0000E+00    1.278050E+09  0.05000  1.103E-04    0   0.5924   age138_m72            0.0000     1.1754E+01     8.4520  -1.0000    79.2255
142      0.0000     0.0000E+00    0.0000E+00    1.434000E+09  0.05000  9.172E-05    0   0.5847   age139_m72            0.0000     1.2081E+01     8.7233  -1.0000    79.0020
143      0.0000     0.0000E+00    0.0000E+00    2.500000E+09  0.05000  4.988E-05    0   0.5583   age150_m72            0.0000     1.4008E+01     9.9864  -1.0000    76.6054
144      0.0000     0.0000E+00    0.0000E+00    4.250000E+09  0.05000  2.817E-05    0   0.5374   age158_m72            0.0000     1.6266E+01    11.4653  -1.0000    74.3786
145      0.0000     0.0000E+00    0.0000E+00    6.250000E+09  0.05000  2.002E-05    0   0.5242   age166_m72            0.0000     1.8065E+01    12.4711  -1.0000    72.5318
146      0.0000     0.0000E+00    0.0000E+00    7.500000E+09  0.05000  1.682E-05    0   0.5183   age171_m72            0.0000     1.8534E+01    12.7430  -1.0000    72.2428
147      0.0000     0.0000E+00    0.0000E+00    1.000000E+10  0.05000  1.281E-05    0   0.5081   age181_m72            0.0000     1.9302E+01    13.1071  -1.0000    71.5902
148      0.0000     0.0000E+00    0.0000E+00    1.300000E+10  0.05000  9.935E-06    0   0.5018   age193_m72            0.0000     2.0627E+01    13.7502  -1.0000    70.2973
149      4.7279     1.6384E+01    1.6420E+01    1.500000E+10  0.05000  8.553E-06    0   0.4972   age201_m72            0.0000     2.1257E+01    14.0327  -1.0000    69.5894
150     12.7106     5.1737E+01    5.1351E+01    1.800000E+10  0.05000  7.281E-06    0   0.4924   age213_m72            0.0000     2.2223E+01    14.4777  -1.0000    68.4824